2.616429710388183594e+01 -2.226403045654296875e+01 -9.312875270843505859e-01 -9.828075766563415527e-02 1.950348913669586182e-01 7.394629120826721191e-01 6.367863416671752930e-01
2.616371536254882812e+01 -2.217281532287597656e+01 -9.335703849792480469e-01 -1.150443479418754578e-01 1.832592189311981201e-01 7.594124078750610352e-01 6.135740876197814941e-01
2.616261863708496094e+01 -2.208924674987792969e+01 -9.349069595336914062e-01 -1.317156851291656494e-01 1.714168041944503784e-01 7.774057388305664062e-01 5.906830430030822754e-01
2.616103553771972656e+01 -2.201341629028320312e+01 -9.355649948120117188e-01 -1.481156796216964722e-01 1.596852242946624756e-01 7.933979034423828125e-01 5.684010386466979980e-01
2.615907287597656250e+01 -2.194540596008300781e+01 -9.356249570846557617e-01 -1.640769690275192261e-01 1.482434570789337158e-01 8.073759078979492188e-01 5.470308661460876465e-01
2.615689277648925781e+01 -2.188525772094726562e+01 -9.351302385330200195e-01 -1.794433444738388062e-01 1.372694671154022217e-01 8.193557262420654297e-01 5.268847346305847168e-01
2.615461349487304688e+01 -2.183303070068359375e+01 -9.341143965721130371e-01 -1.940722614526748657e-01 1.269403547048568726e-01 8.293762803077697754e-01 5.082812309265136719e-01
2.615238952636718750e+01 -2.178874778747558594e+01 -9.326116442680358887e-01 -2.078257948160171509e-01 1.174263432621955872e-01 8.374948501586914062e-01 4.915415346622467041e-01
2.615036773681640625e+01 -2.175243759155273438e+01 -9.306432604789733887e-01 -2.205991446971893311e-01 1.089067459106445312e-01 8.437738418579101562e-01 4.769811034202575684e-01
2.614867591857910156e+01 -2.172409248352050781e+01 -9.282248020172119141e-01 -2.322078049182891846e-01 1.015075594186782837e-01 8.482975363731384277e-01 4.649251997470855713e-01
2.614744567871093750e+01 -2.170378875732421875e+01 -9.253673553466796875e-01 -2.427974790334701538e-01 9.553115814924240112e-02 8.510639071464538574e-01 4.556319117546081543e-01
2.614682006835937500e+01 -2.169145965576171875e+01 -9.220127463340759277e-01 -2.468551248311996460e-01 8.807579427957534790e-02 8.535135388374328613e-01 4.503398835659027100e-01
2.614674568176269531e+01 -2.168729209899902344e+01 -9.181599617004394531e-01 -2.498874366283416748e-01 8.211386203765869141e-02 8.544834852218627930e-01 4.479472339153289795e-01
2.614718627929687500e+01 -2.168277549743652344e+01 -9.143465757369995117e-01 -2.523177266120910645e-01 7.769193500280380249e-02 8.541030287742614746e-01 4.480981230735778809e-01
2.614808654785156250e+01 -2.167742729187011719e+01 -9.105873107910156250e-01 -2.541539669036865234e-01 7.464517652988433838e-02 8.525702953338623047e-01 4.504895806312561035e-01
2.614939117431640625e+01 -2.167132949829101562e+01 -9.068670868873596191e-01 -2.554769814014434814e-01 7.286842912435531616e-02 8.500401973724365234e-01 4.547913968563079834e-01
2.615104484558105469e+01 -2.166434860229492188e+01 -9.031850099563598633e-01 -2.563188374042510986e-01 7.224465906620025635e-02 8.466650247573852539e-01 4.606736004352569580e-01
2.615297698974609375e+01 -2.165646171569824219e+01 -8.995379805564880371e-01 -2.567022144794464111e-01 7.266439497470855713e-02 8.425925374031066895e-01 4.678041636943817139e-01
2.615512084960937500e+01 -2.164758872985839844e+01 -8.959294557571411133e-01 -2.566374540328979492e-01 7.401943951845169067e-02 8.379735946655273438e-01 4.758535027503967285e-01
2.615741157531738281e+01 -2.163767814636230469e+01 -8.923582434654235840e-01 -2.561290562152862549e-01 7.620383054018020630e-02 8.329646587371826172e-01 4.844971895217895508e-01
2.615979194641113281e+01 -2.162666893005371094e+01 -8.888299465179443359e-01 -2.551801800727844238e-01 7.911173999309539795e-02 8.277311325073242188e-01 4.934176206588745117e-01
2.616221809387207031e+01 -2.161449050903320312e+01 -8.853480815887451172e-01 -2.537968456745147705e-01 8.263882994651794434e-02 8.224474787712097168e-01 5.023066401481628418e-01
2.616463279724121094e+01 -2.160107994079589844e+01 -8.819152712821960449e-01 -2.519919574260711670e-01 8.667977154254913330e-02 8.172981739044189453e-01 5.108650326728820801e-01
2.616699028015136719e+01 -2.158635520935058594e+01 -8.785340785980224609e-01 -2.497876882553100586e-01 9.112956374883651733e-02 8.124753832817077637e-01 5.188034772872924805e-01
2.616929054260253906e+01 -2.157024383544921875e+01 -8.751372694969177246e-01 -2.472192049026489258e-01 9.588362276554107666e-02 8.081774115562438965e-01 5.258415937423706055e-01
2.617147636413574219e+01 -2.155266761779785156e+01 -8.717778921127319336e-01 -2.443360537290573120e-01 1.008368805050849915e-01 8.046056628227233887e-01 5.317066311836242676e-01
2.617352676391601562e+01 -2.153354835510253906e+01 -8.684585690498352051e-01 -2.412064522504806519e-01 1.058851405978202820e-01 8.019602894783020020e-01 5.361316800117492676e-01
2.617540550231933594e+01 -2.151280403137207031e+01 -8.651680350303649902e-01 -2.379095256328582764e-01 1.109187826514244080e-01 8.004380464553833008e-01 5.388547778129577637e-01
2.617709732055664062e+01 -2.149035453796386719e+01 -8.618960976600646973e-01 -2.345687448978424072e-01 1.158415377140045166e-01 8.002185225486755371e-01 5.396087169647216797e-01
2.617857360839843750e+01 -2.146612739562988281e+01 -8.586224317550659180e-01 -2.312311530113220215e-01 1.204879283905029297e-01 8.014896512031555176e-01 5.381435155868530273e-01
2.617979431152343750e+01 -2.144004249572753906e+01 -8.553280234336853027e-01 -2.283170521259307861e-01 1.249195411801338196e-01 8.043256402015686035e-01 5.341314673423767090e-01
2.618073654174804688e+01 -2.141208267211914062e+01 -8.519517779350280762e-01 -2.197900563478469849e-01 1.248997971415519714e-01 8.103666305541992188e-01 5.285533666610717773e-01
2.618134689331054688e+01 -2.138216972351074219e+01 -8.485147356986999512e-01 -2.106185853481292725e-01 1.238913163542747498e-01 8.181649446487426758e-01 5.204492211341857910e-01
2.618162536621093750e+01 -2.135040855407714844e+01 -8.449912071228027344e-01 -2.011688202619552612e-01 1.221818402409553528e-01 8.273481726646423340e-01 5.099697113037109375e-01
2.618157577514648438e+01 -2.131683921813964844e+01 -8.413491845130920410e-01 -1.914418935775756836e-01 1.198076605796813965e-01 8.376272320747375488e-01 4.973418116569519043e-01
2.618120384216308594e+01 -2.128168869018554688e+01 -8.375549316406250000e-01 -1.815399825572967529e-01 1.168732866644859314e-01 8.486934304237365723e-01 4.827793240547180176e-01
2.618052291870117188e+01 -2.124471855163574219e+01 -8.336039185523986816e-01 -1.715434789657592773e-01 1.134683862328529358e-01 8.602541685104370117e-01 4.665119946002960205e-01
2.617955398559570312e+01 -2.121393585205078125e+01 -8.289863467216491699e-01 -1.615449190139770508e-01 1.096903607249259949e-01 8.720316290855407715e-01 4.487820863723754883e-01
2.617831802368164062e+01 -2.118980598449707031e+01 -8.236687183380126953e-01 -1.516408473253250122e-01 1.056388914585113525e-01 8.837701678276062012e-01 4.298478066921234131e-01
2.617688179016113281e+01 -2.117232322692871094e+01 -8.176481127738952637e-01 -1.419347375631332397e-01 1.014178395271301270e-01 8.952401876449584961e-01 4.099837541580200195e-01
2.617530441284179688e+01 -2.116153526306152344e+01 -8.109278678894042969e-01 -1.325359493494033813e-01 9.713497012853622437e-02 9.062421917915344238e-01 3.894827067852020264e-01
2.617366409301757812e+01 -2.115774536132812500e+01 -8.035025596618652344e-01 -1.235591471195220947e-01 9.290099889039993286e-02 9.166089296340942383e-01 3.686507940292358398e-01
2.617206573486328125e+01 -2.115501213073730469e+01 -7.957611083984375000e-01 -1.151236221194267273e-01 8.882976323366165161e-02 9.262060523033142090e-01 3.478091359138488770e-01
2.617061042785644531e+01 -2.115309143066406250e+01 -7.877461314201354980e-01 -1.073530539870262146e-01 8.503744006156921387e-02 9.349325299263000488e-01 3.272896111011505127e-01
2.616940879821777344e+01 -2.115213775634765625e+01 -7.794785499572753906e-01 -1.003740578889846802e-01 8.164203166961669922e-02 9.427183270454406738e-01 3.074330687522888184e-01
2.616857910156250000e+01 -2.115213394165039062e+01 -7.709950804710388184e-01 -9.431574493646621704e-02 7.876287400722503662e-02 9.495222568511962891e-01 2.885859906673431396e-01
2.616825294494628906e+01 -2.115315437316894531e+01 -7.623324394226074219e-01 -8.930905908346176147e-02 7.652007788419723511e-02 9.553261995315551758e-01 2.710971534252166748e-01
2.616854286193847656e+01 -2.115513229370117188e+01 -7.535337805747985840e-01 -8.548551052808761597e-02 7.503426820039749146e-02 9.601295590400695801e-01 2.553165256977081299e-01
2.616958618164062500e+01 -2.115826606750488281e+01 -7.446239590644836426e-01 -8.297737687826156616e-02 7.442627102136611938e-02 9.639410376548767090e-01 2.415912747383117676e-01
2.617149925231933594e+01 -2.115828132629394531e+01 -7.359068989753723145e-01 -8.191642910242080688e-02 7.481690496206283569e-02 9.667694568634033203e-01 2.302644550800323486e-01
2.617441940307617188e+01 -2.115499114990234375e+01 -7.274225354194641113e-01 -8.243433386087417603e-02 7.632714509963989258e-02 9.686137437820434570e-01 2.216724455356597900e-01
