2.616429710388183594e+01 -2.226403045654296875e+01 -9.312875270843505859e-01 -9.828075766563415527e-02 1.950348913669586182e-01 7.394629120826721191e-01 6.367863416671752930e-01
2.615538215637207031e+01 -2.217395782470703125e+01 -9.402709007263183594e-01 -1.150441914796829224e-01 1.832592338323593140e-01 7.594123482704162598e-01 6.135742068290710449e-01
2.614570999145507812e+01 -2.209086227416992188e+01 -9.466012120246887207e-01 -1.317154467105865479e-01 1.714168339967727661e-01 7.774056792259216309e-01 5.906831622123718262e-01
2.614074134826660156e+01 -2.201534843444824219e+01 -9.518541693687438965e-01 -1.481154263019561768e-01 1.596852242946624756e-01 7.933978438377380371e-01 5.684011578559875488e-01
2.614101219177246094e+01 -2.194728088378906250e+01 -9.590229392051696777e-01 -1.640766859054565430e-01 1.482434570789337158e-01 8.073759078979492188e-01 5.470309257507324219e-01
2.613701629638671875e+01 -2.188691902160644531e+01 -9.637357592582702637e-01 -1.794430762529373169e-01 1.372694373130798340e-01 8.193557858467102051e-01 5.268847346305847168e-01
2.613213157653808594e+01 -2.183432388305664062e+01 -9.669308662414550781e-01 -1.940719783306121826e-01 1.269403100013732910e-01 8.293762803077697754e-01 5.082812309265136719e-01
2.612461280822753906e+01 -2.178987312316894531e+01 -9.687789082527160645e-01 -2.078255116939544678e-01 1.174262985587120056e-01 8.374949693679809570e-01 4.915415346622467041e-01
2.611584663391113281e+01 -2.175380897521972656e+01 -9.707022905349731445e-01 -2.205988764762878418e-01 1.089066714048385620e-01 8.437739610671997070e-01 4.769810438156127930e-01
2.610777854919433594e+01 -2.172574996948242188e+01 -9.734915494918823242e-01 -2.322075366973876953e-01 1.015074849128723145e-01 8.482977151870727539e-01 4.649250507354736328e-01
2.610219955444335938e+01 -2.170517349243164062e+01 -9.752792716026306152e-01 -2.427972406148910522e-01 9.553104639053344727e-02 8.510641455650329590e-01 4.556317925453186035e-01
2.609914398193359375e+01 -2.169209480285644531e+01 -9.762592911720275879e-01 -2.468549758195877075e-01 8.807568252086639404e-02 8.535137176513671875e-01 4.503397047519683838e-01
2.609601593017578125e+01 -2.168725585937500000e+01 -9.766821265220642090e-01 -2.498873919248580933e-01 8.211378008127212524e-02 8.544836044311523438e-01 4.479470551013946533e-01
2.609208869934082031e+01 -2.168240928649902344e+01 -9.767200350761413574e-01 -2.523177564144134521e-01 7.769186794757843018e-02 8.541030287742614746e-01 4.480979442596435547e-01
2.608872413635253906e+01 -2.167620468139648438e+01 -9.767867326736450195e-01 -2.541540861129760742e-01 7.464515417814254761e-02 8.525703549385070801e-01 4.504894316196441650e-01
2.608452033996582031e+01 -2.166976356506347656e+01 -9.768821597099304199e-01 -2.554771602153778076e-01 7.286843657493591309e-02 8.500402569770812988e-01 4.547913670539855957e-01
2.608162498474121094e+01 -2.166134834289550781e+01 -9.773913621902465820e-01 -2.563190758228302002e-01 7.224469631910324097e-02 8.466650247573852539e-01 4.606736302375793457e-01
2.608012008666992188e+01 -2.165168762207031250e+01 -9.783733487129211426e-01 -2.567025125026702881e-01 7.266445457935333252e-02 8.425924181938171387e-01 4.678042232990264893e-01
2.607826805114746094e+01 -2.164093589782714844e+01 -9.787639975547790527e-01 -2.566377818584442139e-01 7.401952892541885376e-02 8.379734754562377930e-01 4.758536517620086670e-01
2.607740592956542969e+01 -2.162885093688964844e+01 -9.784527420997619629e-01 -2.561293840408325195e-01 7.620394229888916016e-02 8.329644799232482910e-01 4.844973981380462646e-01
2.607704925537109375e+01 -2.161556816101074219e+01 -9.785556197166442871e-01 -2.551805078983306885e-01 7.911185920238494873e-02 8.277308940887451172e-01 4.934178292751312256e-01
2.607645225524902344e+01 -2.160095214843750000e+01 -9.786660671234130859e-01 -2.537971735000610352e-01 8.263897150754928589e-02 8.224471807479858398e-01 5.023069381713867188e-01
2.607616233825683594e+01 -2.158500862121582031e+01 -9.789503216743469238e-01 -2.519922852516174316e-01 8.667992055416107178e-02 8.172978758811950684e-01 5.108653903007507324e-01
2.607411956787109375e+01 -2.156764221191406250e+01 -9.791808724403381348e-01 -2.497880607843399048e-01 9.112971276044845581e-02 8.124750852584838867e-01 5.188038349151611328e-01
2.607428550720214844e+01 -2.154871940612792969e+01 -9.806671142578125000e-01 -2.472196221351623535e-01 9.588378667831420898e-02 8.081771135330200195e-01 5.258420109748840332e-01
2.607456207275390625e+01 -2.152821540832519531e+01 -9.822373390197753906e-01 -2.443364858627319336e-01 1.008370518684387207e-01 8.046053051948547363e-01 5.317069888114929199e-01
2.607136535644531250e+01 -2.150612831115722656e+01 -9.840726256370544434e-01 -2.412068694829940796e-01 1.058853045105934143e-01 8.019598722457885742e-01 5.361320376396179199e-01
2.607071495056152344e+01 -2.148221778869628906e+01 -9.867051839828491211e-01 -2.379099577665328979e-01 1.109189391136169434e-01 8.004376292228698730e-01 5.388550758361816406e-01
2.606935310363769531e+01 -2.145639228820800781e+01 -9.892058372497558594e-01 -2.345691770315170288e-01 1.158416941761970520e-01 8.002182245254516602e-01 5.396090745925903320e-01
2.606662940979003906e+01 -2.142875862121582031e+01 -9.920034408569335938e-01 -2.312316149473190308e-01 1.204880848526954651e-01 8.014892935752868652e-01 5.381438732147216797e-01
2.606418609619140625e+01 -2.139892387390136719e+01 -9.933921694755554199e-01 -2.283175140619277954e-01 1.249196901917457581e-01 8.043253421783447266e-01 5.341318249702453613e-01
2.606459426879882812e+01 -2.136705780029296875e+01 -9.963029026985168457e-01 -2.197904884815216064e-01 1.248999163508415222e-01 8.103662729263305664e-01 5.285536646842956543e-01
2.606608963012695312e+01 -2.133324050903320312e+01 -9.994736313819885254e-01 -2.106189876794815063e-01 1.238913908600807190e-01 8.181647062301635742e-01 5.204494595527648926e-01
2.606735229492187500e+01 -2.129753303527832031e+01 -1.003789782524108887e+00 -2.011692225933074951e-01 1.221818923950195312e-01 8.273479938507080078e-01 5.099698305130004883e-01
2.606621932983398438e+01 -2.126010322570800781e+01 -1.009418845176696777e+00 -1.914422661066055298e-01 1.198077127337455750e-01 8.376271128654479980e-01 4.973419308662414551e-01
2.606515884399414062e+01 -2.122104454040527344e+01 -1.015587568283081055e+00 -1.815403252840042114e-01 1.168733164668083191e-01 8.486934304237365723e-01 4.827793836593627930e-01
2.606445884704589844e+01 -2.118010139465332031e+01 -1.021709918975830078e+00 -1.715437620878219604e-01 1.134684011340141296e-01 8.602542281150817871e-01 4.665120244026184082e-01
2.606310081481933594e+01 -2.114594650268554688e+01 -1.025935649871826172e+00 -1.615451723337173462e-01 1.096903458237648010e-01 8.720316290855407715e-01 4.487820267677307129e-01
2.606323432922363281e+01 -2.111622238159179688e+01 -1.029091715812683105e+00 -1.516412049531936646e-01 1.056388840079307556e-01 8.837702274322509766e-01 4.298476278781890869e-01
2.605510139465332031e+01 -2.110150718688964844e+01 -1.034696221351623535e+00 -1.419352293014526367e-01 1.014178842306137085e-01 8.952402472496032715e-01 4.099836647510528564e-01
2.603951072692871094e+01 -2.109723281860351562e+01 -1.037963032722473145e+00 -1.325365602970123291e-01 9.713508188724517822e-02 9.062421321868896484e-01 3.894827365875244141e-01
2.603329658508300781e+01 -2.109023857116699219e+01 -1.037934899330139160e+00 -1.235599070787429810e-01 9.290119260549545288e-02 9.166088700294494629e-01 3.686508536338806152e-01
2.602828025817871094e+01 -2.108391571044921875e+01 -1.039280056953430176e+00 -1.151245236396789551e-01 8.883000165224075317e-02 9.262058734893798828e-01 3.478091955184936523e-01
2.602228927612304688e+01 -2.107877731323242188e+01 -1.039022564888000488e+00 -1.073540970683097839e-01 8.503774553537368774e-02 9.349322915077209473e-01 3.272896707057952881e-01
2.601597976684570312e+01 -2.107619857788085938e+01 -1.039643883705139160e+00 -1.003752499818801880e-01 8.164242655038833618e-02 9.427180886268615723e-01 3.074331581592559814e-01
2.601074981689453125e+01 -2.107334136962890625e+01 -1.041388988494873047e+00 -9.431706368923187256e-02 7.876334339380264282e-02 9.495220780372619629e-01 2.885860800743103027e-01
2.600572776794433594e+01 -2.107187080383300781e+01 -1.042424321174621582e+00 -8.931051194667816162e-02 7.652060687541961670e-02 9.553260803222656250e-01 2.710972130298614502e-01
2.600157546997070312e+01 -2.107042884826660156e+01 -1.043057799339294434e+00 -8.548711240291595459e-02 7.503487914800643921e-02 9.601294398307800293e-01 2.553164362907409668e-01
2.599798202514648438e+01 -2.106988716125488281e+01 -1.043910741806030273e+00 -8.297910541296005249e-02 7.442694157361984253e-02 9.639408588409423828e-01 2.415910065174102783e-01
2.599449157714843750e+01 -2.106560325622558594e+01 -1.045024037361145020e+00 -8.191835880279541016e-02 7.481767237186431885e-02 9.667692184448242188e-01 2.302640378475189209e-01
2.599254989624023438e+01 -2.105702972412109375e+01 -1.046102285385131836e+00 -8.243639022111892700e-02 7.632800191640853882e-02 9.686135053634643555e-01 2.216720730066299438e-01
