0.000000000000000000e+00 0.000000000000000000e+00 0.000000000000000000e+00 0.000000000000000000e+00 0.000000000000000000e+00 0.000000000000000000e+00 1.000000000000000000e+00
8.284690976142883301e-02 -1.069999858736991882e-02 3.671041876077651978e-02 -2.559896060937993240e-02 7.482741436280328055e-03 2.556878703904165093e-02 9.993172363797541147e-01
1.582768669809901385e-01 -2.030821673563339841e-02 7.113553824855668728e-02 -5.064205677098339298e-02 1.520686904588160367e-02 4.971231424664061815e-02 9.973629324534118989e-01
2.266476809193673780e-01 -2.834165106455250813e-02 1.024190211265030986e-01 -7.520257699956260644e-02 2.280917067963992434e-02 7.194620341012347708e-02 9.943078285724199494e-01
2.876205350099696467e-01 -3.521840354228603781e-02 1.309911260546127443e-01 -9.890065948151575970e-02 3.037843599433210501e-02 9.271193480677197840e-02 9.903031391069324618e-01
3.411819144194053743e-01 -4.073115674702905420e-02 1.568028156739020296e-01 -1.214016784322963366e-01 3.763572944488274147e-02 1.111236987008970417e-01 9.856453256268226104e-01
3.870729982245997292e-01 -4.595626531587940211e-02 1.800198617494199460e-01 -1.422621296695215365e-01 4.444825956400809408e-02 1.274303113426924761e-01 9.805852101855948577e-01
4.254246753400124370e-01 -5.017375895583710277e-02 2.004476636341087081e-01 -1.613732918693958351e-01 5.092493223785617140e-02 1.413116312536176478e-01 9.753954761122516359e-01
4.558763217261585510e-01 -5.401234209616607301e-02 2.184832541048394861e-01 -1.787026650392934679e-01 5.713447140280764058e-02 1.528918849563054849e-01 9.702706226614735696e-01
4.785538950411546422e-01 -5.710948086479140928e-02 2.338940623408612141e-01 -1.938435883463765497e-01 6.301001101096341539e-02 1.614744674605151087e-01 9.655984663035364068e-01
4.936216488453960549e-01 -5.972818128311124103e-02 2.461421937337905097e-01 -2.065112604700760079e-01 6.881211166703976589e-02 1.675653380879770504e-01 9.615299527619747266e-01
5.011405458127248247e-01 -6.191504184813072242e-02 2.551981516431621744e-01 -2.156546011127156715e-01 6.789162722747442424e-02 1.716152599914616828e-01 9.588701802170011002e-01
5.015495338573789930e-01 -6.276464036365457522e-02 2.609049645936921125e-01 -2.223514250885849919e-01 6.666430663050854077e-02 1.726884468618969659e-01 9.572326855592503403e-01
5.025755796382089802e-01 -6.435022487616509634e-02 2.670521251834901966e-01 -2.271241009412231504e-01 6.558736134567587361e-02 1.712817025688069816e-01 9.564389782774871396e-01
5.044294325518138278e-01 -6.706254289430763071e-02 2.735975879322637416e-01 -2.298971883312370679e-01 6.471197401926172266e-02 1.679966603439717876e-01 9.564187186212921299e-01
5.068210256996693586e-01 -7.105416318915283580e-02 2.803029525552482304e-01 -2.305428679220436483e-01 6.398495218086668046e-02 1.625733377674292990e-01 9.572490907761933565e-01
5.096795535137982336e-01 -7.455729564781557461e-02 2.881592125498560475e-01 -2.304891244931465966e-01 6.370499757569822452e-02 1.558947449931809559e-01 9.583909772414253014e-01
5.126038272238315763e-01 -7.952925256780110641e-02 2.962605221594825089e-01 -2.285803045910755060e-01 6.334188852926268820e-02 1.480053724166746076e-01 9.601214815045016060e-01
5.168700436513437024e-01 -8.379108371026777746e-02 3.052735038216203844e-01 -2.259957648948377196e-01 6.345536642807370065e-02 1.395569358057217879e-01 9.619891851728863408e-01
5.210918088401944592e-01 -8.875280924389319925e-02 3.150556813854012983e-01 -2.223515556013610506e-01 6.304368799015064306e-02 1.304085846905379542e-01 9.641467109134720381e-01
5.263744358957674896e-01 -9.399514513617743261e-02 3.253275450449982231e-01 -2.179101457135528830e-01 6.314705170571062454e-02 1.209484609863810262e-01 9.663845445996125383e-01
5.334243590269567292e-01 -9.895339460009600074e-02 3.359167709351534858e-01 -2.129218915721062255e-01 6.331400065810306732e-02 1.117403834094479326e-01 9.685916023410132691e-01
5.413073838297081108e-01 -1.052184706991905194e-01 3.465725254315891735e-01 -2.066766460181959919e-01 6.337214056236550874e-02 1.028565403475145412e-01 9.709218649813965429e-01
5.502457531718684125e-01 -1.107593031104778802e-01 3.582744805267626953e-01 -2.002858863983750792e-01 6.361856363433375516e-02 9.467902897823340935e-02 9.730745724467678714e-01
5.599226325539863325e-01 -1.172130561130001608e-01 3.705248660901662161e-01 -1.934996403552455280e-01 6.378815787823127748e-02 8.767760759318256325e-02 9.750905584732263431e-01
5.707695582376219878e-01 -1.239379172060910139e-01 3.833715071651420114e-01 -1.867040578102664994e-01 6.403768261122629035e-02 8.191863302054765150e-02 9.768982073721956816e-01
5.834525541265895843e-01 -1.305904051445900271e-01 3.964566405888943490e-01 -1.800453205080961294e-01 6.433763591044958097e-02 7.810200359321606278e-02 9.784397928351629137e-01
5.974703332096608088e-01 -1.375863864731160235e-01 4.101121804013993510e-01 -1.736551470839315103e-01 6.457066373795261605e-02 7.630962140033911711e-02 9.797200421331776488e-01
6.130534931689485267e-01 -1.446125103282607238e-01 4.243492463398779169e-01 -1.677311739046335182e-01 6.489609838546915588e-02 7.657491590566292694e-02 9.807094533902269706e-01
6.303478182742151548e-01 -1.513969452967987295e-01 4.392251725911248683e-01 -1.622797558053049038e-01 6.560555071481967426e-02 7.975564765544902734e-02 9.813257508280498476e-01
6.494563078408556178e-01 -1.576546147629462324e-01 4.547938736767838663e-01 -1.580895189489505692e-01 6.671687036857497366e-02 8.558197376365721254e-02 9.814439815768544184e-01
6.695505309741345279e-01 -1.648764471690927214e-01 4.714784442483568871e-01 -1.543316979197632555e-01 6.101997737117397652e-02 9.557542518452544211e-02 9.814905131888037593e-01
6.909516819678861443e-01 -1.722540462942952211e-01 4.893577100548506809e-01 -1.515053343613500525e-01 5.457839296381064575e-02 1.086054749845839357e-01 9.809547305991833666e-01
7.144369487127633089e-01 -1.791905213429042798e-01 5.075525971883104726e-01 -1.496762041478689464e-01 4.752495335817449179e-02 1.237006940382639891e-01 9.798145492972843984e-01
7.397670044947636248e-01 -1.853339121195611283e-01 5.263862580678889680e-01 -1.485944954372730165e-01 4.035957596811347997e-02 1.411738780274332528e-01 9.779369697051603083e-01
7.664243816731540759e-01 -1.907957603303140903e-01 5.460996059609749542e-01 -1.483157309360256804e-01 3.323310369808332720e-02 1.605987164148769131e-01 9.752466647271339495e-01
7.938387595329916557e-01 -1.979685204652814612e-01 5.671314520619732402e-01 -1.482055751890283268e-01 2.567887047737745301e-02 1.816488669755721430e-01 9.717918461380432582e-01
8.151552945952449392e-01 -2.038718019634515322e-01 5.863348898357755301e-01 -1.487026250114959758e-01 1.804319932543687471e-02 2.037773392193674704e-01 9.674899318822226535e-01
8.311203030931856306e-01 -2.069120695444412183e-01 6.026348596139950997e-01 -1.502120083096755987e-01 1.079186499524216469e-02 2.268794446653905894e-01 9.622087121814177912e-01
8.406990269474954314e-01 -2.098201307196362053e-01 6.165260064954012353e-01 -1.514620985955863475e-01 3.714285857227060065e-03 2.503236779018815916e-01 9.562340158409271540e-01
8.425598405232186394e-01 -2.103450440655407483e-01 6.284968884667589961e-01 -1.536027088290197462e-01 -3.357781816138374117e-03 2.740631669856077868e-01 9.493599494625215574e-01
8.380194233759119538e-01 -2.094563036168779202e-01 6.369517829090457495e-01 -1.550503926770895602e-01 -1.023733044832560342e-02 2.967176028911331920e-01 9.422384183053204021e-01
8.338093754165316618e-01 -2.095060941523975706e-01 6.458925515828655151e-01 -1.572336371922792575e-01 -1.581882779690619439e-02 3.196488553181081049e-01 9.342654640498286867e-01
8.299669941362735059e-01 -2.093433581079350014e-01 6.554082763469412098e-01 -1.593747725466928555e-01 -2.071072432355306608e-02 3.415768971475124371e-01 9.260107834732603793e-01
8.250144732846430573e-01 -2.092430296151272517e-01 6.650027854251328030e-01 -1.610051296992490166e-01 -2.486412361708517302e-02 3.620210033032142394e-01 9.178234670864635625e-01
8.209045453150519700e-01 -2.094895576817081273e-01 6.756901389410986392e-01 -1.626816688461940885e-01 -2.806195375028874839e-02 3.814023425017714075e-01 9.095490390887647214e-01
8.146414551427212380e-01 -2.094031406947386154e-01 6.862292981117781299e-01 -1.638565927186983184e-01 -3.050652088614471888e-02 3.989357489537518897e-01 9.017042959932878299e-01
8.074496797328656328e-01 -2.097400480146875967e-01 6.972332550745404811e-01 -1.650407699027161279e-01 -3.145996579240985247e-02 4.142967176095715964e-01 8.944998851873565693e-01
7.976734766830892998e-01 -2.111474950302634213e-01 7.074855238261384960e-01 -1.656664421547405508e-01 -3.091743388754035135e-02 4.274234333172774458e-01 8.882049036550465626e-01
7.969889722684504463e-01 -2.046237654163599040e-01 7.196102977440730353e-01 -1.661088604305305805e-01 -2.995326243445213185e-02 4.372020388033966976e-01 8.833827176383725055e-01
8.036972740681277427e-01 -2.045802068396708473e-01 7.320874434508304329e-01 -1.668022123631909270e-01 -2.722449177672700907e-02 4.445211621017029491e-01 8.796799335224121386e-01
