8.652602136135101318e-02 2.912821015343070030e-03 2.881871536374092102e-02 -2.522141672670841217e-02 5.475100595504045486e-03 2.328566275537014008e-02 9.993956685066223145e-01
7.731355726718902588e-02 -6.623612251132726669e-03 3.075428679585456848e-02 -2.644041553139686584e-02 6.907465867698192596e-03 2.473403140902519226e-02 9.993205070495605469e-01
6.862808763980865479e-02 -9.014432318508625031e-03 3.044153563678264618e-02 -2.630252949893474579e-02 7.819431833922863007e-03 2.231675386428833008e-02 9.993743300437927246e-01
5.966363474726676941e-02 -1.466743461787700653e-02 2.839825302362442017e-02 -2.601185999810695648e-02 8.821620605885982513e-03 2.334308624267578125e-02 9.993501305580139160e-01
5.153701081871986389e-02 -1.575618796050548553e-02 2.571252733469009399e-02 -2.393024228513240814e-02 8.156999945640563965e-03 2.034673653542995453e-02 9.994732737541198730e-01
4.347434639930725098e-02 -1.748130470514297485e-02 2.183369547128677368e-02 -2.135902643203735352e-02 7.238946855068206787e-03 1.772841252386569977e-02 9.995884895324707031e-01
3.609833121299743652e-02 -1.615984365344047546e-02 1.848521456122398376e-02 -1.898112520575523376e-02 6.933902855962514877e-03 1.461936347186565399e-02 9.996889233589172363e-01
2.886102721095085144e-02 -1.371062919497489929e-02 1.569649390876293182e-02 -1.713919825851917267e-02 7.010646164417266846e-03 1.169080194085836411e-02 9.997602105140686035e-01
2.262323908507823944e-02 -1.077456399798393250e-02 1.155228819698095322e-02 -1.455791946500539780e-02 6.635036319494247437e-03 8.185944519937038422e-03 9.998385310173034668e-01
1.551829650998115540e-02 -8.359263651072978973e-03 8.556673303246498108e-03 -1.218509115278720856e-02 6.592862308025360107e-03 6.032109726220369339e-03 9.998858571052551270e-01
9.474792517721652985e-03 -5.886302329599857330e-03 4.348132759332656860e-03 -9.149731136858463287e-03 -5.403482355177402496e-04 2.789833350107073784e-03 9.999541044235229492e-01
5.030987318605184555e-03 -1.709296338958665729e-04 2.848990261554718018e-03 -6.072484422475099564e-03 -2.033353375736624002e-04 1.240058627445250750e-04 9.999815225601196289e-01
5.573540460318326950e-03 -2.602119457151275128e-05 3.207710105925798416e-03 -3.593076020479202271e-03 3.145904047414660454e-04 -2.844047499820590019e-03 9.999894499778747559e-01
6.352556869387626648e-03 -7.864453946240246296e-04 3.558518132194876671e-03 -1.650288118980824947e-03 4.355564306024461985e-04 -4.303378053009510040e-03 9.999892711639404297e-01
6.984652951359748840e-03 -8.288205717690289021e-04 4.140330478549003601e-03 5.485755973495543003e-04 5.837117787450551987e-04 -6.277938839048147202e-03 9.999799728393554688e-01
7.679490838199853897e-03 -2.847949042916297913e-03 3.883110359311103821e-03 1.333919353783130646e-03 8.790651336312294006e-04 -7.300150580704212189e-03 9.999721050262451172e-01
7.944913581013679504e-03 -5.186328664422035217e-03 2.980485558509826660e-03 3.221047343686223030e-03 9.131619590334594250e-04 -7.892850786447525024e-03 9.999632239341735840e-01
8.850973099470138550e-03 -4.050004296004772186e-03 4.780730232596397400e-03 3.692598780617117882e-03 1.560597913339734077e-03 -8.645737543702125549e-03 9.999545812606811523e-01
8.718336932361125946e-03 -6.024168338626623154e-03 5.082619376480579376e-03 4.533634521067142487e-03 1.356864580884575844e-03 -8.801689371466636658e-03 9.999500513076782227e-01
9.129128418862819672e-03 -7.493595592677593231e-03 4.626494366675615311e-03 4.986472893506288528e-03 1.172828953713178635e-03 -8.970974944531917572e-03 9.999466538429260254e-01
1.046721916645765305e-02 -6.979040801525115967e-03 5.305438302457332611e-03 5.490417592227458954e-03 1.242881407961249352e-03 -8.514950983226299286e-03 9.999479055404663086e-01
1.180256623774766922e-02 -7.600737735629081726e-03 4.226891789585351944e-03 6.927338894456624985e-03 5.642168107442557812e-04 -8.129586465656757355e-03 9.999427795410156250e-01
1.314141601324081421e-02 -5.978797562420368195e-03 6.252056919038295746e-03 7.178967352956533432e-03 9.221652289852499962e-04 -7.313360460102558136e-03 9.999470710754394531e-01
1.376954559236764908e-02 -8.282004855573177338e-03 5.212765187025070190e-03 7.660994306206703186e-03 3.927084035240113735e-04 -6.198031362146139145e-03 9.999513626098632812e-01
1.444582547992467880e-02 -9.159304201602935791e-03 5.944833159446716309e-03 7.390365470200777054e-03 3.886859922204166651e-04 -4.680851940065622330e-03 9.999616742134094238e-01
1.687719486653804779e-02 -6.220929790288209915e-03 7.266019470989704132e-03 7.276034448295831680e-03 3.564093203749507666e-04 -3.168888157233595848e-03 9.999684691429138184e-01
1.768295466899871826e-02 -8.739057928323745728e-03 6.546580232679843903e-03 6.800617557018995285e-03 -3.871558874379843473e-04 -9.665639372542500496e-04 9.999763369560241699e-01
1.917918585240840912e-02 -8.214520290493965149e-03 7.718541659414768219e-03 5.996958818286657333e-03 9.890111869026441127e-06 9.837426478043198586e-04 9.999815225601196289e-01
2.058094739913940430e-02 -8.958647958934307098e-03 7.910923101007938385e-03 5.225885659456253052e-03 -1.122938047046773136e-04 4.237834364175796509e-03 9.999773502349853516e-01
2.148094959557056427e-02 -8.852255530655384064e-03 1.033845823258161545e-02 3.161841770634055138e-03 6.418257253244519234e-04 7.143243681639432907e-03 9.999693036079406738e-01
2.233519591391086578e-02 -1.134999096393585205e-02 1.032590214163064957e-02 2.175120636820793152e-03 -7.148992270231246948e-03 9.642370045185089111e-03 9.999256134033203125e-01
2.320585772395133972e-02 -1.224064826965332031e-02 1.199003960937261581e-02 3.591720596887171268e-04 -7.666015066206455231e-03 1.229551713913679123e-02 9.998949766159057617e-01
2.558717131614685059e-02 -1.245099306106567383e-02 1.099980995059013367e-02 -1.240955200046300888e-03 -8.405386470258235931e-03 1.438431441783905029e-02 9.998604655265808105e-01
2.835918217897415161e-02 -1.100777182728052139e-02 1.042331568896770477e-02 -2.059423830360174179e-03 -9.492162615060806274e-03 1.738859526813030243e-02 9.998016357421875000e-01
2.923804149031639099e-02 -1.320558693259954453e-02 9.990652091801166534e-03 -2.934044227004051208e-03 -9.748854674398899078e-03 1.951100863516330719e-02 9.997578263282775879e-01
2.991661615669727325e-02 -1.616560854017734528e-02 9.434205479919910431e-03 -3.106533084064722061e-03 -1.018522121012210846e-02 2.096856012940406799e-02 9.997234344482421875e-01
2.442910522222518921e-02 -1.436518691480159760e-02 7.407810539007186890e-03 -3.819472854956984520e-03 -1.052354555577039719e-02 2.224233373999595642e-02 9.996899366378784180e-01
1.900503039360046387e-02 -1.129518542438745499e-02 6.406358908861875534e-03 -5.393682047724723816e-03 -9.974419139325618744e-03 2.328896895051002502e-02 9.996644854545593262e-01
1.490786857903003693e-02 -8.270674385130405426e-03 1.588743762113153934e-03 -4.067691043019294739e-03 -1.064821053296327591e-02 2.265230938792228699e-02 9.996784329414367676e-01
1.102342642843723297e-02 -4.576688632369041443e-03 2.139663090929389000e-03 -3.996352665126323700e-03 -9.365323930978775024e-03 2.274788357317447662e-02 9.996894001960754395e-01
9.095152840018272400e-03 1.763434382155537605e-03 2.656872849911451340e-03 -4.131468478590250015e-03 -8.911015465855598450e-03 2.116218954324722290e-02 9.997277855873107910e-01
8.409303613007068634e-03 -4.727913532406091690e-03 2.143546473234891891e-03 -4.171058069914579391e-03 -8.815091103315353394e-03 2.372977323830127716e-02 9.996708631515502930e-01
9.163043461740016937e-03 -1.804303494282066822e-03 4.257054533809423447e-03 -3.870462533086538315e-03 -6.618971005082130432e-03 2.310167439281940460e-02 9.997037053108215332e-01
1.064490247517824173e-02 5.485932342708110809e-04 1.725462730973958969e-03 -3.230288624763488770e-03 -7.031057495623826981e-03 2.085837721824645996e-02 9.997525215148925781e-01
1.119104865938425064e-02 -2.091090427711606026e-03 1.248835935257375240e-03 -3.431257326155900955e-03 -6.271183025091886520e-03 2.123938500881195068e-02 9.997488856315612793e-01
1.198271661996841431e-02 2.558673266321420670e-03 4.187404701951891184e-04 -2.613313496112823486e-03 -5.325489677488803864e-03 1.806924492120742798e-02 9.998191595077514648e-01
1.308516412973403931e-02 1.319579314440488815e-04 1.297408598475158215e-03 -2.199745038524270058e-03 -3.824949963018298149e-03 1.733543537557125092e-02 9.998400211334228516e-01
1.187122985720634460e-02 5.697587039321660995e-03 -5.410682875663042068e-03 -1.703384565189480782e-03 -2.945145824924111366e-03 1.451096311211585999e-02 9.998888969421386719e-01
1.237888168543577194e-02 -5.933786276727914810e-03 -1.261424040421843529e-03 -1.002511358819901943e-03 -1.280339667573571205e-03 1.216744724661111832e-02 9.999246597290039062e-01
9.411466307938098907e-03 -1.050984021276235580e-02 1.284488011151552200e-03 3.860943252220749855e-05 1.235246425494551659e-03 9.201560169458389282e-03 9.999569058418273926e-01
1.637842506170272827e-01 -1.039979420602321625e-02 5.992695316672325134e-02 -4.463569074869155884e-02 1.108457520604133606e-02 3.818405419588088989e-02 9.982118010520935059e-01
1.447752863168716431e-01 -1.656228862702846527e-02 6.382439285516738892e-02 -4.285591468214988708e-02 1.539395842701196671e-02 3.367713838815689087e-02 9.983948469161987305e-01
1.267677694559097290e-01 -4.516559094190597534e-02 4.924530535936355591e-02 -4.399804025888442993e-02 1.328068226575851440e-02 4.244086891412734985e-02 9.980413913726806641e-01
1.110801026225090027e-01 -4.209651425480842590e-02 4.603117331862449646e-02 -4.473666846752166748e-02 1.358117815107107162e-02 4.050846397876739502e-02 9.980847835540771484e-01
9.588763117790222168e-02 -3.726597502827644348e-02 4.275278002023696899e-02 -4.176653921604156494e-02 1.444264501333236694e-02 3.696970641613006592e-02 9.983386993408203125e-01
8.091998845338821411e-02 -3.049199283123016357e-02 4.017015919089317322e-02 -3.897179663181304932e-02 1.420651003718376160e-02 3.094985336065292358e-02 9.986598491668701172e-01
6.775211542844772339e-02 -2.228617481887340546e-02 3.455065935850143433e-02 -3.443596884608268738e-02 1.522586215287446976e-02 2.504638582468032837e-02 9.989770054817199707e-01
5.486657470464706421e-02 -1.501560304313898087e-02 2.749458886682987213e-02 -2.913673222064971924e-02 1.466324646025896072e-02 1.686006039381027222e-02 9.993256330490112305e-01
4.093480855226516724e-02 -1.292359456419944763e-02 1.951411366462707520e-02 -2.484968677163124084e-02 1.243106648325920105e-02 1.173947937786579132e-02 9.995449781417846680e-01
2.655379660427570343e-02 -9.820532053709030151e-03 1.366601977497339249e-02 -2.048107236623764038e-02 6.249728146940469742e-03 7.588172797113656998e-03 9.997419118881225586e-01
1.435159891843795776e-02 -5.452539306133985519e-03 6.984860170632600784e-03 -1.572407223284244537e-02 -3.953523410018533468e-04 1.970069017261266708e-03 9.998743534088134766e-01
1.072448026388883591e-02 -7.682713912799954414e-04 5.769490264356136322e-03 -9.355301968753337860e-03 -3.298295632703229785e-05 -4.104818217456340790e-03 9.999477863311767578e-01
1.162631809711456299e-02 -1.249607768841087818e-03 7.220109459012746811e-03 -5.809007678180932999e-03 7.755461847409605980e-04 -7.824974134564399719e-03 9.999521970748901367e-01
1.310981996357440948e-02 -3.260729368776082993e-03 7.556776981800794601e-03 -1.841559889726340771e-03 1.086429809220135212e-03 -1.114541478455066681e-02 9.999356269836425781e-01
1.482343394309282303e-02 -3.925584722310304642e-03 7.834741845726966858e-03 1.251416513696312904e-03 1.205059583298861980e-03 -1.403175573796033859e-02 9.999000430107116699e-01
1.584956794977188110e-02 -8.029874414205551147e-03 6.743484176695346832e-03 4.690557252615690231e-03 1.694883569143712521e-03 -1.611428707838058472e-02 9.998577237129211426e-01
1.690756157040596008e-02 -9.870013222098350525e-03 6.977189332246780396e-03 6.770674139261245728e-03 2.350562252104282379e-03 -1.708233729004859924e-02 9.998283982276916504e-01
1.733882538974285126e-02 -1.150756794959306717e-02 8.793282322585582733e-03 8.976843208074569702e-03 2.717478433623909950e-03 -1.791367493569850922e-02 9.997955560684204102e-01
1.857426762580871582e-02 -1.246528886258602142e-02 9.824117645621299744e-03 1.025597285479307175e-02 2.697532298043370247e-03 -1.882418431341648102e-02 9.997665882110595703e-01
2.073677442967891693e-02 -1.284100580960512161e-02 9.922246448695659637e-03 1.152158994227647781e-02 2.590486546978354454e-03 -1.900041848421096802e-02 9.997497200965881348e-01
2.178477682173252106e-02 -1.447939407080411911e-02 1.082046236842870712e-02 1.262431126087903976e-02 2.164559904485940933e-03 -1.764804497361183167e-02 9.997622370719909668e-01
2.444832399487495422e-02 -1.295909564942121506e-02 1.255748793482780457e-02 1.339114271104335785e-02 2.158739138394594193e-03 -1.617132872343063354e-02 9.997772574424743652e-01
2.677645161747932434e-02 -1.416461449116468430e-02 1.209989376366138458e-02 1.420256216078996658e-02 1.627966528758406639e-03 -1.387526653707027435e-02 9.998015165328979492e-01
2.891101874411106110e-02 -1.646957173943519592e-02 1.083919778466224670e-02 1.477946247905492783e-02 8.946569869294762611e-04 -1.098671089857816696e-02 9.998300075531005859e-01
3.222535178065299988e-02 -1.316034793853759766e-02 1.395108178257942200e-02 1.393104996532201767e-02 7.483001099899411201e-04 -8.298638276755809784e-03 9.998682141304016113e-01
3.526398539543151855e-02 -1.237659994512796402e-02 1.474110595881938934e-02 1.372022647410631180e-02 4.637464007828384638e-04 -4.592616111040115356e-03 9.998952150344848633e-01
3.706410527229309082e-02 -1.617192849516868591e-02 1.468441635370254517e-02 1.294592861086130142e-02 -5.517500103451311588e-04 -8.396572084166109562e-04 9.999157190322875977e-01
4.028953984379768372e-02 -1.421848498284816742e-02 1.715263538062572479e-02 1.106196455657482147e-02 9.715865598991513252e-04 4.212080035358667374e-03 9.999294877052307129e-01
4.277521371841430664e-02 -1.413840427994728088e-02 1.983188837766647339e-02 8.855819702148437500e-03 8.247382938861846924e-04 9.511514566838741302e-03 9.999151825904846191e-01
4.415671899914741516e-02 -1.928498595952987671e-02 2.090161107480525970e-02 5.686114076524972916e-03 -6.610753480345010757e-03 1.494280621409416199e-02 9.998503327369689941e-01
4.755496233701705933e-02 -2.265265583992004395e-02 1.882875710725784302e-02 2.939569298177957535e-03 -1.498147938400506973e-02 1.948608458042144775e-02 9.996935725212097168e-01
4.922657459974288940e-02 -2.698558941483497620e-02 1.925875805318355560e-02 1.957975473487749696e-04 -1.616336219012737274e-02 2.486633695662021637e-02 9.995601177215576172e-01
5.382383614778518677e-02 -2.635842747986316681e-02 1.829265803098678589e-02 -2.156028058379888535e-03 -1.792383752763271332e-02 2.973253652453422546e-02 9.993948340415954590e-01
5.672398209571838379e-02 -2.780561149120330811e-02 1.824949681758880615e-02 -3.115544794127345085e-03 -1.819960772991180420e-02 3.329925239086151123e-02 9.992748498916625977e-01
5.913359671831130981e-02 -3.067568317055702209e-02 1.754383184015750885e-02 -4.020462278276681900e-03 -1.913218386471271515e-02 3.578874841332435608e-02 9.991681575775146484e-01
5.411956831812858582e-02 -3.075093217194080353e-02 1.711381226778030396e-02 -5.610792897641658783e-03 -1.892567053437232971e-02 3.737512603402137756e-02 9.991063475608825684e-01
4.260616376996040344e-02 -2.664232440292835236e-02 1.432686951011419296e-02 -8.690882474184036255e-03 -1.937159150838851929e-02 4.142633453011512756e-02 9.989159703254699707e-01
3.320584818720817566e-02 -2.101128362119197845e-02 7.527332752943038940e-03 -7.916417904198169708e-03 -2.016447298228740692e-02 4.262517020106315613e-02 9.988562464714050293e-01
2.857594192028045654e-02 3.270820714533329010e-03 2.712922869250178337e-03 -6.406248081475496292e-03 -2.073776349425315857e-02 3.200382739305496216e-02 9.992520213127136230e-01
1.999078132212162018e-02 -1.514449832029640675e-03 5.281670484691858292e-03 -7.640339899808168411e-03 -1.738627254962921143e-02 4.019460082054138184e-02 9.990113973617553711e-01
1.780924946069717407e-02 -1.746789435856044292e-03 7.720225956290960312e-03 -7.985865697264671326e-03 -1.556221581995487213e-02 4.422215744853019714e-02 9.988685846328735352e-01
1.934731937944889069e-02 -1.107863383367657661e-03 5.443100351840257645e-03 -7.195694837719202042e-03 -1.639478094875812531e-02 4.232219606637954712e-02 9.989435672760009766e-01
1.889359951019287109e-02 2.757904352620244026e-03 8.839865215122699738e-03 -6.962135899811983109e-03 -1.244123931974172592e-02 4.039650410413742065e-02 9.990820288658142090e-01
2.174697630107402802e-02 4.035939928144216537e-03 2.270085504278540611e-03 -7.373228669166564941e-03 -1.394309103488922119e-02 3.821874409914016724e-02 9.991449117660522461e-01
2.335918694734573364e-02 8.716805605217814445e-04 3.891232190653681755e-03 -6.185236852616071701e-03 -1.123865414410829544e-02 3.688553348183631897e-02 9.992371797561645508e-01
2.394744381308555603e-02 8.314764127135276794e-03 1.569378655403852463e-03 -4.840740002691745758e-03 -9.266401641070842743e-03 3.305747359991073608e-02 9.993987679481506348e-01
2.659851126372814178e-02 1.610760577023029327e-03 6.256560329347848892e-03 -3.784638131037354469e-03 -5.237394943833351135e-03 3.058362938463687897e-02 9.995113015174865723e-01
2.750318124890327454e-02 2.930875925812870264e-04 4.294001031666994095e-03 -2.101396443322300911e-03 -2.597595565021038055e-03 2.393703162670135498e-02 9.997078776359558105e-01
2.053633891046047211e-02 -1.822817511856555939e-02 3.928521648049354553e-03 -7.156709907576441765e-04 1.467636087909340858e-03 2.161084674298763275e-02 9.997650980949401855e-01
