-4.452462308108806610e-03 9.506114125251770020e-01 -2.659993059933185577e-02
-1.256840769201517105e-02 8.747212290763854980e-01 -2.089107222855091095e-02
-1.932597346603870392e-02 7.978227138519287109e-01 -1.535655278712511063e-02
-2.579012513160705566e-02 7.200857400894165039e-01 -1.257149595767259598e-02
-3.051604889333248138e-02 6.416975855827331543e-01 -9.481148794293403625e-03
-3.384096920490264893e-02 5.627886056900024414e-01 -7.009411696344614029e-03
-3.571008890867233276e-02 4.837054908275604248e-01 -4.655145108699798584e-03
-3.598123788833618164e-02 4.037595987319946289e-01 -2.519033383578062057e-03
-3.472114354372024536e-02 3.249607384204864502e-01 -4.681757418438792229e-04
-3.227350115776062012e-02 2.430083155632019043e-01 1.568981795571744442e-03
-2.800012752413749695e-02 1.677237600088119507e-01 3.594557754695415497e-03
-2.321531623601913452e-02 7.511864602565765381e-02 7.220754399895668030e-03
-1.908996514976024628e-02 3.294859826564788818e-02 7.444648072123527527e-03
-1.517705805599689484e-02 5.514128133654594421e-02 3.904813434928655624e-03
-1.186252385377883911e-02 5.643279477953910828e-02 1.865198370069265366e-03
-8.940158411860466003e-03 6.745125353336334229e-02 -5.947927711531519890e-04
-6.598751526325941086e-03 7.523977756500244141e-02 -2.714900765568017960e-03
-4.908890463411808014e-03 8.519998937845230103e-02 -4.856002517044544220e-03
-3.752021118998527527e-03 9.511632472276687622e-02 -6.893151905387639999e-03
-3.175890538841485977e-03 1.058843135833740234e-01 -8.894367143511772156e-03
-3.055906854569911957e-03 1.171897724270820618e-01 -1.087512075901031494e-02
-3.348314203321933746e-03 1.291690021753311157e-01 -1.273059751838445663e-02
-4.151770845055580139e-03 1.418956518173217773e-01 -1.474005170166492462e-02
-5.059727467596530914e-03 1.554082334041595459e-01 -1.616808213293552399e-02
-6.174194626510143280e-03 1.696207970380783081e-01 -1.735377870500087738e-02
-7.750604767352342606e-03 1.846536099910736084e-01 -1.907071657478809357e-02
-9.469771757721900940e-03 2.004351317882537842e-01 -2.043228596448898315e-02
-1.143167726695537567e-02 2.171111255884170532e-01 -2.173135615885257721e-02
-1.352484151721000671e-02 2.344055026769638062e-01 -2.272419817745685577e-02
-1.599013432860374451e-02 2.527951300144195557e-01 -2.360629476606845856e-02
-1.866839453577995300e-02 2.711495757102966309e-01 -2.385337650775909424e-02
-2.177436277270317078e-02 2.908145189285278320e-01 -2.385853976011276245e-02
-2.516509592533111572e-02 3.091006278991699219e-01 -2.388501912355422974e-02
-2.844194322824478149e-02 3.293589651584625244e-01 -2.355761080980300903e-02
-3.166341409087181091e-02 3.415632843971252441e-01 -2.249397523701190948e-02
-3.481853753328323364e-02 3.697465956211090088e-01 -2.213162742555141449e-02
-3.777992725372314453e-02 3.507627546787261963e-01 -1.862407848238945007e-02
-4.053995385766029358e-02 2.719499468803405762e-01 -1.124046556651592255e-02
-4.285352304577827454e-02 2.101061940193176270e-01 -4.825528245419263840e-03
-4.448416084051132202e-02 1.443444937467575073e-01 1.865169033408164978e-03
-4.548086971044540405e-02 6.858311593532562256e-02 9.120119735598564148e-03
-4.548908397555351257e-02 2.538612112402915955e-02 1.421750523149967194e-02
-4.448115080595016479e-02 2.797680906951427460e-02 1.626615040004253387e-02
-4.241883754730224609e-02 1.397189684212207794e-02 1.907939091324806213e-02
-3.920745104551315308e-02 6.978390738368034363e-03 2.114283479750156403e-02
-3.474665433168411255e-02 -4.913998767733573914e-03 2.315454743802547455e-02
-2.904751338064670563e-02 -1.189684588462114334e-02 2.449496835470199585e-02
-2.212755195796489716e-02 -2.859197743237018585e-02 2.606467902660369873e-02
-1.389637123793363571e-02 -2.040909044444561005e-02 2.573194354772567749e-02
-4.533916246145963669e-03 1.994794979691505432e-02 2.309432439506053925e-02
6.115073803812265396e-03 4.918967187404632568e-02 2.085699513554573059e-02
