0.000000000000000000e+00 0.000000000000000000e+00 0.000000000000000000e+00 0.000000000000000000e+00 0.000000000000000000e+00 0.000000000000000000e+00 1.000000000000000000e+00
8.654982596635818481e-02 3.008225699886679649e-03 2.873729541897773743e-02 -2.512325065452613096e-02 5.476813359205881700e-03 2.307307638174647957e-02 9.994030517955507786e-01
1.644262834891964120e-01 1.578990108827810863e-03 5.874228740590942133e-02 -5.146611767946694671e-02 1.238568205143272122e-02 4.756033627484377441e-02 9.974647101650001568e-01
2.342059198250773799e-01 2.258815172168973477e-03 8.786445346247204191e-02 -7.768524381839156390e-02 2.006265054366480893e-02 6.953306454892162203e-02 9.943478495378140769e-01
2.961707262869141544e-01 4.759555066563454784e-04 1.150403298355776871e-01 -1.035595485825885481e-01 2.881347782234278815e-02 9.235494421390366693e-02 9.899069489969238855e-01
3.507069340905236143e-01 -8.211889009178494764e-05 1.393497030711053630e-01 -1.273026540737089707e-01 3.675310195686254389e-02 1.121399651280132886e-01 9.848187000577447447e-01
3.979609430319085983e-01 -1.699566073203971107e-03 1.602486802170095259e-01 -1.483793696598761369e-01 4.371303329779484964e-02 1.292766284927505949e-01 9.794693903868517681e-01
4.379025991580747790e-01 -2.328315735435473877e-03 1.778612316981358354e-01 -1.671330357712866310e-01 5.019644120705281376e-02 1.432249375773110844e-01 9.741834954976378302e-01
4.702815726437852284e-01 -1.785307362336850494e-03 1.926472884609888303e-01 -1.841610102371845081e-01 5.649944681181687939e-02 1.541515608505930057e-01 9.690871122379577374e-01
4.957454478383235275e-01 -6.961223568452325899e-04 2.032190579350547643e-01 -1.987507781917388083e-01 6.216433461921543752e-02 1.615612514907922848e-01 9.646407028973312814e-01
5.136283097101548289e-01 -4.712366861805419513e-05 2.111998823815010029e-01 -2.111287448775117925e-01 6.773280446478059658e-02 1.667304488654331174e-01 9.607486027608437285e-01
5.248028914834491632e-01 -4.715013083882073699e-04 2.154748297770997245e-01 -2.195911411208078812e-01 6.627261537412174053e-02 1.700748011134836646e-01 9.583643530614774919e-01
5.296869962323860204e-01 2.186802766491783949e-03 2.170672285773105892e-01 -2.253403746248920370e-01 6.506455776038719274e-02 1.705703663254299618e-01 9.570235467421724929e-01
5.349987176005307488e-01 5.376247697144396695e-03 2.187898712800688261e-01 -2.289785686245878749e-01 6.409421510328812410e-02 1.679344569676527732e-01 9.566915724850448832e-01
5.413690603937716395e-01 8.235121132876197653e-03 2.209994170990705054e-01 -2.308841944510451605e-01 6.324814105950173071e-02 1.637964353910196791e-01 9.570072565860745506e-01
5.483751550209546854e-01 1.147986764048630412e-02 2.236453405835899799e-01 -2.308411541700461922e-01 6.244799014451507535e-02 1.575829935239831670e-01 9.581128379373547999e-01
5.567347547906396077e-01 1.296364360843372913e-02 2.268201535746898201e-01 -2.301417329793831179e-01 6.180899894875081790e-02 1.502720975286935545e-01 9.594960797702752897e-01
5.660409037882255801e-01 1.191402168972196911e-02 2.301663172133617818e-01 -2.276554692722908002e-01 6.134779795028180716e-02 1.422699702485967499e-01 9.613369287417018461e-01
5.759452906481492551e-01 1.273944274944901686e-02 2.345044584773877949e-01 -2.248396113413673181e-01 6.139933208991023988e-02 1.333448203493321216e-01 9.632738084660975586e-01
5.862999961459420817e-01 1.176760596468127452e-02 2.399788189720202247e-01 -2.211804275234773298e-01 6.132097671908692815e-02 1.242687193978004589e-01 9.653373719451555646e-01
5.973639480234862464e-01 9.193764044288888632e-03 2.456236163870238187e-01 -2.170468361750850506e-01 6.107683056111028880e-02 1.150097199431631967e-01 9.674363317519092398e-01
6.095674387546982098e-01 7.371519010203334693e-03 2.514692635869862913e-01 -2.123912291604997671e-01 6.106295206667361475e-02 1.061437883370682789e-01 9.694817057882273437e-01
6.230650613897877887e-01 4.482170853623546579e-03 2.564093273634120429e-01 -2.062261788262295115e-01 6.061177088843781868e-02 9.768967854695957687e-02 9.717271752410195917e-01
6.376182299649540974e-01 3.803814287185056531e-03 2.623486992196761847e-01 -1.997891550678378425e-01 6.070119872532670630e-02 8.994007937778428219e-02 9.738123228384952812e-01
6.531251151056336468e-01 3.828297711651320809e-04 2.681104906315268099e-01 -1.927273503250207798e-01 6.052073209432071166e-02 8.334094993450445743e-02 9.758317967188190334e-01
6.694654867036708978e-01 -3.718573174473056853e-03 2.747502592375550279e-01 -1.858306322948626299e-01 6.061106655898942930e-02 7.822958183084149919e-02 9.775854986844091377e-01
6.877571390593664180e-01 -4.588535228430737356e-03 2.811528659463292668e-01 -1.789272782531847739e-01 6.093087290916493481e-02 7.459788957080622229e-02 9.791361563618291575e-01
7.071709586274576020e-01 -8.225335432028097610e-03 2.876176121699435262e-01 -1.722980543842619616e-01 6.088205848522074831e-02 7.327928511765829933e-02 9.804268977249884776e-01
7.280715379527203934e-01 -1.097745117618132392e-02 2.947230353355376753e-01 -1.663575437182486516e-01 6.149057944098084566e-02 7.385464540475258910e-02 9.813712690109598347e-01
7.505124050341542841e-01 -1.419966698820124447e-02 3.019645999456923025e-01 -1.609579449314793298e-01 6.247832895008953447e-02 7.767418583794835629e-02 9.819143135882332230e-01
7.741096851234960941e-01 -1.635764175310637156e-02 3.111943807146625995e-01 -1.574541625760301766e-01 6.450990480228219193e-02 8.435149183619344848e-02 9.818001246154383077e-01
7.990871907430509014e-01 -2.053879432857923931e-02 3.208354267788465775e-01 -1.540866673819765442e-01 5.918782753949693859e-02 9.474603905758889610e-02 9.817215939812919956e-01
8.252729685334211363e-01 -2.441798253788447434e-02 3.322968120062645969e-01 -1.522781762712634712e-01 5.359121233794425510e-02 1.079166310977543036e-01 9.809655140340860502e-01
8.537634394257354042e-01 -2.770558547232575275e-02 3.426992636656945868e-01 -1.518008959096568966e-01 4.740174012779172635e-02 1.232892879848779960e-01 9.795454632134562578e-01
8.845347338129023740e-01 -2.835838572154209328e-02 3.520138200499662307e-01 -1.518151721245001584e-01 4.051666749449410465e-02 1.417511172504652694e-01 9.773521238152571566e-01
9.166868363355368254e-01 -2.972451076302089906e-02 3.616802368862750972e-01 -1.524975820676562899e-01 3.357269704941540089e-02 1.622762810998048533e-01 9.743119470009407035e-01
9.503875412293516511e-01 -3.231990982658032585e-02 3.718222998843863647e-01 -1.531564873526542192e-01 2.636975257324915278e-02 1.842098461391432074e-01 9.705227761966305211e-01
9.783400477744321755e-01 -3.430588451532225885e-02 3.803504142748574401e-01 -1.543067329023623258e-01 1.887864082620362149e-02 2.073391138521985255e-01 9.658382478285582051e-01
1.000107299905775404e+00 -3.470569482795009958e-02 3.878230767204298712e-01 -1.569918578629449779e-01 1.176953893237981698e-02 2.312820772496315402e-01 9.600643912056917584e-01
1.017042154491342609e+00 -3.469441308382817390e-02 3.903495865385038233e-01 -1.581203945168675462e-01 4.182416434511681408e-03 2.545342934277600722e-01 9.540402201688509276e-01
1.028741380767897340e+00 -3.251550170516324251e-02 3.926778083980224654e-01 -1.593725191550717235e-01 -2.176930233585451426e-03 2.775249245151896749e-01 9.474046534537197140e-01
1.035249132911688186e+00 -2.551079017701547019e-02 3.938917565390107067e-01 -1.608186075120761060e-01 -8.367411895920221637e-03 2.987446174450399949e-01 9.406481889865401236e-01
1.044583073991193212e+00 -2.382474985829889993e-02 3.966664865897004955e-01 -1.622580765848621320e-01 -1.407214103216601966e-02 3.222198291140885851e-01 9.325495553349641975e-01
1.052414811905474812e+00 -1.839188751376622660e-02 4.004727030990342107e-01 -1.640010449221502575e-01 -1.773974893189098762e-02 3.445763379692679540e-01 9.241515600181418044e-01
1.059967319053832346e+00 -1.069411600353412095e-02 4.010168563084919313e-01 -1.649041947389399687e-01 -2.191216728336620873e-02 3.647526334056637176e-01 9.161233431727853205e-01
1.069356659075439309e+00 -4.184556863098880426e-03 4.018154415931785017e-01 -1.661695437207289239e-01 -2.541010715368192951e-02 3.849643133720864752e-01 9.074935187779806789e-01
1.076013760315582157e+00 6.006929392565570590e-03 4.003579714916578602e-01 -1.669264837620487996e-01 -2.824084616085263677e-02 4.020237948351322865e-01 8.998415816205189710e-01
1.084525161720784947e+00 1.603077381653065722e-02 4.003298389969645044e-01 -1.678246550144068538e-01 -2.968140077542993568e-02 4.180425863463036462e-01 8.922972013954750814e-01
1.089059685925986010e+00 2.683143109680234673e-02 3.922398472530296276e-01 -1.685337599253905194e-01 -3.059884870941912902e-02 4.313167811122287643e-01 8.857911246755945101e-01
1.101553729312489960e+00 3.264368281683937417e-02 3.918469850031177648e-01 -1.692323041630094393e-01 -3.009852135493707240e-02 4.421891889400466069e-01 8.802972381102129873e-01
1.115103986854554030e+00 3.455736635226092091e-02 3.955090509404529109e-01 -1.700066986222473209e-01 -2.743841999420452635e-02 4.500353404381806088e-01 8.762494210488683821e-01
