8.772455900907516479e-02 4.796436056494712830e-03 2.507846243679523468e-02 -2.275317162275314331e-02 5.422214977443218231e-03 1.904320530593395233e-02 9.995450377464294434e-01
7.907044887542724609e-02 -4.930179100483655930e-03 2.738168276846408844e-02 -2.400202862918376923e-02 6.862562615424394608e-03 2.053258940577507019e-02 9.994774460792541504e-01
7.067356258630752563e-02 -7.217674981802701950e-03 2.757218293845653534e-02 -2.394331805408000946e-02 7.523585110902786255e-03 1.795155182480812073e-02 9.995238184928894043e-01
6.177197024226188660e-02 -1.312973815947771072e-02 2.654679492115974426e-02 -2.369642816483974457e-02 8.704929612576961517e-03 1.896891184151172638e-02 9.995012879371643066e-01
5.382307246327400208e-02 -1.397990342229604721e-02 2.447219938039779663e-02 -2.175426110625267029e-02 7.986233569681644440e-03 1.631201803684234619e-02 9.995983839035034180e-01
4.568092897534370422e-02 -1.653943583369255066e-02 2.107686735689640045e-02 -1.944357529282569885e-02 7.206510286778211594e-03 1.412580907344818115e-02 9.996851682662963867e-01
3.837988525629043579e-02 -1.549089513719081879e-02 1.797305792570114136e-02 -1.731124706566333771e-02 6.980996578931808472e-03 1.132277492433786392e-02 9.997616410255432129e-01
3.115758299827575684e-02 -1.354489196091890335e-02 1.528154965490102768e-02 -1.565346494317054749e-02 6.981804966926574707e-03 8.886176161468029022e-03 9.998136162757873535e-01
2.479116432368755341e-02 -1.097482629120349884e-02 1.129134465008974075e-02 -1.322805043309926987e-02 6.459453143179416656e-03 5.980737041682004929e-03 9.998737573623657227e-01
1.768644712865352631e-02 -8.712138980627059937e-03 8.453707210719585419e-03 -1.102299522608518600e-02 6.419879384338855743e-03 4.304877482354640961e-03 9.999093413352966309e-01
1.094153150916099548e-02 -6.355863530188798904e-03 4.571796394884586334e-03 -8.343169465661048889e-03 -6.086460780352354050e-04 1.248345244675874710e-03 9.999642372131347656e-01
5.010995548218488693e-03 1.010621999739669263e-04 2.643321640789508820e-03 -5.624823737889528275e-03 -1.164838904514908791e-04 -8.973180083557963371e-04 9.999837875366210938e-01
5.411763675510883331e-03 6.206914549693465233e-04 3.113757818937301636e-03 -3.201414830982685089e-03 3.162682114634662867e-04 -3.717801766470074654e-03 9.999879002571105957e-01
6.195568013936281204e-03 -2.306431269971653819e-04 3.297661198303103447e-03 -1.384623232297599316e-03 4.454560112208127975e-04 -4.973951261490583420e-03 9.999865889549255371e-01
6.413826718926429749e-03 1.995399128645658493e-03 4.111334215849637985e-03 7.396638975478708744e-04 5.463253473863005638e-04 -7.295339368283748627e-03 9.999729394912719727e-01
7.699336390942335129e-03 -2.187195001170039177e-03 3.727433038875460625e-03 1.586889149621129036e-03 7.702906150370836258e-04 -8.107717148959636688e-03 9.999655485153198242e-01
8.223430253565311432e-03 -4.532073624432086945e-03 2.965070074424147606e-03 3.427717601880431175e-03 8.744635852053761482e-04 -8.761859498918056488e-03 9.999553561210632324e-01
9.232865646481513977e-03 -3.541723126545548439e-03 4.673075862228870392e-03 4.009083844721317291e-03 1.434687059372663498e-03 -9.611125104129314423e-03 9.999447464942932129e-01
9.271969087421894073e-03 -5.672781262546777725e-03 5.300944671034812927e-03 4.841837566345930099e-03 1.396393519826233387e-03 -9.685464203357696533e-03 9.999403953552246094e-01
9.761997498571872711e-03 -7.550149224698543549e-03 5.002263933420181274e-03 5.179900210350751877e-03 1.332948333583772182e-03 -9.730586782097816467e-03 9.999383687973022461e-01
1.156290993094444275e-02 -7.008748129010200500e-03 5.542459432035684586e-03 5.806883331388235092e-03 1.265547703951597214e-03 -9.326891042292118073e-03 9.999388456344604492e-01
1.305755320936441422e-02 -7.920507341623306274e-03 4.710476845502853394e-03 7.142460905015468597e-03 6.748096784576773643e-04 -8.936911821365356445e-03 9.999343156814575195e-01
1.478728372603654861e-02 -6.076028104871511459e-03 6.978019140660762787e-03 7.415683940052986145e-03 9.865404572337865829e-04 -8.203693665564060211e-03 9.999383687973022461e-01
1.558969728648662567e-02 -8.978717029094696045e-03 6.028205156326293945e-03 7.851970382034778595e-03 5.666751530952751637e-04 -7.070498075336217880e-03 9.999440312385559082e-01
1.651957072317600250e-02 -1.024715974926948547e-02 6.811146624386310577e-03 7.591041736304759979e-03 5.848120781593024731e-04 -5.489739589393138885e-03 9.999559521675109863e-01
1.958199962973594666e-02 -6.755199749022722244e-03 8.268513716757297516e-03 7.498070597648620605e-03 5.524834850803017616e-04 -4.131942987442016602e-03 9.999632239341735840e-01
2.063330262899398804e-02 -9.939967654645442963e-03 7.504119072109460831e-03 6.981191225349903107e-03 -1.315248664468526840e-04 -1.843931619077920914e-03 9.999738931655883789e-01
2.255719155073165894e-02 -9.133682586252689362e-03 9.088355116546154022e-03 6.150484085083007812e-03 2.722442441154271364e-04 2.110328568960539997e-05 9.999810457229614258e-01
2.437931858003139496e-02 -9.988824836909770966e-03 9.297127835452556610e-03 5.408943630754947662e-03 2.505286538507789373e-04 3.160710446536540985e-03 9.999803304672241211e-01
2.543738484382629395e-02 -9.893109090626239777e-03 1.239722780883312225e-02 3.322683274745941162e-03 1.091676182113587856e-03 5.948086734861135483e-03 9.999762177467346191e-01
2.643217891454696655e-02 -1.313047390431165695e-02 1.237306557595729828e-02 2.400307916104793549e-03 -6.498015485703945160e-03 7.988498546183109283e-03 9.999440908432006836e-01
2.746935188770294189e-02 -1.417557522654533386e-02 1.430397573858499527e-02 7.274224772118031979e-04 -6.869879085570573807e-03 1.046952884644269943e-02 9.999213218688964844e-01
3.023968823254108429e-02 -1.457303669303655624e-02 1.308200974017381668e-02 -7.412204868160188198e-04 -7.521484978497028351e-03 1.225487701594829559e-02 9.998963475227355957e-01
3.344173729419708252e-02 -1.325497776269912720e-02 1.192678604274988174e-02 -1.487646251916885376e-03 -8.619293570518493652e-03 1.497449725866317749e-02 9.998496174812316895e-01
3.451608121395111084e-02 -1.598193123936653137e-02 1.124375220388174057e-02 -2.202652627602219582e-03 -8.887470699846744537e-03 1.696702465415000916e-02 9.998141527175903320e-01
3.495673090219497681e-02 -1.939546316862106323e-02 1.048265397548675537e-02 -2.275415463373064995e-03 -9.282043203711509705e-03 1.833927817642688751e-02 9.997861385345458984e-01
2.915678359568119049e-02 -1.735776476562023163e-02 8.387655951082706451e-03 -2.883179811760783195e-03 -9.636826813220977783e-03 1.946403086185455322e-02 9.997599720954895020e-01
2.350495569407939911e-02 -1.418346166610717773e-02 7.651280611753463745e-03 -4.394765477627515793e-03 -8.994730189442634583e-03 2.033594064414501190e-02 9.997431039810180664e-01
1.919789239764213562e-02 -1.064019370824098587e-02 1.249150955118238926e-03 -2.991871675476431847e-03 -9.958610869944095612e-03 1.950290240347385406e-02 9.997557401657104492e-01
1.524864975363016129e-02 2.185353776440024376e-03 1.485400716774165630e-03 -2.531251171603798866e-03 -8.884212002158164978e-03 1.648073270916938782e-02 9.998214840888977051e-01
8.711434900760650635e-03 2.084688981994986534e-03 1.918210764415562153e-03 -3.199560800567269325e-03 -8.296893909573554993e-03 1.821958832442760468e-02 9.997944831848144531e-01
7.693743798881769180e-03 -3.603897290304303169e-03 7.103621028363704681e-04 -3.152717603370547295e-03 -8.247452788054943085e-03 2.042306959629058838e-02 9.997524619102478027e-01
7.227490656077861786e-03 -1.245876657776534557e-03 2.727055689319968224e-03 -2.901660045608878136e-03 -5.990190431475639343e-03 2.029561996459960938e-02 9.997718930244445801e-01
7.039818912744522095e-03 4.990524030290544033e-04 5.099107511341571808e-04 -2.446507569402456284e-03 -6.402490194886922836e-03 1.821546629071235657e-02 9.998105764389038086e-01
6.235603243112564087e-03 -6.954476702958345413e-04 2.675068344615283422e-06 -2.525879302993416786e-03 -5.728450138121843338e-03 1.838495023548603058e-02 9.998114109039306641e-01
5.282072350382804871e-03 1.168735907413065434e-03 -3.262865357100963593e-04 -1.957191387191414833e-03 -4.860122222453355789e-03 1.583699882030487061e-02 9.998608827590942383e-01
4.535532556474208832e-03 1.679181877989321947e-04 8.021904068300500512e-05 -1.521214027889072895e-03 -3.349003149196505547e-03 1.516765356063842773e-02 9.998782277107238770e-01
2.903213957324624062e-03 1.455945894122123718e-03 -1.618968555703759193e-03 -1.181078143417835236e-03 -2.592828823253512383e-03 1.279786508530378342e-02 9.999140501022338867e-01
5.232928786426782608e-03 -2.472732681781053543e-03 -7.340068696066737175e-04 -5.813029129058122635e-04 -8.705582586117088795e-04 1.068767532706260681e-02 9.999423623085021973e-01
5.792583804577589035e-03 -6.618376355618238449e-03 5.671766703017055988e-04 3.540970210451632738e-04 1.484514330513775349e-03 8.247552439570426941e-03 9.999648332595825195e-01
1.673594713211059570e-01 -4.310437943786382675e-03 5.159651115536689758e-02 -4.026758298277854919e-02 1.070569269359111786e-02 3.101800382137298584e-02 9.986500144004821777e-01
1.483199149370193481e-01 -1.243822555989027023e-02 5.877527594566345215e-02 -3.892829641699790955e-02 1.480103470385074615e-02 2.720598876476287842e-02 9.987618923187255859e-01
1.311721056699752808e-01 -4.127631336450576782e-02 4.506003856658935547e-02 -3.989959508180618286e-02 1.329631265252828598e-02 3.531463444232940674e-02 9.984909296035766602e-01
1.158590391278266907e-01 -3.846773132681846619e-02 4.248352348804473877e-02 -4.073641076683998108e-02 1.353718154132366180e-02 3.365198150277137756e-02 9.985113143920898438e-01
1.009185016155242920e-01 -3.476551547646522522e-02 3.920854628086090088e-02 -3.802843391895294189e-02 1.413078606128692627e-02 3.072111867368221283e-02 9.987043738365173340e-01
8.611287921667098999e-02 -2.722490206360816956e-02 3.824747726321220398e-02 -3.569174557924270630e-02 1.412088330835103989e-02 2.465621195733547211e-02 9.989588260650634766e-01
7.293814420700073242e-02 -2.022775821387767792e-02 3.250185027718544006e-02 -3.147841989994049072e-02 1.494477689266204834e-02 1.931918226182460785e-02 9.992059469223022461e-01
6.004809215664863586e-02 -1.359608769416809082e-02 2.545028924942016602e-02 -2.664674259722232819e-02 1.411089487373828888e-02 1.193781010806560516e-02 9.994740486145019531e-01
4.594415426254272461e-02 -1.238400675356388092e-02 1.784221827983856201e-02 -2.293612807989120483e-02 1.201677415519952774e-02 8.021713234484195709e-03 9.996325373649597168e-01
3.044232539832592010e-02 -1.014870591461658478e-02 1.372160110622644424e-02 -1.886122114956378937e-02 6.020713131874799728e-03 4.667512606829404831e-03 9.997931122779846191e-01
1.668090745806694031e-02 -5.339339841157197952e-03 7.574983406811952591e-03 -1.458678673952817917e-02 -3.667981072794646025e-04 -3.009377396665513515e-04 9.998934864997863770e-01
1.060595922172069550e-02 -2.322554355487227440e-04 5.441059358417987823e-03 -8.734707720577716827e-03 -8.685273496666923165e-05 -5.327069666236639023e-03 9.999476671218872070e-01
1.137258857488632202e-02 -1.154624114860780537e-04 6.866614334285259247e-03 -5.061981733888387680e-03 6.735815550200641155e-04 -9.068545885384082794e-03 9.999458193778991699e-01
1.289875060319900513e-02 -2.618825528770685196e-03 6.964541040360927582e-03 -1.488148584030568600e-03 8.734176517464220524e-04 -1.214685291051864624e-02 9.999247193336486816e-01
1.462486200034618378e-02 -3.118812805041670799e-03 7.436762563884258270e-03 1.686597592197358608e-03 1.001453958451747894e-03 -1.511039398610591888e-02 9.998838901519775391e-01
1.613366976380348206e-02 -6.633435841649770737e-03 6.664540618658065796e-03 5.191776435822248459e-03 1.508369343355298042e-03 -1.738092862069606781e-02 9.998342990875244141e-01
1.746110804378986359e-02 -8.633036166429519653e-03 7.246077526360750198e-03 7.283353712409734726e-03 2.198363654315471649e-03 -1.833626069128513336e-02 9.998029470443725586e-01
1.817825436592102051e-02 -1.094731595367193222e-02 8.949018083512783051e-03 9.478595107793807983e-03 2.557281870394945145e-03 -1.922255940735340118e-02 9.997670054435729980e-01
1.971650123596191406e-02 -1.236993540078401566e-02 1.019103545695543289e-02 1.068857684731483459e-02 2.578963991254568100e-03 -2.009039185941219330e-02 9.997376799583435059e-01
2.236119844019412994e-02 -1.318784337490797043e-02 1.029888819903135300e-02 1.198201160877943039e-02 2.446475904434919357e-03 -2.033337205648422241e-02 9.997184872627258301e-01
2.383443899452686310e-02 -1.481038704514503479e-02 1.218927558511495590e-02 1.308134011924266815e-02 2.149492735043168068e-03 -1.903422921895980835e-02 9.997309446334838867e-01
2.713702432811260223e-02 -1.347294263541698456e-02 1.411611773073673248e-02 1.380608696490526199e-02 2.192965708673000336e-03 -1.755179464817047119e-02 9.997482299804687500e-01
3.023076802492141724e-02 -1.480480935424566269e-02 1.389516051858663559e-02 1.456302404403686523e-02 1.729313284158706665e-03 -1.518888399004936218e-02 9.997770786285400391e-01
3.291587159037590027e-02 -1.777390949428081512e-02 1.290373690426349640e-02 1.499685645103454590e-02 1.318352529779076576e-03 -1.231658551841974258e-02 9.998108148574829102e-01
3.706667944788932800e-02 -1.453668065369129181e-02 1.597710140049457550e-02 1.421017013490200043e-02 1.134713180363178253e-03 -9.691745042800903320e-03 9.998514056205749512e-01
4.084177687764167786e-02 -1.381081808358430862e-02 1.716156676411628723e-02 1.388518698513507843e-02 1.019578077830374241e-03 -5.978405475616455078e-03 9.998852014541625977e-01
4.327622801065444946e-02 -1.846412010490894318e-02 1.714769378304481506e-02 1.318553835153579712e-02 -4.094536416232585907e-05 -2.123773097991943359e-03 9.999108314514160156e-01
4.737772792577743530e-02 -1.594728231430053711e-02 2.019749768078327179e-02 1.130337733775377274e-02 1.625770586542785168e-03 2.500588539987802505e-03 9.999316930770874023e-01
5.059993267059326172e-02 -1.567672751843929291e-02 2.340969443321228027e-02 9.087073616683483124e-03 1.517400494776666164e-03 7.773438468575477600e-03 9.999273419380187988e-01
5.221202597022056580e-02 -2.243132516741752625e-02 2.474079094827175140e-02 5.951221566647291183e-03 -5.663330666720867157e-03 1.286865398287773132e-02 9.998834729194641113e-01
5.591365694999694824e-02 -2.751588821411132812e-02 2.192587964236736298e-02 3.195610828697681427e-03 -1.365960761904716492e-02 1.674363017082214355e-02 9.997614026069641113e-01
5.799268931150436401e-02 -3.253835812211036682e-02 2.214165590703487396e-02 8.480665273964405060e-04 -1.479874085634946823e-02 2.155742794275283813e-02 9.996576905250549316e-01
6.333520263433456421e-02 -3.189779445528984070e-02 2.088190056383609772e-02 -1.160022336989641190e-03 -1.647391356527805328e-02 2.575317956507205963e-02 9.995319247245788574e-01
6.673581153154373169e-02 -3.365308418869972229e-02 2.072583138942718506e-02 -2.033289289101958275e-03 -1.661946810781955719e-02 2.914160490036010742e-02 9.994350671768188477e-01
6.935530155897140503e-02 -3.704421967267990112e-02 1.942091062664985657e-02 -2.605183515697717667e-03 -1.757057011127471924e-02 3.133885189890861511e-02 9.993509650230407715e-01
6.357707828283309937e-02 -3.744298592209815979e-02 1.934504136443138123e-02 -4.004479851573705673e-03 -1.745029538869857788e-02 3.283161297440528870e-02 9.993005394935607910e-01
5.157455056905746460e-02 -3.309008106589317322e-02 1.644175127148628235e-02 -6.922240834683179855e-03 -1.782255060970783234e-02 3.649637475609779358e-02 9.991508722305297852e-01
4.170843213796615601e-02 -2.703799307346343994e-02 8.742677979171276093e-03 -6.052964832633733749e-03 -1.858029142022132874e-02 3.746772557497024536e-02 9.991067647933959961e-01
2.837606146931648254e-02 2.439589053392410278e-02 -4.680597339756786823e-04 -4.257291555404663086e-03 -1.991634629666805267e-02 1.981809362769126892e-02 9.995961189270019531e-01
2.347017265856266022e-02 5.031690467149019241e-03 4.942737054079771042e-03 -4.809588659554719925e-03 -1.651782356202602386e-02 3.233730047941207886e-02 9.993289113044738770e-01
1.656813360750675201e-02 -1.066194381564855576e-03 6.075122859328985214e-03 -5.775660742074251175e-03 -1.432358846068382263e-02 3.888261690735816956e-02 9.991244077682495117e-01
1.617954857647418976e-02 6.420646095648407936e-04 2.211865736171603203e-03 -5.425308831036090851e-03 -1.547488383948802948e-02 3.632061183452606201e-02 9.992056488990783691e-01
1.363952737301588058e-02 2.429916523396968842e-03 5.463920999318361282e-03 -5.077360197901725769e-03 -1.122993417084217072e-02 3.575148433446884155e-02 9.992846846580505371e-01
1.227366272360086441e-02 5.142161622643470764e-03 -9.564304491505026817e-04 -5.552842747420072556e-03 -1.310868654400110245e-02 3.298507258296012878e-02 9.993544220924377441e-01
1.161033101379871368e-02 1.252619898878037930e-03 3.968985693063586950e-04 -4.571131896227598190e-03 -1.054394431412220001e-02 3.220855817198753357e-02 9.994150996208190918e-01
8.850870653986930847e-03 4.528032150119543076e-03 -3.198034537490457296e-04 -3.513912437483668327e-03 -8.366541005671024323e-03 2.888020686805248260e-02 9.995416998863220215e-01
8.044413290917873383e-03 1.083637122064828873e-03 7.449583499692380428e-04 -2.463891170918941498e-03 -4.633253905922174454e-03 2.682706527411937714e-02 9.996263384819030762e-01
9.087206795811653137e-03 3.493863041512668133e-04 3.650790895335376263e-04 -1.280912198126316071e-03 -2.220451598986983299e-03 2.104666456580162048e-02 9.997752308845520020e-01
1.099643670022487640e-02 -9.447588585317134857e-03 1.239486271515488625e-03 6.773984205210581422e-05 1.820344594307243824e-03 1.923560164868831635e-02 9.998133182525634766e-01
