2.616429710388183594e+01 -2.226403045654296875e+01 -9.312875270843505859e-01 -9.828075766563415527e-02 1.950348913669586182e-01 7.394629120826721191e-01 6.367863416671752930e-01
2.616339683532714844e+01 -2.217285156250000000e+01 -9.338181018829345703e-01 -1.150438413023948669e-01 1.832592487335205078e-01 7.594121694564819336e-01 6.135743260383605957e-01
2.616227722167968750e+01 -2.208942031860351562e+01 -9.355022311210632324e-01 -1.317146122455596924e-01 1.714168936014175415e-01 7.774053812026977539e-01 5.906836986541748047e-01
2.616127967834472656e+01 -2.201381683349609375e+01 -9.365636110305786133e-01 -1.481141597032546997e-01 1.596853137016296387e-01 7.933975458145141602e-01 5.684018731117248535e-01
2.616047286987304688e+01 -2.194611167907714844e+01 -9.371642470359802246e-01 -1.640749722719192505e-01 1.482434719800949097e-01 8.073756694793701172e-01 5.470317006111145020e-01
2.615968894958496094e+01 -2.188636970520019531e+01 -9.372200965881347656e-01 -1.794409602880477905e-01 1.372694224119186401e-01 8.193557262420654297e-01 5.268856883049011230e-01
2.615906715393066406e+01 -2.183463668823242188e+01 -9.367657303810119629e-01 -1.940695196390151978e-01 1.269402503967285156e-01 8.293762207031250000e-01 5.082823634147644043e-01
2.615872764587402344e+01 -2.179094886779785156e+01 -9.358519315719604492e-01 -2.078227549791336060e-01 1.174262538552284241e-01 8.374947905540466309e-01 4.915429055690765381e-01
2.615884399414062500e+01 -2.175535011291503906e+01 -9.345539808273315430e-01 -2.205958068370819092e-01 1.089066565036773682e-01 8.437737226486206055e-01 4.769828617572784424e-01
2.615962028503417969e+01 -2.172780990600585938e+01 -9.329087138175964355e-01 -2.322041094303131104e-01 1.015074998140335083e-01 8.482973575592041016e-01 4.649273157119750977e-01
2.616125106811523438e+01 -2.170838737487792969e+01 -9.308624863624572754e-01 -2.427934706211090088e-01 9.553108364343643188e-02 8.510637879371643066e-01 4.556342959403991699e-01
2.616386413574218750e+01 -2.169700241088867188e+01 -9.283544421195983887e-01 -2.468509078025817871e-01 8.807571232318878174e-02 8.535134196281433105e-01 4.503424763679504395e-01
2.616729545593261719e+01 -2.169387626647949219e+01 -9.253863692283630371e-01 -2.498830407857894897e-01 8.211382478475570679e-02 8.544832468032836914e-01 4.479500949382781982e-01
2.617147636413574219e+01 -2.169049263000488281e+01 -9.224880933761596680e-01 -2.523131370544433594e-01 7.769196480512619019e-02 8.541026115417480469e-01 4.481013417243957520e-01
2.617636489868164062e+01 -2.168635368347167969e+01 -9.196842312812805176e-01 -2.541491985321044922e-01 7.464531064033508301e-02 8.525698184967041016e-01 4.504931271076202393e-01
2.618189048767089844e+01 -2.168155479431152344e+01 -9.169577956199645996e-01 -2.554720342159271240e-01 7.286868244409561157e-02 8.500395417213439941e-01 4.547953605651855469e-01
2.618804740905761719e+01 -2.167591476440429688e+01 -9.143257141113281250e-01 -2.563136219978332520e-01 7.224503904581069946e-02 8.466643095016479492e-01 4.606779813766479492e-01
2.619476318359375000e+01 -2.166942405700683594e+01 -9.117786884307861328e-01 -2.566967904567718506e-01 7.266485691070556641e-02 8.425915837287902832e-01 4.678088128566741943e-01
2.620192527770996094e+01 -2.166201782226562500e+01 -9.092780947685241699e-01 -2.566317617893218994e-01 7.402000576257705688e-02 8.379725813865661621e-01 4.758584499359130859e-01
2.620949363708496094e+01 -2.165363311767578125e+01 -9.068192839622497559e-01 -2.561231255531311035e-01 7.620450109243392944e-02 8.329634666442871094e-01 4.845023751258850098e-01
2.621738433837890625e+01 -2.164420890808105469e+01 -9.044378399848937988e-01 -2.551740109920501709e-01 7.911249995231628418e-02 8.277297616004943848e-01 4.934229552745819092e-01
2.622552490234375000e+01 -2.163368225097656250e+01 -9.021270871162414551e-01 -2.537904679775238037e-01 8.263968676328659058e-02 8.224460482597351074e-01 5.023121833801269531e-01
2.623384857177734375e+01 -2.162197875976562500e+01 -8.998932242393493652e-01 -2.519852817058563232e-01 8.668071776628494263e-02 8.172966241836547852e-01 5.108707547187805176e-01
2.624227523803710938e+01 -2.160901451110839844e+01 -8.977395892143249512e-01 -2.497807592153549194e-01 9.113059937953948975e-02 8.124737143516540527e-01 5.188093185424804688e-01
2.625089263916015625e+01 -2.159472084045410156e+01 -8.956308960914611816e-01 -2.472119629383087158e-01 9.588471800088882446e-02 8.081756830215454102e-01 5.258476138114929199e-01
2.625957298278808594e+01 -2.157901191711425781e+01 -8.935899138450622559e-01 -2.443284243345260620e-01 1.008380129933357239e-01 8.046037554740905762e-01 5.317127108573913574e-01
2.626819229125976562e+01 -2.156181144714355469e+01 -8.916156291961669922e-01 -2.411984503269195557e-01 1.058863252401351929e-01 8.019583225250244141e-01 5.361379384994506836e-01
2.627686691284179688e+01 -2.154303359985351562e+01 -8.897073864936828613e-01 -2.379010766744613647e-01 1.109199672937393188e-01 8.004360795021057129e-01 5.388610959053039551e-01
2.628549957275390625e+01 -2.152258872985839844e+01 -8.878312706947326660e-01 -2.345598638057708740e-01 1.158427074551582336e-01 8.002165555953979492e-01 5.396152138710021973e-01
2.629401588439941406e+01 -2.150041580200195312e+01 -8.859605789184570312e-01 -2.312218546867370605e-01 1.204890683293342590e-01 8.014876842498779297e-01 5.381501913070678711e-01
2.630244827270507812e+01 -2.147641563415527344e+01 -8.840446472167968750e-01 -2.283073514699935913e-01 1.249206066131591797e-01 8.043237328529357910e-01 5.341382622718811035e-01
2.631085205078125000e+01 -2.145058059692382812e+01 -8.820956945419311523e-01 -2.197799086570739746e-01 1.249006688594818115e-01 8.103647232055664062e-01 5.285601615905761719e-01
2.631912040710449219e+01 -2.142283248901367188e+01 -8.801246285438537598e-01 -2.106079757213592529e-01 1.238919273018836975e-01 8.181632757186889648e-01 5.204560756683349609e-01
2.632716941833496094e+01 -2.139327621459960938e+01 -8.781222105026245117e-01 -2.011576592922210693e-01 1.221821382641792297e-01 8.273466825485229492e-01 5.099764466285705566e-01
2.633492469787597656e+01 -2.136196136474609375e+01 -8.760615587234497070e-01 -1.914301067590713501e-01 1.198076158761978149e-01 8.376258611679077148e-01 4.973485767841339111e-01
2.634245872497558594e+01 -2.132910156250000000e+01 -8.738853931427001953e-01 -1.815274804830551147e-01 1.168728098273277283e-01 8.486922383308410645e-01 4.827860891819000244e-01
2.634980201721191406e+01 -2.129446029663085938e+01 -8.715502619743347168e-01 -1.715302616357803345e-01 1.134674698114395142e-01 8.602532148361206055e-01 4.665188491344451904e-01
2.635695457458496094e+01 -2.126604461669921875e+01 -8.684968948364257812e-01 -1.615311056375503540e-01 1.096889376640319824e-01 8.720308542251586914e-01 4.487889409065246582e-01
2.636392021179199219e+01 -2.124431037902832031e+01 -8.647397756576538086e-01 -1.516265422105789185e-01 1.056369543075561523e-01 8.837695121765136719e-01 4.298546612262725830e-01
2.637043380737304688e+01 -2.122956275939941406e+01 -8.603710532188415527e-01 -1.419197916984558105e-01 1.014154851436614990e-01 8.952393531799316406e-01 4.099913537502288818e-01
2.637663269042968750e+01 -2.122166442871093750e+01 -8.552469611167907715e-01 -1.325204074382781982e-01 9.713222086429595947e-02 9.062409400939941406e-01 3.894914388656616211e-01
2.638311004638671875e+01 -2.122048568725585938e+01 -8.493193387985229492e-01 -1.235432773828506470e-01 9.289778769016265869e-02 9.166076183319091797e-01 3.686600923538208008e-01
2.638980102539062500e+01 -2.122030448913574219e+01 -8.430981636047363281e-01 -1.151074245572090149e-01 8.882599323987960815e-02 9.262048006057739258e-01 3.478187322616577148e-01
2.639664459228515625e+01 -2.122099113464355469e+01 -8.365769982337951660e-01 -1.073365584015846252e-01 8.503315597772598267e-02 9.349313378334045410e-01 3.272995650768280029e-01
2.640376663208007812e+01 -2.122271728515625000e+01 -8.298380970954895020e-01 -1.003571972250938416e-01 8.163720369338989258e-02 9.427170157432556152e-01 3.074433803558349609e-01
2.641131401062011719e+01 -2.122538757324218750e+01 -8.229313492774963379e-01 -9.429846704006195068e-02 7.875748723745346069e-02 9.495211839675903320e-01 2.885967195034027100e-01
2.641939163208007812e+01 -2.122909355163574219e+01 -8.158323764801025391e-01 -8.929136395454406738e-02 7.651410251855850220e-02 9.553252458572387695e-01 2.711081504821777344e-01
2.642811584472656250e+01 -2.123374557495117188e+01 -8.085795044898986816e-01 -8.546742796897888184e-02 7.502777129411697388e-02 9.601287245750427246e-01 2.553277015686035156e-01
2.643760108947753906e+01 -2.123953437805175781e+01 -8.012260794639587402e-01 -8.295886218547821045e-02 7.441925257444381714e-02 9.639402627944946289e-01 2.416025251150131226e-01
2.644793891906738281e+01 -2.124218559265136719e+01 -7.940654754638671875e-01 -8.189754933118820190e-02 7.480946183204650879e-02 9.667688012123107910e-01 2.302758246660232544e-01
2.645955657958984375e+01 -2.124164772033691406e+01 -7.869703769683837891e-01 -8.241523802280426025e-02 7.631944864988327026e-02 9.686132669448852539e-01 2.216839790344238281e-01
