-4.452462308108806610e-03 9.506114125251770020e-01 -2.659993059933185577e-02
-1.219794992357492447e-02 8.747348189353942871e-01 -2.105903998017311096e-02
-1.859427243471145630e-02 7.978493571281433105e-01 -1.568207703530788422e-02
-2.470795437693595886e-02 7.201246023178100586e-01 -1.304560992866754532e-02
-2.909493818879127502e-02 6.417476534843444824e-01 -1.009565964341163635e-02
-3.209217265248298645e-02 5.628489255905151367e-01 -7.756538223475217819e-03
-3.364475816488265991e-02 4.837751090526580811e-01 -5.527689587324857712e-03
-3.361029550433158875e-02 4.038375914096832275e-01 -3.510214388370513916e-03
-3.205562382936477661e-02 3.250462710857391357e-01 -1.571052242070436478e-03
-2.932457067072391510e-02 2.431006133556365967e-01 3.612560685724020004e-04
-2.477924339473247528e-02 1.678218841552734375e-01 2.288018353283405304e-03
-1.973409019410610199e-02 7.522152364253997803e-02 5.820267833769321442e-03
-1.535969413816928864e-02 3.305532410740852356e-02 5.954806692898273468e-03
-1.120866835117340088e-02 5.525110289454460144e-02 2.330026123672723770e-03
-7.667010650038719177e-03 5.654475837945938110e-02 2.098098630085587502e-04
-4.528351128101348877e-03 6.756444275379180908e-02 -2.326733665540814400e-03
-1.981768291443586349e-03 7.535301148891448975e-02 -4.519430920481681824e-03
-9.789364412426948547e-05 8.531203120946884155e-02 -6.729270331561565399e-03
1.242083497345447540e-03 9.522598236799240112e-02 -8.831378072500228882e-03
1.990664750337600708e-03 1.059903576970100403e-01 -1.089388970285654068e-02
2.272224053740501404e-03 1.172909885644912720e-01 -1.293238811194896698e-02
2.130568958818912506e-03 1.292641609907150269e-01 -1.484218705445528030e-02
1.467357855290174484e-03 1.419835090637207031e-01 -1.690293103456497192e-02
6.893216632306575775e-04 1.554874926805496216e-01 -1.837928965687751770e-02
-3.056055866181850433e-04 1.696902215480804443e-01 -1.961044967174530029e-02
-1.772651914507150650e-03 1.847119778394699097e-01 -2.137005515396595001e-02
-3.392468206584453583e-03 2.004811316728591919e-01 -2.277151495218276978e-02
-5.265148356556892395e-03 2.171434760093688965e-01 -2.410777471959590912e-02
-7.279000245034694672e-03 2.344229072332382202e-01 -2.513517625629901886e-02
-9.674176573753356934e-03 2.527962923049926758e-01 -2.604933828115463257e-02
-1.229142956435680389e-02 2.711331546306610107e-01 -2.632592059671878815e-02
-1.534573547542095184e-02 2.907793521881103516e-01 -2.635795623064041138e-02
-1.869389973580837250e-02 3.090456724166870117e-01 -2.640880085527896881e-02
-2.193691022694110870e-02 3.292830884456634521e-01 -2.610349655151367188e-02
-2.513328380882740021e-02 3.414653539657592773e-01 -2.505992725491523743e-02
-2.827148884534835815e-02 3.696254789829254150e-01 -2.471582032740116119e-02
-3.122369013726711273e-02 3.506173193454742432e-01 -2.122497744858264923e-02
-3.398170322179794312e-02 2.717790007591247559e-01 -1.385703962296247482e-02
-3.629961982369422913e-02 2.099085748195648193e-01 -7.457225117832422256e-03
-3.793452307581901550e-02 1.441285610198974609e-01 -7.814178243279457092e-04
-3.893188014626502991e-02 6.835900992155075073e-02 6.459387019276618958e-03
-3.894213587045669556e-02 2.515436895191669464e-02 1.154342293739318848e-02
-3.793846070766448975e-02 2.773700095713138580e-02 1.358064822852611542e-02
-3.588192164897918701e-02 1.372362673282623291e-02 1.638408750295639038e-02
-3.267686814069747925e-02 6.723021157085895538e-03 1.843949593603610992e-02
-2.822237648069858551e-02 -5.174564197659492493e-03 2.044590190052986145e-02
-2.252903953194618225e-02 -1.216050609946250916e-02 2.178258448839187622e-02
-1.561360247433185577e-02 -2.885662205517292023e-02 2.335014194250106812e-02
-7.385088130831718445e-03 -2.067363634705543518e-02 2.301691286265850067e-02
1.976448576897382736e-03 1.968365721404552460e-02 2.037937939167022705e-02
1.262545213103294373e-02 4.892538487911224365e-02 1.814205199480056763e-02
