0.000000000000000000e+00 0.000000000000000000e+00 0.000000000000000000e+00 0.000000000000000000e+00 0.000000000000000000e+00 0.000000000000000000e+00 1.000000000000000000e+00
8.781204372644424438e-02 4.068594425916671753e-03 -2.490027807652950287e-02 -1.630450440205526499e-02 -2.828689081175141812e-03 1.793192406064069572e-02 9.997022595521971589e-01
1.690450088514701688e-01 6.417814869857605201e-03 -4.544009466254680940e-02 -3.358365316579822041e-02 -4.341124114512828931e-03 3.600492817278842794e-02 9.987777220326523597e-01
2.427651655726650037e-01 7.312447079289337813e-03 -6.471728630869835741e-02 -5.040819634174793784e-02 -6.584269417050192356e-03 5.257699245904519370e-02 9.973220748593590868e-01
3.096491428439454019e-01 4.833862477891659806e-03 -7.932170330954493864e-02 -6.757536157585052050e-02 -6.716112783008355847e-03 6.759349562826547086e-02 9.953992082002731667e-01
3.672029791206686822e-01 -1.120770783381140438e-03 -9.785133474135461473e-02 -8.324662172259233994e-02 -8.362313507968498552e-03 8.143147965045829939e-02 9.931611076791655446e-01
4.167373366960144820e-01 -8.842245280938090812e-03 -1.149177040372403313e-01 -9.814224481595001937e-02 -9.890065147211397553e-03 9.343179138777166215e-02 9.907274028469900129e-01
4.587358421803825470e-01 -1.675238807463610979e-02 -1.293942128284913951e-01 -1.117239095551580824e-01 -1.065426659553353472e-02 1.032397503216149759e-01 9.883045120763906954e-01
4.934227628643871877e-01 -2.389961045787386204e-02 -1.409492834247227933e-01 -1.244394203578562536e-01 -1.033104348776240494e-02 1.111362587959178472e-01 9.859294255585951960e-01
5.199705569645992620e-01 -3.120981112930316589e-02 -1.511629384139875354e-01 -1.355580453802832652e-01 -9.819413796271445408e-03 1.169775239882444445e-01 9.837905540952068817e-01
5.386619594301887970e-01 -3.737846958112807372e-02 -1.596926501309481050e-01 -1.451375914858339111e-01 -8.589683524011623023e-03 1.211133646842910833e-01 9.819332206262799678e-01
5.492034158598907423e-01 -4.321617371620777026e-02 -1.656771597331737345e-01 -1.532931101014278763e-01 -1.222672258097154060e-02 1.228061775145696116e-01 9.804439669938407320e-01
5.515505075591483619e-01 -4.758023857103334947e-02 -1.684255297186467437e-01 -1.604464473620548504e-01 -1.304423466812415153e-02 1.222994562616073061e-01 9.793516367826896607e-01
5.536309004800070710e-01 -5.203945087468782316e-02 -1.723185131033749540e-01 -1.651181764716585232e-01 -1.333642287774230301e-02 1.183259511819892279e-01 9.790592918206627582e-01
5.571388639790263442e-01 -5.701469677883626991e-02 -1.758190764143108265e-01 -1.676046756632320889e-01 -1.422001882781618633e-02 1.132962508172739441e-01 9.792192927588327933e-01
5.609875612817590840e-01 -6.296827123227000111e-02 -1.792489945899977954e-01 -1.685074894399404000e-01 -1.555623988337897536e-02 1.060776153439552810e-01 9.798524220137841967e-01
5.662363310177646047e-01 -6.870018973591875133e-02 -1.834386081717996331e-01 -1.676064870009600360e-01 -1.708054490979386483e-02 9.796088180294511283e-02 9.808261752916114240e-01
5.722049064330357870e-01 -7.478141406757608800e-02 -1.883732765626430217e-01 -1.648480328676698581e-01 -1.867414860422636838e-02 8.842928913259932855e-02 9.821693657700132363e-01
5.787601564938273935e-01 -8.104610895501629386e-02 -1.944896135595446940e-01 -1.606909211751259559e-01 -2.054678135822319424e-02 7.771438865620992897e-02 9.837259432502013512e-01
5.863314003588609991e-01 -8.729208400337701290e-02 -2.015545937646176511e-01 -1.551614278756900112e-01 -2.257835343934459088e-02 6.669525878963010468e-02 9.853765228127415732e-01
5.952072323693693434e-01 -9.358626031333623640e-02 -2.092309841136093806e-01 -1.486598435249101013e-01 -2.475288373129333822e-02 5.534151214067268426e-02 9.870282988365217669e-01
6.048899076121494467e-01 -1.000407998913277891e-01 -2.180699321548995873e-01 -1.410318167523511856e-01 -2.680584071296233245e-02 4.418676118952944570e-02 9.886551490296210387e-01
6.162773925819183818e-01 -1.061277763371008265e-01 -2.274878200913426074e-01 -1.322254341228106811e-01 -2.901766158700781750e-02 3.360857331155089889e-02 9.902246581897555799e-01
6.295954679413170441e-01 -1.119994844427936731e-01 -2.371016906849569561e-01 -1.226921406674680720e-01 -3.147363326547957668e-02 2.291253604661761326e-02 9.916809288876220485e-01
6.442742928335217778e-01 -1.187445358724621980e-01 -2.470531587097981874e-01 -1.131067292030670107e-01 -3.479087718402963658e-02 1.308667101625905077e-02 9.928873056472532488e-01
6.613465817809801583e-01 -1.243978637473245885e-01 -2.570965176050115653e-01 -1.030649551441412404e-01 -3.837853034057352869e-02 4.465334195966743323e-03 9.939239227529198528e-01
6.803670278726072773e-01 -1.311042621635684913e-01 -2.666203018346408049e-01 -9.338513198822313843e-02 -4.205880668608012046e-02 -2.406617330797204083e-03 9.947383988248911235e-01
7.018800386242346478e-01 -1.380268455321885801e-01 -2.749938331648894563e-01 -8.428759871760561906e-02 -4.597457963105763129e-02 -7.180216550639753961e-03 9.953544008143296873e-01
7.261688301007426238e-01 -1.447016951441058852e-01 -2.813460255791503939e-01 -7.571289792099807070e-02 -4.886693607179238424e-02 -9.950942642049336387e-03 9.958817994058805079e-01
7.529477552148191588e-01 -1.514632112286297960e-01 -2.855573829273738151e-01 -6.829246179979379938e-02 -5.161337740342764741e-02 -9.794930810009974329e-03 9.962812144493954358e-01
7.824875988720064734e-01 -1.564668211495678363e-01 -2.845639286987475813e-01 -6.273532461447083042e-02 -5.213990738196636748e-02 -7.270330558471371774e-03 9.966407835310009400e-01
8.122371160465389206e-01 -1.597759642948693992e-01 -2.732423514292956490e-01 -5.895409774132306241e-02 -5.687467709742928534e-02 -3.660330191180186099e-03 9.966324736067259105e-01
8.386125056170750103e-01 -1.589818783956742643e-01 -2.517057758362311048e-01 -5.718738778999723354e-02 -5.849422602513575098e-02 1.073437706960049315e-03 9.966478194081228592e-01
8.653066599927561331e-01 -1.562117889641038704e-01 -2.276703877614406901e-01 -5.739688211072072055e-02 -6.002104361616435180e-02 7.032683021455832413e-03 9.965207542328028412e-01
8.993773455811300277e-01 -1.549070589695967781e-01 -2.111241339951345497e-01 -5.810127446128732914e-02 -6.514950935028027135e-02 1.644924244805715322e-02 9.960467889413011644e-01
9.377336493240185922e-01 -1.568310446581600848e-01 -2.012096938586007688e-01 -5.879147583358455137e-02 -7.325325224432961690e-02 2.857580280132733172e-02 9.951688032184274890e-01
9.771142516414997869e-01 -1.619221212768837403e-01 -1.897514042973204307e-01 -5.978969787201630914e-02 -8.101762703281542577e-02 4.180062559261457644e-02 9.940392566887943371e-01
1.010479897247119396e+00 -1.639478382178328197e-01 -1.795341143827041686e-01 -6.166039130574142019e-02 -8.883622247318645471e-02 5.623848092012437988e-02 9.925438806342590237e-01
1.037294807426079268e+00 -1.654894860320491046e-01 -1.700062807610727422e-01 -6.449160862351603629e-02 -9.604526635133729673e-02 7.187756365660125102e-02 9.906814599413088507e-01
1.057613225658966094e+00 -1.652252766408308926e-01 -1.783982556197325764e-01 -6.568305639041779886e-02 -1.087364403300474652e-01 8.857215960479862538e-02 9.879357748307858733e-01
1.070783015378053982e+00 -1.633086997205628332e-01 -1.862967942931722520e-01 -6.800278480573616890e-02 -1.200866165484770626e-01 1.058539111205765160e-01 9.847587396337648125e-01
1.075805872435455779e+00 -1.623495253034590025e-01 -1.938971533926311108e-01 -7.198525450594429886e-02 -1.290844240228052608e-01 1.246811196612118700e-01 9.811268791590828098e-01
1.080054274749640886e+00 -1.601379915514379582e-01 -2.009502795393119934e-01 -7.509387969708601618e-02 -1.389889707763273807e-01 1.434643371606156292e-01 9.769651780885755255e-01
1.084741003207353893e+00 -1.591876042028566585e-01 -2.071435827099702420e-01 -7.863395803244381532e-02 -1.478167098112108391e-01 1.622963331602046699e-01 9.724334533465475161e-01
1.088659910621669002e+00 -1.586065442852999108e-01 -2.130064009722808516e-01 -8.243688807912685768e-02 -1.560321784999930406e-01 1.803352812937940863e-01 9.676452372006303371e-01
1.092112501994757956e+00 -1.570549820146052711e-01 -2.180102656695009911e-01 -8.527643591025661773e-02 -1.635512562816360815e-01 1.971661684657812774e-01 9.628626163994868925e-01
1.094832526732079980e+00 -1.571671661891380911e-01 -2.226965838041671253e-01 -8.873445966009602115e-02 -1.683330618060603912e-01 2.131316849669011582e-01 9.583136547263623184e-01
1.097015443542616930e+00 -1.566263787447797484e-01 -2.266396932234573391e-01 -9.094766775560221561e-02 -1.725913160396737589e-01 2.270386447065613766e-01 9.541458028872306096e-01
1.098927343367027687e+00 -1.560531303025920191e-01 -2.296704543378827179e-01 -9.289170776233407478e-02 -1.749147840613625993e-01 2.391010900831674890e-01 9.505822519207924870e-01
1.103960931328730410e+00 -1.555855739889629719e-01 -2.325826864550147033e-01 -9.428249789093545719e-02 -1.766050289643173177e-01 2.479357840898779863e-01 9.478656662753935924e-01
1.112479206752658767e+00 -1.561457310224509398e-01 -2.347744517417999499e-01 -9.520579663975106688e-02 -1.770493145727187745e-01 2.538755456463465121e-01 9.461165910279190072e-01
1.262510125201830258e+00 -6.582883108624308643e-02 -2.299217966384021206e-01 -1.287662297810807099e-01 -1.851823795141434303e-01 2.776138480255279650e-01 9.338400804045116077e-01
1.398285118984378128e+00 1.800861583491382423e-02 -2.179018552787249929e-01 -1.614751336104362500e-01 -1.906265542540707680e-01 2.972624007083951581e-01 9.215326164405648335e-01
1.523936485414709718e+00 8.936664715627673505e-02 -2.101541122529425876e-01 -1.965974069737988772e-01 -1.966946962416022404e-01 3.185005852969245987e-01 9.062108105772732625e-01
1.636388148674740695e+00 1.522670228434227502e-01 -1.998536921605363059e-01 -2.318000383610142323e-01 -2.019551440887696891e-01 3.369330837014754554e-01 8.899207600114354966e-01
1.737005789685535762e+00 2.049912343540112869e-01 -1.946821298239613252e-01 -2.635997384286536405e-01 -2.072981210975984590e-01 3.525729228367924240e-01 8.736332187892538181e-01
1.825957627741817024e+00 2.457425987211490914e-01 -1.878710914027397760e-01 -2.932595664443491956e-01 -2.124283793204077564e-01 3.648881006239193536e-01 8.577468649731375683e-01
1.900641742927849265e+00 2.796625564537619235e-01 -1.803063245165111572e-01 -3.208908489429571631e-01 -2.161171179820706723e-01 3.740007995171724664e-01 8.428795028592804828e-01
1.961411255470721482e+00 3.064430993493384436e-01 -1.749946688087273550e-01 -3.447691414812245059e-01 -2.186354844412536080e-01 3.791247688300613539e-01 8.304198779442785172e-01
2.008591335956105617e+00 3.249462944082788241e-01 -1.712203994377462513e-01 -3.654725988917306712e-01 -2.197231468664485876e-01 3.812250197289772102e-01 8.202554495540217427e-01
2.041919002741036326e+00 3.347681062132275565e-01 -1.679321819426638496e-01 -3.814247734951202173e-01 -2.238167345521386298e-01 3.826356552824872748e-01 8.111788747281053480e-01
2.060823404874579712e+00 3.353637308164956199e-01 -1.654003118288243923e-01 -3.931857850067975169e-01 -2.317729918215347407e-01 3.822478392253341184e-01 8.034754558405915459e-01
2.072016387617643396e+00 3.317385529098190178e-01 -1.634714064766685238e-01 -4.009282426170536207e-01 -2.375290422024829151e-01 3.763654470459480983e-01 8.007406250792298286e-01
2.085050748701081869e+00 3.293723187975171607e-01 -1.624684739981566983e-01 -4.044092791027362188e-01 -2.431824328283739289e-01 3.682937618957288772e-01 8.010462809900379400e-01
2.099615251939661587e+00 3.266988073044530538e-01 -1.608973311192699041e-01 -4.036020481690260620e-01 -2.491043271260826031e-01 3.576007382363587395e-01 8.044713375463665717e-01
2.115689423539338421e+00 3.229575139319254551e-01 -1.583394519505187947e-01 -3.990597723188360479e-01 -2.554110185124255361e-01 3.458974917955186523e-01 8.098588981476052551e-01
2.133713411112966973e+00 3.186943832757291872e-01 -1.559571324599099418e-01 -3.908255486582581373e-01 -2.616372580797349245e-01 3.324603909536905655e-01 8.174786995068488160e-01
2.154004388407109172e+00 3.147014309517566777e-01 -1.538936874193622684e-01 -3.798543129108850058e-01 -2.678563811064886835e-01 3.179088106077762599e-01 8.263762146876468817e-01
2.176910504222034692e+00 3.123856853094524322e-01 -1.533238688237470726e-01 -3.658737004179175578e-01 -2.739096543316050791e-01 3.027474655327739295e-01 8.363336108993363327e-01
2.202237483367437409e+00 3.103468137741945965e-01 -1.533268763221764253e-01 -3.494651664776686206e-01 -2.797408122632423777e-01 2.869764698342394116e-01 8.469142112011786017e-01
2.230074141040456759e+00 3.081247269172020520e-01 -1.537652620767138156e-01 -3.313937873968725301e-01 -2.853045077616745417e-01 2.708221057997061698e-01 8.575750011140936824e-01
2.260606435535319036e+00 3.066932148125672275e-01 -1.550828966740173953e-01 -3.113465287505863821e-01 -2.897569725472633473e-01 2.553857681600947838e-01 8.682639836573226022e-01
2.294003358131107895e+00 3.062060684557972867e-01 -1.563522041219972958e-01 -2.898163836193886067e-01 -2.939570321181709800e-01 2.406838760551290313e-01 8.784457859544522185e-01
2.330411798524347766e+00 3.066585681995075419e-01 -1.569668740750120584e-01 -2.678099550042999932e-01 -2.979919599045678935e-01 2.271720124938903240e-01 8.876212573909577630e-01
2.369878226075440075e+00 3.093052107576450549e-01 -1.558401332540645667e-01 -2.457865140696913753e-01 -3.022969595965351308e-01 2.155515327924780178e-01 8.954010690360904023e-01
2.412300807837264749e+00 3.132521579699774072e-01 -1.508133959293862791e-01 -2.246452298288709182e-01 -3.060932873250578612e-01 2.074542386038857600e-01 9.015565201666256856e-01
2.457368916505330958e+00 3.194302639744180383e-01 -1.416479451217509677e-01 -2.050252569958119775e-01 -3.096370472704573218e-01 2.027800951358070536e-01 9.060738247892093922e-01
2.504701968997161465e+00 3.289196393935042151e-01 -1.283313059535316769e-01 -1.870265716543739465e-01 -3.122789124493072777e-01 2.009215887745946505e-01 9.094687776383429956e-01
2.551507719465965884e+00 3.435352681619275317e-01 -1.059145858291297981e-01 -1.725167033683273621e-01 -3.123887683872709764e-01 2.029608500427318163e-01 9.118432638312027327e-01
2.597307983495155348e+00 3.617804681140869283e-01 -7.552420063520966231e-02 -1.623557220705329485e-01 -3.100880385383764648e-01 2.091126297214885299e-01 9.131034639937261055e-01
2.638834809120435665e+00 3.836606943805758174e-01 -3.505018954808825082e-02 -1.558217262692020988e-01 -3.117463846793237514e-01 2.190427947442673273e-01 9.113473735807207099e-01
2.670098887438918212e+00 4.095901297080958292e-01 1.704998685516171536e-02 -1.526571812565686581e-01 -3.177690044133609226e-01 2.310002388767123105e-01 9.068393101778519094e-01
2.691252218555265419e+00 4.390374598279421225e-01 7.702949544018587724e-02 -1.540186643954578327e-01 -3.221112538696651595e-01 2.457499049080872078e-01 9.011823208352556236e-01
2.716477962565407189e+00 4.732922342125077675e-01 1.374872686065796712e-01 -1.568208520543925288e-01 -3.290663414137000031e-01 2.625825493920209697e-01 8.934052652991940624e-01
2.757504430134534168e+00 5.111615004376685034e-01 1.913250556279568471e-01 -1.598912364506472616e-01 -3.400854807804128410e-01 2.854205131269302309e-01 8.816528732755304354e-01
2.801617449502199264e+00 5.516858103098322141e-01 2.458358369807666088e-01 -1.631511392009413475e-01 -3.518049447826947507e-01 3.106417833723632560e-01 8.678229479721758510e-01
2.837252072211827514e+00 5.913578058736340681e-01 3.003753554198132503e-01 -1.685203794300224600e-01 -3.624145555588752510e-01 3.361664973269423151e-01 8.527887532740797694e-01
2.867784481614608971e+00 6.229199697260849877e-01 3.461664173818398416e-01 -1.763440990548438836e-01 -3.737871337035212904e-01 3.636016729526953539e-01 8.348531372835837905e-01
2.901140869389556620e+00 6.523575019021163879e-01 3.699963193018018237e-01 -1.816250551816082082e-01 -3.881046356760380900e-01 3.928506994050075529e-01 8.136679046601530407e-01
2.928157817094747983e+00 6.781088265455049724e-01 3.727409564549067911e-01 -1.868311171915859603e-01 -4.024728691114571877e-01 4.203607105368444286e-01 7.914585246967115184e-01
2.945277344552491794e+00 6.947725227070749021e-01 3.672783113953367873e-01 -1.953411688658654721e-01 -4.144512675998541229e-01 4.491810016861424448e-01 7.670126480412334802e-01
2.957525018413961426e+00 7.041598607695093159e-01 3.586516479529136547e-01 -2.054185867640471730e-01 -4.240864676775091269e-01 4.791076708798699957e-01 7.405469005057957466e-01
2.968919191302218596e+00 7.127189408109516622e-01 3.506518126089663290e-01 -2.149727968051851623e-01 -4.329720292369408918e-01 5.078432427904057134e-01 7.130337714893504319e-01
2.980312817729187991e+00 7.199155533393489792e-01 3.443122789274499218e-01 -2.253234807349245861e-01 -4.398248398119811720e-01 5.343175036510067200e-01 6.857756518031385973e-01
2.989754396250332569e+00 7.270798127379057840e-01 3.381861585827134475e-01 -2.350594592982345743e-01 -4.464147388253660864e-01 5.582813371459580676e-01 6.586219554102510365e-01
2.997844576606884193e+00 7.331154537296794560e-01 3.323000410182743170e-01 -2.445724455451694090e-01 -4.512456720878407768e-01 5.805560882824428726e-01 6.320730105456459080e-01
3.005441218862033192e+00 7.375208101144358208e-01 3.276280906626019562e-01 -2.537721363716357592e-01 -4.539371438167101869e-01 5.999957340748705015e-01 6.079028634221592675e-01
3.011056260147239705e+00 7.413564381982571394e-01 3.231335301247069136e-01 -2.617729270524263296e-01 -4.538229056127672800e-01 6.172844013709669619e-01 5.869239071870198110e-01
3.016517371134292524e+00 7.481196674629856380e-01 3.204376657815476981e-01 -2.682340709668412648e-01 -4.528188505156204302e-01 6.309115037790772318e-01 5.700493366275336538e-01
3.023757182293110635e+00 7.606095959702672271e-01 3.222547160425789925e-01 -2.737076909765469579e-01 -4.503775381942838885e-01 6.399244024607571024e-01 5.592324490992869324e-01
