0.000000000000000000e+00 0.000000000000000000e+00 0.000000000000000000e+00 0.000000000000000000e+00 0.000000000000000000e+00 0.000000000000000000e+00 1.000000000000000000e+00
8.772154897451400757e-02 4.788632038980722427e-03 2.509047091007232666e-02 -2.275052578167839623e-02 5.426190177413163160e-03 1.904204392849033478e-02 9.995450818246475189e-01
1.671931388681198172e-01 4.093905546399242805e-03 5.173595129812881555e-02 -4.676024085160000038e-02 1.229274209626588996e-02 3.954609272305301820e-02 9.980473310006869880e-01
2.387794752217441419e-01 5.029017176046040802e-03 7.784331915607731189e-02 -7.070711820995713437e-02 1.967796952248174885e-02 5.738786352201857843e-02 9.956504979511100473e-01
3.024542714227820284e-01 2.806823096445534241e-03 1.030123567018254305e-01 -9.438974179886758242e-02 2.831074022570678750e-02 7.608172266059082256e-02 9.922200613311609185e-01
3.587775932081687102e-01 1.762129406187455064e-03 1.257684699729818278e-01 -1.160818777768513888e-01 3.610705232619392663e-02 9.209871017351063671e-02 9.883011211207287650e-01
4.077645291984490217e-01 -1.149614372413312619e-03 1.456766619834673204e-01 -1.354122990868246723e-01 4.306714292718877984e-02 1.058949045421361534e-01 9.841722408441122560e-01
4.495563646917192790e-01 -3.214856077418894089e-03 1.625642812318158492e-01 -1.526657086030239752e-01 4.963250814225326352e-02 1.168085804067467148e-01 9.800946643542174375e-01
4.839600936959234101e-01 -4.341370018093749367e-03 1.768085589713053463e-01 -1.683501595049192723e-01 5.599994353009687953e-02 1.252074882247846133e-01 9.761379590056594724e-01
5.114667037191136245e-01 -4.890016168031095616e-03 1.870861359704542037e-01 -1.817182164345704232e-01 6.164343699541286609e-02 1.306836187532557647e-01 9.726769084751548666e-01
5.314364436818715953e-01 -5.504920237948187148e-03 1.948969160184231275e-01 -1.929982810981820396e-01 6.722370589916958072e-02 1.343729901459107812e-01 9.696270088944387577e-01
5.440659796862284958e-01 -6.805169797698180749e-03 1.993488371540015625e-01 -2.009105909588514149e-01 6.575282987518488165e-02 1.362592379285560706e-01 9.678558363119474928e-01
5.490096540581401729e-01 -4.450056803621214689e-03 2.008051912420177609e-01 -2.063947979431527691e-01 6.469166031295056629e-02 1.357799273086014169e-01 9.668402080013169808e-01
5.542170715119040247e-01 -1.340140637000608592e-03 2.024111673295022062e-01 -2.097746105931830862e-01 6.379391472606590896e-02 1.323266039716240738e-01 9.666512396287187947e-01
5.604366940004816833e-01 1.262039868000521675e-03 2.043752892128012366e-01 -2.114861941446010141e-01 6.299559884496939988e-02 1.275151472638013650e-01 9.669772652087983422e-01
5.663209179508311708e-01 6.179483821539891175e-03 2.061687537292030692e-01 -2.112935360844990507e-01 6.207382141488975574e-02 1.202954254109687149e-01 9.680035603906914643e-01
5.745623746805386123e-01 7.422040960971305543e-03 2.090828204305766047e-01 -2.103447901979361989e-01 6.130037751302889332e-02 1.121814353411761112e-01 9.692330259117979407e-01
5.838311108534404159e-01 6.220099754701762657e-03 2.121815294672041441e-01 -2.076471864270943712e-01 6.068744896177814818e-02 1.032908049439537346e-01 9.708401975204019596e-01
5.939494835841362397e-01 6.620078001427618167e-03 2.163150316356165781e-01 -2.044739504550797393e-01 6.049222084778395347e-02 9.341495081320162763e-02 9.725249311800513441e-01
6.045883016563875501e-01 5.149513565979814758e-03 2.218740679372582514e-01 -2.004661851987233068e-01 6.031410029336609774e-02 8.340485722318079220e-02 9.742787833516922680e-01
6.159737087329137939e-01 1.669127547275170344e-03 2.278392520667069654e-01 -1.961037154385932568e-01 6.009041703289187686e-02 7.333099098025021301e-02 9.759892624070445333e-01
6.289878650819666905e-01 -1.172815609970259427e-03 2.338473623677969904e-01 -1.910775401763779857e-01 5.991887345095942702e-02 6.362657621117953632e-02 9.776762046015825547e-01
6.434507938982537700e-01 -5.326367603063382472e-03 2.392320100793610405e-01 -1.846648484703172777e-01 5.932392075740692411e-02 5.433660003556057411e-02 9.795034967073773524e-01
6.594992408776859660e-01 -7.126153488245919911e-03 2.458261510906777081e-01 -1.779254619025871786e-01 5.917664433121540279e-02 4.567010015681207541e-02 9.812007423173478848e-01
6.765080559579783603e-01 -1.229074984359287970e-02 2.524610923801469675e-01 -1.706560062509439590e-01 5.883284497470211288e-02 3.816596111729714247e-02 9.828319201647113257e-01
6.945381177712992571e-01 -1.868946978238091375e-02 2.600942771511663421e-01 -1.635330159108522585e-01 5.875780231843635848e-02 3.222241782921446418e-02 9.842592083201701092e-01
7.153715029130487402e-01 -2.151368724466573568e-02 2.675407210804578440e-01 -1.564077576634547162e-01 5.886439085086676154e-02 2.762185342555474252e-02 9.855499125086377710e-01
7.373600513106571830e-01 -2.786724110396080617e-02 2.750894939380779114e-01 -1.496298559307021048e-01 5.864008181573705791e-02 2.541212780540962751e-02 9.866744502515522042e-01
7.613355041419506142e-01 -3.313300899027307039e-02 2.835923518717738956e-01 -1.435647346325559792e-01 5.906600951058112864e-02 2.502948688241710129e-02 9.875595669511700869e-01
7.871956344447512688e-01 -3.924943557497784924e-02 2.922183202639000998e-01 -1.380399067663554968e-01 5.989978897357085136e-02 2.779492107144743152e-02 9.882228705021400827e-01
8.144892448829104126e-01 -4.435102533622106713e-02 3.035169058141246601e-01 -1.344264961010895876e-01 6.189173927390336644e-02 3.332846234946944958e-02 9.884271057357011392e-01
8.431481260903866959e-01 -5.232587012076768407e-02 3.153165937649721751e-01 -1.313355955739199110e-01 5.662167149184828968e-02 4.195084322249306025e-02 9.888301544783284491e-01
8.731757681321569153e-01 -6.029944892488824787e-02 3.292764898026030451e-01 -1.297254849397439791e-01 5.123009689226383501e-02 5.316409464494589038e-02 9.887974285818813547e-01
9.059582806003416700e-01 -6.810738109195998979e-02 3.420159682509812393e-01 -1.294151016854236114e-01 4.533173523334240590e-02 6.629807163569395589e-02 9.883326013715595382e-01
9.417249126931364067e-01 -7.369818532622837703e-02 3.532312911513512121e-01 -1.296152483096221775e-01 3.864426788621911496e-02 8.227032348491017388e-02 9.873895390568311337e-01
9.790455880512493048e-01 -8.071289650437978025e-02 3.646840207294694824e-01 -1.303750308095140975e-01 3.188780580151270166e-02 1.002525635101275958e-01 9.858676091099815020e-01
1.017612202563760393e+00 -8.968033977802686296e-02 3.765265016834044021e-01 -1.310706460852503197e-01 2.489431378832981934e-02 1.195938145578406553e-01 9.838181124554010726e-01
1.050248951968722366e+00 -9.704614476862019612e-02 3.866433379910561574e-01 -1.322403208063435975e-01 1.761717770109767420e-02 1.400562580050311312e-01 9.811148644254205076e-01
1.076763173468126000e+00 -1.018128005508649181e-01 3.959423001186282431e-01 -1.348985356955811621e-01 1.085914526909732836e-02 1.612323874579256189e-01 9.775932596258170015e-01
1.098316053487979227e+00 -1.051829966294064167e-01 3.986714551572809739e-01 -1.359723595897396331e-01 3.269667265750036966e-03 1.816350909395620383e-01 9.739145344653948877e-01
1.111569874115443834e+00 -9.719329287535814765e-02 3.986053269083649764e-01 -1.367309558814301940e-01 -3.606383479742980916e-03 1.987504066925988577e-01 9.704586109368465996e-01
1.118675642237366263e+00 -9.147868120985869211e-02 3.994804445493846945e-01 -1.382264190532789261e-01 -9.801297145446523362e-03 2.175159962507752509e-01 9.661698520576009752e-01
1.127089520566635805e+00 -9.116551199557337837e-02 4.008202041287961537e-01 -1.396441510462380631e-01 -1.562922892476035705e-02 2.383031807725705109e-01 9.609718166083063284e-01
1.133795815108650462e+00 -8.817036060780614193e-02 4.035184140912387307e-01 -1.412901424083933544e-01 -1.923998402897101820e-02 2.585448993437928222e-01 9.554169004660159059e-01
1.139589875893087800e+00 -8.410975870899717322e-02 4.036104600481508764e-01 -1.422998416357050822e-01 -2.341594447507004337e-02 2.767584007088464970e-01 9.500564384560925557e-01
1.145224807685521373e+00 -8.135044061954467554e-02 4.036001289127538749e-01 -1.435145446163162142e-01 -2.693648817562736830e-02 2.949378093924088229e-01 9.442932222986368807e-01
1.148983942356842869e+00 -7.753398246853990261e-02 4.027777856506400411e-01 -1.443346739513042265e-01 -2.982732124754093259e-02 3.104948118839614413e-01 9.390797647674612447e-01
1.152529700982537042e+00 -7.470240884940904103e-02 4.026533902336695836e-01 -1.451551285053850338e-01 -3.124933406086898013e-02 3.251384672966486922e-01 9.339370668697776212e-01
1.154186675352422808e+00 -7.223377878357307991e-02 4.005725751096186338e-01 -1.458014819021349884e-01 -3.220336050907589981e-02 3.373966601653414776e-01 9.294451921207279588e-01
1.159862285228881129e+00 -7.089466883351312754e-02 4.003966346152723621e-01 -1.463843356126099393e-01 -3.164567764186478060e-02 3.474222773657211771e-01 9.256716148634231978e-01
1.168348535416837475e+00 -7.171635666521786190e-02 4.026297948198677146e-01 -1.468257874642053540e-01 -2.893957053086917627e-02 3.548431880964177942e-01 9.228710642633536354e-01
