2.616429710388183594e+01 -2.226403045654296875e+01 -9.312875270843505859e-01 -9.828075766563415527e-02 1.950348913669586182e-01 7.394629120826721191e-01 6.367863416671752930e-01
2.615952491760253906e+01 -2.217730331420898438e+01 -9.399204850196838379e-01 -1.136936172842979431e-01 1.833860725164413452e-01 7.589637637138366699e-01 6.143428683280944824e-01
2.614657211303710938e+01 -2.209338760375976562e+01 -9.472528100013732910e-01 -1.304524689912796021e-01 1.715786606073379517e-01 7.768614888191223145e-01 5.916317105293273926e-01
2.614208412170410156e+01 -2.201856994628906250e+01 -9.520472288131713867e-01 -1.469652056694030762e-01 1.599003821611404419e-01 7.928171157836914062e-01 5.694488883018493652e-01
2.614325523376464844e+01 -2.195055770874023438e+01 -9.600009322166442871e-01 -1.630145162343978882e-01 1.484821289777755737e-01 8.068656325340270996e-01 5.480357408523559570e-01
2.613884925842285156e+01 -2.189047813415527344e+01 -9.645504951477050781e-01 -1.784769147634506226e-01 1.375273317098617554e-01 8.189064860343933105e-01 5.278437733650207520e-01
2.613426971435546875e+01 -2.183803749084472656e+01 -9.678567647933959961e-01 -1.931877881288528442e-01 1.272154450416564941e-01 8.289809226989746094e-01 5.091938376426696777e-01
2.612641525268554688e+01 -2.179376220703125000e+01 -9.695661067962646484e-01 -2.070274204015731812e-01 1.177228763699531555e-01 8.371235132217407227e-01 4.924392104148864746e-01
2.611736679077148438e+01 -2.175792694091796875e+01 -9.714443087577819824e-01 -2.198816537857055664e-01 1.092303320765495300e-01 8.434020280838012695e-01 4.778955280780792236e-01
2.610898399353027344e+01 -2.173012351989746094e+01 -9.745094180107116699e-01 -2.315389215946197510e-01 1.018428280949592590e-01 8.479179739952087402e-01 4.658770561218261719e-01
2.610331916809082031e+01 -2.170971107482910156e+01 -9.763102531433105469e-01 -2.421690970659255981e-01 9.586410969495773315e-02 8.506974577903747559e-01 4.565798044204711914e-01
2.610045433044433594e+01 -2.169675445556640625e+01 -9.773265719413757324e-01 -2.462679147720336914e-01 8.839248120784759521e-02 8.531684279441833496e-01 4.512526094913482666e-01
2.609733772277832031e+01 -2.169202423095703125e+01 -9.778327941894531250e-01 -2.493349164724349976e-01 8.242414146661758423e-02 8.541568517684936523e-01 4.488202035427093506e-01
2.609312057495117188e+01 -2.168746757507324219e+01 -9.778482913970947266e-01 -2.517935633659362793e-01 7.800380140542984009e-02 8.537859320640563965e-01 4.489421248435974121e-01
2.608983993530273438e+01 -2.168125724792480469e+01 -9.779488444328308105e-01 -2.536526918411254883e-01 7.495030015707015991e-02 8.522725701332092285e-01 4.512840211391448975e-01
2.608527374267578125e+01 -2.167515754699707031e+01 -9.780204892158508301e-01 -2.549867033958435059e-01 7.316448539495468140e-02 8.497557044029235840e-01 4.555500149726867676e-01
2.608226966857910156e+01 -2.166676902770996094e+01 -9.785442352294921875e-01 -2.558337748050689697e-01 7.252553850412368774e-02 8.463988304138183594e-01 4.613877236843109131e-01
2.608088874816894531e+01 -2.165722274780273438e+01 -9.796577095985412598e-01 -2.562158405780792236e-01 7.293711602687835693e-02 8.423483967781066895e-01 4.684675931930541992e-01
2.607880783081054688e+01 -2.164660453796386719e+01 -9.800714254379272461e-01 -2.561591863632202148e-01 7.428166270256042480e-02 8.377500772476196289e-01 4.764636456966400146e-01
2.607796478271484375e+01 -2.163459968566894531e+01 -9.796220064163208008e-01 -2.556615769863128662e-01 7.644728571176528931e-02 8.327635526657104492e-01 4.850511848926544189e-01
2.607767295837402344e+01 -2.162143325805664062e+01 -9.797868132591247559e-01 -2.547216117382049561e-01 7.932083308696746826e-02 8.275513648986816406e-01 4.939222633838653564e-01
2.607690238952636719e+01 -2.160689926147460938e+01 -9.798222780227661133e-01 -2.533446848392486572e-01 8.281033486127853394e-02 8.222903609275817871e-01 5.027636289596557617e-01
2.607688522338867188e+01 -2.159105682373046875e+01 -9.801503419876098633e-01 -2.515356540679931641e-01 8.681654930114746094e-02 8.171698451042175293e-01 5.112717151641845703e-01
2.607432174682617188e+01 -2.157377815246582031e+01 -9.801623225212097168e-01 -2.493316978216171265e-01 9.123966097831726074e-02 8.123712539672851562e-01 5.191665291786193848e-01
2.607466506958007812e+01 -2.155493927001953125e+01 -9.817818999290466309e-01 -2.467478960752487183e-01 9.597106277942657471e-02 8.081076145172119141e-01 5.261542201042175293e-01
2.607537651062011719e+01 -2.153450393676757812e+01 -9.832928776741027832e-01 -2.438567280769348145e-01 1.009007543325424194e-01 8.045704960823059082e-01 5.319675207138061523e-01
2.607135009765625000e+01 -2.151251411437988281e+01 -9.850238561630249023e-01 -2.407227307558059692e-01 1.059318259358406067e-01 8.019465804100036621e-01 5.363604426383972168e-01
2.607113456726074219e+01 -2.148869514465332031e+01 -9.877743124961853027e-01 -2.374083399772644043e-01 1.109457165002822876e-01 8.004551529884338379e-01 5.390447378158569336e-01
2.606967353820800781e+01 -2.146291542053222656e+01 -9.901115298271179199e-01 -2.340687215328216553e-01 1.158582344651222229e-01 8.002540469169616699e-01 5.397696495056152344e-01
2.606676673889160156e+01 -2.143539810180664062e+01 -9.931252598762512207e-01 -2.307426780462265015e-01 1.205048263072967529e-01 8.015414476394653320e-01 5.382724404335021973e-01
2.606394386291503906e+01 -2.140560150146484375e+01 -9.940158724784851074e-01 -2.278647869825363159e-01 1.249267756938934326e-01 8.043890595436096191e-01 5.342275500297546387e-01
2.606457519531250000e+01 -2.137379074096679688e+01 -9.970875978469848633e-01 -2.193714231252670288e-01 1.248876899480819702e-01 8.104308843612670898e-01 5.286315679550170898e-01
2.606611251831054688e+01 -2.134004402160644531e+01 -1.000022649765014648e+00 -2.102594524621963501e-01 1.238601654767990112e-01 8.182114362716674805e-01 5.205287337303161621e-01
2.606765937805175781e+01 -2.130439186096191406e+01 -1.004292845726013184e+00 -2.008706778287887573e-01 1.221243068575859070e-01 8.273709416389465332e-01 5.100638866424560547e-01
2.606619834899902344e+01 -2.126700592041015625e+01 -1.009966254234313965e+00 -1.911942511796951294e-01 1.197312995791435242e-01 8.376199007034301758e-01 4.974676668643951416e-01
2.606506919860839844e+01 -2.122808837890625000e+01 -1.016151666641235352e+00 -1.813405603170394897e-01 1.167932599782943726e-01 8.486464023590087891e-01 4.829563796520233154e-01
2.606458091735839844e+01 -2.118695259094238281e+01 -1.022352695465087891e+00 -1.713864803314208984e-01 1.133902296423912048e-01 8.601577877998352051e-01 4.667665958404541016e-01
2.606291770935058594e+01 -2.115330505371093750e+01 -1.026504278182983398e+00 -1.614393293857574463e-01 1.096004769206047058e-01 8.718840479850769043e-01 4.491288363933563232e-01
2.606412506103515625e+01 -2.112242317199707031e+01 -1.029160022735595703e+00 -1.515973657369613647e-01 1.055199578404426575e-01 8.835977315902709961e-01 4.302464127540588379e-01
2.605595016479492188e+01 -2.110828208923339844e+01 -1.035282015800476074e+00 -1.418936699628829956e-01 1.012777611613273621e-01 8.949519395828247070e-01 4.106613993644714355e-01
2.603821563720703125e+01 -2.110570144653320312e+01 -1.038661122322082520e+00 -1.325161159038543701e-01 9.699673950672149658e-02 9.057908058166503906e-01 3.905726373195648193e-01
2.603311538696289062e+01 -2.109750556945800781e+01 -1.038051724433898926e+00 -1.236011758446693420e-01 9.278486669063568115e-02 9.161102175712585449e-01 3.699036240577697754e-01
2.602807998657226562e+01 -2.109139633178710938e+01 -1.039778470993041992e+00 -1.151850745081901550e-01 8.873542398214340210e-02 9.256862401962280273e-01 3.491939902305603027e-01
2.602215957641601562e+01 -2.108593368530273438e+01 -1.039101958274841309e+00 -1.074622198939323425e-01 8.497741818428039551e-02 9.343922138214111328e-01 3.288086950778961182e-01
2.601564598083496094e+01 -2.108379173278808594e+01 -1.039738655090332031e+00 -1.005055308341979980e-01 8.160242438316345215e-02 9.421597719192504883e-01 3.091087937355041504e-01
2.601055908203125000e+01 -2.108068275451660156e+01 -1.041651725769042969e+00 -9.443651139736175537e-02 7.872100919485092163e-02 9.489649534225463867e-01 2.903859913349151611e-01
2.600543594360351562e+01 -2.107945060729980469e+01 -1.042654633522033691e+00 -8.941992372274398804e-02 7.648397982120513916e-02 9.547701478004455566e-01 2.730234563350677490e-01
2.600132751464843750e+01 -2.107789802551269531e+01 -1.043231725692749023e+00 -8.559583127498626709e-02 7.500722259283065796e-02 9.595832824707031250e-01 2.573345303535461426e-01
2.599780845642089844e+01 -2.107740592956542969e+01 -1.044093012809753418e+00 -8.308591693639755249e-02 7.440152764320373535e-02 9.634032249450683594e-01 2.436979562044143677e-01
2.599413681030273438e+01 -2.107318115234375000e+01 -1.045250892639160156e+00 -8.202764391899108887e-02 7.479085028171539307e-02 9.662418961524963379e-01 2.324375361204147339e-01
2.599236488342285156e+01 -2.106432723999023438e+01 -1.046261787414550781e+00 -8.255399763584136963e-02 7.630408555269241333e-02 9.681020379066467285e-01 2.238606065511703491e-01
