0.000000000000000000e+00 0.000000000000000000e+00 0.000000000000000000e+00 -7.451125220298004947e-13 -5.621635969232929853e-12 3.593457996442506186e-14 9.999999403953552246e-01
8.731766790151596069e-02 -5.902627017349004745e-04 2.663452737033367157e-02 -2.179632149636745453e-02 4.582805093377828598e-03 1.691151969134807587e-02 9.996087551116943359e-01
1.653009653091430664e-01 -4.402509890496730804e-03 5.771268904209136963e-02 -4.321028664708137512e-02 1.106665283441543579e-02 3.255280107259750366e-02 9.984741806983947754e-01
2.354082763195037842e-01 -1.114253699779510498e-02 8.594339340925216675e-02 -6.411145627498626709e-02 1.823188178241252899e-02 4.772463440895080566e-02 9.966341257095336914e-01
2.978772819042205811e-01 -2.532870136201381683e-02 1.106527969241142273e-01 -8.562178164720535278e-02 2.535831928253173828e-02 6.594182550907135010e-02 9.938196539878845215e-01
3.529802560806274414e-01 -3.356318548321723938e-02 1.347309201955795288e-01 -1.059450358152389526e-01 3.265092894434928894e-02 8.110772818326950073e-02 9.905205965042114258e-01
4.007368683815002441e-01 -4.099868610501289368e-02 1.564061045646667480e-01 -1.245696395635604858e-01 3.957532718777656555e-02 9.475039690732955933e-02 9.868832826614379883e-01
4.416355192661285400e-01 -4.463273286819458008e-02 1.751852035522460938e-01 -1.415679454803466797e-01 4.631434753537178040e-02 1.053476110100746155e-01 9.832167625427246094e-01
4.754086136817932129e-01 -4.528583213686943054e-02 1.908338367938995361e-01 -1.565931886434555054e-01 5.325397104024887085e-02 1.131698265671730042e-01 9.797117114067077637e-01
5.026203989982604980e-01 -4.524158686399459839e-02 2.018286585807800293e-01 -1.692960411310195923e-01 5.861642584204673767e-02 1.176363006234169006e-01 9.767623543739318848e-01
5.223351120948791504e-01 -4.574967175722122192e-02 2.102455049753189087e-01 -1.802552938461303711e-01 6.385109573602676392e-02 1.210062950849533081e-01 9.740576744079589844e-01
5.349597334861755371e-01 -4.694236069917678833e-02 2.148038446903228760e-01 -1.885432302951812744e-01 6.232323125004768372e-02 1.226049438118934631e-01 9.723863601684570312e-01
5.402963161468505859e-01 -4.553723707795143127e-02 2.163699418306350708e-01 -1.944019198417663574e-01 6.106639653444290161e-02 1.217855587601661682e-01 9.714148640632629395e-01
5.456179380416870117e-01 -4.277320578694343567e-02 2.182403653860092163e-01 -1.978922486305236816e-01 5.992136150598526001e-02 1.180843412876129150e-01 9.712383151054382324e-01
5.520073771476745605e-01 -4.120230302214622498e-02 2.207989245653152466e-01 -2.000037282705307007e-01 5.903599038720130920e-02 1.131136640906333923e-01 9.714516401290893555e-01
5.588077902793884277e-01 -3.843202814459800720e-02 2.235610485076904297e-01 -2.001217007637023926e-01 5.801669135689735413e-02 1.059883013367652893e-01 9.722919464111328125e-01
5.670225620269775391e-01 -3.750422969460487366e-02 2.269023656845092773e-01 -1.992291510105133057e-01 5.712795257568359375e-02 9.766694903373718262e-02 9.733988046646118164e-01
5.760843157768249512e-01 -3.880591690540313721e-02 2.306052893400192261e-01 -1.965273022651672363e-01 5.657319724559783936e-02 8.862797915935516357e-02 9.748443961143493652e-01
5.858635306358337402e-01 -3.971574828028678894e-02 2.353601604700088501e-01 -1.933345496654510498e-01 5.644555389881134033e-02 7.890109717845916748e-02 9.763248562812805176e-01
5.960028171539306641e-01 -4.220472276210784912e-02 2.415811270475387573e-01 -1.890231668949127197e-01 5.634053796529769897e-02 6.888529658317565918e-02 9.779319167137145996e-01
6.071966886520385742e-01 -4.589631780982017517e-02 2.477077692747116089e-01 -1.843444257974624634e-01 5.612376332283020020e-02 5.844194442033767700e-02 9.795160293579101562e-01
6.196671724319458008e-01 -4.963183403015136719e-02 2.543963491916656494e-01 -1.791355311870574951e-01 5.592669546604156494e-02 4.839966446161270142e-02 9.810402989387512207e-01
6.333027482032775879e-01 -5.456620454788208008e-02 2.610704302787780762e-01 -1.728898733854293823e-01 5.543757602572441101e-02 3.895315155386924744e-02 9.826079607009887695e-01
6.487504243850708008e-01 -5.763974040746688843e-02 2.687410414218902588e-01 -1.665773093700408936e-01 5.535782873630523682e-02 3.030326589941978455e-02 9.840066432952880859e-01
6.651819944381713867e-01 -6.402875483036041260e-02 2.758149504661560059e-01 -1.595059335231781006e-01 5.501377955079078674e-02 2.306135185062885284e-02 9.853929877281188965e-01
6.827813386917114258e-01 -7.118155062198638916e-02 2.837695777416229248e-01 -1.525723636150360107e-01 5.476624518632888794e-02 1.729869842529296875e-02 9.866219758987426758e-01
7.032700777053833008e-01 -7.509376853704452515e-02 2.920058071613311768e-01 -1.458734571933746338e-01 5.487379431724548340e-02 1.293147262185811996e-02 9.876955151557922363e-01
7.246245145797729492e-01 -8.255550265312194824e-02 3.002654016017913818e-01 -1.391588002443313599e-01 5.451497435569763184e-02 1.077874749898910522e-02 9.887095689773559570e-01
7.478486895561218262e-01 -8.928312361240386963e-02 3.097963333129882812e-01 -1.332413256168365479e-01 5.494337901473045349e-02 1.037807017564773560e-02 9.895050525665283203e-01
7.732579708099365234e-01 -9.574422985315322876e-02 3.194247186183929443e-01 -1.279298067092895508e-01 5.599858611822128296e-02 1.275053434073925018e-02 9.901189208030700684e-01
7.998458743095397949e-01 -1.020171791315078735e-01 3.318105638027191162e-01 -1.242228969931602478e-01 5.775791406631469727e-02 1.778384484350681305e-02 9.904121756553649902e-01
8.280462622642517090e-01 -1.111909970641136169e-01 3.439265787601470947e-01 -1.216324269771575928e-01 5.251878127455711365e-02 2.541147172451019287e-02 9.908589720726013184e-01
8.576323986053466797e-01 -1.210497170686721802e-01 3.574423491954803467e-01 -1.203940361738204956e-01 4.729979485273361206e-02 3.532565757632255554e-02 9.909691810607910156e-01
8.893220424652099609e-01 -1.315544843673706055e-01 3.710685670375823975e-01 -1.201699674129486084e-01 4.174024239182472229e-02 4.721490293741226196e-02 9.907509684562683105e-01
9.241563081741333008e-01 -1.397560387849807739e-01 3.835063576698303223e-01 -1.205203235149383545e-01 3.526734188199043274e-02 6.162030994892120361e-02 9.901686906814575195e-01
9.606459140777587891e-01 -1.492053121328353882e-01 3.958185911178588867e-01 -1.211613193154335022e-01 2.867159433662891388e-02 7.774146646261215210e-02 9.891684651374816895e-01
9.985740780830383301e-01 -1.597089469432830811e-01 4.084917604923248291e-01 -1.218959838151931763e-01 2.191955223679542542e-02 9.467611461877822876e-02 9.877739548683166504e-01
1.030480980873107910e+00 -1.680279970169067383e-01 4.199597239494323730e-01 -1.235538646578788757e-01 1.499584037810564041e-02 1.124979257583618164e-01 9.858264327049255371e-01
1.056484222412109375e+00 -1.752320230007171631e-01 4.294484257698059082e-01 -1.263530552387237549e-01 8.017525076866149902e-03 1.322732269763946533e-01 9.830943346023559570e-01
1.078136801719665527e+00 -1.782134473323822021e-01 4.321499466896057129e-01 -1.276081055402755737e-01 2.457274240441620350e-04 1.506989449262619019e-01 9.803090691566467285e-01
1.093532323837280273e+00 -1.754574626684188843e-01 4.334523975849151611e-01 -1.290563642978668213e-01 -7.137283682823181152e-03 1.679664701223373413e-01 9.772822856903076172e-01
1.101603627204895020e+00 -1.715485304594039917e-01 4.351607859134674072e-01 -1.313856691122055054e-01 -1.288420148193836212e-02 1.871352344751358032e-01 9.734228253364562988e-01
1.110019564628601074e+00 -1.713364571332931519e-01 4.373016655445098877e-01 -1.333254873752593994e-01 -1.856508851051330566e-02 2.074732482433319092e-01 9.689345955848693848e-01
1.116952419281005859e+00 -1.682744473218917847e-01 4.395238757133483887e-01 -1.353004574775695801e-01 -2.283172681927680969e-02 2.263959795236587524e-01 9.643222093582153320e-01
1.123222351074218750e+00 -1.654288768768310547e-01 4.406464993953704834e-01 -1.374118179082870483e-01 -2.696866728365421295e-02 2.441464513540267944e-01 9.595744609832763672e-01
1.129320502281188965e+00 -1.635663062334060669e-01 4.411415457725524902e-01 -1.392822563648223877e-01 -3.117189370095729828e-02 2.616102397441864014e-01 9.545620083808898926e-01
1.134045004844665527e+00 -1.612599492073059082e-01 4.401870965957641602e-01 -1.406495124101638794e-01 -3.481541946530342102e-02 2.773164808750152588e-01 9.497900605201721191e-01
1.138217449188232422e+00 -1.591272354125976562e-01 4.402534961700439453e-01 -1.419289708137512207e-01 -3.660689294338226318e-02 2.916990816593170166e-01 9.452130794525146484e-01
1.140798091888427734e+00 -1.570529043674468994e-01 4.394285678863525391e-01 -1.429082155227661133e-01 -3.740105032920837402e-02 3.037163615226745605e-01 9.412410259246826172e-01
1.146414160728454590e+00 -1.554237753152847290e-01 4.398782253265380859e-01 -1.436132490634918213e-01 -3.662920743227005005e-02 3.129777312278747559e-01 9.381248950958251953e-01
1.154896140098571777e+00 -1.566965579986572266e-01 4.424652755260467529e-01 -1.441453099250793457e-01 -3.365869075059890747e-02 3.204161524772644043e-01 9.356402158737182617e-01
1.276892662048339844e+00 -4.410650208592414856e-02 4.953177571296691895e-01 -1.894406527280807495e-01 -3.430207073688507080e-02 3.562293052673339844e-01 9.143501520156860352e-01
1.384193420410156250e+00 6.204690784215927124e-02 5.484783053398132324e-01 -2.324489951133728027e-01 -3.037540428340435028e-02 3.773413002490997314e-01 8.959119915962219238e-01
1.492035508155822754e+00 1.460006982088088989e-01 5.960400700569152832e-01 -2.749345004558563232e-01 -2.584885060787200928e-02 4.032027721405029297e-01 8.724507093429565430e-01
1.583164691925048828e+00 2.277102917432785034e-01 6.375963091850280762e-01 -3.170779943466186523e-01 -2.140996232628822327e-02 4.264138340950012207e-01 8.468615412712097168e-01
1.657926559448242188e+00 3.060541152954101562e-01 6.722866296768188477e-01 -3.561099171638488770e-01 -1.600966975092887878e-02 4.457189142704010010e-01 8.211358189582824707e-01
1.717010140419006348e+00 3.794819116592407227e-01 6.994339227676391602e-01 -3.916725516319274902e-01 -1.152173150330781937e-02 4.599271714687347412e-01 7.968229651451110840e-01
1.762422084808349609e+00 4.457766115665435791e-01 7.175525426864624023e-01 -4.235496222972869873e-01 -6.591765675693750381e-03 4.690321981906890869e-01 7.749651670455932617e-01
1.795919895172119141e+00 5.025075078010559082e-01 7.274438738822937012e-01 -4.508262276649475098e-01 -3.030894324183464050e-03 4.725235104560852051e-01 7.572767734527587891e-01
1.822610259056091309e+00 5.453289747238159180e-01 7.334870696067810059e-01 -4.736486077308654785e-01 -1.265287632122635841e-03 4.733918905258178711e-01 7.426677942276000977e-01
1.841153740882873535e+00 5.746148824691772461e-01 7.375472784042358398e-01 -4.903594851493835449e-01 -3.996382933109998703e-03 4.743006527423858643e-01 7.311432361602783203e-01
1.851287484169006348e+00 5.907546877861022949e-01 7.385266423225402832e-01 -5.008006095886230469e-01 -1.188239455223083496e-02 4.743664860725402832e-01 7.239018082618713379e-01
1.854581952095031738e+00 6.020585894584655762e-01 7.366529107093811035e-01 -5.071017146110534668e-01 -1.919349469244480133e-02 4.704058170318603516e-01 7.219402790069580078e-01
1.858020663261413574e+00 6.148236393928527832e-01 7.353382110595703125e-01 -5.109447836875915527e-01 -2.601485140621662140e-02 4.635462760925292969e-01 7.234524488449096680e-01
1.862883567810058594e+00 6.288959383964538574e-01 7.350795269012451172e-01 -5.121190547943115234e-01 -3.248984366655349731e-02 4.540788531303405762e-01 7.283480763435363770e-01
1.868837952613830566e+00 6.444984674453735352e-01 7.349287271499633789e-01 -5.108183026313781738e-01 -3.899324685335159302e-02 4.423359930515289307e-01 7.361270189285278320e-01
1.878697156906127930e+00 6.600797176361083984e-01 7.378841638565063477e-01 -5.070281624794006348e-01 -4.445939138531684875e-02 4.288996458053588867e-01 7.463182210922241211e-01
1.890635967254638672e+00 6.762865781784057617e-01 7.430539131164550781e-01 -5.018190145492553711e-01 -4.892491176724433899e-02 4.142987728118896484e-01 7.577205896377563477e-01
1.903602361679077148e+00 6.933964490890502930e-01 7.513909339904785156e-01 -4.949040114879608154e-01 -5.253741890192031860e-02 3.988365530967712402e-01 7.702202200889587402e-01
1.918803453445434570e+00 7.107793688774108887e-01 7.619914412498474121e-01 -4.866912066936492920e-01 -5.610498413443565369e-02 3.826421797275543213e-01 7.833063006401062012e-01
1.936749696731567383e+00 7.287932038307189941e-01 7.735434174537658691e-01 -4.773080050945281982e-01 -5.937516689300537109e-02 3.662585020065307617e-01 7.965590357780456543e-01
1.956807494163513184e+00 7.473323941230773926e-01 7.873268723487854004e-01 -4.665675461292266846e-01 -6.197340413928031921e-02 3.509649336338043213e-01 8.095045685768127441e-01
1.978577733039855957e+00 7.684834599494934082e-01 8.013229966163635254e-01 -4.550683498382568359e-01 -6.358346343040466309e-02 3.367371559143066406e-01 8.218746185302734375e-01
2.003750562667846680e+00 7.898829579353332520e-01 8.166379332542419434e-01 -4.427631795406341553e-01 -6.421655416488647461e-02 3.244944512844085693e-01 8.333907723426818848e-01
2.033138751983642578e+00 8.096812367439270020e-01 8.342514038085937500e-01 -4.298276901245117188e-01 -6.383866071701049805e-02 3.148927390575408936e-01 8.438099622726440430e-01
2.064041376113891602e+00 8.337869644165039062e-01 8.516999483108520508e-01 -4.175345003604888916e-01 -6.265160441398620605e-02 3.075345754623413086e-01 8.527380228042602539e-01
2.097904682159423828e+00 8.600744605064392090e-01 8.694643974304199219e-01 -4.055985510349273682e-01 -6.018739193677902222e-02 3.032373785972595215e-01 8.601827025413513184e-01
2.135754346847534180e+00 8.853949904441833496e-01 8.902983069419860840e-01 -3.942169845104217529e-01 -5.713495984673500061e-02 3.024393916130065918e-01 8.659439682960510254e-01
2.175585508346557617e+00 9.149883389472961426e-01 9.113842248916625977e-01 -3.852448761463165283e-01 -5.143690481781959534e-02 3.049416244029998779e-01 8.694545626640319824e-01
2.217334508895874023e+00 9.482263922691345215e-01 9.338872432708740234e-01 -3.784667551517486572e-01 -4.428771510720252991e-02 3.116910457611083984e-01 8.704310059547424316e-01
2.262354612350463867e+00 9.816915988922119141e-01 9.602434039115905762e-01 -3.723995089530944824e-01 -4.230253770947456360e-02 3.247215449810028076e-01 8.683806061744689941e-01
2.311862468719482422e+00 1.016011595726013184e+00 9.873598217964172363e-01 -3.667003810405731201e-01 -4.662372544407844543e-02 3.432578146457672119e-01 8.634413480758666992e-01
2.364015340805053711e+00 1.052020788192749023e+00 1.017286062240600586e+00 -3.627637028694152832e-01 -5.065231025218963623e-02 3.656239211559295654e-01 8.556610941886901855e-01
2.418153762817382812e+00 1.094040155410766602e+00 1.045003533363342285e+00 -3.598160147666931152e-01 -5.539830774068832397e-02 3.916871547698974609e-01 8.450115919113159180e-01
2.474349260330200195e+00 1.140818953514099121e+00 1.070879936218261719e+00 -3.570826947689056396e-01 -5.994353443384170532e-02 4.210621714591979980e-01 8.316280841827392578e-01
2.532501459121704102e+00 1.191138386726379395e+00 1.096294283866882324e+00 -3.542037308216094971e-01 -6.462473422288894653e-02 4.521822929382324219e-01 8.160235285758972168e-01
2.585202932357788086e+00 1.240645051002502441e+00 1.120581269264221191e+00 -3.519782125949859619e-01 -6.921783089637756348e-02 4.838502109050750732e-01 7.982538342475891113e-01
2.627020835876464844e+00 1.283639430999755859e+00 1.141269207000732422e+00 -3.513123095035552979e-01 -7.457762956619262695e-02 5.171703100204467773e-01 7.768864631652832031e-01
2.661077022552490234e+00 1.319308042526245117e+00 1.151993274688720703e+00 -3.489906489849090576e-01 -7.955576479434967041e-02 5.514705181121826172e-01 7.534962296485900879e-01
2.680294275283813477e+00 1.351391315460205078e+00 1.150604009628295898e+00 -3.448245227336883545e-01 -8.585505932569503784e-02 5.814235806465148926e-01 7.318957448005676270e-01
2.686953544616699219e+00 1.374740839004516602e+00 1.147279143333435059e+00 -3.422967195510864258e-01 -8.999112248420715332e-02 6.117096543312072754e-01 7.074925899505615234e-01
2.690516471862792969e+00 1.392032742500305176e+00 1.148196101188659668e+00 -3.416651785373687744e-01 -9.112544357776641846e-02 6.429473757743835449e-01 6.793965697288513184e-01
2.693797111511230469e+00 1.408002734184265137e+00 1.147064447402954102e+00 -3.392213284969329834e-01 -9.237626194953918457e-02 6.728193759918212891e-01 6.509296894073486328e-01
2.692988634109497070e+00 1.422837972640991211e+00 1.146036624908447266e+00 -3.386636972427368164e-01 -9.179074317216873169e-02 6.991395950317382812e-01 6.229647994041442871e-01
2.693835496902465820e+00 1.435889005661010742e+00 1.143399596214294434e+00 -3.369483053684234619e-01 -9.226800501346588135e-02 7.238460779190063477e-01 5.949784517288208008e-01
2.694273948669433594e+00 1.446942925453186035e+00 1.139638662338256836e+00 -3.347786366939544678e-01 -9.177069365978240967e-02 7.463799715042114258e-01 5.678188204765319824e-01
2.693842172622680664e+00 1.455894231796264648e+00 1.135322093963623047e+00 -3.330664038658142090e-01 -8.999817818403244019e-02 7.658427357673645020e-01 5.426342487335205078e-01
2.692585945129394531e+00 1.463142514228820801e+00 1.131811618804931641e+00 -3.328163027763366699e-01 -8.635961264371871948e-02 7.818310260772705078e-01 5.201110839843750000e-01
2.691036701202392578e+00 1.471541404724121094e+00 1.128666400909423828e+00 -3.336728513240814209e-01 -8.159019052982330322e-02 7.936022281646728516e-01 5.021960139274597168e-01
2.693857431411743164e+00 1.485803604125976562e+00 1.128077149391174316e+00 -3.363070785999298096e-01 -7.487586140632629395e-02 8.020783662796020508e-01 4.878128468990325928e-01
