8.411633223295211792e-02 -8.844006806612014771e-03 3.423421084880828857e-02 -2.520356141030788422e-02 6.063431967049837112e-03 2.555686049163341522e-02 9.993371963500976562e-01
7.517933100461959839e-02 -1.467940211296081543e-02 3.316124528646469116e-02 -2.465094812214374542e-02 6.861491594463586807e-03 2.472093515098094940e-02 9.993668794631958008e-01
6.725035607814788818e-02 -1.640655286610126495e-02 3.042984381318092346e-02 -2.410529367625713348e-02 7.120165508240461349e-03 2.202509902417659760e-02 9.994413852691650391e-01
5.857075005769729614e-02 -1.897127553820610046e-02 2.812298573553562164e-02 -2.336455136537551880e-02 7.476011756807565689e-03 2.145225182175636292e-02 9.994688630104064941e-01
5.042012408375740051e-02 -1.952487602829933167e-02 2.533861063420772552e-02 -2.222602628171443939e-02 7.236144039779901505e-03 1.897579804062843323e-02 9.995467066764831543e-01
4.258505254983901978e-02 -1.951624639332294464e-02 2.186217531561851501e-02 -2.051618322730064392e-02 6.714190822094678879e-03 1.677243225276470184e-02 9.996262788772583008e-01
3.523378819227218628e-02 -1.756957918405532837e-02 1.886328309774398804e-02 -1.879747025668621063e-02 6.654094904661178589e-03 1.440076250582933426e-02 9.996974468231201172e-01
2.759272232651710510e-02 -1.568127796053886414e-02 1.612635515630245209e-02 -1.707829535007476807e-02 6.808478385210037231e-03 1.219941116869449615e-02 9.997565746307373047e-01
2.076485939323902130e-02 -1.283856760710477829e-02 1.285882014781236649e-02 -1.498593669384717941e-02 6.732010282576084137e-03 9.008402936160564423e-03 9.998244643211364746e-01
1.393463369458913803e-02 -9.744616225361824036e-03 9.735502302646636963e-03 -1.267328206449747086e-02 6.854518782347440720e-03 6.617377977818250656e-03 9.998742938041687012e-01
8.318834006786346436e-03 -6.148438900709152222e-03 6.026627030223608017e-03 -9.749359451234340668e-03 -3.854036622215062380e-04 3.145864000543951988e-03 9.999474287033081055e-01
3.895777044817805290e-03 -1.505040447227656841e-03 4.001821391284465790e-03 -6.614474114030599594e-03 -4.705065803136676550e-04 5.903035053052008152e-04 9.999778270721435547e-01
3.976527601480484009e-03 -2.676970558241009712e-03 4.286664072424173355e-03 -4.714642185717821121e-03 2.468281018082052469e-04 -2.037944737821817398e-03 9.999867677688598633e-01
4.789196886122226715e-03 -3.451708005741238594e-03 4.334262106567621231e-03 -2.583344001322984695e-03 3.832834190689027309e-04 -3.647457342594861984e-03 9.999899268150329590e-01
5.379561800509691238e-03 -4.197717644274234772e-03 4.478185437619686127e-03 -9.805376976146362722e-06 6.711522000841796398e-04 -5.255838390439748764e-03 9.999859333038330078e-01
5.871479865163564682e-03 -4.936568439006805420e-03 4.829073324799537659e-03 6.608657422475516796e-04 1.006767968647181988e-03 -6.491282489150762558e-03 9.999781847000122070e-01
6.188294850289821625e-03 -6.249426864087581635e-03 4.642479587346315384e-03 2.736717229709029198e-03 9.705926058813929558e-04 -7.427919656038284302e-03 9.999681711196899414e-01
7.234685588628053665e-03 -5.801771767437458038e-03 5.621067713946104050e-03 3.380764042958617210e-03 1.523720216937363148e-03 -8.199532516300678253e-03 9.999595284461975098e-01
6.985708605498075485e-03 -6.983088795095682144e-03 6.369408685714006424e-03 4.370604176074266434e-03 1.105642993934452534e-03 -8.860768750309944153e-03 9.999505877494812012e-01
7.383157499134540558e-03 -7.907249033451080322e-03 6.622975692152976990e-03 5.142833106219768524e-03 1.131767057813704014e-03 -9.272244758903980255e-03 9.999431371688842773e-01
8.846192620694637299e-03 -7.636719383299350739e-03 7.059939205646514893e-03 5.668281577527523041e-03 1.204489963129162788e-03 -8.831846527755260468e-03 9.999442100524902344e-01
1.009615138173103333e-02 -8.438638411462306976e-03 6.464943289756774902e-03 7.069681305438280106e-03 7.937112823128700256e-04 -8.504295721650123596e-03 9.999385476112365723e-01
1.134160999208688736e-02 -7.587079890072345734e-03 7.831674069166183472e-03 7.232348900288343430e-03 8.552121580578386784e-04 -7.704048417508602142e-03 9.999437928199768066e-01
1.210741139948368073e-02 -8.582996204495429993e-03 8.068932220339775085e-03 7.611937820911407471e-03 5.338811897672712803e-04 -6.618632003664970398e-03 9.999489784240722656e-01
1.300186943262815475e-02 -9.191365912556648254e-03 8.624728769063949585e-03 7.596462033689022064e-03 3.769352333620190620e-04 -5.223394371569156647e-03 9.999574422836303711e-01
1.485352404415607452e-02 -8.358142338693141937e-03 9.265476837754249573e-03 7.142481859773397446e-03 2.488237514626234770e-04 -3.293146379292011261e-03 9.999690651893615723e-01
1.615234464406967163e-02 -8.923768997192382812e-03 9.559486061334609985e-03 6.789961829781532288e-03 -1.993713522097095847e-04 -1.337925321422517300e-03 9.999760389328002930e-01
1.746766082942485809e-02 -8.984171785414218903e-03 1.044321618974208832e-02 6.150336470454931259e-03 -2.417887590127065778e-04 6.478601135313510895e-04 9.999808669090270996e-01
1.864728890359401703e-02 -9.494468569755554199e-03 1.133794989436864853e-02 5.377056077122688293e-03 -3.761887201108038425e-04 3.877730341628193855e-03 9.999779462814331055e-01
1.981768198311328888e-02 -9.765419177711009979e-03 1.259259320795536041e-02 3.830391447991132736e-03 -2.821169910021126270e-04 6.530842743813991547e-03 9.999712705612182617e-01
2.066631428897380829e-02 -1.079946756362915039e-02 1.380516309291124344e-02 2.945181680843234062e-03 -8.082903921604156494e-03 9.116224013268947601e-03 9.999214410781860352e-01
2.172650955617427826e-02 -1.151152700185775757e-02 1.508476212620735168e-02 1.414484810084104538e-03 -8.989698253571987152e-03 1.172725018113851547e-02 9.998898506164550781e-01
2.372325025498867035e-02 -1.189383119344711304e-02 1.504894066601991653e-02 -1.114937040256336331e-04 -9.700885973870754242e-03 1.394622772932052612e-02 9.998556971549987793e-01
2.572941221296787262e-02 -1.229002885520458221e-02 1.486648060381412506e-02 -6.637860205955803394e-04 -1.009538210928440094e-02 1.703413203358650208e-02 9.998037219047546387e-01
2.660386636853218079e-02 -1.346069760620594025e-02 1.549540273845195770e-02 -1.526440959423780441e-03 -1.013458892703056335e-02 1.913079991936683655e-02 9.997644424438476562e-01
2.734933793544769287e-02 -1.659770868718624115e-02 1.489512808620929718e-02 -1.992269419133663177e-03 -1.069607865065336227e-02 2.055667340755462646e-02 9.997295141220092773e-01
2.254870720207691193e-02 -1.419696770608425140e-02 1.216623838990926743e-02 -2.727243583649396896e-03 -1.113487500697374344e-02 2.195606194436550140e-02 9.996932148933410645e-01
1.772821880877017975e-02 -1.070566661655902863e-02 1.004553306847810745e-02 -4.158754833042621613e-03 -1.076295878738164902e-02 2.316717430949211121e-02 9.996650218963623047e-01
1.378179807215929031e-02 -8.217873051762580872e-03 5.975059233605861664e-03 -4.005461465567350388e-03 -1.048555690795183182e-02 2.361660636961460114e-02 9.996580481529235840e-01
9.095605462789535522e-03 -3.723805537447333336e-03 7.102352101355791092e-03 -4.443115089088678360e-03 -8.954669348895549774e-03 2.372523956000804901e-02 9.996685385704040527e-01
7.298917509615421295e-03 1.695457496680319309e-03 6.061494350433349609e-03 -3.983626142144203186e-03 -9.059626609086990356e-03 2.214237675070762634e-02 9.997058510780334473e-01
6.978213321417570114e-03 -1.705725677311420441e-03 6.786705460399389267e-03 -3.808961017057299614e-03 -9.284931235015392303e-03 2.386959828436374664e-02 9.996647238731384277e-01
7.339361589401960373e-03 -2.786365221254527569e-04 7.169066928327083588e-03 -3.730056108906865120e-03 -7.396857719868421555e-03 2.301687002182006836e-02 9.997007250785827637e-01
8.499991148710250854e-03 1.852511311881244183e-03 6.396129727363586426e-03 -2.950024092569947243e-03 -6.937660276889801025e-03 2.128648199141025543e-02 9.997450113296508789e-01
9.217211045324802399e-03 -2.379430043220054358e-05 6.798108574002981186e-03 -3.125253133475780487e-03 -5.918006412684917450e-03 2.059987001121044159e-02 9.997653961181640625e-01
9.570742025971412659e-03 3.117980668321251869e-03 6.999052129685878754e-03 -2.342078601941466331e-03 -5.038225091993808746e-03 1.841300353407859802e-02 9.998150467872619629e-01
1.087899692356586456e-02 3.671452403068542480e-03 6.410155910998582840e-03 -1.910455874167382717e-03 -3.719803411513566971e-03 1.694110222160816193e-02 9.998477697372436523e-01
1.099650934338569641e-02 4.603065550327301025e-03 7.781559135764837265e-03 -1.333749853074550629e-03 -2.004605019465088844e-03 1.436236966401338577e-02 9.998939633369445801e-01
1.193396002054214478e-02 6.807565223425626755e-04 6.866941694170236588e-03 -5.162631860002875328e-04 -4.389904497656971216e-04 1.046967040747404099e-02 9.999449849128723145e-01
8.037706837058067322e-03 -9.612074121832847595e-03 6.609513424336910248e-03 8.766257087700068951e-05 1.271348446607589722e-03 8.631570264697074890e-03 9.999619126319885254e-01
1.599592864513397217e-01 -1.845098286867141724e-02 6.780307739973068237e-02 -5.059978365898132324e-02 1.394331082701683044e-02 4.755309596657752991e-02 9.974887967109680176e-01
1.435539573431015015e-01 -2.603694424033164978e-02 6.341991573572158813e-02 -4.888081550598144531e-02 1.728122681379318237e-02 4.377749562263488770e-02 9.976951479911804199e-01
1.274233758449554443e-01 -3.190832585096359253e-02 5.727339163422584534e-02 -4.701837897300720215e-02 1.418174523860216141e-02 4.321737214922904968e-02 9.978579282760620117e-01
1.110526546835899353e-01 -3.416715189814567566e-02 5.224644020199775696e-02 -4.567875340580940247e-02 1.409215573221445084e-02 3.954078257083892822e-02 9.980738162994384766e-01
9.507225453853607178e-02 -3.486730158329010010e-02 4.643843322992324829e-02 -4.233238473534584045e-02 1.439734827727079391e-02 3.570057824254035950e-02 9.983617067337036133e-01
7.894236594438552856e-02 -3.410319238901138306e-02 4.118887707591056824e-02 -3.938898444175720215e-02 1.366248074918985367e-02 3.080538287758827209e-02 9.986555576324462891e-01
6.498004496097564697e-02 -2.946798875927925110e-02 3.449639678001403809e-02 -3.505016118288040161e-02 1.386981830000877380e-02 2.601381205022335052e-02 9.989506602287292480e-01
5.126967653632164001e-02 -2.330156415700912476e-02 2.863946743309497833e-02 -3.015918470919132233e-02 1.390842534601688385e-02 1.944450847804546356e-02 9.992591738700866699e-01
3.699132800102233887e-02 -1.930500939488410950e-02 2.196443825960159302e-02 -2.625690586864948273e-02 1.260141935199499130e-02 1.448773872107267380e-02 9.994708299636840820e-01
2.378652617335319519e-02 -1.352482009679079056e-02 1.547861564904451370e-02 -2.163622342050075531e-02 6.151617970317602158e-03 9.476614184677600861e-03 9.997020959854125977e-01
1.228017453104257584e-02 -7.609182968735694885e-03 8.705428801476955414e-03 -1.676673069596290588e-02 -2.897870726883411407e-04 3.309506224468350410e-03 9.998539090156555176e-01
8.769818581640720367e-03 -4.539945628494024277e-03 7.167349569499492645e-03 -1.098830346018075943e-02 -7.044484664220362902e-05 -2.551850862801074982e-03 9.999363422393798828e-01
9.237529709935188293e-03 -6.177019327878952026e-03 8.085496723651885986e-03 -7.519163191318511963e-03 5.871949251741170883e-04 -6.181832402944564819e-03 9.999524354934692383e-01
1.049348525702953339e-02 -7.660192437469959259e-03 8.415036834776401520e-03 -2.922396874055266380e-03 1.184992608614265919e-03 -9.742561727762222290e-03 9.999475479125976562e-01
1.206849981099367142e-02 -8.544006384909152985e-03 8.824900723993778229e-03 -3.249653673265129328e-05 1.279209391213953495e-03 -1.258194353431463242e-02 9.999200105667114258e-01
1.299072615802288055e-02 -1.069791149348020554e-02 8.829384110867977142e-03 3.406160743907094002e-03 1.755512668751180172e-03 -1.478784251958131790e-02 9.998832941055297852e-01
1.397932600229978561e-02 -1.235149614512920380e-02 9.164221584796905518e-03 5.981831811368465424e-03 2.205623313784599304e-03 -1.620113104581832886e-02 9.998484253883361816e-01
1.472267229110002518e-02 -1.359856035560369492e-02 1.042606681585311890e-02 8.676118217408657074e-03 2.453664084896445274e-03 -1.727134548127651215e-02 9.998101592063903809e-01
1.604445651173591614e-02 -1.437205448746681213e-02 1.152907684445381165e-02 1.020987983793020248e-02 2.414145274087786674e-03 -1.820991374552249908e-02 9.997791647911071777e-01
1.785969175398349762e-02 -1.535806991159915924e-02 1.176934130489826202e-02 1.182460505515336990e-02 2.406100276857614517e-03 -1.831573247909545898e-02 9.997594356536865234e-01
1.900587789714336395e-02 -1.681604795157909393e-02 1.254229247570037842e-02 1.324063260108232498e-02 1.955440500751137733e-03 -1.751982234418392181e-02 9.997569322586059570e-01
2.149363793432712555e-02 -1.602878794074058533e-02 1.429862994700670242e-02 1.404914166778326035e-02 2.134177368134260178e-03 -1.613760553300380707e-02 9.997687935829162598e-01
2.368184365332126617e-02 -1.678741909563541412e-02 1.487866602838039398e-02 1.459630113095045090e-02 1.720290980301797390e-03 -1.411835942417383194e-02 9.997923374176025391e-01
2.590021118521690369e-02 -1.730269566178321838e-02 1.594922319054603577e-02 1.483387313783168793e-02 1.304763136431574821e-03 -1.147856004536151886e-02 9.998232126235961914e-01
2.822882309556007385e-02 -1.718926988542079926e-02 1.771900616586208344e-02 1.434124168008565903e-02 8.149662171490490437e-04 -8.550064638257026672e-03 9.998602867126464844e-01
3.110405616462230682e-02 -1.681759022176265717e-02 1.907183974981307983e-02 1.371482294052839279e-02 3.435330872889608145e-04 -4.801544826477766037e-03 9.998943805694580078e-01
3.339694812893867493e-02 -1.827374845743179321e-02 2.004058845341205597e-02 1.283428352326154709e-02 -3.536009462550282478e-04 -9.030704386532306671e-04 9.999171495437622070e-01
3.609745576977729797e-02 -1.836514472961425781e-02 2.189339324831962585e-02 1.106974668800830841e-02 6.412118091247975826e-05 4.401753190904855728e-03 9.999290108680725098e-01
3.847246989607810974e-02 -1.888557150959968567e-02 2.420995198190212250e-02 9.224318899214267731e-03 -5.391640588641166687e-04 9.452771395444869995e-03 9.999126195907592773e-01
4.042038321495056152e-02 -2.052030339837074280e-02 2.652760595083236694e-02 6.800168659538030624e-03 -8.104836568236351013e-03 1.490505971014499664e-02 9.998329281806945801e-01
4.396051540970802307e-02 -2.122941613197326660e-02 2.731162495911121368e-02 4.218946211040019989e-03 -1.659017056226730347e-02 1.999999396502971649e-02 9.996533989906311035e-01
4.641076922416687012e-02 -2.337675914168357849e-02 2.866957336664199829e-02 1.860325573943555355e-03 -1.796429045498371124e-02 2.537186257541179657e-02 9.995149374008178711e-01
4.975288361310958862e-02 -2.475469559431076050e-02 2.895253524184226990e-02 -3.457642160356044769e-04 -1.933193020522594452e-02 3.047714941203594208e-02 9.993484616279602051e-01
5.162068456411361694e-02 -2.659005671739578247e-02 3.085579350590705872e-02 -1.780294231139123440e-03 -1.953103207051753998e-02 3.471205011010169983e-02 9.992049336433410645e-01
5.366842821240425110e-02 -3.030685894191265106e-02 3.076946176588535309e-02 -3.183944616466760635e-03 -2.047780342400074005e-02 3.748334944248199463e-02 9.990823268890380859e-01
4.970172420144081116e-02 -2.999168820679187775e-02 2.824301086366176605e-02 -4.904837347567081451e-03 -2.058499678969383240e-02 3.980340436100959778e-02 9.989834427833557129e-01
4.016895219683647156e-02 -2.496150135993957520e-02 2.222017943859100342e-02 -6.625787820667028427e-03 -2.084318175911903381e-02 4.354668036103248596e-02 9.988119602203369141e-01
3.176868706941604614e-02 -1.873054914176464081e-02 1.551386900246143341e-02 -7.415921892970800400e-03 -2.054509706795215607e-02 4.513917118310928345e-02 9.987418651580810547e-01
2.293094806373119354e-02 -1.198220904916524887e-02 1.285461336374282837e-02 -7.575769443064928055e-03 -1.907285861670970917e-02 4.417451471090316772e-02 9.988130331039428711e-01
1.645843498408794403e-02 -2.876743441447615623e-03 1.227457728236913681e-02 -8.206306956708431244e-03 -1.721000857651233673e-02 4.496595636010169983e-02 9.988065361976623535e-01
1.460491027683019638e-02 1.157401478849351406e-03 1.285221986472606659e-02 -7.612220942974090576e-03 -1.766827702522277832e-02 4.641242325305938721e-02 9.987370967864990234e-01
1.521524973213672638e-02 2.839996945112943649e-03 1.286872476339340210e-02 -6.800808012485504150e-03 -1.639591716229915619e-02 4.505135118961334229e-02 9.988269805908203125e-01
1.564765349030494690e-02 4.215242806822061539e-03 1.342013292014598846e-02 -6.984964478760957718e-03 -1.467986777424812317e-02 4.319111257791519165e-02 9.989345669746398926e-01
1.697954162955284119e-02 5.152096506208181381e-03 1.339865941554307938e-02 -6.897275336086750031e-03 -1.268950663506984711e-02 4.035650566220283508e-02 9.990809559822082520e-01
1.818011142313480377e-02 6.216094829142093658e-03 1.387072354555130005e-02 -5.692815408110618591e-03 -1.033206842839717865e-02 3.822262212634086609e-02 9.991996288299560547e-01
2.012763172388076782e-02 7.624116260558366776e-03 1.348442304879426956e-02 -4.585319198668003082e-03 -8.751614950597286224e-03 3.490864858031272888e-02 9.993416666984558105e-01
2.169884555041790009e-02 8.379323408007621765e-03 1.442799158394336700e-02 -3.503955435007810593e-03 -5.190689582377672195e-03 3.115755878388881683e-02 9.994948506355285645e-01
2.392094768583774567e-02 5.931330379098653793e-03 1.294437889009714127e-02 -1.506779808551073074e-03 -2.184776589274406433e-03 2.399810589849948883e-02 9.997084736824035645e-01
2.108472958207130432e-02 -1.240386907011270523e-02 1.307742856442928314e-02 -5.206082714721560478e-04 1.959551824256777763e-03 2.009027451276779175e-02 9.997960925102233887e-01
