0.000000000000000000e+00 0.000000000000000000e+00 0.000000000000000000e+00 9.157279969029819000e-15 -9.190998656594118188e-13 -1.661756452928098149e-12 1.000000119209289551e+00
9.025965631008148193e-02 5.866523715667426586e-04 1.046599168330430984e-02 -1.078427676111459732e-02 1.787066459655761719e-03 5.304421298205852509e-03 9.999261498451232910e-01
1.742621213197708130e-01 -3.032922977581620216e-04 1.991293020546436310e-02 -2.001377008855342865e-02 3.392144339159131050e-03 9.085542522370815277e-03 9.997527599334716797e-01
2.476004213094711304e-01 1.936200447380542755e-02 5.395436659455299377e-03 -3.002387098968029022e-02 -5.962513969279825687e-04 5.816170014441013336e-03 9.995321035385131836e-01
3.132488727569580078e-01 2.750989422202110291e-02 -1.132174953818321228e-02 -4.373307526111602783e-02 -4.828580189496278763e-03 5.451642908155918121e-03 9.990166425704956055e-01
3.722262382507324219e-01 3.235942497849464417e-02 -2.516227401793003082e-02 -5.781183391809463501e-02 -8.001060225069522858e-03 4.883305169641971588e-03 9.982834458351135254e-01
4.248258769512176514e-01 3.446338698267936707e-02 -3.186231106519699097e-02 -7.141641527414321899e-02 -8.783554658293724060e-03 5.142747890204191208e-03 9.973946809768676758e-01
4.692541062831878662e-01 3.923777118325233459e-02 -3.772848099470138550e-02 -8.412517607212066650e-02 -9.352565743029117584e-03 2.655729884281754494e-03 9.964078068733215332e-01
5.061728358268737793e-01 4.334093630313873291e-02 -4.098931699991226196e-02 -9.615686535835266113e-02 -8.856879547238349915e-03 -1.354071719106286764e-04 9.953268170356750488e-01
5.351756215095520020e-01 4.771997779607772827e-02 -4.229672998189926147e-02 -1.058524399995803833e-01 -7.630999665707349777e-03 -4.114260431379079819e-03 9.943439960479736328e-01
5.562995076179504395e-01 5.122788995504379272e-02 -4.391627758741378784e-02 -1.143964752554893494e-01 -6.093766540288925171e-03 -7.980711758136749268e-03 9.933844208717346191e-01
5.695307850837707520e-01 5.316925048828125000e-02 -4.442616552114486694e-02 -1.225700899958610535e-01 -6.931126117706298828e-03 -1.031481754034757614e-02 9.923821091651916504e-01
5.751112699508666992e-01 5.416122078895568848e-02 -4.516560584306716919e-02 -1.287084370851516724e-01 -7.783261127769947052e-03 -1.251666340976953506e-02 9.915729761123657227e-01
5.809875726699829102e-01 5.632776021957397461e-02 -4.456171393394470215e-02 -1.315799355506896973e-01 -8.560123853385448456e-03 -1.754488050937652588e-02 9.911133646965026855e-01
5.876442790031433105e-01 5.782812833786010742e-02 -4.259090870618820190e-02 -1.322956383228302002e-01 -9.618169628083705902e-03 -2.400945872068405151e-02 9.908728599548339844e-01
5.949903726577758789e-01 5.616842210292816162e-02 -3.995811194181442261e-02 -1.310188621282577515e-01 -1.069594919681549072e-02 -3.183308988809585571e-02 9.908109903335571289e-01
6.028891205787658691e-01 5.393877252936363220e-02 -3.679466247558593750e-02 -1.285385936498641968e-01 -1.169564668089151382e-02 -4.034199565649032593e-02 9.908146262168884277e-01
6.116334199905395508e-01 5.086037144064903259e-02 -3.344208747148513794e-02 -1.251313537359237671e-01 -1.275434345006942749e-02 -5.014704912900924683e-02 9.907899498939514160e-01
6.211014389991760254e-01 4.713759571313858032e-02 -2.942762710154056549e-02 -1.207238063216209412e-01 -1.374716032296419144e-02 -6.065977737307548523e-02 9.907357692718505859e-01
6.312933564186096191e-01 4.216144233942031860e-02 -2.521321550011634827e-02 -1.151640862226486206e-01 -1.528147980570793152e-02 -7.164882868528366089e-02 9.906412959098815918e-01
6.426046490669250488e-01 3.652261570096015930e-02 -2.102082036435604095e-02 -1.085311397910118103e-01 -1.670717447996139526e-02 -8.339569717645645142e-02 9.904478788375854492e-01
6.547867059707641602e-01 2.995757013559341431e-02 -1.632152311503887177e-02 -1.012126356363296509e-01 -1.816253364086151123e-02 -9.517890959978103638e-02 9.901349544525146484e-01
6.679191589355468750e-01 2.208502590656280518e-02 -1.173124276101589203e-02 -9.214901924133300781e-02 -2.020194381475448608e-02 -1.062000468373298645e-01 9.898596405982971191e-01
6.824274659156799316e-01 1.379583403468132019e-02 -6.721427664160728455e-03 -8.278138190507888794e-02 -2.190523222088813782e-02 -1.169304549694061279e-01 9.894416332244873047e-01
6.981822252273559570e-01 4.823780618607997894e-03 -1.145109767094254494e-03 -7.242774963378906250e-02 -2.382192946970462799e-02 -1.266481727361679077e-01 9.890131354331970215e-01
7.150687575340270996e-01 -5.143462214618921280e-03 5.212295800447463989e-03 -6.192723289132118225e-02 -2.569040283560752869e-02 -1.345019042491912842e-01 9.886426329612731934e-01
7.323705554008483887e-01 -1.773185282945632935e-02 1.153401844203472137e-02 -5.127438157796859741e-02 -2.793200686573982239e-02 -1.392285376787185669e-01 9.885373115539550781e-01
7.507880926132202148e-01 -3.156511485576629639e-02 1.859476603567600250e-02 -4.116695746779441833e-02 -2.976879477500915527e-02 -1.415908783674240112e-01 9.886208772659301758e-01
7.701162695884704590e-01 -4.733037203550338745e-02 2.589345164597034454e-02 -3.202889859676361084e-02 -3.184115886688232422e-02 -1.420313715934753418e-01 9.888313412666320801e-01
7.906985878944396973e-01 -6.394244730472564697e-02 3.486932069063186646e-02 -2.481269091367721558e-02 -3.301588445901870728e-02 -1.406823396682739258e-01 9.891929626464843750e-01
8.129827976226806641e-01 -8.045877516269683838e-02 4.630647599697113037e-02 -2.031182870268821716e-02 -3.347521275281906128e-02 -1.379590183496475220e-01 9.896636605262756348e-01
8.367964625358581543e-01 -9.674123674631118774e-02 6.016499549150466919e-02 -1.959460042417049408e-02 -3.640403598546981812e-02 -1.355449259281158447e-01 9.899082779884338379e-01
8.627693653106689453e-01 -1.130697950720787048e-01 7.499331235885620117e-02 -1.909439638257026672e-02 -3.887170553207397461e-02 -1.322111189365386963e-01 9.902751445770263672e-01
8.916012644767761230e-01 -1.284584105014801025e-01 9.016378968954086304e-02 -1.878587342798709869e-02 -4.188012704253196716e-02 -1.285917013883590698e-01 9.906347990036010742e-01
9.215833544731140137e-01 -1.456347554922103882e-01 1.057774052023887634e-01 -1.854456961154937744e-02 -4.458737000823020935e-02 -1.247538402676582336e-01 9.910119175910949707e-01
9.533592462539672852e-01 -1.628156602382659912e-01 1.220180466771125793e-01 -1.872154697775840759e-02 -4.768738150596618652e-02 -1.211695149540901184e-01 9.913089871406555176e-01
9.867067933082580566e-01 -1.808447092771530151e-01 1.388621181249618530e-01 -1.942218653857707977e-02 -5.120653286576271057e-02 -1.167299598455429077e-01 9.916526079177856445e-01
1.018000960350036621e+00 -1.875483244657516479e-01 1.535127013921737671e-01 -1.996515132486820221e-02 -5.360525473952293396e-02 -1.136073768138885498e-01 9.918776750564575195e-01
1.045121669769287109e+00 -1.878419965505599976e-01 1.624992191791534424e-01 -2.049782127141952515e-02 -5.777130275964736938e-02 -1.093072667717933655e-01 9.921160340309143066e-01
1.066592216491699219e+00 -1.863686293363571167e-01 1.670337021350860596e-01 -2.300815284252166748e-02 -6.409557163715362549e-02 -1.023998856544494629e-01 9.924095273017883301e-01
1.081491827964782715e+00 -1.838656514883041382e-01 1.702149212360382080e-01 -2.627584151923656464e-02 -7.093950361013412476e-02 -9.215293079614639282e-02 9.928670525550842285e-01
1.090024352073669434e+00 -1.816921085119247437e-01 1.726613938808441162e-01 -2.903494052588939667e-02 -7.654488086700439453e-02 -7.915306091308593750e-02 9.934951066970825195e-01
1.098019480705261230e+00 -1.797875910997390747e-01 1.749480664730072021e-01 -3.202885389328002930e-02 -8.175776898860931396e-02 -6.550315022468566895e-02 9.939815402030944824e-01
1.105249404907226562e+00 -1.776693463325500488e-01 1.770449876785278320e-01 -3.470660373568534851e-02 -8.644178509712219238e-02 -5.230562761425971985e-02 9.942772984504699707e-01
1.111749768257141113e+00 -1.757531613111495972e-01 1.790637224912643433e-01 -3.723451495170593262e-02 -9.055611491203308105e-02 -3.907667845487594604e-02 9.944276213645935059e-01
1.117500305175781250e+00 -1.740719079971313477e-01 1.809284836053848267e-01 -3.999066352844238281e-02 -9.432413429021835327e-02 -2.584775350987911224e-02 9.944021105766296387e-01
1.122402906417846680e+00 -1.724368482828140259e-01 1.825152188539505005e-01 -4.270537570118904114e-02 -9.726713597774505615e-02 -1.319092512130737305e-02 9.942541718482971191e-01
1.126495718955993652e+00 -1.710698157548904419e-01 1.839922666549682617e-01 -4.502410814166069031e-02 -9.916725009679794312e-02 -2.124271355569362640e-03 9.940494298934936523e-01
1.129708409309387207e+00 -1.699251979589462280e-01 1.849777549505233765e-01 -4.729536175727844238e-02 -1.003428101539611816e-01 8.107212372124195099e-03 9.937951564788818359e-01
1.135087490081787109e+00 -1.689254939556121826e-01 1.866027712821960449e-01 -4.808355495333671570e-02 -1.005925908684730530e-01 1.420382689684629440e-02 9.936636686325073242e-01
1.143499970436096191e+00 -1.677168756723403931e-01 1.889978498220443726e-01 -4.707548767328262329e-02 -1.001319959759712219e-01 1.508106477558612823e-02 9.937454462051391602e-01
1.308923482894897461e+00 -1.642048060894012451e-01 2.431154102087020874e-01 -7.492655515670776367e-02 -9.655947238206863403e-02 2.272798307240009308e-02 9.922428131103515625e-01
1.463980555534362793e+00 -1.331319957971572876e-01 2.676069438457489014e-01 -9.084509313106536865e-02 -9.849202632904052734e-02 2.000237442553043365e-02 9.907807111740112305e-01
1.605557799339294434e+00 -1.036638393998146057e-01 2.623391151428222656e-01 -1.124346256256103516e-01 -1.064071208238601685e-01 1.503435708582401276e-02 9.878309369087219238e-01
1.733939290046691895e+00 -9.154885262250900269e-02 2.534293234348297119e-01 -1.384895443916320801e-01 -1.144993901252746582e-01 1.107620075345039368e-02 9.836604595184326172e-01
1.847334265708923340e+00 -8.515634387731552124e-02 2.590164840221405029e-01 -1.643486022949218750e-01 -1.174678727984428406e-01 8.601303212344646454e-03 9.793451428413391113e-01
1.944974422454833984e+00 -7.729300111532211304e-02 2.639210224151611328e-01 -1.889509409666061401e-01 -1.197865009307861328e-01 2.847478492185473442e-03 9.746490120887756348e-01
2.026499271392822266e+00 -6.801114976406097412e-02 2.712057828903198242e-01 -2.116199433803558350e-01 -1.204751729965209961e-01 -5.410484969615936279e-03 9.698832631111145020e-01
2.092013359069824219e+00 -5.895031243562698364e-02 2.792138159275054932e-01 -2.312465012073516846e-01 -1.193820089101791382e-01 -1.504863332957029343e-02 9.654256105422973633e-01
2.141748905181884766e+00 -5.094829201698303223e-02 2.859163582324981689e-01 -2.476571351289749146e-01 -1.173398643732070923e-01 -2.509657479822635651e-02 9.613882899284362793e-01
2.176199674606323242e+00 -4.637929052114486694e-02 2.891228497028350830e-01 -2.630197703838348389e-01 -1.173724234104156494e-01 -3.287279605865478516e-02 9.570599198341369629e-01
2.195040702819824219e+00 -4.398971423506736755e-02 2.909816801548004150e-01 -2.765811681747436523e-01 -1.195570603013038635e-01 -3.845026716589927673e-02 9.527489542961120605e-01
2.206482887268066406e+00 -4.101628810167312622e-02 2.925252914428710938e-01 -2.841255068778991699e-01 -1.219083890318870544e-01 -4.620695859193801880e-02 9.498820900917053223e-01
2.218372821807861328e+00 -3.670560941100120544e-02 2.965925931930541992e-01 -2.865092754364013672e-01 -1.252450495958328247e-01 -5.740941315889358521e-02 9.481192827224731445e-01
2.230993509292602539e+00 -3.564099222421646118e-02 3.044230937957763672e-01 -2.846114635467529297e-01 -1.294804960489273071e-01 -7.100868225097656250e-02 9.472005367279052734e-01
2.243943691253662109e+00 -3.786641359329223633e-02 3.147315382957458496e-01 -2.791088521480560303e-01 -1.340372860431671143e-01 -8.584695309400558472e-02 9.469755291938781738e-01
2.257952213287353516e+00 -4.144615679979324341e-02 3.265495300292968750e-01 -2.713582813739776611e-01 -1.389419436454772949e-01 -1.025653779506683350e-01 9.468580484390258789e-01
2.272660970687866211e+00 -4.684118926525115967e-02 3.402046263217926025e-01 -2.614386081695556641e-01 -1.443366557359695435e-01 -1.209298074245452881e-01 9.466745853424072266e-01
2.288165330886840820e+00 -5.413520708680152893e-02 3.555927276611328125e-01 -2.490445226430892944e-01 -1.505577862262725830e-01 -1.402418017387390137e-01 9.463833570480346680e-01
2.304764986038208008e+00 -6.385529041290283203e-02 3.721935153007507324e-01 -2.343242764472961426e-01 -1.575462520122528076e-01 -1.603426784276962280e-01 9.458127021789550781e-01
2.322642803192138672e+00 -7.547378540039062500e-02 3.902326524257659912e-01 -2.179244607686996460e-01 -1.642592251300811768e-01 -1.810643225908279419e-01 9.448511004447937012e-01
2.340952873229980469e+00 -9.007209539413452148e-02 4.099209308624267578e-01 -1.993483603000640869e-01 -1.718479841947555542e-01 -2.003417313098907471e-01 9.437116980552673340e-01
2.360506057739257812e+00 -1.071577519178390503e-01 4.309676289558410645e-01 -1.792020797729492188e-01 -1.790626198053359985e-01 -2.180354446172714233e-01 9.424880743026733398e-01
2.381452083587646484e+00 -1.262827217578887939e-01 4.538072347640991211e-01 -1.576323658227920532e-01 -1.865661144256591797e-01 -2.340324372053146362e-01 9.410493969917297363e-01
2.403524637222290039e+00 -1.474974900484085083e-01 4.788794815540313721e-01 -1.351410299539566040e-01 -1.938516646623611450e-01 -2.472626566886901855e-01 9.396911859512329102e-01
2.425331354141235352e+00 -1.731017231941223145e-01 5.055143237113952637e-01 -1.130221262574195862e-01 -2.013883441686630249e-01 -2.554848194122314453e-01 9.388270974159240723e-01
2.446929216384887695e+00 -2.036048769950866699e-01 5.330168604850769043e-01 -9.208185970783233643e-02 -2.085407972335815430e-01 -2.581152021884918213e-01 9.388334751129150391e-01
2.469065427780151367e+00 -2.374649643898010254e-01 5.625343918800354004e-01 -7.320678234100341797e-02 -2.150282412767410278e-01 -2.572736144065856934e-01 9.392624497413635254e-01
2.491639375686645508e+00 -2.748769819736480713e-01 5.941201448440551758e-01 -5.802807584404945374e-02 -2.201278656721115112e-01 -2.530080080032348633e-01 9.402996897697448730e-01
2.515576839447021484e+00 -3.124122321605682373e-01 6.311637163162231445e-01 -4.761565476655960083e-02 -2.225741893053054810e-01 -2.470836788415908813e-01 9.418827295303344727e-01
2.540757179260253906e+00 -3.497302830219268799e-01 6.737628579139709473e-01 -4.438491538166999817e-02 -2.260527908802032471e-01 -2.410574555397033691e-01 9.427732825279235840e-01
2.568156242370605469e+00 -3.868970572948455811e-01 7.210081219673156738e-01 -4.479634016752243042e-02 -2.313585430383682251e-01 -2.351325601339340210e-01 9.429630041122436523e-01
2.599781274795532227e+00 -4.236868917942047119e-01 7.715898752212524414e-01 -4.582308977842330933e-02 -2.364012002944946289e-01 -2.283167541027069092e-01 9.433378577232360840e-01
2.634939193725585938e+00 -4.611896276473999023e-01 8.247157335281372070e-01 -4.706497117877006531e-02 -2.417126893997192383e-01 -2.207771539688110352e-01 9.437252879142761230e-01
2.671530246734619141e+00 -5.006176233291625977e-01 8.805932402610778809e-01 -4.878680408000946045e-02 -2.469813525676727295e-01 -2.136735022068023682e-01 9.439087510108947754e-01
2.710882425308227539e+00 -5.407123565673828125e-01 9.389319419860839844e-01 -5.169802904129028320e-02 -2.531865835189819336e-01 -2.057782113552093506e-01 9.438639879226684570e-01
2.752251148223876953e+00 -5.703266263008117676e-01 9.957639575004577637e-01 -5.471338704228401184e-02 -2.586696743965148926e-01 -1.989099234342575073e-01 9.436796903610229492e-01
2.794455289840698242e+00 -5.820574164390563965e-01 1.041659832000732422e+00 -5.776622891426086426e-02 -2.645782530307769775e-01 -1.913610845804214478e-01 9.434205889701843262e-01
2.832997083663940430e+00 -5.859814286231994629e-01 1.074004769325256348e+00 -6.411614269018173218e-02 -2.739638090133666992e-01 -1.799665987491607666e-01 9.425736665725708008e-01
2.863328695297241211e+00 -5.852218866348266602e-01 1.095914244651794434e+00 -7.400591671466827393e-02 -2.856725454330444336e-01 -1.641114950180053711e-01 9.412660598754882812e-01
2.882493972778320312e+00 -5.815447568893432617e-01 1.110738158226013184e+00 -8.496556431055068970e-02 -2.961797416210174561e-01 -1.421975493431091309e-01 9.406584501266479492e-01
2.895879983901977539e+00 -5.777439475059509277e-01 1.121643304824829102e+00 -9.583986550569534302e-02 -3.045872449874877930e-01 -1.170275509357452393e-01 9.403967261314392090e-01
2.907986402511596680e+00 -5.736993551254272461e-01 1.131848812103271484e+00 -1.068920791149139404e-01 -3.121919929981231689e-01 -9.170421957969665527e-02 9.395214915275573730e-01
2.918833971023559570e+00 -5.690622925758361816e-01 1.140939116477966309e+00 -1.170187070965766907e-01 -3.183185458183288574e-01 -6.659808754920959473e-02 9.383734464645385742e-01
2.928241491317749023e+00 -5.646779537200927734e-01 1.149321794509887695e+00 -1.279053241014480591e-01 -3.235730230808258057e-01 -4.134077578783035278e-02 9.366065263748168945e-01
2.936384201049804688e+00 -5.603115558624267578e-01 1.156474113464355469e+00 -1.384716331958770752e-01 -3.275412321090698242e-01 -1.663133129477500916e-02 9.344869256019592285e-01
2.943063020706176758e+00 -5.561630129814147949e-01 1.162567138671875000e+00 -1.487736254930496216e-01 -3.297879099845886230e-01 5.957285873591899872e-03 9.322397112846374512e-01
2.948533058166503906e+00 -5.526851415634155273e-01 1.167509555816650391e+00 -1.578905880451202393e-01 -3.303920030593872070e-01 2.614610083401203156e-02 9.301764369010925293e-01
2.954820871353149414e+00 -5.490120053291320801e-01 1.172968864440917969e+00 -1.647726595401763916e-01 -3.299624621868133545e-01 4.183304309844970703e-02 9.285605549812316895e-01
2.965220928192138672e+00 -5.443385839462280273e-01 1.182008624076843262e+00 -1.660462170839309692e-01 -3.287289142608642578e-01 4.850198701024055481e-02 9.284468293190002441e-01
