8.350427448749542236e-02 -9.494196623563766479e-03 3.553380072116851807e-02 -2.576951496303081512e-02 6.420096848160028458e-03 2.536874264478683472e-02 9.993253350257873535e-01
7.465872168540954590e-02 -1.617061719298362732e-02 3.364031761884689331e-02 -2.478776872158050537e-02 7.109300233423709869e-03 2.451932802796363831e-02 9.993667006492614746e-01
6.683511286973953247e-02 -1.712880283594131470e-02 3.094239719212055206e-02 -2.421669475734233856e-02 7.418109104037284851e-03 2.192384190857410431e-02 9.994387626647949219e-01
5.806956440210342407e-02 -2.004739455878734589e-02 2.841427922248840332e-02 -2.358719706535339355e-02 7.678992114961147308e-03 2.166498824954032898e-02 9.994574785232543945e-01
4.984887316823005676e-02 -2.056911215186119080e-02 2.564090862870216370e-02 -2.248360402882099152e-02 7.318856194615364075e-03 1.917543634772300720e-02 9.995365142822265625e-01
4.204611480236053467e-02 -2.007260359823703766e-02 2.239508368074893951e-02 -2.083122730255126953e-02 6.839892361313104630e-03 1.702417805790901184e-02 9.996146559715270996e-01
3.477655351161956787e-02 -1.815743185579776764e-02 1.915287226438522339e-02 -1.898810081183910370e-02 6.702980026602745056e-03 1.444707810878753662e-02 9.996928572654724121e-01
2.735636755824089050e-02 -1.580255106091499329e-02 1.640819199383258820e-02 -1.719063334167003632e-02 6.924544461071491241e-03 1.205387245863676071e-02 9.997555613517761230e-01
2.080015279352664948e-02 -1.276999711990356445e-02 1.287005562335252762e-02 -1.506793778389692307e-02 6.792792119085788727e-03 8.714755065739154816e-03 9.998254179954528809e-01
1.403984054923057556e-02 -9.840050712227821350e-03 9.485132992267608643e-03 -1.267942227423191071e-02 6.831047125160694122e-03 6.376618519425392151e-03 9.998759627342224121e-01
8.492443710565567017e-03 -6.316146813333034515e-03 5.595644470304250717e-03 -9.848577901721000671e-03 -3.773584903683513403e-04 3.003999125212430954e-03 9.999468922615051270e-01
4.329035524278879166e-03 -1.544110127724707127e-03 3.511690534651279449e-03 -6.660904269665479660e-03 -3.070995153393596411e-04 4.956424236297607422e-04 9.999776482582092285e-01
4.468278493732213974e-03 -2.611204516142606735e-03 3.817136632278561592e-03 -4.687222652137279510e-03 3.010634391102939844e-04 -2.182499039918184280e-03 9.999865889549255371e-01
5.226975306868553162e-03 -3.391791833564639091e-03 3.848506137728691101e-03 -2.542907837778329849e-03 3.871794906444847584e-04 -3.757899859920144081e-03 9.999896287918090820e-01
5.756114143878221512e-03 -4.088546615093946457e-03 4.094581585377454758e-03 -8.049439929891377687e-05 8.314659353345632553e-04 -5.262145772576332092e-03 9.999858140945434570e-01
6.353709846735000610e-03 -4.771743435412645340e-03 4.361739382147789001e-03 6.173389265313744545e-04 1.098133856430649757e-03 -6.532442755997180939e-03 9.999778866767883301e-01
6.778062786906957626e-03 -5.980586167424917221e-03 4.146491643041372299e-03 2.684550359845161438e-03 1.067348988726735115e-03 -7.478065323084592819e-03 9.999678730964660645e-01
7.585695944726467133e-03 -5.676904227584600449e-03 5.275188479572534561e-03 3.337701316922903061e-03 1.650334103032946587e-03 -8.154076524078845978e-03 9.999598264694213867e-01
7.554695941507816315e-03 -6.817083805799484253e-03 5.881069693714380264e-03 4.281965084373950958e-03 1.261699711903929710e-03 -8.781837299466133118e-03 9.999514818191528320e-01
7.934157736599445343e-03 -7.803793065249919891e-03 6.086819339543581009e-03 5.019537638872861862e-03 1.271251705475151539e-03 -9.248234331607818604e-03 9.999438524246215820e-01
9.280346333980560303e-03 -7.609231863170862198e-03 6.510922685265541077e-03 5.563395563513040543e-03 1.348663936369121075e-03 -8.748177438974380493e-03 9.999453425407409668e-01
1.058878190815448761e-02 -8.323600515723228455e-03 5.790829192847013474e-03 7.063095923513174057e-03 8.568053599447011948e-04 -8.474340662360191345e-03 9.999387860298156738e-01
1.179464161396026611e-02 -7.388935424387454987e-03 7.336287293583154678e-03 7.102947682142257690e-03 9.406860335730016232e-04 -7.692113984376192093e-03 9.999447464942932129e-01
1.261096168309450150e-02 -8.442181162536144257e-03 7.420112844556570053e-03 7.435238454490900040e-03 6.719755474478006363e-04 -6.593270692974328995e-03 9.999504089355468750e-01
1.335077919065952301e-02 -9.129649028182029724e-03 8.143830113112926483e-03 7.419272325932979584e-03 5.502086132764816284e-04 -5.086122080683708191e-03 9.999594092369079590e-01
1.522562000900506973e-02 -8.247341029345989227e-03 8.746233768761157990e-03 6.956186145544052124e-03 3.520906611811369658e-04 -3.180586732923984528e-03 9.999706745147705078e-01
1.642705313861370087e-02 -8.927476592361927032e-03 9.075667709112167358e-03 6.648465991020202637e-03 -1.512493181508034468e-04 -1.266184495761990547e-03 9.999771118164062500e-01
1.777865365147590637e-02 -9.106756187975406647e-03 9.791926480829715729e-03 6.006370298564434052e-03 -1.488969428464770317e-04 7.304282626137137413e-04 9.999817013740539551e-01
1.890793070197105408e-02 -9.670527651906013489e-03 1.074181217700242996e-02 5.252456758171319962e-03 -2.770156715996563435e-04 3.954921849071979523e-03 9.999783635139465332e-01
2.004204504191875458e-02 -9.976065717637538910e-03 1.206117030233144760e-02 3.620175411924719810e-03 -1.860345364548265934e-04 6.586532108485698700e-03 9.999717473983764648e-01
2.073916047811508179e-02 -1.109574455767869949e-02 1.345656812191009521e-02 2.707881154492497444e-03 -7.964305579662322998e-03 9.082411415874958038e-03 9.999233484268188477e-01
2.174872905015945435e-02 -1.178482174873352051e-02 1.483971718698740005e-02 1.182359759695827961e-03 -8.820338174700737000e-03 1.173307374119758606e-02 9.998915791511535645e-01
2.379437349736690521e-02 -1.213091425597667694e-02 1.474432181566953659e-02 -3.212025330867618322e-04 -9.464920498430728912e-03 1.397302094846963882e-02 9.998575448989868164e-01
2.604030445218086243e-02 -1.235495321452617645e-02 1.425893884152173996e-02 -9.265559492632746696e-04 -9.906623512506484985e-03 1.721547916531562805e-02 9.998022913932800293e-01
2.695098333060741425e-02 -1.351246330887079239e-02 1.483648736029863358e-02 -1.887085032649338245e-03 -9.892510250210762024e-03 1.929515227675437927e-02 9.997631311416625977e-01
2.759774215519428253e-02 -1.662436686456203461e-02 1.439897157251834869e-02 -2.317327773198485374e-03 -1.036078296601772308e-02 2.062204480171203613e-02 9.997309446334838867e-01
2.284304983913898468e-02 -1.423371955752372742e-02 1.155905425548553467e-02 -2.933433512225747108e-03 -1.093029230833053589e-02 2.204691618680953979e-02 9.996928572654724121e-01
1.793941669166088104e-02 -1.084412913769483566e-02 9.507681243121623993e-03 -4.367293789982795715e-03 -1.056907791644334793e-02 2.320108190178871155e-02 9.996654391288757324e-01
1.403524074703454971e-02 -8.095687255263328552e-03 5.535752512514591217e-03 -4.312999546527862549e-03 -1.013876963406801224e-02 2.356721647083759308e-02 9.996615648269653320e-01
9.588354267179965973e-03 -4.308497067540884018e-03 6.044874899089336395e-03 -5.082403775304555893e-03 -8.894816972315311432e-03 2.416761405766010284e-02 9.996554255485534668e-01
8.092518895864486694e-03 1.232068287208676338e-03 5.087595432996749878e-03 -4.333127755671739578e-03 -8.956077508628368378e-03 2.248805016279220581e-02 9.996976256370544434e-01
7.603105623275041580e-03 -2.695106435567140579e-03 5.709072574973106384e-03 -4.051180556416511536e-03 -8.957233279943466187e-03 2.446348406374454498e-02 9.996523857116699219e-01
8.053301833570003510e-03 -7.223811117000877857e-04 6.321541965007781982e-03 -3.961216658353805542e-03 -7.103901356458663940e-03 2.344014309346675873e-02 9.996921420097351074e-01
9.151555597782135010e-03 1.095381914637982845e-03 5.625060759484767914e-03 -3.058751346543431282e-03 -6.795997731387615204e-03 2.135101519525051117e-02 9.997442364692687988e-01
9.669556282460689545e-03 -8.434593328274786472e-04 6.079478189349174500e-03 -3.297576447948813438e-03 -5.720845889300107956e-03 2.086589112877845764e-02 9.997604489326477051e-01
1.027430128306150436e-02 2.569227013736963272e-03 6.176198832690715790e-03 -2.347880275920033455e-03 -4.947147332131862640e-03 1.832179725170135498e-02 9.998171329498291016e-01
1.163516659289598465e-02 2.951389644294977188e-03 5.369767080992460251e-03 -1.938674133270978928e-03 -3.655860899016261101e-03 1.692749746143817902e-02 9.998481273651123047e-01
1.219432894140481949e-02 3.121134359389543533e-03 6.649882532656192780e-03 -1.316505600698292255e-03 -2.077772282063961029e-03 1.438376586884260178e-02 9.998935461044311523e-01
1.203030627220869064e-02 -2.954378491267561913e-03 6.048232782632112503e-03 -7.199242827482521534e-04 -2.558760170359164476e-04 1.114496774971485138e-02 9.999375939369201660e-01
8.527229540050029755e-03 -1.003377884626388550e-02 5.224177613854408264e-03 -4.939329301123507321e-06 1.448680413886904716e-03 8.897778578102588654e-03 9.999593496322631836e-01
1.595469117164611816e-01 -1.879890076816082001e-02 6.867354363203048706e-02 -5.131894350051879883e-02 1.482777949422597885e-02 4.698422923684120178e-02 9.974662661552429199e-01
1.431053429841995239e-01 -2.621646225452423096e-02 6.435291469097137451e-02 -4.997289180755615234e-02 1.818973757326602936e-02 4.286012426018714905e-02 9.976646900177001953e-01
1.273286044597625732e-01 -3.132884949445724487e-02 5.780161172151565552e-02 -4.806063324213027954e-02 1.501173805445432663e-02 4.318492859601974487e-02 9.977974891662597656e-01
1.104458495974540710e-01 -3.460278734564781189e-02 5.323660746216773987e-02 -4.661642760038375854e-02 1.464064139872789383e-02 3.966986760497093201e-02 9.980174899101257324e-01
9.452252835035324097e-02 -3.490240126848220825e-02 4.752165079116821289e-02 -4.305995628237724304e-02 1.482710894197225571e-02 3.579149022698402405e-02 9.983210563659667969e-01
7.864969968795776367e-02 -3.377252817153930664e-02 4.201296716928482056e-02 -3.998167440295219421e-02 1.416147965937852859e-02 3.078998811542987823e-02 9.986255168914794922e-01
6.483168154954910278e-02 -2.913654223084449768e-02 3.505259752273559570e-02 -3.531144559383392334e-02 1.427307818084955215e-02 2.586871758103370667e-02 9.989395141601562500e-01
5.128878727555274963e-02 -2.293539233505725861e-02 2.889963984489440918e-02 -3.027922287583351135e-02 1.439225580543279648e-02 1.909977570176124573e-02 9.992553591728210449e-01
3.709320724010467529e-02 -1.892889849841594696e-02 2.211942896246910095e-02 -2.613204717636108398e-02 1.304609701037406921e-02 1.407847460359334946e-02 9.994742274284362793e-01
2.394792251288890839e-02 -1.329421438276767731e-02 1.542945299297571182e-02 -2.173819951713085175e-02 6.437982432544231415e-03 9.125553071498870850e-03 9.997013211250305176e-01
1.269502472132444382e-02 -7.457999978214502335e-03 8.228088729083538055e-03 -1.690441742539405823e-02 -2.203564217779785395e-04 3.004392841830849648e-03 9.998525977134704590e-01
9.510831907391548157e-03 -4.200558178126811981e-03 6.386794149875640869e-03 -1.092630717903375626e-02 6.455917900893837214e-05 -2.762177493423223495e-03 9.999364614486694336e-01
9.934089146554470062e-03 -5.930948536843061447e-03 7.416232489049434662e-03 -7.558681536465883255e-03 7.574676419608294964e-04 -6.434980314224958420e-03 9.999504685401916504e-01
1.126639638096094131e-02 -7.411457132548093796e-03 7.598895113915205002e-03 -2.932594623416662216e-03 1.227561151608824730e-03 -9.901097975671291351e-03 9.999459385871887207e-01
1.286523602902889252e-02 -8.293446153402328491e-03 7.888730615377426147e-03 -2.078971556329634041e-05 1.402648864313960075e-03 -1.268451474606990814e-02 9.999185800552368164e-01
1.364863105118274689e-02 -1.061991695314645767e-02 7.880008779466152191e-03 3.453925251960754395e-03 1.946249278262257576e-03 -1.478108670562505722e-02 9.998828768730163574e-01
1.463892403990030289e-02 -1.232301630079746246e-02 8.112281560897827148e-03 5.997135769575834274e-03 2.294490812346339226e-03 -1.609596610069274902e-02 9.998498558998107910e-01
1.542613655328750610e-02 -1.355588901787996292e-02 9.415574371814727783e-03 8.596542291343212128e-03 2.539666602388024330e-03 -1.708453707396984100e-02 9.998138546943664551e-01
1.676610298454761505e-02 -1.428022515028715134e-02 1.057701651006937027e-02 1.016319170594215393e-02 2.512074075639247894e-03 -1.822234317660331726e-02 9.997791647911071777e-01
1.864586584270000458e-02 -1.516709756106138229e-02 1.075393427163362503e-02 1.169493980705738068e-02 2.458486007526516914e-03 -1.845037564635276794e-02 9.997583627700805664e-01
1.994164474308490753e-02 -1.655359938740730286e-02 1.138512417674064636e-02 1.306264195591211319e-02 1.946258940733969212e-03 -1.743013784289360046e-02 9.997608661651611328e-01
2.248166501522064209e-02 -1.565640047192573547e-02 1.314538344740867615e-02 1.386590022593736649e-02 2.241030335426330566e-03 -1.607877947390079498e-02 9.997720718383789062e-01
2.477004937827587128e-02 -1.630696654319763184e-02 1.358490157872438431e-02 1.441797707229852676e-02 1.748685957863926888e-03 -1.412498299032449722e-02 9.997947812080383301e-01
2.700200676918029785e-02 -1.702107116580009460e-02 1.434422470629215240e-02 1.471640169620513916e-02 1.368930097669363022e-03 -1.134941726922988892e-02 9.998263716697692871e-01
2.924177981913089752e-02 -1.676581799983978271e-02 1.643552444875240326e-02 1.399742625653743744e-02 8.878698572516441345e-04 -8.392168208956718445e-03 9.998664259910583496e-01
3.201469033956527710e-02 -1.651314459741115570e-02 1.778776384890079498e-02 1.350389700382947922e-02 3.612044965848326683e-04 -4.674775991588830948e-03 9.998978376388549805e-01
3.424422070384025574e-02 -1.840015128254890442e-02 1.843038760125637054e-02 1.274912338703870773e-02 -4.500357899814844131e-04 -9.607524261809885502e-04 9.999181628227233887e-01
3.694725781679153442e-02 -1.881755888462066650e-02 2.001061476767063141e-02 1.088619045913219452e-02 -7.093633485055761412e-06 4.577437881380319595e-03 9.999302625656127930e-01
3.926147520542144775e-02 -1.943022198975086212e-02 2.244816906750202179e-02 9.018201380968093872e-03 -4.703481972683221102e-04 9.534167125821113586e-03 9.999137520790100098e-01
4.071108251810073853e-02 -2.105070278048515320e-02 2.565305866301059723e-02 6.441540084779262543e-03 -7.657111156731843948e-03 1.488729752600193024e-02 9.998391270637512207e-01
4.448601976037025452e-02 -2.149162814021110535e-02 2.623439952731132507e-02 3.831775393337011337e-03 -1.635994017124176025e-02 1.972839422523975372e-02 9.996641874313354492e-01
4.685091227293014526e-02 -2.359403669834136963e-02 2.776131220161914825e-02 1.470972551032900810e-03 -1.758659631013870239e-02 2.503127790987491608e-02 9.995308518409729004e-01
5.041866376996040344e-02 -2.493999153375625610e-02 2.761065587401390076e-02 -8.704014471732079983e-04 -1.894448697566986084e-02 3.034276887774467468e-02 9.993596076965332031e-01
5.240293219685554504e-02 -2.678237855434417725e-02 2.933331765234470367e-02 -2.458930015563964844e-03 -1.915099099278450012e-02 3.471957892179489136e-02 9.992105364799499512e-01
5.447215214371681213e-02 -3.031916730105876923e-02 2.931038103997707367e-02 -3.809911198914051056e-03 -2.011091262102127075e-02 3.737954050302505493e-02 9.990915060043334961e-01
5.056783929467201233e-02 -2.985994890332221985e-02 2.680872194468975067e-02 -5.549374967813491821e-03 -2.033817023038864136e-02 3.959581628441810608e-02 9.989933371543884277e-01
4.084110260009765625e-02 -2.476275339722633362e-02 2.119357883930206299e-02 -7.294602226465940475e-03 -2.051499672234058380e-02 4.328601434826850891e-02 9.988254308700561523e-01
3.236553817987442017e-02 -1.867319457232952118e-02 1.430198457092046738e-02 -7.920718751847743988e-03 -2.017789706587791443e-02 4.474485665559768677e-02 9.987632632255554199e-01
2.421210706233978271e-02 -1.195270009338855743e-02 1.027373224496841431e-02 -8.129638619720935822e-03 -1.904939673840999603e-02 4.449343681335449219e-02 9.987949728965759277e-01
1.782265678048133850e-02 -2.605232642963528633e-03 1.026579830795526505e-02 -8.523251861333847046e-03 -1.730201207101345062e-02 4.510215297341346741e-02 9.987961649894714355e-01
1.632244512438774109e-02 3.697289503179490566e-04 1.064253970980644226e-02 -8.323881775140762329e-03 -1.742804050445556641e-02 4.697342216968536377e-02 9.987093806266784668e-01
1.690784469246864319e-02 2.157852519303560257e-03 1.070709433406591415e-02 -7.399522233754396439e-03 -1.635752432048320770e-02 4.566976428031921387e-02 9.987952709197998047e-01
1.751890778541564941e-02 3.503026440739631653e-03 1.111458521336317062e-02 -7.393943145871162415e-03 -1.447634957730770111e-02 4.350827634334564209e-02 9.989207983016967773e-01
1.852902211248874664e-02 3.753462107852101326e-03 1.170298736542463303e-02 -7.445013616234064102e-03 -1.270497031509876251e-02 4.076330736279487610e-02 9.990603327751159668e-01
1.986842043697834015e-02 4.619305953383445740e-03 1.206072606146335602e-02 -5.998836830258369446e-03 -1.018628664314746857e-02 3.862156346440315247e-02 9.991839528083801270e-01
2.175779826939105988e-02 6.160544697195291519e-03 1.156391482800245285e-02 -4.886901937425136566e-03 -8.544013835489749908e-03 3.507417812943458557e-02 9.993362426757812500e-01
2.357923611998558044e-02 7.114090956747531891e-03 1.194274798035621643e-02 -3.537694923579692841e-03 -4.981757607311010361e-03 3.119695000350475311e-02 9.994945526123046875e-01
2.502882853150367737e-02 5.518152844160795212e-03 1.086540240794420242e-02 -1.532622613012790680e-03 -2.093580318614840508e-03 2.368583902716636658e-02 9.997161030769348145e-01
2.105301991105079651e-02 -1.408715546131134033e-02 1.130324695259332657e-02 -7.118168286979198456e-04 2.389037283137440681e-03 2.020056359469890594e-02 9.997928142547607422e-01
