-4.452462308108806610e-03 9.506114125251770020e-01 -2.659993059933185577e-02
-1.096664648503065109e-02 8.760063648223876953e-01 -2.100448682904243469e-02
-1.618028059601783752e-02 8.003526329994201660e-01 -1.558091398328542709e-02
-2.115615457296371460e-02 7.238199114799499512e-01 -1.290429104119539261e-02
-2.444770559668540955e-02 6.465951800346374512e-01 -9.919919073581695557e-03
-2.639142237603664398e-02 5.688081383705139160e-01 -7.552389521151781082e-03
-2.693159133195877075e-02 4.908047318458557129e-01 -5.299855954945087433e-03
-2.592420764267444611e-02 4.118957221508026123e-01 -3.262181067839264870e-03
-2.343340404331684113e-02 3.340905308723449707e-01 -1.306711928918957710e-03
-1.980051770806312561e-02 2.530885934829711914e-01 6.380141130648553371e-04
-1.438636891543865204e-02 1.787118911743164062e-01 2.574302256107330322e-03
-8.504472672939300537e-03 8.697448670864105225e-02 6.114930845797061920e-03
-3.325401339679956436e-03 4.563768953084945679e-02 6.257291883230209351e-03
1.597868278622627258e-03 6.863209605216979980e-02 2.639688784256577492e-03
5.879600532352924347e-03 7.069472223520278931e-02 5.260151810944080353e-04
9.725935757160186768e-03 8.245410025119781494e-02 -2.004472538828849792e-03
1.294859312474727631e-02 9.095402806997299194e-02 -4.191894549876451492e-03
1.547749713063240051e-02 1.015966013073921204e-01 -6.397423334419727325e-03
1.743209175765514374e-02 1.121660396456718445e-01 -8.495968766510486603e-03
1.876564510166645050e-02 1.235575228929519653e-01 -1.055542565882205963e-02
1.960312388837337494e-02 1.354562193155288696e-01 -1.259178016334772110e-02
1.998871564865112305e-02 1.479975730180740356e-01 -1.450026035308837891e-02
1.982514001429080963e-02 1.612541526556015015e-01 -1.656011864542961121e-02
1.951987296342849731e-02 1.752631515264511108e-01 -1.803565397858619690e-02
1.897127181291580200e-02 1.899378895759582520e-01 -1.926579140126705170e-02
1.792449317872524261e-02 2.053974419832229614e-01 -2.102362178266048431e-02
1.669892668724060059e-02 2.215685695409774780e-01 -2.242181636393070221e-02
1.519439369440078735e-02 2.385962754487991333e-01 -2.375270053744316101e-02
1.352398749440908432e-02 2.562032938003540039e-01 -2.477235347032546997e-02
1.144948042929172516e-02 2.748651504516601562e-01 -2.567647024989128113e-02
9.131371974945068359e-03 2.934504151344299316e-01 -2.594103664159774780e-02
6.355119869112968445e-03 3.133045136928558350e-01 -2.595913037657737732e-02
3.265227656811475754e-03 3.317376375198364258e-01 -2.599451690912246704e-02
2.623926848173141479e-04 3.521002531051635742e-01 -2.567268162965774536e-02
-2.709682099521160126e-03 3.643654882907867432e-01 -2.461224794387817383e-02
-5.638010799884796143e-03 3.925662040710449219e-01 -2.425137348473072052e-02
-8.394149132072925568e-03 3.735575079917907715e-01 -2.074433863162994385e-02
-1.096861623227596283e-02 2.946800887584686279e-01 -1.336134783923625946e-02
-1.311298459768295288e-02 2.327346503734588623e-01 -6.947077345103025436e-03
-1.457504369318485260e-02 1.668496876955032349e-01 -2.534016966819763184e-04
-1.539874821901321411e-02 9.095341712236404419e-02 7.008608430624008179e-03
-1.524104736745357513e-02 4.761321097612380981e-02 1.211564801633358002e-02
-1.407802477478981018e-02 5.006043985486030579e-02 1.417713798582553864e-02
-1.187358610332012177e-02 3.591570630669593811e-02 1.700716279447078705e-02
-8.536225184798240662e-03 2.879065275192260742e-02 1.908882707357406616e-02
-3.968700300902128220e-03 1.678196713328361511e-02 2.111774124205112457e-02
1.810336718335747719e-03 9.697726927697658539e-03 2.247275784611701965e-02
8.777812123298645020e-03 -7.077703252434730530e-03 2.405532822012901306e-02
1.702313311398029327e-02 1.048353966325521469e-03 2.372975833714008331e-02
2.638476155698299408e-02 4.138296470046043396e-02 2.109436877071857452e-02
3.703378513455390930e-02 7.062471657991409302e-02 1.885703764855861664e-02
