2.616429710388183594e+01 -2.226403045654296875e+01 -9.312875270843505859e-01 -9.828075766563415527e-02 1.950348913669586182e-01 7.394629120826721191e-01 6.367863416671752930e-01
2.616372871398925781e+01 -2.217281341552734375e+01 -9.335698485374450684e-01 -1.150443628430366516e-01 1.832592040300369263e-01 7.594124078750610352e-01 6.135740876197814941e-01
2.616295814514160156e+01 -2.208936119079589844e+01 -9.348350763320922852e-01 -1.317157000303268433e-01 1.714167743921279907e-01 7.774058580398559570e-01 5.906829237937927246e-01
2.616201782226562500e+01 -2.201375007629394531e+01 -9.353556036949157715e-01 -1.481156945228576660e-01 1.596851497888565063e-01 7.933980226516723633e-01 5.684008598327636719e-01
2.616100120544433594e+01 -2.194606971740722656e+01 -9.352120757102966309e-01 -1.640770286321640015e-01 1.482433527708053589e-01 8.073760867118835449e-01 5.470306277275085449e-01
2.616005516052246094e+01 -2.188636207580566406e+01 -9.344466924667358398e-01 -1.794434338808059692e-01 1.372693181037902832e-01 8.193559646606445312e-01 5.268843173980712891e-01
2.615930175781250000e+01 -2.183467292785644531e+01 -9.331010580062866211e-01 -1.940723657608032227e-01 1.269402056932449341e-01 8.293765187263488770e-01 5.082807540893554688e-01
2.615888214111328125e+01 -2.179102516174316406e+01 -9.312059283256530762e-01 -2.078258693218231201e-01 1.174261718988418579e-01 8.374951481819152832e-01 4.915409684181213379e-01
2.615893363952636719e+01 -2.175545883178710938e+01 -9.287841320037841797e-01 -2.205992490053176880e-01 1.089065149426460266e-01 8.437741994857788086e-01 4.769804477691650391e-01
2.615957450866699219e+01 -2.172795486450195312e+01 -9.258525967597961426e-01 -2.322079837322235107e-01 1.015073135495185852e-01 8.482979536056518555e-01 4.649244248867034912e-01
2.616092681884765625e+01 -2.170859336853027344e+01 -9.224249124526977539e-01 -2.427977025508880615e-01 9.553088992834091187e-02 8.510643839836120605e-01 4.556311070919036865e-01
2.616312599182128906e+01 -2.169730186462402344e+01 -9.184447526931762695e-01 -2.468554228544235229e-01 8.807553350925445557e-02 8.535140156745910645e-01 4.503390789031982422e-01
2.616611671447753906e+01 -2.169426536560058594e+01 -9.139161705970764160e-01 -2.498877644538879395e-01 8.211362361907958984e-02 8.544839024543762207e-01 4.479464292526245117e-01
2.616985321044921875e+01 -2.169096755981445312e+01 -9.093745946884155273e-01 -2.523180544376373291e-01 7.769168913364410400e-02 8.541033267974853516e-01 4.480972886085510254e-01
2.617426872253417969e+01 -2.168692970275878906e+01 -9.048359990119934082e-01 -2.541543245315551758e-01 7.464496046304702759e-02 8.525706529617309570e-01 4.504887461662292480e-01
2.617930030822753906e+01 -2.168223190307617188e+01 -9.002881646156311035e-01 -2.554774284362792969e-01 7.286823540925979614e-02 8.500406146049499512e-01 4.547906816005706787e-01
2.618488502502441406e+01 -2.167673492431640625e+01 -8.957336544990539551e-01 -2.563192844390869141e-01 7.224448025226593018e-02 8.466653823852539062e-01 4.606729149818420410e-01
2.619094276428222656e+01 -2.167041397094726562e+01 -8.911674618721008301e-01 -2.567026913166046143e-01 7.266423106193542480e-02 8.425927758216857910e-01 4.678035080432891846e-01
2.619740676879882812e+01 -2.166318321228027344e+01 -8.865952491760253906e-01 -2.566380202770233154e-01 7.401929795742034912e-02 8.379737734794616699e-01 4.758528470993041992e-01
2.620419120788574219e+01 -2.165500068664550781e+01 -8.820219039916992188e-01 -2.561296522617340088e-01 7.620370388031005859e-02 8.329647779464721680e-01 4.844966232776641846e-01
2.621124267578125000e+01 -2.164578628540039062e+01 -8.774489164352416992e-01 -2.551808655261993408e-01 7.911162078380584717e-02 8.277312517166137695e-01 4.934171140193939209e-01
2.621850204467773438e+01 -2.163547515869140625e+01 -8.728863000869750977e-01 -2.537975609302520752e-01 8.263872563838958740e-02 8.224475383758544922e-01 5.023061633110046387e-01
2.622591209411621094e+01 -2.162400245666503906e+01 -8.683347702026367188e-01 -2.519926726818084717e-01 8.667968213558197021e-02 8.172982335090637207e-01 5.108646154403686523e-01
2.623341941833496094e+01 -2.161127471923828125e+01 -8.638048768043518066e-01 -2.497884780168533325e-01 9.112945944070816040e-02 8.124754428863525391e-01 5.188030004501342773e-01
2.624101066589355469e+01 -2.159723281860351562e+01 -8.592207431793212891e-01 -2.472200542688369751e-01 9.588352590799331665e-02 8.081775307655334473e-01 5.258411765098571777e-01
2.624862670898437500e+01 -2.158178329467773438e+01 -8.546473979949951172e-01 -2.443369030952453613e-01 1.008367910981178284e-01 8.046057224273681641e-01 5.317062139511108398e-01
2.625622940063476562e+01 -2.156485748291015625e+01 -8.500819802284240723e-01 -2.412073314189910889e-01 1.058850288391113281e-01 8.019603490829467773e-01 5.361312627792358398e-01
2.626379394531250000e+01 -2.154635429382324219e+01 -8.455186486244201660e-01 -2.379104197025299072e-01 1.109186559915542603e-01 8.004381060600280762e-01 5.388542413711547852e-01
2.627128410339355469e+01 -2.152620697021484375e+01 -8.409435153007507324e-01 -2.345696836709976196e-01 1.158413961529731750e-01 8.002187013626098633e-01 5.396082401275634766e-01
2.627866744995117188e+01 -2.150433158874511719e+01 -8.363430500030517578e-01 -2.312321066856384277e-01 1.204877719283103943e-01 8.014898300170898438e-01 5.381429791450500488e-01
2.628589820861816406e+01 -2.148065185546875000e+01 -8.316959142684936523e-01 -2.283179908990859985e-01 1.249193772673606873e-01 8.043258786201477051e-01 5.341309309005737305e-01
2.629294776916503906e+01 -2.145514678955078125e+01 -8.269472718238830566e-01 -2.197909653186798096e-01 1.248996108770370483e-01 8.103668093681335449e-01 5.285527110099792480e-01
2.629975318908691406e+01 -2.142773628234863281e+01 -8.221157193183898926e-01 -2.106194645166397095e-01 1.238911151885986328e-01 8.181651830673217773e-01 5.204485058784484863e-01
2.630631446838378906e+01 -2.139852333068847656e+01 -8.171720504760742188e-01 -2.011696696281433105e-01 1.221816316246986389e-01 8.273485302925109863e-01 5.099689364433288574e-01
2.631262779235839844e+01 -2.136754608154296875e+01 -8.120945692062377930e-01 -1.914426833391189575e-01 1.198074370622634888e-01 8.376275897026062012e-01 4.973409175872802734e-01
2.631869316101074219e+01 -2.133502769470214844e+01 -8.068425059318542480e-01 -1.815407574176788330e-01 1.168730482459068298e-01 8.486939072608947754e-01 4.827783405780792236e-01
2.632451629638671875e+01 -2.130073547363281250e+01 -8.014182448387145996e-01 -1.715441644191741943e-01 1.134681552648544312e-01 8.602547049522399902e-01 4.665109515190124512e-01
2.633011245727539062e+01 -2.127266693115234375e+01 -7.953087687492370605e-01 -1.615455895662307739e-01 1.096901148557662964e-01 8.720321655273437500e-01 4.487808644771575928e-01
2.633550453186035156e+01 -2.125129318237304688e+01 -7.884804010391235352e-01 -1.516415774822235107e-01 1.056386753916740417e-01 8.837707042694091797e-01 4.298464655876159668e-01
2.634074592590332031e+01 -2.123660469055175781e+01 -7.809354662895202637e-01 -1.419355869293212891e-01 1.014176830649375916e-01 8.952407240867614746e-01 4.099823832511901855e-01
2.634589767456054688e+01 -2.122864341735839844e+01 -7.726751565933227539e-01 -1.325369626283645630e-01 9.713491052389144897e-02 9.062426686286926270e-01 3.894813954830169678e-01
2.635103225708007812e+01 -2.122772026062011719e+01 -7.637009024620056152e-01 -1.235602572560310364e-01 9.290105849504470825e-02 9.166092276573181152e-01 3.686496913433074951e-01
2.635624885559082031e+01 -2.122787666320800781e+01 -7.544001936912536621e-01 -1.151248365640640259e-01 8.882992714643478394e-02 9.262061715126037598e-01 3.478082716464996338e-01
2.636164665222167969e+01 -2.122887992858886719e+01 -7.448177337646484375e-01 -1.073543578386306763e-01 8.503771573305130005e-02 9.349325895309448242e-01 3.272889256477355957e-01
2.636733245849609375e+01 -2.123086738586425781e+01 -7.349751591682434082e-01 -1.003754585981369019e-01 8.164239674806594849e-02 9.427183270454406738e-01 3.074324727058410645e-01
2.637342071533203125e+01 -2.123381996154785156e+01 -7.249128818511962891e-01 -9.431725740432739258e-02 7.876332104206085205e-02 9.495223164558410645e-01 2.885853946208953857e-01
2.638003158569335938e+01 -2.123781013488769531e+01 -7.146662473678588867e-01 -8.931064605712890625e-02 7.652057707309722900e-02 9.553262591361999512e-01 2.710964977741241455e-01
2.638727951049804688e+01 -2.124276924133300781e+01 -7.042807340621948242e-01 -8.548720180988311768e-02 7.503481954336166382e-02 9.601296186447143555e-01 2.553157508373260498e-01
2.639528656005859375e+01 -2.124888420104980469e+01 -6.937830448150634766e-01 -8.297914266586303711e-02 7.442685216665267944e-02 9.639410972595214844e-01 2.415902614593505859e-01
2.640416717529296875e+01 -2.125188636779785156e+01 -6.834748387336730957e-01 -8.191838115453720093e-02 7.481759041547775269e-02 9.667694568634033203e-01 2.302633672952651978e-01
2.641404533386230469e+01 -2.125157546997070312e+01 -6.733998656272888184e-01 -8.243632316589355469e-02 7.632788270711898804e-02 9.686136841773986816e-01 2.216714322566986084e-01
