-4.452462308108806610e-03 9.506114125251770020e-01 -2.659993059933185577e-02
-1.244027819484472275e-02 8.747266530990600586e-01 -2.094039134681224823e-02
-1.907261274755001068e-02 7.978333234786987305e-01 -1.545229554176330566e-02
-2.541519142687320709e-02 7.201012372970581055e-01 -1.271127350628376007e-02
-3.002359345555305481e-02 6.417176127433776855e-01 -9.662771597504615784e-03
-3.323490545153617859e-02 5.628127455711364746e-01 -7.230884861201047897e-03
-3.499427437782287598e-02 4.837333858013153076e-01 -4.914632067084312439e-03
-3.515940904617309570e-02 4.037908911705017090e-01 -2.814768347889184952e-03
-3.379693999886512756e-02 3.249951601028442383e-01 -7.983029936440289021e-04
-3.125060722231864929e-02 2.430455535650253296e-01 1.206321874633431435e-03
-2.688235044479370117e-02 1.677634567022323608e-01 3.200965933501720428e-03
-2.200657315552234650e-02 7.516040652990341187e-02 6.797474343329668045e-03
-1.779404282569885254e-02 3.299207985401153564e-02 6.992859765887260437e-03
-1.379767991602420807e-02 5.518613010644912720e-02 3.425664268434047699e-03
-1.040342077612876892e-02 5.647860839962959290e-02 1.359794521704316139e-03
-7.405085489153862000e-03 6.749764829874038696e-02 -1.125451875850558281e-03
-4.991674795746803284e-03 7.528624683618545532e-02 -3.269822802394628525e-03
-3.233885858207941055e-03 8.524604886770248413e-02 -5.434203427284955978e-03
-2.012991346418857574e-03 9.516152739524841309e-02 -7.493634242564439774e-03
-1.376646105200052261e-03 1.059282124042510986e-01 -9.516181424260139465e-03
-1.200307160615921021e-03 1.172319427132606506e-01 -1.151734963059425354e-02
-1.440254040062427521e-03 1.292090266942977905e-01 -1.339231338351964951e-02
-2.195098437368869781e-03 1.419330537319183350e-01 -1.542041078209877014e-02
-3.058196976780891418e-03 1.554425656795501709e-01 -1.686625368893146515e-02
-4.131555091589689255e-03 1.696516424417495728e-01 -1.806895248591899872e-02
-5.670550744980573654e-03 1.846805661916732788e-01 -1.980208605527877808e-02
-7.355944719165563583e-03 2.004577517509460449e-01 -2.117902040481567383e-02
-9.287787601351737976e-03 2.171289771795272827e-01 -2.249258384108543396e-02
-1.135455444455146790e-02 2.344181239604949951e-01 -2.349905110895633698e-02
-1.379675511270761490e-02 2.528020739555358887e-01 -2.439397759735584259e-02
-1.645526848733425140e-02 2.711503803730010986e-01 -2.465299889445304871e-02
-1.954487711191177368e-02 2.908088564872741699e-01 -2.466907724738121033e-02
-2.292246930301189423e-02 3.090881705284118652e-01 -2.470550499856472015e-02
-2.618926577270030975e-02 3.293393552303314209e-01 -2.438719943165779114e-02
-2.940380200743675232e-02 3.415361642837524414e-01 -2.333190664649009705e-02
-3.255482763051986694e-02 3.697115778923034668e-01 -2.297722548246383667e-02
-3.551481291651725769e-02 3.507194817066192627e-01 -1.947678998112678528e-02
-3.827594220638275146e-02 2.718980312347412109e-01 -1.209995057433843613e-02
-4.059287533164024353e-02 2.100452035665512085e-01 -5.691659636795520782e-03
-4.222624376416206360e-02 1.442773044109344482e-01 9.924322366714477539e-04
-4.322404414415359497e-02 6.851299107074737549e-02 8.241057395935058594e-03
-4.323387145996093750e-02 2.531308680772781372e-02 1.333249732851982117e-02
-4.222813248634338379e-02 2.790076471865177155e-02 1.537594664841890335e-02
-4.016831144690513611e-02 1.389272045344114304e-02 1.818463206291198730e-02
-3.695941716432571411e-02 6.896605715155601501e-03 2.024432457983493805e-02
-3.250100463628768921e-02 -4.997760988771915436e-03 2.225358411669731140e-02
-2.680396847426891327e-02 -1.198181975632905960e-02 2.359217405319213867e-02
-1.988557353615760803e-02 -2.867731451988220215e-02 2.516081370413303375e-02
-1.165523752570152283e-02 -2.049438282847404480e-02 2.482775971293449402e-02
-2.293044235557317734e-03 1.986278221011161804e-02 2.219017967581748962e-02
8.355950005352497101e-03 4.910450801253318787e-02 1.995285041630268097e-02
