-4.452462308108806610e-03 9.506114125251770020e-01 -2.659993059933185577e-02
-1.065272837877273560e-02 8.762523531913757324e-01 -2.025517448782920837e-02
-1.558232400566339493e-02 8.008462190628051758e-01 -1.411492284387350082e-02
-2.028537355363368988e-02 7.245625853538513184e-01 -1.074733398854732513e-02
-2.329990081489086151e-02 6.475889086723327637e-01 -7.099400274455547333e-03
-2.496683225035667419e-02 5.700556635856628418e-01 -4.092629067599773407e-03
-2.523412741720676422e-02 4.923093020915985107e-01 -1.222213031724095345e-03
-2.396483346819877625e-02 4.136599600315093994e-01 1.414775382727384567e-03
-2.122837491333484650e-02 3.361159265041351318e-01 3.950931131839752197e-03
-1.736710034310817719e-02 2.553760409355163574e-01 6.455932278186082840e-03
-1.173913106322288513e-02 1.812627315521240234e-01 8.931758813560009003e-03
-5.655543878674507141e-03 8.979051560163497925e-02 1.299194339662790298e-02
-2.881766995415091515e-04 4.871892184019088745e-02 1.363481767475605011e-02
4.808803554624319077e-03 7.197725772857666016e-02 1.049867086112499237e-02
9.249627590179443359e-03 7.430289685726165771e-02 8.848299272358417511e-03
1.323829218745231628e-02 8.632450550794601440e-02 6.764903198927640915e-03
1.658859848976135254e-02 9.508689492940902710e-02 5.007850937545299530e-03
1.923217996954917908e-02 1.059932559728622437e-01 3.216061275452375412e-03
2.128933928906917572e-02 1.168272718787193298e-01 1.515795360319316387e-03
2.271497063338756561e-02 1.284838318824768066e-01 -1.601832918822765350e-04
2.363497391343116760e-02 1.406476944684982300e-01 -1.827424624934792519e-03
2.409364283084869385e-02 1.534538269042968750e-01 -3.380091860890388489e-03
2.399370633065700531e-02 1.669740527868270874e-01 -5.096752196550369263e-03
2.374304644763469696e-02 1.812446415424346924e-01 -6.241575814783573151e-03
2.324355021119117737e-02 1.961782276630401611e-01 -7.155164144933223724e-03
2.224093489348888397e-02 2.118930071592330933e-01 -8.611092343926429749e-03
2.105164527893066406e-02 2.283149510622024536e-01 -9.721624664962291718e-03
1.957851834595203400e-02 2.455884218215942383e-01 -1.077993772923946381e-02
1.793468743562698364e-02 2.634356319904327393e-01 -1.154190674424171448e-02
1.588120497763156891e-02 2.823311984539031982e-01 -1.220320165157318115e-02
1.358203403651714325e-02 3.011433780193328857e-01 -1.224051695317029953e-02
1.082893740385770798e-02 3.212168514728546143e-01 -1.205019187182188034e-02
7.769748568534851074e-03 3.398611545562744141e-01 -1.189604401588439941e-02
4.805875010788440704e-03 3.604262173175811768e-01 -1.140473037958145142e-02
1.879915478639304638e-03 3.728846907615661621e-01 -1.019632909446954727e-02
-9.946334175765514374e-04 4.012692868709564209e-01 -9.710006415843963623e-03
-3.689395496621727943e-03 3.824353218078613281e-01 -6.097647361457347870e-03
-6.193442270159721375e-03 3.037241101264953613e-01 1.375829335302114487e-03
-8.258285932242870331e-03 2.419365942478179932e-01 7.868692278861999512e-03
-9.662732481956481934e-03 1.761793643236160278e-01 1.462481264024972916e-02
-1.046148408204317093e-02 1.003773361444473267e-01 2.193463966250419617e-02
-1.028727833181619644e-02 5.711664259433746338e-02 2.708127349615097046e-02
-9.110569953918457031e-03 5.963270366191864014e-02 2.917487733066082001e-02
-6.895619444549083710e-03 4.554533585906028748e-02 3.203171864151954651e-02
-3.552031936123967171e-03 3.846218064427375793e-02 3.413426876068115234e-02
1.017518341541290283e-03 2.648151293396949768e-02 3.617614135146141052e-02
6.796249654144048691e-03 1.941267959773540497e-02 3.753685206174850464e-02
1.376328431069850922e-02 2.643886022269725800e-03 3.912157565355300903e-02
2.200762368738651276e-02 1.076987292617559433e-02 3.879570215940475464e-02
3.136809915304183960e-02 5.110311135649681091e-02 3.615935519337654114e-02
4.201706871390342712e-02 8.034493029117584229e-02 3.392201662063598633e-02
