2.616429710388183594e+01 -2.226403045654296875e+01 -9.312875270843505859e-01 -9.828075766563415527e-02 1.950348913669586182e-01 7.394629120826721191e-01 6.367863416671752930e-01
2.616371726989746094e+01 -2.217281150817871094e+01 -9.335732460021972656e-01 -1.150443628430366516e-01 1.832592189311981201e-01 7.594124078750610352e-01 6.135740876197814941e-01
2.616254043579101562e+01 -2.208922195434570312e+01 -9.349826574325561523e-01 -1.317157000303268433e-01 1.714168041944503784e-01 7.774057984352111816e-01 5.906829237937927246e-01
2.616079902648925781e+01 -2.201334953308105469e+01 -9.357804059982299805e-01 -1.481157094240188599e-01 1.596851944923400879e-01 7.933979630470275879e-01 5.684008598327636719e-01
2.615860176086425781e+01 -2.194528007507324219e+01 -9.360508322715759277e-01 -1.640770584344863892e-01 1.482434123754501343e-01 8.073760271072387695e-01 5.470306873321533203e-01
2.615611076354980469e+01 -2.188505363464355469e+01 -9.358300566673278809e-01 -1.794434785842895508e-01 1.372694224119186401e-01 8.193559050559997559e-01 5.268844962120056152e-01
2.615345001220703125e+01 -2.183272933959960938e+01 -9.351559281349182129e-01 -1.940724104642868042e-01 1.269403100013732910e-01 8.293763995170593262e-01 5.082809329032897949e-01
2.615077781677246094e+01 -2.178832626342773438e+01 -9.340590238571166992e-01 -2.078259289264678955e-01 1.174262985587120056e-01 8.374949693679809570e-01 4.915412068367004395e-01
2.614823532104492188e+01 -2.175188636779785156e+01 -9.325559735298156738e-01 -2.205993086099624634e-01 1.089066937565803528e-01 8.437739610671997070e-01 4.769808053970336914e-01
2.614595413208007812e+01 -2.172339439392089844e+01 -9.306644797325134277e-01 -2.322079837322235107e-01 1.015075147151947021e-01 8.482976555824279785e-01 4.649248719215393066e-01
2.614406776428222656e+01 -2.170293426513671875e+01 -9.283902645111083984e-01 -2.427976727485656738e-01 9.553111344575881958e-02 8.510640859603881836e-01 4.556316733360290527e-01
2.614272499084472656e+01 -2.169043159484863281e+01 -9.256759285926818848e-01 -2.468553334474563599e-01 8.807574957609176636e-02 8.535137176513671875e-01 4.503396451473236084e-01
2.614187049865722656e+01 -2.168607711791992188e+01 -9.225209355354309082e-01 -2.498876005411148071e-01 8.211380243301391602e-02 8.544836044311523438e-01 4.479469656944274902e-01
2.614147377014160156e+01 -2.168136024475097656e+01 -9.194584488868713379e-01 -2.523178458213806152e-01 7.769184559583663940e-02 8.541030883789062500e-01 4.480978548526763916e-01
2.614148139953613281e+01 -2.167579650878906250e+01 -9.165000915527343750e-01 -2.541540563106536865e-01 7.464509457349777222e-02 8.525704145431518555e-01 4.504892528057098389e-01
2.614183425903320312e+01 -2.166947937011718750e+01 -9.136300086975097656e-01 -2.554770708084106445e-01 7.286835461854934692e-02 8.500403761863708496e-01 4.547911584377288818e-01
2.614248466491699219e+01 -2.166226768493652344e+01 -9.108446836471557617e-01 -2.563188672065734863e-01 7.224458456039428711e-02 8.466652035713195801e-01 4.606733620166778564e-01
2.614336395263671875e+01 -2.165413856506347656e+01 -9.081427454948425293e-01 -2.567022442817687988e-01 7.266429811716079712e-02 8.425926566123962402e-01 4.678038954734802246e-01
2.614440345764160156e+01 -2.164501953125000000e+01 -9.055212736129760742e-01 -2.566374838352203369e-01 7.401935756206512451e-02 8.379737734794616699e-01 4.758532643318176270e-01
2.614554595947265625e+01 -2.163485527038574219e+01 -9.029807448387145996e-01 -2.561290860176086426e-01 7.620373368263244629e-02 8.329648375511169434e-01 4.844969809055328369e-01
2.614673805236816406e+01 -2.162358283996582031e+01 -9.005239009857177734e-01 -2.551802098751068115e-01 7.911162823438644409e-02 8.277312517166137695e-01 4.934173524379730225e-01
2.614792633056640625e+01 -2.161113929748535156e+01 -8.981520533561706543e-01 -2.537968754768371582e-01 8.263871073722839355e-02 8.224475979804992676e-01 5.023064613342285156e-01
2.614906692504882812e+01 -2.159745979309082031e+01 -8.958608508110046387e-01 -2.519919872283935547e-01 8.667966723442077637e-02 8.172982931137084961e-01 5.108648538589477539e-01
2.615011596679687500e+01 -2.158245658874511719e+01 -8.936635851860046387e-01 -2.497877478599548340e-01 9.112945199012756348e-02 8.124755024909973145e-01 5.188032388687133789e-01
2.615106773376464844e+01 -2.156606674194335938e+01 -8.914804458618164062e-01 -2.472192943096160889e-01 9.588353335857391357e-02 8.081775903701782227e-01 5.258414149284362793e-01
2.615188026428222656e+01 -2.154820632934570312e+01 -8.893683552742004395e-01 -2.443361282348632812e-01 1.008367910981178284e-01 8.046057820320129395e-01 5.317064523696899414e-01
2.615251922607421875e+01 -2.152880477905273438e+01 -8.873251676559448242e-01 -2.412065416574478149e-01 1.058850586414337158e-01 8.019604086875915527e-01 5.361315011978149414e-01
2.615296554565429688e+01 -2.150777053833007812e+01 -8.853408098220825195e-01 -2.379096001386642456e-01 1.109187006950378418e-01 8.004381656646728516e-01 5.388545393943786621e-01
2.615319252014160156e+01 -2.148503303527832031e+01 -8.833984732627868652e-01 -2.345688492059707642e-01 1.158414557576179504e-01 8.002187609672546387e-01 5.396085381507873535e-01
2.615318298339843750e+01 -2.146051788330078125e+01 -8.814823627471923828e-01 -2.312312722206115723e-01 1.204878315329551697e-01 8.014897704124450684e-01 5.381433367729187012e-01
2.615289497375488281e+01 -2.143414306640625000e+01 -8.795680999755859375e-01 -2.283171862363815308e-01 1.249194368720054626e-01 8.043257594108581543e-01 5.341312885284423828e-01
2.615230751037597656e+01 -2.140589332580566406e+01 -8.775956630706787109e-01 -2.197901755571365356e-01 1.248996928334236145e-01 8.103666901588439941e-01 5.285531282424926758e-01
2.615137100219726562e+01 -2.137568855285644531e+01 -8.755823969841003418e-01 -2.106187343597412109e-01 1.238912194967269897e-01 8.181651234626770020e-01 5.204491019248962402e-01
2.615008544921875000e+01 -2.134363746643066406e+01 -8.734979629516601562e-01 -2.011689543724060059e-01 1.221817359328269958e-01 8.273482918739318848e-01 5.099694728851318359e-01
2.614845848083496094e+01 -2.130977821350097656e+01 -8.713123798370361328e-01 -1.914420425891876221e-01 1.198075711727142334e-01 8.376272916793823242e-01 4.973416030406951904e-01
2.614649963378906250e+01 -2.127433586120605469e+01 -8.689921498298645020e-01 -1.815401464700698853e-01 1.168732047080993652e-01 8.486935496330261230e-01 4.827790856361389160e-01
2.614421653747558594e+01 -2.123707389831542969e+01 -8.665298819541931152e-01 -1.715436279773712158e-01 1.134683191776275635e-01 8.602542877197265625e-01 4.665117859840393066e-01
2.614163398742675781e+01 -2.120600128173828125e+01 -8.634116053581237793e-01 -1.615450382232666016e-01 1.096902936697006226e-01 8.720317482948303223e-01 4.487818181514739990e-01
2.613878250122070312e+01 -2.118158149719238281e+01 -8.596035838127136230e-01 -1.516409516334533691e-01 1.056388095021247864e-01 8.837702870368957520e-01 4.298475086688995361e-01
2.613572311401367188e+01 -2.116380882263183594e+01 -8.551040291786193848e-01 -1.419348120689392090e-01 1.014177575707435608e-01 8.952403664588928223e-01 4.099834561347961426e-01
2.613251495361328125e+01 -2.115273094177246094e+01 -8.499147891998291016e-01 -1.325359791517257690e-01 9.713487327098846436e-02 9.062423110008239746e-01 3.894823789596557617e-01
2.612924003601074219e+01 -2.114865493774414062e+01 -8.440253734588623047e-01 -1.235591396689414978e-01 9.290090948343276978e-02 9.166090488433837891e-01 3.686504960060119629e-01
2.612600517272949219e+01 -2.114562988281250000e+01 -8.378256559371948242e-01 -1.151236295700073242e-01 8.882965892553329468e-02 9.262061119079589844e-01 3.478087484836578369e-01
2.612290954589843750e+01 -2.114342880249023438e+01 -8.313542604446411133e-01 -1.073530837893486023e-01 8.503735810518264771e-02 9.349326491355895996e-01 3.272892236709594727e-01
2.612006759643554688e+01 -2.114219665527343750e+01 -8.246343135833740234e-01 -1.003741025924682617e-01 8.164197206497192383e-02 9.427184462547302246e-01 3.074327111244201660e-01
2.611759757995605469e+01 -2.114190673828125000e+01 -8.177040219306945801e-01 -9.431578218936920166e-02 7.876282185316085815e-02 9.495223760604858398e-01 2.885856330394744873e-01
2.611563110351562500e+01 -2.114264488220214844e+01 -8.105948567390441895e-01 -8.930908888578414917e-02 7.652001082897186279e-02 9.553263783454895020e-01 2.710968255996704102e-01
2.611428260803222656e+01 -2.114434242248535156e+01 -8.033497333526611328e-01 -8.548552542924880981e-02 7.503420859575271606e-02 9.601296782493591309e-01 2.553161978721618652e-01
2.611368560791015625e+01 -2.114719009399414062e+01 -7.959975004196166992e-01 -8.297735452651977539e-02 7.442619651556015015e-02 9.639411568641662598e-01 2.415909916162490845e-01
2.611396598815917969e+01 -2.114692306518554688e+01 -7.888358831405639648e-01 -8.191641420125961304e-02 7.481680810451507568e-02 9.667694568634033203e-01 2.302640229463577271e-01
2.611525154113769531e+01 -2.114334678649902344e+01 -7.819075584411621094e-01 -8.243432641029357910e-02 7.632703334093093872e-02 9.686138033866882324e-01 2.216719090938568115e-01
