0.000000000000000000e+00 0.000000000000000000e+00 0.000000000000000000e+00 0.000000000000000000e+00 0.000000000000000000e+00 0.000000000000000000e+00 1.000000000000000000e+00
8.444549888372421265e-02 -7.783874869346618652e-03 3.367674350738525391e-02 -2.537163318183167232e-02 5.588348949571391062e-03 2.506381973329215723e-02 9.993482153514265942e-01
1.602905173059296917e-01 -1.705398045239808758e-02 6.727262010891379984e-02 -5.037775620320065345e-02 1.226689274395953780e-02 4.944278060685888126e-02 9.974302063143070107e-01
2.293184305192682293e-01 -2.296584823993843422e-02 9.757043735144883823e-02 -7.472407866479718885e-02 1.917543622517059454e-02 7.119217699787272480e-02 9.944748808529931816e-01
2.906153935772751717e-01 -2.894387574387149997e-02 1.256469348819311549e-01 -9.837866613693652118e-02 2.657879743356789462e-02 9.256964641978493447e-02 9.904776959315230167e-01
3.445362874462361558e-01 -3.362210744675522139e-02 1.508680862044130544e-01 -1.207907597285790141e-01 3.349349758370522012e-02 1.113359681556308628e-01 9.858458703969152914e-01
3.912066329711878510e-01 -3.775532486322067532e-02 1.727111646728120287e-01 -1.412826845426923272e-01 3.971965911903305863e-02 1.277481846402959420e-01 9.808883489210108442e-01
4.305838764021812093e-01 -4.017997607798468040e-02 1.914057396007581291e-01 -1.600279296917524741e-01 4.570477230812363539e-02 1.415656630810977201e-01 9.758387666736976218e-01
4.622348776002447313e-01 -4.162314922503609904e-02 2.076369276698570576e-01 -1.771661179481625326e-01 5.174799690122847823e-02 1.529672469908111843e-01 9.708425891028578114e-01
4.867240249033623067e-01 -4.225520363887930175e-02 2.203349424746435803e-01 -1.922820461040873896e-01 5.741431680942209875e-02 1.609355695020323884e-01 9.663492916334081029e-01
5.037745229591947815e-01 -4.274338442745950067e-02 2.299761954664643060e-01 -2.052404041921971345e-01 6.307762218603239768e-02 1.664486002781662699e-01 9.623889304911080744e-01
5.142786123575388002e-01 -4.318607970284459030e-02 2.357028561116127907e-01 -2.143716577285391667e-01 6.152378707501583027e-02 1.700263154775140950e-01 9.598701308155217493e-01
5.188843453140943307e-01 -4.144064844761057714e-02 2.387355926900241176e-01 -2.205249685019521066e-01 6.008598964516273511e-02 1.708714328017110207e-01 9.584160712174356611e-01
5.240284421147894944e-01 -4.028670594312337011e-02 2.424181346887107902e-01 -2.250672885877591234e-01 5.908224732799045864e-02 1.689615609077917691e-01 9.577609276818673800e-01
5.301533148865149592e-01 -3.947061074691737143e-02 2.463496027414358303e-01 -2.276075232001233684e-01 5.814664896721272874e-02 1.653767058966092163e-01 9.578435820860184968e-01
5.370479046799362388e-01 -3.908692580593459837e-02 2.507007035125028427e-01 -2.279079532375801742e-01 5.761544350016568894e-02 1.600373680717147862e-01 9.587108356235548579e-01
5.446663065700212414e-01 -3.918217774103838896e-02 2.556113870109404385e-01 -2.277307064463171826e-01 5.721061477743155654e-02 1.534689353901158848e-01 9.598504866740830144e-01
5.530404337005728754e-01 -4.047448881335906357e-02 2.608178119181251975e-01 -2.255651727791720684e-01 5.687423213344282302e-02 1.458973524880010642e-01 9.615610417884687955e-01
5.620906408204469074e-01 -4.082070908104783180e-02 2.667819985015194018e-01 -2.229817763162738609e-01 5.703637229443617174e-02 1.374832973962022975e-01 9.633920918314604620e-01
5.713995908103000065e-01 -4.204567463530369670e-02 2.738513632656394137e-01 -2.194441170861614054e-01 5.678806673849579739e-02 1.284982473557096105e-01 9.654571950008400405e-01
5.813212502430779027e-01 -4.413354222863506704e-02 2.814737577068356922e-01 -2.152048489484275073e-01 5.653047498949900773e-02 1.190255373630748625e-01 9.676384137899741722e-01
5.924653766550947998e-01 -4.577696334485806262e-02 2.891889978269723271e-01 -2.104364655077812230e-01 5.647119614872093962e-02 1.100115310166596971e-01 9.697551036387977996e-01
6.049764709787065486e-01 -4.848185312917539097e-02 2.963370361626850302e-01 -2.041457429597479667e-01 5.611832377100586106e-02 1.012635714092515321e-01 9.720704390495519265e-01
6.184864957674486297e-01 -4.966025199687403718e-02 3.043133547336737132e-01 -1.977052348176154550e-01 5.603720089790870107e-02 9.322124832995674903e-02 9.742085357360832365e-01
6.329515997080576994e-01 -5.183540632678459298e-02 3.127628719036429916e-01 -1.908430511548517561e-01 5.600462951478776125e-02 8.629067014268403113e-02 9.762153100341872669e-01
6.483482446667182542e-01 -5.464795457641215271e-02 3.218704875699878731e-01 -1.838541182179075362e-01 5.607747029718709864e-02 8.084949433023402854e-02 9.780165335033601526e-01
6.654235594938846532e-01 -5.633270441128811201e-02 3.309220037052436059e-01 -1.771605972161142406e-01 5.637734384870164012e-02 7.729505883979417846e-02 9.795208990999363374e-01
6.838875817885601283e-01 -5.869434025554837175e-02 3.401642030925322024e-01 -1.706212847925193954e-01 5.648082037277373652e-02 7.575226420526731674e-02 9.807955386182911628e-01
7.037047329239716209e-01 -6.078195644379076612e-02 3.500544863986769784e-01 -1.646242077023595818e-01 5.688441086598442636e-02 7.618815696123018566e-02 9.817629035452761777e-01
7.248446603034215396e-01 -6.303623045623897581e-02 3.607520147431516611e-01 -1.591970834197858620e-01 5.764088359099922565e-02 7.990670210574651877e-02 9.823180422490803698e-01
7.472557122974703425e-01 -6.478365627480049682e-02 3.726418629891742329e-01 -1.552205386999352399e-01 5.884650208543366207e-02 8.637764375336318134e-02 9.823352667076694633e-01
7.709170103326069556e-01 -6.690992254538011275e-02 3.856775658431914056e-01 -1.511898601138669529e-01 5.265007284004712823e-02 9.648652783562594593e-02 9.823746464434595094e-01
7.958028797760036133e-01 -6.872641315562359743e-02 4.001516908189681199e-01 -1.485526646359564551e-01 4.586594318416404442e-02 1.093009891082128565e-01 9.817747780755780029e-01
8.226789645507011084e-01 -6.971600534062820376e-02 4.145538854943144891e-01 -1.472207951707142914e-01 3.859839330990613715e-02 1.243828954867368386e-01 9.804922726944521605e-01
8.518348245419532505e-01 -6.973884151221337868e-02 4.281183648140253206e-01 -1.461415681804464628e-01 3.100209958465520443e-02 1.427454141859227366e-01 9.784197762719191171e-01
8.821357021959550515e-01 -6.971631267435418611e-02 4.426414501326446649e-01 -1.457761381362560060e-01 2.352144941874897630e-02 1.631053839871356992e-01 9.754961264309199853e-01
9.140027128461551964e-01 -7.093152505657369933e-02 4.577527743495773405e-01 -1.456006377310458677e-01 1.567149867229893426e-02 1.847083052976392914e-01 9.718218460066386788e-01
9.404823037559664201e-01 -7.130171822492457900e-02 4.702711459609781319e-01 -1.459614916068253943e-01 7.400832724779374955e-03 2.076141502615072021e-01 9.672315313584863850e-01
9.610069471431164079e-01 -7.023756610737734440e-02 4.806355247477810400e-01 -1.477102877616349175e-01 -6.480608340394334362e-04 2.315409690718080171e-01 9.615456466272510605e-01
9.769377915802497370e-01 -6.893966819582798833e-02 4.867752623535081535e-01 -1.491758391406069750e-01 -8.319952443199387163e-03 2.554960838912606058e-01 9.551958430208270512e-01
9.865957934549043351e-01 -6.537469596306255681e-02 4.931826153152894521e-01 -1.514045634109622007e-01 -1.453071503593988435e-02 2.793190613756337259e-01 9.480750911457990204e-01
9.917255721811710778e-01 -5.826597257039829725e-02 4.971878504828282641e-01 -1.530108818595335429e-01 -2.082589760488900640e-02 3.014706997547688672e-01 9.408875433392072107e-01
9.984556975988414518e-01 -5.396228710607404305e-02 5.030057559833515102e-01 -1.543580648228610741e-01 -2.702566679767083591e-02 3.253860539654271911e-01 9.325058268145517415e-01
1.004036830546519266e+00 -4.771321518738872586e-02 5.089336089931402185e-01 -1.561745689682723370e-01 -3.149954938328884679e-02 3.480395314244735250e-01 9.238429341408943563e-01
1.008958510017122778e+00 -3.915945891492920994e-02 5.133156702167068763e-01 -1.571618326879497263e-01 -3.564112058136104100e-02 3.685917219995255567e-01 9.155162540027862450e-01
1.015420794298648621e+00 -3.136805610373510911e-02 5.186733511954567666e-01 -1.586126253155876742e-01 -3.898218565715701883e-02 3.884326864359305409e-01 9.068861408137485203e-01
1.019199357811000128e+00 -2.052789363280173307e-02 5.229769482995677565e-01 -1.594701425054947386e-01 -4.160289985710240862e-02 4.057520985905267441e-01 8.990015054838009778e-01
1.023288208734423055e+00 -8.605476231172947896e-03 5.267265453998853930e-01 -1.604017559449125718e-01 -4.302973718258727709e-02 4.215328078506911380e-01 8.914761972780307353e-01
1.025537359917488400e+00 4.785698850191725737e-03 5.310022687692305121e-01 -1.613942921094576877e-01 -4.311712911674531884e-02 4.345622999659262686e-01 8.850132219913674492e-01
1.033504379181362731e+00 1.454405933833973104e-02 5.366003711644511398e-01 -1.622377011835633986e-01 -4.205164792848778421e-02 4.444489993048068022e-01 8.799861784358474770e-01
1.044981855611002652e+00 1.748166287263483790e-02 5.443669906891299703e-01 -1.632320387769519154e-01 -3.945173534376981983e-02 4.518753798785455356e-01 8.761321265395447533e-01
