0.000000000000000000e+00 0.000000000000000000e+00 0.000000000000000000e+00 -1.157554954667183722e-13 6.545874953189922962e-13 1.238245617152244904e-14 1.000000000000000000e+00
8.621707558631896973e-02 -2.225844189524650574e-03 3.027324005961418152e-02 -2.301861532032489777e-02 4.357916302978992462e-03 1.753411255776882172e-02 9.995718598365783691e-01
1.628088206052780151e-01 -5.687710829079151154e-03 6.432022154331207275e-02 -4.599773883819580078e-02 1.072395965456962585e-02 3.379526361823081970e-02 9.983120560646057129e-01
2.318939119577407837e-01 -1.241879351437091827e-02 9.566989541053771973e-02 -6.828556209802627563e-02 1.753329113125801086e-02 4.956052824854850769e-02 9.962797760963439941e-01
2.929843962192535400e-01 -2.235338836908340454e-02 1.251647770404815674e-01 -9.180060029029846191e-02 2.449571155011653900e-02 6.759827584028244019e-02 9.931783080101013184e-01
3.472019433975219727e-01 -2.781257964670658112e-02 1.520279943943023682e-01 -1.139156594872474670e-01 3.141716495156288147e-02 8.311213552951812744e-02 9.895092844963073730e-01
3.942343294620513916e-01 -3.240315616130828857e-02 1.759301424026489258e-01 -1.339259594678878784e-01 3.796123713254928589e-02 9.687062352895736694e-02 9.855145812034606934e-01
4.344420433044433594e-01 -3.469656407833099365e-02 1.963191330432891846e-01 -1.520195007324218750e-01 4.435659572482109070e-02 1.077214851975440979e-01 9.814880490303039551e-01
4.676355719566345215e-01 -3.449618816375732422e-02 2.132289409637451172e-01 -1.677812933921813965e-01 5.087569355964660645e-02 1.157703027129173279e-01 9.776800870895385742e-01
4.943904280662536621e-01 -3.303755074739456177e-02 2.252938300371170044e-01 -1.809555739164352417e-01 5.597860738635063171e-02 1.200925707817077637e-01 9.745252132415771484e-01
5.138840079307556152e-01 -3.216384351253509521e-02 2.341823428869247437e-01 -1.923774927854537964e-01 6.096377968788146973e-02 1.233556196093559265e-01 9.716263413429260254e-01
5.262099504470825195e-01 -3.104743175208568573e-02 2.394944280385971069e-01 -2.008645832538604736e-01 5.938829109072685242e-02 1.247412413358688354e-01 9.698277711868286133e-01
5.314372181892395020e-01 -2.952379919588565826e-02 2.411453723907470703e-01 -2.068397700786590576e-01 5.800949409604072571e-02 1.238883659243583679e-01 9.687641859054565430e-01
5.366257429122924805e-01 -2.670055814087390900e-02 2.433160394430160522e-01 -2.103594690561294556e-01 5.681301653385162354e-02 1.200292110443115234e-01 9.685629010200500488e-01
5.429227948188781738e-01 -2.482938580214977264e-02 2.458548247814178467e-01 -2.124596089124679565e-01 5.567230656743049622e-02 1.147756129503250122e-01 9.688075184822082520e-01
5.500394105911254883e-01 -2.328869141638278961e-02 2.487959712743759155e-01 -2.127228230237960815e-01 5.459006875753402710e-02 1.075622290372848511e-01 9.696387648582458496e-01
5.582870841026306152e-01 -2.189698070287704468e-02 2.517843246459960938e-01 -2.117888778448104858e-01 5.343371629714965820e-02 9.886858612298965454e-02 9.708323478698730469e-01
5.675765872001647949e-01 -2.300992421805858612e-02 2.549757957458496094e-01 -2.092134803533554077e-01 5.253466218709945679e-02 8.948768675327301025e-02 9.723485708236694336e-01
5.777301192283630371e-01 -2.374660782516002655e-02 2.589913010597229004e-01 -2.059431970119476318e-01 5.198332667350769043e-02 7.924616336822509766e-02 9.739636778831481934e-01
5.882676839828491211e-01 -2.620963193476200104e-02 2.644768357276916504e-01 -2.016340941190719604e-01 5.147344619035720825e-02 6.876758486032485962e-02 9.756870865821838379e-01
5.998888611793518066e-01 -3.033912368118762970e-02 2.695190906524658203e-01 -1.967884600162506104e-01 5.054670199751853943e-02 5.804253369569778442e-02 9.774203896522521973e-01
6.128605008125305176e-01 -3.400497138500213623e-02 2.751696705818176270e-01 -1.912918686866760254e-01 4.994234442710876465e-02 4.758462682366371155e-02 9.791061878204345703e-01
6.270447373390197754e-01 -3.890914469957351685e-02 2.806969285011291504e-01 -1.847647279500961304e-01 4.905087128281593323e-02 3.786247223615646362e-02 9.808275103569030762e-01
6.428110599517822266e-01 -4.208980500698089600e-02 2.875926494598388672e-01 -1.781426072120666504e-01 4.864913970232009888e-02 2.890756540000438690e-02 9.823762178421020508e-01
6.595460176467895508e-01 -4.832046478986740112e-02 2.940288782119750977e-01 -1.707897484302520752e-01 4.807915538549423218e-02 2.145175449550151825e-02 9.838999509811401367e-01
6.774621605873107910e-01 -5.500320345163345337e-02 3.017811775207519531e-01 -1.637208014726638794e-01 4.774733632802963257e-02 1.551534608006477356e-02 9.852283596992492676e-01
6.979596614837646484e-01 -5.826950818300247192e-02 3.101484179496765137e-01 -1.568928360939025879e-01 4.798555001616477966e-02 1.091658230870962143e-02 9.863888621330261230e-01
7.196363806724548340e-01 -6.455221772193908691e-02 3.186207413673400879e-01 -1.500939130783081055e-01 4.772936552762985229e-02 8.647272363305091858e-03 9.874810576438903809e-01
7.430307865142822266e-01 -6.996609270572662354e-02 3.285512328147888184e-01 -1.441207975149154663e-01 4.844301566481590271e-02 8.171632885932922363e-03 9.883399009704589844e-01
7.682716846466064453e-01 -7.594588398933410645e-02 3.389065265655517578e-01 -1.387934982776641846e-01 4.978834092617034912e-02 1.059771608561277390e-02 9.890121817588806152e-01
7.947440743446350098e-01 -8.160880953073501587e-02 3.518964648246765137e-01 -1.352681368589401245e-01 5.170537158846855164e-02 1.591865718364715576e-02 9.893309473991394043e-01
8.229933977127075195e-01 -9.136274456977844238e-02 3.634534478187561035e-01 -1.325926482677459717e-01 4.645612835884094238e-02 2.434768900275230408e-02 9.897818565368652344e-01
8.525511622428894043e-01 -1.021239385008811951e-01 3.764642477035522461e-01 -1.313340216875076294e-01 4.111175984144210815e-02 3.512278199195861816e-02 9.898624420166015625e-01
8.841650485992431641e-01 -1.131984815001487732e-01 3.897783756256103516e-01 -1.313368976116180420e-01 3.529016301035881042e-02 4.814402759075164795e-02 9.895390272140502930e-01
9.184641838073730469e-01 -1.224216073751449585e-01 4.030289649963378906e-01 -1.318932771682739258e-01 2.916032634675502777e-02 6.355421245098114014e-02 9.887945652008056641e-01
9.545423984527587891e-01 -1.321540474891662598e-01 4.163213372230529785e-01 -1.328568905591964722e-01 2.274378389120101929e-02 8.057168126106262207e-02 9.875929951667785645e-01
9.920651912689208984e-01 -1.423991024494171143e-01 4.302759170532226562e-01 -1.340300142765045166e-01 1.624072529375553131e-02 9.853474795818328857e-02 9.859325885772705078e-01
1.024079561233520508e+00 -1.502155661582946777e-01 4.419565200805664062e-01 -1.360383033752441406e-01 9.262903593480587006e-03 1.174575611948966980e-01 9.836725592613220215e-01
1.049933910369873047e+00 -1.560189872980117798e-01 4.524019360542297363e-01 -1.393752098083496094e-01 2.729123923927545547e-03 1.379530876874923706e-01 9.805794358253479004e-01
1.072194576263427734e+00 -1.574749201536178589e-01 4.555993676185607910e-01 -1.408908963203430176e-01 -5.100739188492298126e-03 1.576015204191207886e-01 9.773871302604675293e-01
1.085509538650512695e+00 -1.493786722421646118e-01 4.585680961608886719e-01 -1.422620862722396851e-01 -1.151772215962409973e-02 1.735735088586807251e-01 9.744235277175903320e-01
1.092460513114929199e+00 -1.444103270769119263e-01 4.613265395164489746e-01 -1.449438333511352539e-01 -1.626182720065116882e-02 1.928646564483642578e-01 9.703247547149658203e-01
1.099997162818908691e+00 -1.416569501161575317e-01 4.646472334861755371e-01 -1.472404897212982178e-01 -2.104235813021659851e-02 2.133496105670928955e-01 9.655875563621520996e-01
1.105998396873474121e+00 -1.372973322868347168e-01 4.671480655670166016e-01 -1.494625955820083618e-01 -2.449081279337406158e-02 2.324420064687728882e-01 9.607453942298889160e-01
1.111105322837829590e+00 -1.328271925449371338e-01 4.691495895385742188e-01 -1.517391502857208252e-01 -2.784010209143161774e-02 2.501761615276336670e-01 9.558304548263549805e-01
1.116397380828857422e+00 -1.298351734876632690e-01 4.709345698356628418e-01 -1.541081368923187256e-01 -3.071371093392372131e-02 2.676105201244354248e-01 9.506271481513977051e-01
1.119884133338928223e+00 -1.257834583520889282e-01 4.720298647880554199e-01 -1.557713150978088379e-01 -3.273716196417808533e-02 2.830155789852142334e-01 9.458149075508117676e-01
1.123290419578552246e+00 -1.229210942983627319e-01 4.730079174041748047e-01 -1.574473232030868530e-01 -3.358265385031700134e-02 2.975396811962127686e-01 9.410381913185119629e-01
1.125192046165466309e+00 -1.199034601449966431e-01 4.737306237220764160e-01 -1.588203758001327515e-01 -3.310093656182289124e-02 3.094747066497802734e-01 9.369663000106811523e-01
1.130433320999145508e+00 -1.175739169120788574e-01 4.749924540519714355e-01 -1.598214805126190186e-01 -3.176488727331161499e-02 3.188568055629730225e-01 9.336907267570495605e-01
1.138808608055114746e+00 -1.174450814723968506e-01 4.779702425003051758e-01 -1.605366915464401245e-01 -2.862952090799808502e-02 3.258529901504516602e-01 9.312509298324584961e-01
1.256026744842529297e+00 5.313595756888389587e-04 5.313678979873657227e-01 -2.086958289146423340e-01 -2.923193201422691345e-02 3.631809949874877930e-01 9.075743556022644043e-01
1.360589623451232910e+00 1.093384474515914917e-01 5.846190452575683594e-01 -2.536652684211730957e-01 -2.646159194409847260e-02 3.855971395969390869e-01 8.867179155349731445e-01
1.457087755203247070e+00 2.049932777881622314e-01 6.344037652015686035e-01 -2.991963922977447510e-01 -2.328486554324626923e-02 4.107687473297119141e-01 8.609346151351928711e-01
1.538030385971069336e+00 2.963991463184356689e-01 6.768442392349243164e-01 -3.444246649742126465e-01 -2.040639705955982208e-02 4.335582852363586426e-01 8.324556946754455566e-01
1.603889107704162598e+00 3.828890621662139893e-01 7.102002501487731934e-01 -3.856360912322998047e-01 -1.653950475156307220e-02 4.525234699249267578e-01 8.038866519927978516e-01
1.657033562660217285e+00 4.612538516521453857e-01 7.357761263847351074e-01 -4.224680662155151367e-01 -1.344146300107240677e-02 4.664559960365295410e-01 7.770192623138427734e-01
1.698082685470581055e+00 5.305470824241638184e-01 7.530652880668640137e-01 -4.551007747650146484e-01 -9.534085169434547424e-03 4.754622876644134521e-01 7.528134584426879883e-01
1.728295564651489258e+00 5.892479419708251953e-01 7.619951367378234863e-01 -4.823469817638397217e-01 -7.102980744093656540e-03 4.786631464958190918e-01 7.336024641990661621e-01
1.751222014427185059e+00 6.343585252761840820e-01 7.666839957237243652e-01 -5.052357316017150879e-01 -6.228263955563306808e-03 4.789549410343170166e-01 7.178441286087036133e-01
1.766585350036621094e+00 6.656211018562316895e-01 7.688352465629577637e-01 -5.219972729682922363e-01 -9.663115255534648895e-03 4.794059395790100098e-01 7.054044604301452637e-01
1.774099230766296387e+00 6.831559538841247559e-01 7.683724761009216309e-01 -5.322141647338867188e-01 -1.793663948774337769e-02 4.793133735656738281e-01 6.976282596588134766e-01
1.776740193367004395e+00 6.945716142654418945e-01 7.661694288253784180e-01 -5.383785367012023926e-01 -2.561035938560962677e-02 4.753928482532501221e-01 6.953375935554504395e-01
1.779554963111877441e+00 7.074156999588012695e-01 7.642706036567687988e-01 -5.419368147850036621e-01 -3.307232633233070374e-02 4.684307575225830078e-01 6.969816088676452637e-01
1.784302353858947754e+00 7.214973568916320801e-01 7.633163928985595703e-01 -5.429435372352600098e-01 -4.038793221116065979e-02 4.589703679084777832e-01 7.020878195762634277e-01
1.790583968162536621e+00 7.369646430015563965e-01 7.628427147865295410e-01 -5.416093468666076660e-01 -4.767419025301933289e-02 4.473114907741546631e-01 7.101400494575500488e-01
1.800195932388305664e+00 7.529380917549133301e-01 7.639248967170715332e-01 -5.377531647682189941e-01 -5.433467030525207520e-02 4.338548183441162109e-01 7.208601236343383789e-01
1.812213897705078125e+00 7.695773839950561523e-01 7.671851515769958496e-01 -5.323925018310546875e-01 -6.019858643412590027e-02 4.191719293594360352e-01 7.329592704772949219e-01
1.825335741043090820e+00 7.875518798828125000e-01 7.731108665466308594e-01 -5.252174139022827148e-01 -6.523248553276062012e-02 4.034806191921234131e-01 7.463878393173217773e-01
1.841390252113342285e+00 8.050355315208435059e-01 7.821764945983886719e-01 -5.166524052619934082e-01 -7.027547061443328857e-02 3.875106573104858398e-01 7.602415680885314941e-01
1.860123395919799805e+00 8.232156634330749512e-01 7.921042442321777344e-01 -5.066356062889099121e-01 -7.482523471117019653e-02 3.713968098163604736e-01 7.744585275650024414e-01
1.881133437156677246e+00 8.424734473228454590e-01 8.032271862030029297e-01 -4.952410757541656494e-01 -7.855250686407089233e-02 3.562971651554107666e-01 7.884276509284973145e-01
1.903748154640197754e+00 8.639984726905822754e-01 8.151625394821166992e-01 -4.830301702022552490e-01 -8.109506219625473022e-02 3.422797918319702148e-01 8.018416762351989746e-01
1.928970456123352051e+00 8.864257931709289551e-01 8.288376331329345703e-01 -4.701452255249023438e-01 -8.245307207107543945e-02 3.302076458930969238e-01 8.143266439437866211e-01
1.957663178443908691e+00 9.080017209053039551e-01 8.454834818840026855e-01 -4.569366872310638428e-01 -8.241872489452362061e-02 3.207631707191467285e-01 8.255465030670166016e-01
1.987291216850280762e+00 9.342018961906433105e-01 8.621042966842651367e-01 -4.445913434028625488e-01 -8.131024241447448730e-02 3.134125769138336182e-01 8.351645469665527344e-01
2.019489049911499023e+00 9.629568457603454590e-01 8.791267275810241699e-01 -4.326194524765014648e-01 -7.879329472780227661e-02 3.091305494308471680e-01 8.432499170303344727e-01
2.055000782012939453e+00 9.923584461212158203e-01 8.986782431602478027e-01 -4.214566946029663086e-01 -7.525260746479034424e-02 3.082475960254669189e-01 8.495262265205383301e-01
2.092550277709960938e+00 1.024964690208435059e+00 9.195049405097961426e-01 -4.127491414546966553e-01 -6.897904723882675171e-02 3.107689619064331055e-01 8.534065485000610352e-01
2.131952524185180664e+00 1.060549855232238770e+00 9.426414966583251953e-01 -4.065003693103790283e-01 -6.119000911712646484e-02 3.177504837512969971e-01 8.544284105300903320e-01
2.175529241561889648e+00 1.096329331398010254e+00 9.683759808540344238e-01 -4.007339477539062500e-01 -5.849476158618927002e-02 3.317392766475677490e-01 8.520209789276123047e-01
2.224156141281127930e+00 1.131670117378234863e+00 9.957741498947143555e-01 -3.950998485088348389e-01 -6.180948391556739807e-02 3.517393469810485840e-01 8.463777303695678711e-01
2.274884462356567383e+00 1.170061349868774414e+00 1.025183439254760742e+00 -3.913756906986236572e-01 -6.490942835807800293e-02 3.756989538669586182e-01 8.375333547592163086e-01
2.327042579650878906e+00 1.214326858520507812e+00 1.053201079368591309e+00 -3.890413641929626465e-01 -6.849752366542816162e-02 4.034421145915985107e-01 8.253419995307922363e-01
2.380434751510620117e+00 1.263948798179626465e+00 1.079708933830261230e+00 -3.869515359401702881e-01 -7.159890234470367432e-02 4.339818060398101807e-01 8.104331493377685547e-01
2.434928417205810547e+00 1.317846894264221191e+00 1.105882763862609863e+00 -3.848424255847930908e-01 -7.484401017427444458e-02 4.661949872970581055e-01 7.930680513381958008e-01
2.484058856964111328e+00 1.371197819709777832e+00 1.129506707191467285e+00 -3.831907808780670166e-01 -7.811617851257324219e-02 4.990632832050323486e-01 7.733036875724792480e-01
2.522449016571044922e+00 1.417985200881958008e+00 1.148542761802673340e+00 -3.829976320266723633e-01 -8.195960521697998047e-02 5.332462191581726074e-01 7.498292326927185059e-01
2.551654815673828125e+00 1.458074808120727539e+00 1.157866477966308594e+00 -3.812386095523834229e-01 -8.523928374052047729e-02 5.679098367691040039e-01 7.244790792465209961e-01
2.564434528350830078e+00 1.493095517158508301e+00 1.154581069946289062e+00 -3.772255778312683105e-01 -8.944117277860641479e-02 5.981568694114685059e-01 7.013626694679260254e-01
2.562859058380126953e+00 1.517126679420471191e+00 1.150039672851562500e+00 -3.751213252544403076e-01 -9.112614393234252930e-02 6.265468001365661621e-01 6.770666241645812988e-01
2.561885118484497070e+00 1.534770011901855469e+00 1.149484515190124512e+00 -3.749607801437377930e-01 -8.998731523752212524e-02 6.569328904151916504e-01 6.478780508041381836e-01
2.559993743896484375e+00 1.550952553749084473e+00 1.148207426071166992e+00 -3.735133707523345947e-01 -8.856383711099624634e-02 6.856318712234497070e-01 6.185088157653808594e-01
2.555624246597290039e+00 1.564926266670227051e+00 1.145479679107666016e+00 -3.729859292507171631e-01 -8.605135232210159302e-02 7.110736370086669922e-01 5.897889733314514160e-01
2.552057266235351562e+00 1.577526807785034180e+00 1.142929315567016602e+00 -3.721378743648529053e-01 -8.421009778976440430e-02 7.343782782554626465e-01 5.613471269607543945e-01
2.548063993453979492e+00 1.588113546371459961e+00 1.140013694763183594e+00 -3.713231980800628662e-01 -8.084861934185028076e-02 7.553085684776306152e-01 5.339397192001342773e-01
2.543604135513305664e+00 1.596416831016540527e+00 1.136834502220153809e+00 -3.708657026290893555e-01 -7.668884098529815674e-02 7.732681035995483398e-01 5.085605978965759277e-01
2.539455652236938477e+00 1.602887749671936035e+00 1.134121775627136230e+00 -3.715905547142028809e-01 -7.107515633106231689e-02 7.880746126174926758e-01 4.855998456478118896e-01
2.536064386367797852e+00 1.610873103141784668e+00 1.131371140480041504e+00 -3.731258809566497803e-01 -6.489284336566925049e-02 7.989932298660278320e-01 4.670929312705993652e-01
2.535962343215942383e+00 1.625342607498168945e+00 1.129842281341552734e+00 -3.761553764343261719e-01 -5.768190696835517883e-02 8.064125776290893555e-01 4.526353478431701660e-01
