-4.452462308108806610e-03 9.506114125251770020e-01 -2.659993059933185577e-02
-2.268245071172714233e-02 8.745550513267517090e-01 -2.705605141818523407e-02
-3.798550739884376526e-02 7.976561188697814941e-01 -2.670565433800220490e-02
-5.143838748335838318e-02 7.200816869735717773e-01 -2.813314273953437805e-02
-6.162193790078163147e-02 6.420159935951232910e-01 -2.830262482166290283e-02
-6.891858577728271484e-02 5.635853409767150879e-01 -2.817006409168243408e-02
-7.333911210298538208e-02 4.851309061050415039e-01 -2.728247642517089844e-02
-7.482679188251495361e-02 4.059569537639617920e-01 -2.580433338880538940e-02
-7.355362176895141602e-02 3.280648291110992432e-01 -2.367947436869144440e-02
-6.998299807310104370e-02 2.471439540386199951e-01 -2.092641964554786682e-02
-6.360691785812377930e-02 1.730046272277832031e-01 -1.764379628002643585e-02
-5.587694048881530762e-02 8.164815604686737061e-02 -1.232846919447183609e-02
-4.810241237282752991e-02 4.082300513982772827e-02 -1.009336858987808228e-02
-3.997338190674781799e-02 6.444681435823440552e-02 -1.140859164297580719e-02
-3.200667724013328552e-02 6.724253296852111816e-02 -1.111476123332977295e-02
-2.412007935345172882e-02 7.982571423053741455e-02 -1.123164966702461243e-02
-1.661972887814044952e-02 8.922362327575683594e-02 -1.108941994607448578e-02
-9.682947769761085510e-03 1.008229106664657593e-01 -1.112960278987884521e-02
-3.290023421868681908e-03 1.123928874731063843e-01 -1.129609625786542892e-02
2.421382348984479904e-03 1.248138025403022766e-01 -1.171413436532020569e-02
7.494106888771057129e-03 1.377566158771514893e-01 -1.244352944195270538e-02
1.190004870295524597e-02 1.513434648513793945e-01 -1.341168954968452454e-02
1.547654625028371811e-02 1.656344830989837646e-01 -1.491812616586685181e-02
1.857323013246059418e-02 1.806556433439254761e-01 -1.623526215553283691e-02
2.103831060230731964e-02 1.963095813989639282e-01 -1.769930310547351837e-02
2.257342264056205750e-02 2.127066403627395630e-01 -2.007069624960422516e-02
2.346469834446907043e-02 2.297671139240264893e-01 -2.244063653051853180e-02
2.358528785407543182e-02 2.476298362016677856e-01 -2.507233433425426483e-02
2.303108014166355133e-02 2.660135626792907715e-01 -2.768615074455738068e-02
2.155628614127635956e-02 2.853918969631195068e-01 -3.043600916862487793e-02
1.932443492114543915e-02 3.046323359012603760e-01 -3.275300189852714539e-02
1.613443344831466675e-02 3.250802755355834961e-01 -3.498133644461631775e-02
1.215655542910099030e-02 3.440475463867187500e-01 -3.733348846435546875e-02
7.831522263586521149e-03 3.648875057697296143e-01 -3.938275575637817383e-02
3.155340673401951790e-03 3.775771558284759521e-01 -4.069643840193748474e-02
-1.796359196305274963e-03 4.061531126499176025e-01 -4.266461730003356934e-02
-6.822926923632621765e-03 3.874738216400146484e-01 -4.139801114797592163e-02
-1.183546241372823715e-02 3.088831007480621338e-01 -3.612870350480079651e-02
-1.650159060955047607e-02 2.471846789121627808e-01 -3.166823089122772217e-02
-2.048329263925552368e-02 1.815192550420761108e-01 -2.674429863691329956e-02
-2.373162470757961273e-02 1.058263629674911499e-01 -2.105048485100269318e-02
-2.583690173923969269e-02 6.266131997108459473e-02 -1.729737222194671631e-02
-2.671117521822452545e-02 6.525357812643051147e-02 -1.636928319931030273e-02
-2.626650780439376831e-02 5.122496932744979858e-02 -1.445391960442066193e-02
-2.437631040811538696e-02 4.418882727622985840e-02 -1.307664252817630768e-02
-2.092576585710048676e-02 3.224408999085426331e-02 -1.155725214630365372e-02
-1.593788526952266693e-02 2.520062401890754700e-02 -1.053990703076124191e-02
-9.462963789701461792e-03 8.446794003248214722e-03 -9.152452461421489716e-03
-1.462734304368495941e-03 1.658049225807189941e-02 -9.565906599164009094e-03
7.826038636267185211e-03 5.691627040505409241e-02 -1.222357153892517090e-02
1.847496628761291504e-02 8.615797013044357300e-02 -1.446087658405303955e-02
