-4.452462308108806610e-03 9.506114125251770020e-01 -2.659993059933185577e-02
-7.378987967967987061e-03 8.735629320144653320e-01 -1.720052212476730347e-02
-9.131547063589096069e-03 7.955271005630493164e-01 -8.083959110081195831e-03
-1.075136195868253708e-02 7.166731953620910645e-01 -1.823784550651907921e-03
-1.077216118574142456e-02 6.371884346008300781e-01 4.627755843102931976e-03
-9.540638886392116547e-03 5.572034120559692383e-01 1.035336870700120926e-02
-7.010608911514282227e-03 4.770643711090087891e-01 1.586039550602436066e-02
-3.050015307962894440e-03 3.960810303688049316e-01 2.105204761028289795e-02
2.266932977363467216e-03 3.162609338760375977e-01 2.606058679521083832e-02
8.598885498940944672e-03 2.333029955625534058e-01 3.095332160592079163e-02
1.659449376165866852e-02 1.570305973291397095e-01 3.573262318968772888e-02
2.494839765131473541e-02 6.345821171998977661e-02 4.201223701238632202e-02
3.248858079314231873e-02 2.034538984298706055e-02 4.479134827852249146e-02
3.965864330530166626e-02 4.162115603685379028e-02 4.370992630720138550e-02
4.607278853654861450e-02 4.202251508831977844e-02 4.403397440910339355e-02
5.193701013922691345e-02 5.217802152037620544e-02 4.384454712271690369e-02
5.706806853413581848e-02 5.913263186812400818e-02 4.390094429254531860e-02
6.140158325433731079e-02 6.829091161489486694e-02 4.384214431047439575e-02
6.505832076072692871e-02 7.743711024522781372e-02 4.379618912935256958e-02
6.799557060003280640e-02 8.746685087680816650e-02 4.369829222559928894e-02
7.034262269735336304e-02 9.806429594755172729e-02 4.353497177362442017e-02
7.214680314064025879e-02 1.093643158674240112e-01 4.341288655996322632e-02
7.331156730651855469e-02 1.214401125907897949e-01 4.305341839790344238e-02
7.424415647983551025e-02 1.343285739421844482e-01 4.319372773170471191e-02
7.485126703977584839e-02 1.479427069425582886e-01 4.349353909492492676e-02
7.488023489713668823e-02 1.624014973640441895e-01 4.318029806017875671e-02
7.464541494846343994e-02 1.776318848133087158e-01 4.314263910055160522e-02
7.405613362789154053e-02 1.937782764434814453e-01 4.308778420090675354e-02
7.322897762060165405e-02 2.105629742145538330e-01 4.326200857758522034e-02
7.192537933588027954e-02 2.284607738256454468e-01 4.347403347492218018e-02
7.031209021806716919e-02 2.463403791189193726e-01 4.425273463129997253e-02
6.818719953298568726e-02 2.655465900897979736e-01 4.520348086953163147e-02
6.570373475551605225e-02 2.833884358406066895e-01 4.606400430202484131e-02
6.326457858085632324e-02 3.032153844833374023e-01 4.720840230584144592e-02
6.081018596887588501e-02 3.149993717670440674e-01 4.901659861207008362e-02
5.835716426372528076e-02 3.427720367908477783e-01 5.005136504769325256e-02
5.603789165616035461e-02 3.233868479728698730e-01 5.416254699230194092e-02
5.386676266789436340e-02 2.441829591989517212e-01 6.208704039454460144e-02
5.209583789110183716e-02 1.819593757390975952e-01 6.898337602615356445e-02
5.094648152589797974e-02 1.158215105533599854e-01 7.609055936336517334e-02
5.036600306630134583e-02 3.969527035951614380e-02 8.370181173086166382e-02
5.072611942887306213e-02 -3.830044530332088470e-03 8.910682052373886108e-02
5.206461250782012939e-02 -1.518957549706101418e-03 9.141756594181060791e-02
5.441389605402946472e-02 -1.575863920152187347e-02 9.445490688085556030e-02
5.785961821675300598e-02 -2.294780500233173370e-02 9.670359641313552856e-02
6.250126659870147705e-02 -3.499518334865570068e-02 9.885792434215545654e-02
6.832126528024673462e-02 -4.209490120410919189e-02 1.003022268414497375e-01
7.529728859663009644e-02 -5.886342003941535950e-02 1.019443124532699585e-01
8.351861685514450073e-02 -5.071309581398963928e-02 1.016520112752914429e-01
9.285961836576461792e-02 -1.035990938544273376e-02 9.902475029230117798e-02
1.035086140036582947e-01 1.888176426291465759e-02 9.678748250007629395e-02
