8.734748512506484985e-02 3.373376093804836273e-03 2.658135630190372467e-02 -2.384128607809543610e-02 6.117907818406820297e-03 1.881641708314418793e-02 9.995199441909790039e-01
7.742474973201751709e-02 -5.698990076780319214e-03 3.160899877548217773e-02 -2.553274668753147125e-02 7.783751934766769409e-03 2.050819993019104004e-02 9.994332790374755859e-01
6.872733682394027710e-02 -7.898300886154174805e-03 3.195688873529434204e-02 -2.498249895870685577e-02 8.506644517183303833e-03 1.806465350091457367e-02 9.994884729385375977e-01
5.909252539277076721e-02 -1.531101297587156296e-02 3.108931705355644226e-02 -2.431769296526908875e-02 1.003806758671998978e-02 1.861910149455070496e-02 9.994804859161376953e-01
5.084615945816040039e-02 -1.793557591736316681e-02 2.800415642559528351e-02 -2.218268252909183502e-02 8.931039832532405853e-03 1.601478829979896545e-02 9.995857477188110352e-01
4.282639920711517334e-02 -1.924696750938892365e-02 2.449465543031692505e-02 -2.000245451927185059e-02 8.311374112963676453e-03 1.374205760657787323e-02 9.996709227561950684e-01
3.596210852265357971e-02 -1.756902597844600677e-02 2.083435282111167908e-02 -1.781281083822250366e-02 7.964234799146652222e-03 1.096615660935640335e-02 9.997494816780090332e-01
2.919039875268936157e-02 -1.506987866014242172e-02 1.756713725626468658e-02 -1.576613634824752808e-02 7.747232448309659958e-03 8.543153293430805206e-03 9.998092055320739746e-01
2.369325235486030579e-02 -1.232314389199018478e-02 1.221937313675880432e-02 -1.330221071839332581e-02 6.754939444363117218e-03 5.713143385946750641e-03 9.998723864555358887e-01
1.700946316123008728e-02 -9.548120200634002686e-03 8.926840499043464661e-03 -1.126271672546863556e-02 6.712482310831546783e-03 4.271002952009439468e-03 9.999049305915832520e-01
1.133933663368225098e-02 -6.392255425453186035e-03 3.402055008336901665e-03 -8.630883879959583282e-03 -7.436902960762381554e-04 7.161155226640403271e-04 9.999622106552124023e-01
5.306802224367856979e-03 -9.579422767274081707e-04 1.740009174682199955e-03 -6.282072048634290695e-03 -6.675561598967760801e-05 -1.135817379690706730e-03 9.999796152114868164e-01
5.749737843871116638e-03 -2.646443317644298077e-04 2.497682347893714905e-03 -3.714400343596935272e-03 2.212164690718054771e-04 -3.860198659822344780e-03 9.999856352806091309e-01
6.419674959033727646e-03 -6.132316775619983673e-04 2.779307309538125992e-03 -1.611469662748277187e-03 4.278958658687770367e-04 -5.557760130614042282e-03 9.999831914901733398e-01
7.208074443042278290e-03 -1.279241405427455902e-04 3.170041134580969810e-03 5.187659990042448044e-04 6.031300872564315796e-04 -7.781228050589561462e-03 9.999694228172302246e-01
8.008824661374092102e-03 -1.929654274135828018e-03 3.176870523020625114e-03 1.545643550343811512e-03 7.590741151943802834e-04 -8.994978852570056915e-03 9.999580383300781250e-01
8.706218563020229340e-03 -3.542621852830052376e-03 2.933891490101814270e-03 3.356909146532416344e-03 9.897578274831175804e-04 -9.567613713443279266e-03 9.999480843544006348e-01
9.628260508179664612e-03 -3.078730776906013489e-03 4.176754504442214966e-03 4.116922151297330856e-03 1.527968444861471653e-03 -1.047757454216480255e-02 9.999354481697082520e-01
9.229441173374652863e-03 -5.744065158069133759e-03 5.298398900777101517e-03 5.114131607115268707e-03 1.817728974856436253e-03 -1.026464253664016724e-02 9.999325871467590332e-01
9.838537313044071198e-03 -7.375229150056838989e-03 5.112065002322196960e-03 5.434351041913032532e-03 1.853922731243073940e-03 -1.025628019124269485e-02 9.999309182167053223e-01
1.164207048714160919e-02 -7.055363617837429047e-03 5.312843713909387589e-03 6.019224412739276886e-03 1.525905448943376541e-03 -9.859976358711719513e-03 9.999321103096008301e-01
1.335010305047035217e-02 -7.697135675698518753e-03 4.236933775246143341e-03 7.469809148460626602e-03 9.139172616414725780e-04 -9.574279189109802246e-03 9.999258518218994141e-01
1.496682409197092056e-02 -6.374938413500785828e-03 6.295152474194765091e-03 7.620117161422967911e-03 1.120101660490036011e-03 -8.920699357986450195e-03 9.999305605888366699e-01
1.550058554857969284e-02 -8.956995792686939240e-03 6.284856703132390976e-03 7.863206788897514343e-03 1.202491344884037971e-03 -7.513770833611488342e-03 9.999401569366455078e-01
1.629404909908771515e-02 -1.037335116416215897e-02 7.154706399887800217e-03 7.839305326342582703e-03 1.217220327816903591e-03 -5.947625264525413513e-03 9.999508261680603027e-01
1.936393417418003082e-02 -7.778197526931762695e-03 7.873589172959327698e-03 7.431430276483297348e-03 9.473658283241093159e-04 -4.562703426927328110e-03 9.999615550041198730e-01
2.033498138189315796e-02 -1.022653095424175262e-02 7.921775802969932556e-03 6.915758829563856125e-03 4.173183406237512827e-04 -2.300262218341231346e-03 9.999733567237854004e-01
2.207848615944385529e-02 -9.799664840102195740e-03 9.558048099279403687e-03 6.099730730056762695e-03 9.528716327622532845e-04 -3.701933892443776131e-04 9.999808669090270996e-01
2.368802390992641449e-02 -1.054119691252708435e-02 1.040793582797050476e-02 5.227494053542613983e-03 1.021255506202578545e-03 2.488058758899569511e-03 9.999827146530151367e-01
2.444543130695819855e-02 -1.018107775598764420e-02 1.404962502419948578e-02 2.965575316920876503e-03 1.930587342940270901e-03 5.286896601319313049e-03 9.999797344207763672e-01
2.475693821907043457e-02 -1.211149338632822037e-02 1.626554131507873535e-02 1.703200046904385090e-03 -3.932274412363767624e-03 6.993550807237625122e-03 9.999663829803466797e-01
2.519920654594898224e-02 -1.265523396432399750e-02 1.910394988954067230e-02 3.278572985436767340e-04 -3.750570584088563919e-03 9.363670833408832550e-03 9.999490976333618164e-01
2.794742584228515625e-02 -1.172490511089563370e-02 1.947868615388870239e-02 -1.176609308458864689e-03 -4.215202294290065765e-03 1.063165627419948578e-02 9.999338984489440918e-01
3.218601644039154053e-02 -1.055618654936552048e-02 1.699763350188732147e-02 -2.683450933545827866e-03 -6.304018665105104446e-03 1.348723098635673523e-02 9.998855590820312500e-01
3.363565728068351746e-02 -1.363381929695606232e-02 1.599892042577266693e-02 -3.260188270360231400e-03 -6.811105180531740189e-03 1.553710363805294037e-02 9.998507499694824219e-01
3.416556864976882935e-02 -1.762866228818893433e-02 1.516533270478248596e-02 -3.332505933940410614e-03 -6.735469680279493332e-03 1.661021448671817780e-02 9.998338222503662109e-01
2.861455827951431274e-02 -1.557569112628698349e-02 1.266363635659217834e-02 -3.471167758107185364e-03 -6.861965637654066086e-03 1.740794070065021515e-02 9.998189210891723633e-01
2.322690561413764954e-02 -1.282083895057439804e-02 1.040829252451658249e-02 -4.801077302545309067e-03 -6.760715041309595108e-03 1.822079718112945557e-02 9.997996091842651367e-01
1.963100954890251160e-02 -9.019914083182811737e-03 4.074043128639459610e-03 -3.752809483557939529e-03 -7.485860027372837067e-03 1.823731511831283569e-02 9.997985959053039551e-01
1.461979933083057404e-02 -4.748182836920022964e-03 1.794364419765770435e-03 -3.590920707210898399e-03 -7.722028996795415878e-03 1.882481761276721954e-02 9.997865557670593262e-01
8.939232677221298218e-03 8.858322398737072945e-04 -1.794430776499211788e-03 -3.865817096084356308e-03 -9.067359380424022675e-03 1.899678446352481842e-02 9.997709393501281738e-01
7.658631075173616409e-03 -3.494674747344106436e-04 -3.729561110958456993e-03 -3.474137512966990471e-03 -8.182322606444358826e-03 1.966673135757446289e-02 9.997670650482177734e-01
7.474299985915422440e-03 -1.875683083198964596e-03 1.357315573841333389e-03 -3.701489185914397240e-03 -6.060169544070959091e-03 1.944745890796184540e-02 9.997856616973876953e-01
5.408019293099641800e-03 7.655605440959334373e-04 -4.498371388763189316e-03 -3.715684171766042709e-03 -7.699122186750173569e-03 1.833008043467998505e-02 9.997954368591308594e-01
4.238869063556194305e-03 1.889580860733985901e-03 -4.222306422889232635e-03 -3.238638397306203842e-03 -6.971851922571659088e-03 1.705125346779823303e-02 9.998250603675842285e-01
3.210812574252486229e-03 1.656515058130025864e-03 -4.039719700813293457e-03 -2.695209812372922897e-03 -6.465802900493144989e-03 1.591156236827373505e-02 9.998488426208496094e-01
2.970777451992034912e-03 8.783448720350861549e-04 -3.317932365462183952e-03 -2.148892497643828392e-03 -4.677465185523033142e-03 1.458901539444923401e-02 9.998803138732910156e-01
1.913189655169844627e-03 1.650275662541389465e-03 -2.604954177513718605e-03 -1.306932186707854271e-03 -3.290316555649042130e-03 1.231001876294612885e-02 9.999179840087890625e-01
4.892739001661539078e-03 -4.131924652028828859e-04 -3.150728065520524979e-03 -1.291118445806205273e-03 -1.919949776493012905e-03 8.946245536208152771e-03 9.999573230743408203e-01
7.151103112846612930e-03 -5.144551396369934082e-03 2.719092008192092180e-04 9.112503903452306986e-05 1.839883392676711082e-03 6.893459241837263107e-03 9.999745488166809082e-01
1.652345061302185059e-01 -6.898952415212988853e-04 5.819837003946304321e-02 -4.409264028072357178e-02 1.249631866812705994e-02 3.184553980827331543e-02 9.984415769577026367e-01
1.464633792638778687e-01 -1.317844539880752563e-02 6.310982257127761841e-02 -4.248784109950065613e-02 1.519141998142004013e-02 2.931045740842819214e-02 9.985514283180236816e-01
1.278330385684967041e-01 -3.343117237091064453e-02 5.900282412767410278e-02 -4.303109273314476013e-02 1.574553176760673523e-02 3.432719409465789795e-02 9.983596801757812500e-01
1.108939424157142639e-01 -3.548932820558547974e-02 5.613354593515396118e-02 -4.381764307618141174e-02 1.609687879681587219e-02 3.357457742094993591e-02 9.983454346656799316e-01
9.512291103601455688e-02 -3.515634313225746155e-02 5.144085735082626343e-02 -4.051648080348968506e-02 1.668190024793148041e-02 3.057842329144477844e-02 9.985715150833129883e-01
7.934062927961349487e-02 -3.484053164720535278e-02 4.594228789210319519e-02 -3.700804710388183594e-02 1.594065874814987183e-02 2.558467723429203033e-02 9.988602399826049805e-01
6.599695980548858643e-02 -3.028482012450695038e-02 3.889392688870429993e-02 -3.263643756508827209e-02 1.659207232296466827e-02 2.091986127197742462e-02 9.991105794906616211e-01
5.387370288372039795e-02 -2.292454428970813751e-02 3.178731724619865417e-02 -2.737260423600673676e-02 1.541911903768777847e-02 1.378927659243345261e-02 9.994112253189086914e-01
4.090247675776481628e-02 -1.959403976798057556e-02 2.292671799659729004e-02 -2.335555106401443481e-02 1.268275175243616104e-02 9.265230968594551086e-03 9.996038079261779785e-01
2.831924892961978912e-02 -1.419598236680030823e-02 1.464608777314424515e-02 -1.931914687156677246e-02 6.118867080658674240e-03 5.317233968526124954e-03 9.997804760932922363e-01
1.677113957703113556e-02 -6.851502694189548492e-03 5.993947852402925491e-03 -1.512045133858919144e-02 -6.527282530441880226e-04 -3.955757420044392347e-04 9.998853802680969238e-01
1.107407268136739731e-02 -1.274658483453094959e-03 4.229136742651462555e-03 -9.577372111380100250e-03 -7.985291449585929513e-05 -5.273503717035055161e-03 9.999402165412902832e-01
1.191251911222934723e-02 -1.418625121004879475e-03 5.707791540771722794e-03 -5.552516318857669830e-03 5.122480797581374645e-04 -9.100713767111301422e-03 9.999430179595947266e-01
1.322681922465562820e-02 -1.950917532667517662e-03 6.556374486535787582e-03 -1.527121756225824356e-03 1.025188248604536057e-03 -1.293539814651012421e-02 9.999146461486816406e-01
1.494686491787433624e-02 -2.005265094339847565e-03 7.175595033913850784e-03 1.697027008049190044e-03 1.062924624420702457e-03 -1.611811108887195587e-02 9.998680949211120605e-01
1.665917970240116119e-02 -5.370374768972396851e-03 6.507274229079484940e-03 5.214814562350511551e-03 1.577564398758113384e-03 -1.840948686003684998e-02 9.998157024383544922e-01
1.809763349592685699e-02 -6.905006710439920425e-03 7.531393319368362427e-03 7.348723243921995163e-03 2.435188973322510719e-03 -1.944053731858730316e-02 9.997810125350952148e-01
1.873701438307762146e-02 -9.489205665886402130e-03 9.447582066059112549e-03 9.823842905461788177e-03 3.043499309569597244e-03 -2.024515345692634583e-02 9.997421503067016602e-01
1.902923732995986938e-02 -1.334963832050561905e-02 1.026100479066371918e-02 1.089057419449090958e-02 3.195480443537235260e-03 -2.073026075959205627e-02 9.997206926345825195e-01
2.184373699128627777e-02 -1.429465413093566895e-02 9.925889782607555389e-03 1.189720164984464645e-02 3.014206187799572945e-03 -2.084748633205890656e-02 9.997073411941528320e-01
2.419811859726905823e-02 -1.570706069469451904e-02 1.018556300550699234e-02 1.336565054953098297e-02 2.327890368178486824e-03 -1.968339271843433380e-02 9.997141957283020020e-01
2.726049534976482391e-02 -1.544535532593727112e-02 1.164084859192371368e-02 1.415962632745504379e-02 2.285496098920702934e-03 -1.807562820613384247e-02 9.997337460517883301e-01
2.988221868872642517e-02 -1.659604907035827637e-02 1.256110146641731262e-02 1.479475107043981552e-02 2.041015774011611938e-03 -1.582277379930019379e-02 9.997632503509521484e-01
3.180559724569320679e-02 -1.971825398504734039e-02 1.286342088133096695e-02 1.494878344237804413e-02 1.865851110778748989e-03 -1.272499933838844299e-02 9.998055696487426758e-01
3.577778488397598267e-02 -1.845883205533027649e-02 1.482374779880046844e-02 1.420972496271133423e-02 1.455041696317493916e-03 -9.900536388158798218e-03 9.998489618301391602e-01
3.961090743541717529e-02 -1.807442866265773773e-02 1.604991033673286438e-02 1.382304728031158447e-02 1.167284674011170864e-03 -6.253372412174940109e-03 9.998842477798461914e-01
4.211572557687759399e-02 -2.055323123931884766e-02 1.765302941203117371e-02 1.308190822601318359e-02 7.640291587449610233e-04 -2.217456232756376266e-03 9.999116659164428711e-01
4.574832692742347717e-02 -1.996184699237346649e-02 2.038427814841270447e-02 1.096385717391967773e-02 2.190708415582776070e-03 2.619298873469233513e-03 9.999340772628784180e-01
4.838410019874572754e-02 -2.043517865240573883e-02 2.440305799245834351e-02 8.475710637867450714e-03 2.636842662468552589e-03 7.877620868384838104e-03 9.999295473098754883e-01
4.943016543984413147e-02 -2.275603637099266052e-02 2.966796606779098511e-02 4.963973537087440491e-03 -3.094423096626996994e-03 1.207694783806800842e-02 9.999099373817443848e-01
5.090546607971191406e-02 -2.439336292445659637e-02 3.431914001703262329e-02 1.585716381669044495e-03 -8.889893069863319397e-03 1.527179684489965439e-02 9.998425841331481934e-01
5.329275503754615784e-02 -2.715379558503627777e-02 3.653359040617942810e-02 -8.655138663016259670e-04 -9.340023621916770935e-03 1.918395236134529114e-02 9.997719526290893555e-01
5.928066745400428772e-02 -2.660289593040943146e-02 3.525562584400177002e-02 -3.001784440129995346e-03 -1.133671309798955917e-02 2.258109487593173981e-02 9.996762275695800781e-01
6.457007676362991333e-02 -2.787582576274871826e-02 3.270171955227851868e-02 -4.173073451966047287e-03 -1.263158489018678665e-02 2.674610726535320282e-02 9.995537400245666504e-01
6.730810552835464478e-02 -3.119335137307643890e-02 3.249919041991233826e-02 -4.871697630733251572e-03 -1.312171574681997299e-02 2.910619229078292847e-02 9.994783401489257812e-01
6.277391314506530762e-02 -3.242345899343490601e-02 2.874729968607425690e-02 -5.998216569423675537e-03 -1.327982731163501740e-02 3.111852891743183136e-02 9.994094967842102051e-01
5.163241177797317505e-02 -2.869610302150249481e-02 2.314835786819458008e-02 -8.747034706175327301e-03 -1.429259311407804489e-02 3.405570611357688904e-02 9.992794394493103027e-01
4.278412461280822754e-02 -2.305223606526851654e-02 1.360861491411924362e-02 -7.800233084708452225e-03 -1.416684966534376144e-02 3.509154170751571655e-02 9.992532134056091309e-01
3.434999287128448486e-02 -1.374357193708419800e-02 5.636612884700298309e-03 -6.672806572169065475e-03 -1.574698835611343384e-02 3.463060408830642700e-02 9.992538094520568848e-01
2.371523343026638031e-02 -4.900713916867971420e-03 3.764074062928557396e-03 -7.457944098860025406e-03 -1.475323643535375595e-02 3.605369850993156433e-02 9.992130994796752930e-01
1.681125164031982422e-02 -4.180044401437044144e-03 3.529316047206521034e-03 -6.674727424979209900e-03 -1.412562280893325806e-02 3.944687917828559875e-02 9.990995526313781738e-01
1.592129282653331757e-02 -2.149694832041859627e-03 -2.995596732944250107e-03 -6.110619753599166870e-03 -1.583329215645790100e-02 3.795702382922172546e-02 9.991352558135986328e-01
1.464517042040824890e-02 -1.729974057525396347e-03 2.078903373330831528e-03 -6.811305414885282516e-03 -1.181924436241388321e-02 3.698997944593429565e-02 9.992225170135498047e-01
1.102579385042190552e-02 2.778105670586228371e-03 -6.979497615247964859e-03 -6.407220382243394852e-03 -1.430810429155826569e-02 3.425028920173645020e-02 9.992903470993041992e-01
8.055484853684902191e-03 3.642598399892449379e-03 -7.639828603714704514e-03 -5.667064338922500610e-03 -1.291095465421676636e-02 3.237034007906913757e-02 9.993764758110046387e-01
6.479419767856597900e-03 3.260201308876276016e-03 -6.806721910834312439e-03 -4.616902675479650497e-03 -1.085731945931911469e-02 2.954401075839996338e-02 9.994938373565673828e-01
5.191147327423095703e-03 2.440363401547074318e-03 -5.791237112134695053e-03 -3.019029274582862854e-03 -7.851646281778812408e-03 2.695506252348423004e-02 9.996012449264526367e-01
6.916808895766735077e-03 1.053001149557530880e-03 -5.820792168378829956e-03 -2.495322842150926590e-03 -4.969361703842878342e-03 2.136335894465446472e-02 9.997563362121582031e-01
1.335848122835159302e-02 -5.120332818478345871e-03 -2.654801588505506516e-03 -8.218112634494900703e-04 -1.360033638775348663e-04 1.523003447800874710e-02 9.998836517333984375e-01
