2.616429710388183594e+01 -2.226403045654296875e+01 -9.312875270843505859e-01 -9.828075766563415527e-02 1.950348913669586182e-01 7.394629120826721191e-01 6.367863416671752930e-01
2.616372871398925781e+01 -2.217281341552734375e+01 -9.335713386535644531e-01 -1.150443628430366516e-01 1.832592040300369263e-01 7.594124078750610352e-01 6.135740876197814941e-01
2.616298866271972656e+01 -2.208936309814453125e+01 -9.348848462104797363e-01 -1.317157000303268433e-01 1.714167743921279907e-01 7.774058580398559570e-01 5.906829237937927246e-01
2.616211128234863281e+01 -2.201375389099121094e+01 -9.354992508888244629e-01 -1.481156945228576660e-01 1.596851646900177002e-01 7.933980226516723633e-01 5.684008598327636719e-01
2.616118812561035156e+01 -2.194607353210449219e+01 -9.354921579360961914e-01 -1.640769988298416138e-01 1.482433676719665527e-01 8.073760867118835449e-01 5.470306277275085449e-01
2.616036605834960938e+01 -2.188636779785156250e+01 -9.349073171615600586e-01 -1.794434189796447754e-01 1.372693479061126709e-01 8.193559646606445312e-01 5.268843770027160645e-01
2.615976715087890625e+01 -2.183468055725097656e+01 -9.337805509567260742e-01 -1.940723210573196411e-01 1.269402056932449341e-01 8.293764591217041016e-01 5.082807540893554688e-01
2.615952873229980469e+01 -2.179103851318359375e+01 -9.321456551551818848e-01 -2.078258395195007324e-01 1.174261868000030518e-01 8.374951481819152832e-01 4.915409982204437256e-01
2.615978813171386719e+01 -2.175547790527343750e+01 -9.300209879875183105e-01 -2.205992043018341064e-01 1.089065447449684143e-01 8.437741994857788086e-01 4.769805073738098145e-01
2.616066741943359375e+01 -2.172797966003417969e+01 -9.274230003356933594e-01 -2.322079092264175415e-01 1.015073508024215698e-01 8.482979536056518555e-01 4.649244844913482666e-01
2.616228675842285156e+01 -2.170862197875976562e+01 -9.243645668029785156e-01 -2.427976131439208984e-01 9.553091973066329956e-02 8.510643243789672852e-01 4.556311368942260742e-01
2.616477966308593750e+01 -2.169733810424804688e+01 -9.207842350006103516e-01 -2.468553632497787476e-01 8.807556331157684326e-02 8.535140156745910645e-01 4.503391087055206299e-01
2.616808891296386719e+01 -2.169430923461914062e+01 -9.166867136955261230e-01 -2.498877346515655518e-01 8.211365342140197754e-02 8.544839024543762207e-01 4.479464590549468994e-01
2.617216682434082031e+01 -2.169102287292480469e+01 -9.126086235046386719e-01 -2.523180544376373291e-01 7.769173383712768555e-02 8.541033267974853516e-01 4.480973482131958008e-01
2.617695045471191406e+01 -2.168699455261230469e+01 -9.085601568222045898e-01 -2.541543245315551758e-01 7.464501261711120605e-02 8.525706529617309570e-01 4.504888057708740234e-01
2.618237495422363281e+01 -2.168230819702148438e+01 -9.045310020446777344e-01 -2.554774284362792969e-01 7.286829501390457153e-02 8.500405550003051758e-01 4.547907114028930664e-01
2.618837547302246094e+01 -2.167682266235351562e+01 -9.005225300788879395e-01 -2.563192844390869141e-01 7.224454730749130249e-02 8.466653227806091309e-01 4.606729447841644287e-01
2.619487571716308594e+01 -2.167051124572753906e+01 -8.965254426002502441e-01 -2.567027211189270020e-01 7.266429066658020020e-02 8.425927162170410156e-01 4.678035080432891846e-01
2.620179557800292969e+01 -2.166329956054687500e+01 -8.925469517707824707e-01 -2.566380500793457031e-01 7.401936501264572144e-02 8.379737734794616699e-01 4.758529067039489746e-01
2.620906448364257812e+01 -2.165512657165527344e+01 -8.885920643806457520e-01 -2.561296820640563965e-01 7.620377093553543091e-02 8.329648375511169434e-01 4.844967126846313477e-01
2.621661949157714844e+01 -2.164592933654785156e+01 -8.846570253372192383e-01 -2.551808655261993408e-01 7.911168038845062256e-02 8.277311921119689941e-01 4.934171438217163086e-01
2.622440528869628906e+01 -2.163562965393066406e+01 -8.807523250579833984e-01 -2.537975609302520752e-01 8.263879269361495972e-02 8.224474787712097168e-01 5.023062229156494141e-01
2.623235321044921875e+01 -2.162417411804199219e+01 -8.768761157989501953e-01 -2.519926726818084717e-01 8.667975664138793945e-02 8.172982335090637207e-01 5.108646750450134277e-01
2.624042320251464844e+01 -2.161146545410156250e+01 -8.730357885360717773e-01 -2.497884780168533325e-01 9.112954139709472656e-02 8.124753832817077637e-01 5.188030600547790527e-01
2.624859046936035156e+01 -2.159743881225585938e+01 -8.691596984863281250e-01 -2.472200542688369751e-01 9.588360786437988281e-02 8.081774711608886719e-01 5.258412361145019531e-01
2.625680541992187500e+01 -2.158200454711914062e+01 -8.653063774108886719e-01 -2.443369030952453613e-01 1.008368581533432007e-01 8.046056032180786133e-01 5.317062139511108398e-01
2.626502418518066406e+01 -2.156509208679199219e+01 -8.614757061004638672e-01 -2.412073314189910889e-01 1.058851033449172974e-01 8.019602894783020020e-01 5.361313223838806152e-01
2.627321434020996094e+01 -2.154660987854003906e+01 -8.576569557189941406e-01 -2.379104346036911011e-01 1.109187230467796326e-01 8.004380464553833008e-01 5.388543009757995605e-01
2.628134536743164062e+01 -2.152648544311523438e+01 -8.538395762443542480e-01 -2.345696836709976196e-01 1.158414781093597412e-01 8.002186417579650879e-01 5.396082401275634766e-01
2.628938674926757812e+01 -2.150462722778320312e+01 -8.500067591667175293e-01 -2.312321215867996216e-01 1.204878464341163635e-01 8.014897704124450684e-01 5.381430387496948242e-01
2.629729080200195312e+01 -2.148096656799316406e+01 -8.461406826972961426e-01 -2.283179908990859985e-01 1.249194368720054626e-01 8.043257594108581543e-01 5.341309905052185059e-01
2.630502319335937500e+01 -2.145547866821289062e+01 -8.421739339828491211e-01 -2.197909802198410034e-01 1.248996853828430176e-01 8.103667497634887695e-01 5.285527706146240234e-01
2.631252670288085938e+01 -2.142808914184570312e+01 -8.381342887878417969e-01 -2.106194943189620972e-01 1.238911896944046021e-01 8.181651830673217773e-01 5.204486250877380371e-01
2.631979560852050781e+01 -2.139889526367187500e+01 -8.339933156967163086e-01 -2.011696845293045044e-01 1.221816986799240112e-01 8.273483514785766602e-01 5.099689364433288574e-01
2.632682609558105469e+01 -2.136793899536132812e+01 -8.297178745269775391e-01 -1.914427280426025391e-01 1.198075264692306519e-01 8.376274704933166504e-01 4.973410367965698242e-01
2.633362007141113281e+01 -2.133543968200683594e+01 -8.252761363983154297e-01 -1.815407872200012207e-01 1.168731376528739929e-01 8.486937284469604492e-01 4.827784597873687744e-01
2.634018135070800781e+01 -2.130116653442382812e+01 -8.206647634506225586e-01 -1.715442389249801636e-01 1.134682446718215942e-01 8.602545857429504395e-01 4.665110707283020020e-01
2.634652137756347656e+01 -2.127311706542968750e+01 -8.153721094131469727e-01 -1.615456342697143555e-01 1.096902117133140564e-01 8.720320463180541992e-01 4.487810134887695312e-01
2.635266685485839844e+01 -2.125176239013671875e+01 -8.093648552894592285e-01 -1.516416072845458984e-01 1.056387647986412048e-01 8.837705850601196289e-01 4.298466444015502930e-01
2.635867309570312500e+01 -2.123709106445312500e+01 -8.026421666145324707e-01 -1.419356316328048706e-01 1.014177799224853516e-01 8.952406048774719238e-01 4.099825322628021240e-01
2.636459541320800781e+01 -2.122914886474609375e+01 -7.952104210853576660e-01 -1.325369924306869507e-01 9.713499993085861206e-02 9.062424898147583008e-01 3.894814848899841309e-01
2.637050437927246094e+01 -2.122824287414550781e+01 -7.870600819587707520e-01 -1.235603243112564087e-01 9.290116280317306519e-02 9.166091084480285645e-01 3.686498105525970459e-01
2.637649917602539062e+01 -2.122842025756835938e+01 -7.785868644714355469e-01 -1.151249334216117859e-01 8.883003890514373779e-02 9.262061119079589844e-01 3.478083610534667969e-01
2.638268280029296875e+01 -2.122944068908691406e+01 -7.698313593864440918e-01 -1.073544844985008240e-01 8.503782749176025391e-02 9.349325299263000488e-01 3.272889852523803711e-01
2.638915824890136719e+01 -2.123144721984863281e+01 -7.608172893524169922e-01 -1.003755927085876465e-01 8.164250850677490234e-02 9.427182674407958984e-01 3.074325025081634521e-01
2.639603614807128906e+01 -2.123442268371582031e+01 -7.515836954116821289e-01 -9.431738406419754028e-02 7.876342535018920898e-02 9.495221972465515137e-01 2.885854244232177734e-01
2.640343856811523438e+01 -2.123843193054199219e+01 -7.421655058860778809e-01 -8.931079506874084473e-02 7.652068883180618286e-02 9.553262591361999512e-01 2.710965573787689209e-01
2.641148185729980469e+01 -2.124341201782226562e+01 -7.326077222824096680e-01 -8.548735827207565308e-02 7.503493130207061768e-02 9.601295590400695801e-01 2.553157806396484375e-01
2.642028808593750000e+01 -2.124954605102539062e+01 -7.229380607604980469e-01 -8.297932893037796021e-02 7.442698627710342407e-02 9.639410376548767090e-01 2.415903359651565552e-01
2.642996788024902344e+01 -2.125256538391113281e+01 -7.134573459625244141e-01 -8.191857486963272095e-02 7.481771707534790039e-02 9.667693376541137695e-01 2.302633523941040039e-01
2.644064521789550781e+01 -2.125227737426757812e+01 -7.042095661163330078e-01 -8.243658393621444702e-02 7.632801681756973267e-02 9.686136841773986816e-01 2.216713577508926392e-01
