8.344133198261260986e-02 -1.010791584849357605e-02 3.551236912608146667e-02 -2.547550387680530548e-02 6.944546010345220566e-03 2.545595727860927582e-02 9.993271827697753906e-01
7.497917115688323975e-02 -1.464377157390117645e-02 3.362688422203063965e-02 -2.506227232515811920e-02 7.557672914117574692e-03 2.467429824173450470e-02 9.993527531623840332e-01
6.688974797725677490e-02 -1.659961044788360596e-02 3.111231699585914612e-02 -2.455307357013225555e-02 7.578081917017698288e-03 2.223523892462253571e-02 9.994224905967712402e-01
5.846883356571197510e-02 -1.888526789844036102e-02 2.839166112244129181e-02 -2.357031777501106262e-02 7.608304731547832489e-03 2.105903066694736481e-02 9.994713664054870605e-01
5.023005232214927673e-02 -1.950785703957080841e-02 2.572626248002052307e-02 -2.239407226443290710e-02 7.399289868772029877e-03 1.871163584291934967e-02 9.995467066764831543e-01
4.226338863372802734e-02 -1.946749538183212280e-02 2.251993678510189056e-02 -2.092143893241882324e-02 7.005163468420505524e-03 1.677331328392028809e-02 9.996158480644226074e-01
3.481478616595268250e-02 -1.771283894777297974e-02 1.949664764106273651e-02 -1.913371682167053223e-02 6.914399564266204834e-03 1.435377262532711029e-02 9.996899962425231934e-01
2.721265889704227448e-02 -1.595424488186836243e-02 1.650010235607624054e-02 -1.720080152153968811e-02 6.915607023984193802e-03 1.214022375643253326e-02 9.997544288635253906e-01
2.011377923190593719e-02 -1.331118214875459671e-02 1.340170949697494507e-02 -1.513756625354290009e-02 6.726812571287155151e-03 9.238572791218757629e-03 9.998201131820678711e-01
1.326982490718364716e-02 -1.018477603793144226e-02 1.020262576639652252e-02 -1.273504830896854401e-02 6.789387203752994537e-03 6.843155249953269958e-03 9.998724460601806641e-01
7.599364500492811203e-03 -6.748198065906763077e-03 6.327559240162372589e-03 -9.709306992590427399e-03 -2.341393264941871166e-04 3.368126461282372475e-03 9.999471902847290039e-01
3.287084866315126419e-03 -2.507081022486090660e-03 4.045542329549789429e-03 -6.867306306958198547e-03 -4.431493871379643679e-04 7.308785570785403252e-04 9.999760389328002930e-01
3.137492109090089798e-03 -3.473065095022320747e-03 4.410033114254474640e-03 -4.799564834684133530e-03 1.543420366942882538e-04 -1.772827818058431149e-03 9.999868869781494141e-01
3.965741023421287537e-03 -4.225255455821752548e-03 4.478463437408208847e-03 -2.730794483795762062e-03 4.311200464144349098e-04 -3.438899060711264610e-03 9.999902844429016113e-01
4.463905002921819687e-03 -5.176836624741554260e-03 4.459660965949296951e-03 -2.016173530137166381e-04 7.451100973412394524e-04 -5.148940719664096832e-03 9.999864697456359863e-01
4.833787679672241211e-03 -5.836856085807085037e-03 4.972880240529775620e-03 5.817360943183302879e-04 1.085766591131687164e-03 -6.383685860782861710e-03 9.999788403511047363e-01
5.059184506535530090e-03 -7.149278186261653900e-03 4.711201414465904236e-03 2.615714445710182190e-03 1.064916141331195831e-03 -7.375554647296667099e-03 9.999688267707824707e-01
6.231692153960466385e-03 -6.867044139653444290e-03 5.622042343020439148e-03 3.390449332073330879e-03 1.548341242596507072e-03 -8.246536366641521454e-03 9.999590516090393066e-01
5.835318472236394882e-03 -7.991050370037555695e-03 6.342332344502210617e-03 4.454879555851221085e-03 1.153211575001478195e-03 -8.982451632618904114e-03 9.999490976333618164e-01
6.391915027052164078e-03 -8.718009106814861298e-03 6.636201404035091400e-03 5.222453270107507706e-03 1.289909705519676208e-03 -9.298725053668022156e-03 9.999423027038574219e-01
7.600453216582536697e-03 -8.842311799526214600e-03 7.103801239281892776e-03 5.801809951663017273e-03 1.261574798263609409e-03 -8.896900340914726257e-03 9.999427795410156250e-01
8.702105842530727386e-03 -9.590408764779567719e-03 6.872829981148242950e-03 7.139101158827543259e-03 9.838553378358483315e-04 -8.522836491465568542e-03 9.999377131462097168e-01
1.030955836176872253e-02 -8.685797452926635742e-03 8.111778646707534790e-03 7.185732480138540268e-03 9.461849695071578026e-04 -7.671935949474573135e-03 9.999443292617797852e-01
1.119758747518062592e-02 -9.638858959078788757e-03 8.189706131815910339e-03 7.507827132940292358e-03 7.013769936747848988e-04 -6.574232596904039383e-03 9.999499320983886719e-01
1.201639324426651001e-02 -1.022309530526399612e-02 8.888778276741504669e-03 7.475654128938913345e-03 5.922206328250467777e-04 -5.255108233541250229e-03 9.999580979347229004e-01
1.386531908065080643e-02 -9.598285891115665436e-03 9.589606896042823792e-03 7.056155707687139511e-03 3.544373321346938610e-04 -3.416557796299457550e-03 9.999691843986511230e-01
1.498155295848846436e-02 -1.014088466763496399e-02 1.022893749177455902e-02 6.624251604080200195e-03 7.470861601177603006e-05 -1.418926520273089409e-03 9.999770522117614746e-01
1.631467230618000031e-02 -1.028846576809883118e-02 1.108486671000719070e-02 5.984229035675525665e-03 -3.594061854528263211e-05 6.291619502007961273e-04 9.999818801879882812e-01
1.761179044842720032e-02 -1.077643781900405884e-02 1.183675043284893036e-02 5.219787359237670898e-03 -1.292753004236146808e-04 3.607775550335645676e-03 9.999798536300659180e-01
1.893439888954162598e-02 -1.099667139351367950e-02 1.293209660798311234e-02 3.674267791211605072e-03 -1.577829098096117377e-04 6.117728538811206818e-03 9.999745488166809082e-01
1.970470510423183441e-02 -1.196825783699750900e-02 1.424054149538278580e-02 2.683454658836126328e-03 -7.619778160005807877e-03 8.840044960379600525e-03 9.999282956123352051e-01
2.063903026282787323e-02 -1.281785219907760620e-02 1.555118709802627563e-02 1.336046960204839706e-03 -8.654987439513206482e-03 1.156670972704887390e-02 9.998947381973266602e-01
2.255371958017349243e-02 -1.344833150506019592e-02 1.553056575357913971e-02 -1.016404439724283293e-05 -9.449900127947330475e-03 1.386132370680570602e-02 9.998592734336853027e-01
2.420697174966335297e-02 -1.385476440191268921e-02 1.600399427115917206e-02 -7.570752641186118126e-04 -9.769977070391178131e-03 1.647561788558959961e-02 9.998162388801574707e-01
2.514957636594772339e-02 -1.493401359766721725e-02 1.653897389769554138e-02 -1.680790446698665619e-03 -9.970699436962604523e-03 1.859229058027267456e-02 9.997760057449340820e-01
2.543912827968597412e-02 -1.806505396962165833e-02 1.648755930364131927e-02 -2.214817795902490616e-03 -1.034023705869913101e-02 2.002797648310661316e-02 9.997435212135314941e-01
2.048612013459205627e-02 -1.554543245583772659e-02 1.402404438704252243e-02 -2.756252186372876167e-03 -1.071131881326436996e-02 2.149241417646408081e-02 9.997078180313110352e-01
1.611245982348918915e-02 -1.152731664478778839e-02 1.171850506216287613e-02 -4.065863322466611862e-03 -1.036995463073253632e-02 2.237394265830516815e-02 9.996876120567321777e-01
1.228249445557594299e-02 -9.374211542308330536e-03 7.378157693892717361e-03 -4.101789090782403946e-03 -1.007167063653469086e-02 2.319738082587718964e-02 9.996717572212219238e-01
7.859735749661922455e-03 -5.272777285426855087e-03 7.580406032502651215e-03 -4.867852199822664261e-03 -9.243587031960487366e-03 2.373686805367469788e-02 9.996636509895324707e-01
6.500469986349344254e-03 6.337228696793317795e-04 7.087509147822856903e-03 -4.353157244622707367e-03 -9.048944339156150818e-03 2.224645577371120453e-02 9.997020959854125977e-01
5.808497313410043716e-03 -2.390475710853934288e-03 7.629633881151676178e-03 -4.044790286570787430e-03 -8.922578766942024231e-03 2.359254844486713409e-02 9.996736645698547363e-01
6.569929420948028564e-03 -8.916960214264690876e-04 7.834557443857192993e-03 -4.007448442280292511e-03 -7.364673539996147156e-03 2.249914966523647308e-02 9.997116923332214355e-01
7.824227213859558105e-03 8.582262089475989342e-04 7.391688413918018341e-03 -3.177315229550004005e-03 -6.907109171152114868e-03 2.125965803861618042e-02 9.997450709342956543e-01
8.270328864455223083e-03 -1.908460108097642660e-04 7.920671254396438599e-03 -3.327674465253949165e-03 -5.695144645869731903e-03 2.014600299298763275e-02 9.997752904891967773e-01
8.937821723520755768e-03 2.077325945720076561e-03 8.130661211907863617e-03 -2.499616472050547600e-03 -4.911859985440969467e-03 1.828509010374546051e-02 9.998176097869873047e-01
1.042543444782495499e-02 2.637033583596348763e-03 7.568261586129665375e-03 -1.992440316826105118e-03 -3.761322936043143272e-03 1.678713597357273102e-02 9.998500347137451172e-01
1.140606496483087540e-02 3.348613856360316277e-03 7.832787930965423584e-03 -1.304587931372225285e-03 -2.260399516671895981e-03 1.432172674685716629e-02 9.998940229415893555e-01
1.107422076165676117e-02 -1.032804138958454132e-03 8.144488558173179626e-03 -5.715442239306867123e-04 -3.628970589488744736e-04 1.070476975291967392e-02 9.999424815177917480e-01
7.016084156930446625e-03 -9.844341315329074860e-03 7.385517470538616180e-03 7.977474888321012259e-05 1.373818260617554188e-03 8.812765590846538544e-03 9.999602437019348145e-01
1.595644950866699219e-01 -1.870553195476531982e-02 6.865820288658142090e-02 -5.072204768657684326e-02 1.490663271397352219e-02 4.944234341382980347e-02 9.973767995834350586e-01
1.429340243339538574e-01 -2.628201246261596680e-02 6.470600515604019165e-02 -4.979167506098747253e-02 1.786248572170734406e-02 4.611062258481979370e-02 9.975347518920898438e-01
1.262732595205307007e-01 -3.170921653509140015e-02 5.987223237752914429e-02 -4.807142540812492371e-02 1.489052549004554749e-02 4.321065917611122131e-02 9.977977275848388672e-01
1.098040640354156494e-01 -3.490492329001426697e-02 5.435523390769958496e-02 -4.637758061289787292e-02 1.486270222812891006e-02 3.931842744350433350e-02 9.980392456054687500e-01
9.380132704973220825e-02 -3.595447912812232971e-02 4.816198348999023438e-02 -4.314224049448966980e-02 1.483475975692272186e-02 3.542971983551979065e-02 9.983302950859069824e-01
7.786746323108673096e-02 -3.511328622698783875e-02 4.236937686800956726e-02 -4.033945128321647644e-02 1.410952769219875336e-02 3.101287782192230225e-02 9.986049532890319824e-01
6.381373107433319092e-02 -3.068440221250057220e-02 3.559558838605880737e-02 -3.619571030139923096e-02 1.405477058142423630e-02 2.655703946948051453e-02 9.988929033279418945e-01
4.994316026568412781e-02 -2.479676529765129089e-02 2.970795892179012299e-02 -3.151442483067512512e-02 1.408469770103693008e-02 2.073493599891662598e-02 9.991889595985412598e-01
3.574059903621673584e-02 -2.011069096624851227e-02 2.327333390712738037e-02 -2.729657106101512909e-02 1.305738650262355804e-02 1.581423915922641754e-02 9.994170069694519043e-01
2.256094850599765778e-02 -1.453395467251539230e-02 1.637299731373786926e-02 -2.215156517922878265e-02 6.413985509425401688e-03 1.022772677242755890e-02 9.996817111968994141e-01
1.129474304616451263e-02 -8.618772029876708984e-03 9.090235456824302673e-03 -1.681753247976303101e-02 -1.504679239587858319e-04 3.749025054275989532e-03 9.998515248298645020e-01
7.765856105834245682e-03 -6.003820803016424179e-03 7.248265203088521957e-03 -1.129398494958877563e-02 -1.820190227590501308e-04 -2.131081884726881981e-03 9.999339580535888672e-01
8.183867670595645905e-03 -7.374305743724107742e-03 8.216246031224727631e-03 -7.663737982511520386e-03 5.782130174338817596e-04 -5.780572071671485901e-03 9.999537467956542969e-01
9.007644839584827423e-03 -9.150030091404914856e-03 8.645455352962017059e-03 -3.020656527951359749e-03 1.246679341420531273e-03 -9.362538345158100128e-03 9.999508261680603027e-01
1.029047928750514984e-02 -1.064739748835563660e-02 8.790140040218830109e-03 -2.543616574257612228e-04 1.550678280182182789e-03 -1.224267855286598206e-02 9.999238252639770508e-01
1.074409112334251404e-02 -1.270499173551797867e-02 9.182046167552471161e-03 3.265635576099157333e-03 1.954572275280952454e-03 -1.467992551624774933e-02 9.998850226402282715e-01
1.148737035691738129e-02 -1.436543650925159454e-02 9.676702320575714111e-03 5.814582575112581253e-03 2.226348500698804855e-03 -1.607812568545341492e-02 9.998513460159301758e-01
1.222883258014917374e-02 -1.564324833452701569e-02 1.077613979578018188e-02 8.390319533646106720e-03 2.414245158433914185e-03 -1.715754345059394836e-02 9.998146891593933105e-01
1.347637921571731567e-02 -1.660483703017234802e-02 1.181383989751338959e-02 1.019338332116603851e-02 2.492353552952408791e-03 -1.827424950897693634e-02 9.997779130935668945e-01
1.543170586228370667e-02 -1.747715286910533905e-02 1.223796792328357697e-02 1.185269933193922043e-02 2.522627357393503189e-03 -1.837354525923728943e-02 9.997577667236328125e-01
1.631158776581287384e-02 -1.907005533576011658e-02 1.309873815625905991e-02 1.310240197926759720e-02 2.089399844408035278e-03 -1.737217046320438385e-02 9.997610449790954590e-01
1.913382858037948608e-02 -1.865741796791553497e-02 1.446190010756254196e-02 1.398162450641393661e-02 2.150896238163113594e-03 -1.610822789371013641e-02 9.997701644897460938e-01
2.155891619622707367e-02 -1.908617466688156128e-02 1.532818004488945007e-02 1.449688337743282318e-02 1.789547852240502834e-03 -1.418127026408910751e-02 9.997927546501159668e-01
2.381652407348155975e-02 -1.938832364976406097e-02 1.677641458809375763e-02 1.476904749870300293e-02 1.416078186593949795e-03 -1.159714721143245697e-02 9.998226761817932129e-01
2.622644044458866119e-02 -1.971261762082576752e-02 1.816279441118240356e-02 1.425714325159788132e-02 9.194216108880937099e-04 -8.592310361564159393e-03 9.998610019683837891e-01
2.896001935005187988e-02 -1.956704072654247284e-02 1.981103420257568359e-02 1.371970772743225098e-02 4.988939617760479450e-04 -4.852774087339639664e-03 9.998939633369445801e-01
3.125356137752532959e-02 -2.056330069899559021e-02 2.124327421188354492e-02 1.255278009921312332e-02 9.808990398596506566e-06 -7.787236827425658703e-04 9.999209046363830566e-01
3.389023989439010620e-02 -2.129381150007247925e-02 2.275193855166435242e-02 1.082499884068965912e-02 3.628239574027247727e-05 4.435082897543907166e-03 9.999315738677978516e-01
3.640227019786834717e-02 -2.199079468846321106e-02 2.478299848735332489e-02 8.900882676243782043e-03 -4.334775439929217100e-04 9.460290893912315369e-03 9.999155402183532715e-01
3.832174837589263916e-02 -2.318480983376502991e-02 2.743194997310638428e-02 6.367238238453865051e-03 -7.655221503227949142e-03 1.487794239073991776e-02 9.998397231101989746e-01
4.147768393158912659e-02 -2.410508133471012115e-02 2.876954711973667145e-02 3.753168508410453796e-03 -1.623805053532123566e-02 2.024041116237640381e-02 9.996562004089355469e-01
4.386665299534797668e-02 -2.618733048439025879e-02 3.020459413528442383e-02 1.454448560252785683e-03 -1.797695271670818329e-02 2.574742026627063751e-02 9.995057582855224609e-01
4.623276367783546448e-02 -2.818672545254230499e-02 3.153463453054428101e-02 -6.371619529090821743e-04 -1.907127164304256439e-02 3.056162223219871521e-02 9.993507266044616699e-01
4.824623838067054749e-02 -3.035943023860454559e-02 3.277823328971862793e-02 -2.384597435593605042e-03 -1.955330558121204376e-02 3.475997969508171082e-02 9.992015361785888672e-01
5.010887980461120605e-02 -3.336446359753608704e-02 3.348849341273307800e-02 -3.913939464837312698e-03 -2.051348984241485596e-02 3.780246898531913757e-02 9.990670084953308105e-01
4.609036818146705627e-02 -3.294441848993301392e-02 3.094792366027832031e-02 -5.342840682715177536e-03 -2.072660438716411591e-02 4.037036746740341187e-02 9.989554882049560547e-01
3.712005913257598877e-02 -2.684853971004486084e-02 2.513194642961025238e-02 -6.464122794568538666e-03 -2.053617686033248901e-02 4.344577342271804810e-02 9.988237619400024414e-01
2.888685464859008789e-02 -2.111350744962692261e-02 1.790341734886169434e-02 -7.258208934217691422e-03 -2.030610851943492889e-02 4.506471753120422363e-02 9.987512826919555664e-01
2.077166549861431122e-02 -1.441773958504199982e-02 1.397531665861606598e-02 -7.986343465745449066e-03 -1.937926374375820160e-02 4.534730315208435059e-02 9.987513422966003418e-01
1.441799197345972061e-02 -5.163261666893959045e-03 1.397437509149312973e-02 -8.441340178251266479e-03 -1.744427718222141266e-02 4.517319425940513611e-02 9.987911581993103027e-01
1.295991614460945129e-02 -8.365214453078806400e-04 1.453146245330572128e-02 -8.145257830619812012e-03 -1.757718063890933990e-02 4.636652395129203796e-02 9.987366199493408203e-01
1.410595327615737915e-02 9.244823595508933067e-04 1.432972121983766556e-02 -7.255428005009889603e-03 -1.625124551355838776e-02 4.522326588630676270e-02 9.988183379173278809e-01
1.419305894523859024e-02 1.986516872420907021e-03 1.540545932948589325e-02 -7.618510164320468903e-03 -1.456073019653558731e-02 4.340996965765953064e-02 9.989221692085266113e-01
1.608980074524879456e-02 3.147206734865903854e-03 1.501953508704900742e-02 -7.181546650826931000e-03 -1.243868935853242874e-02 4.084879532456398010e-02 9.990621209144592285e-01
1.740763522684574127e-02 4.488855134695768356e-03 1.543948426842689514e-02 -6.025995593518018723e-03 -1.029217429459095001e-02 3.850607573986053467e-02 9.991871714591979980e-01
1.919028721749782562e-02 5.353546235710382462e-03 1.575280353426933289e-02 -4.929346032440662384e-03 -8.658126927912235260e-03 3.503051400184631348e-02 9.993366003036499023e-01
2.135683782398700714e-02 6.650375667959451675e-03 1.577586121857166290e-02 -3.650555387139320374e-03 -5.160981789231300354e-03 3.103421628475189209e-02 9.994983077049255371e-01
2.304099313914775848e-02 3.955493681132793427e-03 1.511343661695718765e-02 -1.690957113169133663e-03 -2.033576602116227150e-03 2.427435666322708130e-02 9.997018575668334961e-01
2.006758004426956177e-02 -1.247846987098455429e-02 1.452656276524066925e-02 -4.900334752164781094e-04 1.924803014844655991e-03 2.010937780141830444e-02 9.997957944869995117e-01
