8.344315737485885620e-02 -1.024826336652040482e-02 3.546783328056335449e-02 -2.542505599558353424e-02 6.927313748747110367e-03 2.539488673210144043e-02 9.993301033973693848e-01
7.499551028013229370e-02 -1.467743422836065292e-02 3.357575088739395142e-02 -2.501728013157844543e-02 7.521014660596847534e-03 2.461158111691474915e-02 9.993557333946228027e-01
6.690000742673873901e-02 -1.672919467091560364e-02 3.102069720625877380e-02 -2.448530681431293488e-02 7.539181504398584366e-03 2.220700308680534363e-02 9.994250535964965820e-01
5.847128853201866150e-02 -1.898317597806453705e-02 2.832121402025222778e-02 -2.351538278162479401e-02 7.587057072669267654e-03 2.101981081068515778e-02 9.994736909866333008e-01
5.022133514285087585e-02 -1.961926184594631195e-02 2.565846778452396393e-02 -2.234376035630702972e-02 7.399010937660932541e-03 1.870555244386196136e-02 9.995479583740234375e-01
4.226565361022949219e-02 -1.951614394783973694e-02 2.247352898120880127e-02 -2.087776735424995422e-02 7.000298239290714264e-03 1.675862073898315430e-02 9.996170401573181152e-01
3.478835523128509521e-02 -1.778511144220829010e-02 1.947802677750587463e-02 -1.909718662500381470e-02 6.915831472724676132e-03 1.435413397848606110e-02 9.996906518936157227e-01
2.719516679644584656e-02 -1.603776775300502777e-02 1.644789241254329681e-02 -1.714875362813472748e-02 6.899091415107250214e-03 1.211801264435052872e-02 9.997556805610656738e-01
2.008529938757419586e-02 -1.337722688913345337e-02 1.337864249944686890e-02 -1.509439665824174881e-02 6.699127145111560822e-03 9.228645823895931244e-03 9.998210668563842773e-01
1.324153970927000046e-02 -1.023815851658582687e-02 1.018593180924654007e-02 -1.268880628049373627e-02 6.773202214390039444e-03 6.827130448073148727e-03 9.998732209205627441e-01
7.567602209746837616e-03 -6.784291006624698639e-03 6.327031180262565613e-03 -9.676127694547176361e-03 -2.435576025163754821e-04 3.369150916114449501e-03 9.999474883079528809e-01
3.206111490726470947e-03 -2.563519868999719620e-03 4.075047560036182404e-03 -6.873308680951595306e-03 -4.372905241325497627e-04 7.246667519211769104e-04 9.999760389328002930e-01
3.069064114242792130e-03 -3.497986588627099991e-03 4.438396543264389038e-03 -4.780382383614778519e-03 1.569825544720515609e-04 -1.764227868989109993e-03 9.999870061874389648e-01
3.918791655451059341e-03 -4.262893926352262497e-03 4.484118893742561340e-03 -2.711357548832893372e-03 4.229371261317282915e-04 -3.434446174651384354e-03 9.999903440475463867e-01
4.414837341755628586e-03 -5.221721250563859940e-03 4.456175025552511215e-03 -2.045246365014463663e-04 7.336993585340678692e-04 -5.160214379429817200e-03 9.999864101409912109e-01
4.786996636539697647e-03 -5.896950606256723404e-03 4.947178997099399567e-03 5.933304200880229473e-04 1.072166603989899158e-03 -6.387026049196720123e-03 9.999788403511047363e-01
4.997000563889741898e-03 -7.212225813418626785e-03 4.681530408561229706e-03 2.624754561111330986e-03 1.055417582392692566e-03 -7.392248604446649551e-03 9.999686479568481445e-01
6.184848491102457047e-03 -6.927782669663429260e-03 5.599206313490867615e-03 3.406091593205928802e-03 1.550246146507561207e-03 -8.266022428870201111e-03 9.999588131904602051e-01
5.789292976260185242e-03 -8.061314933001995087e-03 6.295419298112392426e-03 4.479937721043825150e-03 1.148512121289968491e-03 -9.001103229820728302e-03 9.999487996101379395e-01
6.362892687320709229e-03 -8.780103176832199097e-03 6.582006346434354782e-03 5.246723536401987076e-03 1.274719950743019581e-03 -9.306016378104686737e-03 9.999421238899230957e-01
7.572837639600038528e-03 -8.916887454688549042e-03 7.039786782115697861e-03 5.821597296744585037e-03 1.249557710252702236e-03 -8.901223540306091309e-03 9.999426603317260742e-01
8.669294416904449463e-03 -9.675329551100730896e-03 6.794829387217760086e-03 7.143711671233177185e-03 9.905084734782576561e-04 -8.518857881426811218e-03 9.999377131462097168e-01
1.028957683593034744e-02 -8.778564631938934326e-03 8.036941289901733398e-03 7.197867147624492645e-03 9.487694478593766689e-04 -7.668474223464727402e-03 9.999442696571350098e-01
1.118715200573205948e-02 -9.740700013935565948e-03 8.082777261734008789e-03 7.511651143431663513e-03 7.047061226330697536e-04 -6.564417388290166855e-03 9.999499917030334473e-01
1.199945714324712753e-02 -1.033065281808376312e-02 8.786717429757118225e-03 7.482849061489105225e-03 5.894240457564592361e-04 -5.260188598185777664e-03 9.999579787254333496e-01
1.385171432048082352e-02 -9.749094955623149872e-03 9.456208907067775726e-03 7.066258229315280914e-03 3.417636326048523188e-04 -3.426538780331611633e-03 9.999691247940063477e-01
1.496605295687913895e-02 -1.029245089739561081e-02 1.009942404925823212e-02 6.630845833569765091e-03 6.212342123035341501e-05 -1.426979200914502144e-03 9.999769926071166992e-01
1.631295494735240936e-02 -1.038936804980039597e-02 1.099290139973163605e-02 5.981167778372764587e-03 -4.818788875127211213e-05 6.152737769298255444e-04 9.999819397926330566e-01
1.761589385569095612e-02 -1.087856758385896683e-02 1.173680461943149567e-02 5.232593510299921036e-03 -1.410558033967390656e-04 3.588154213503003120e-03 9.999798536300659180e-01
1.891712099313735962e-02 -1.110239233821630478e-02 1.286688353866338730e-02 3.687751246616244316e-03 -1.602812262717634439e-04 6.093708332628011703e-03 9.999746084213256836e-01
1.969755627214908600e-02 -1.208458188921213150e-02 1.415191683918237686e-02 2.681801328435540199e-03 -7.603310979902744293e-03 8.831580169498920441e-03 9.999284744262695312e-01
2.062000893056392670e-02 -1.294235419481992722e-02 1.547310873866081238e-02 1.336509012617170811e-03 -8.654169738292694092e-03 1.157195307314395905e-02 9.998946785926818848e-01
2.254856750369071960e-02 -1.364668551832437515e-02 1.536412909626960754e-02 1.053707455866970122e-05 -9.433283470571041107e-03 1.385795883834362030e-02 9.998594522476196289e-01
2.417708933353424072e-02 -1.400802843272686005e-02 1.591550372540950775e-02 -7.331611705012619495e-04 -9.762044064700603485e-03 1.642186380922794342e-02 9.998172521591186523e-01
2.514266967773437500e-02 -1.507045608013868332e-02 1.642531715333461761e-02 -1.653890358284115791e-03 -9.973100386559963226e-03 1.853051409125328064e-02 9.997771978378295898e-01
2.539577707648277283e-02 -1.822121813893318176e-02 1.638220809400081635e-02 -2.192090731114149094e-03 -1.035407464951276779e-02 1.997336745262145996e-02 9.997444748878479004e-01
2.040779963135719299e-02 -1.566350646317005157e-02 1.400684379041194916e-02 -2.721860073506832123e-03 -1.069731730967760086e-02 2.141306735575199127e-02 9.997097849845886230e-01
1.603822596371173859e-02 -1.161048002541065216e-02 1.173822022974491119e-02 -4.023066721856594086e-03 -1.032783463597297668e-02 2.229730039834976196e-02 9.996899366378784180e-01
1.222366094589233398e-02 -9.437805041670799255e-03 7.394771557301282883e-03 -4.054316319525241852e-03 -1.005862466990947723e-02 2.311872318387031555e-02 9.996739029884338379e-01
7.748042233288288116e-03 -5.333681590855121613e-03 7.652441971004009247e-03 -4.845959134399890900e-03 -9.244660846889019012e-03 2.368623018264770508e-02 9.996649622917175293e-01
6.371784023940563202e-03 4.569682932924479246e-04 7.216789759695529938e-03 -4.401366226375102997e-03 -9.028283879160881042e-03 2.228299155831336975e-02 9.997012615203857422e-01
5.674466956406831741e-03 -2.503214869648218155e-03 7.694066502153873444e-03 -4.028282128274440765e-03 -8.858367800712585449e-03 2.356940507888793945e-02 9.996748566627502441e-01
6.517564412206411362e-03 -9.277262142859399319e-04 7.874011993408203125e-03 -4.007135983556509018e-03 -7.347910664975643158e-03 2.243873104453086853e-02 9.997131824493408203e-01
7.780720945447683334e-03 8.287342498078942299e-04 7.440813351422548294e-03 -3.190647112205624580e-03 -6.887747906148433685e-03 2.123852446675300598e-02 9.997456073760986328e-01
8.223896846175193787e-03 -2.015075879171490669e-04 7.968607358634471893e-03 -3.322290023788809776e-03 -5.674283020198345184e-03 2.010576240718364716e-02 9.997762441635131836e-01
8.869334124028682709e-03 1.973632257431745529e-03 8.230874314904212952e-03 -2.510379301384091377e-03 -4.876558203250169754e-03 1.825466379523277283e-02 9.998183250427246094e-01
1.040709950029850006e-02 2.647692803293466568e-03 7.589743006974458694e-03 -1.994147431105375290e-03 -3.744569839909672737e-03 1.675817929208278656e-02 9.998505711555480957e-01
1.140205934643745422e-02 3.398018889129161835e-03 7.817326113581657410e-03 -1.310516498051583767e-03 -2.236690372228622437e-03 1.429742574691772461e-02 9.998944401741027832e-01
1.106456760317087173e-02 -1.062208786606788635e-03 8.153821341693401337e-03 -5.574926035478711128e-04 -3.573525464162230492e-04 1.071131788194179535e-02 9.999424219131469727e-01
6.946541834622621536e-03 -9.957604110240936279e-03 7.298907730728387833e-03 1.136117643909528852e-04 1.356516266241669655e-03 8.830487728118896484e-03 9.999600648880004883e-01
1.595386266708374023e-01 -1.888006553053855896e-02 6.867051869630813599e-02 -5.057844892144203186e-02 1.490389369428157806e-02 4.940360412001609802e-02 9.973860979080200195e-01
1.429547071456909180e-01 -2.638750337064266205e-02 6.461730599403381348e-02 -4.965419322252273560e-02 1.778553798794746399e-02 4.613679274916648865e-02 9.975417256355285645e-01
1.263107210397720337e-01 -3.179966285824775696e-02 5.974512919783592224e-02 -4.797938466072082520e-02 1.485870778560638428e-02 4.316373541951179504e-02 9.978046417236328125e-01
1.098406612873077393e-01 -3.506192192435264587e-02 5.417994037270545959e-02 -4.625951871275901794e-02 1.481184177100658417e-02 3.929655626416206360e-02 9.980463385581970215e-01
9.377817809581756592e-02 -3.613173589110374451e-02 4.807432368397712708e-02 -4.303852841258049011e-02 1.478525064885616302e-02 3.539025783538818359e-02 9.983369112014770508e-01
7.782089710235595703e-02 -3.523112088441848755e-02 4.235710948705673218e-02 -4.028481617569923401e-02 1.411435566842556000e-02 3.101207502186298370e-02 9.986070990562438965e-01
6.375814229249954224e-02 -3.078107908368110657e-02 3.561172261834144592e-02 -3.618234395980834961e-02 1.404003240168094635e-02 2.657588198781013489e-02 9.988930821418762207e-01
4.987860471010208130e-02 -2.490646205842494965e-02 2.972464822232723236e-02 -3.151623159646987915e-02 1.406968850642442703e-02 2.082323096692562103e-02 9.991872310638427734e-01
3.566972538828849792e-02 -2.020534686744213104e-02 2.330006659030914307e-02 -2.730777300894260406e-02 1.305135432630777359e-02 1.588669605553150177e-02 9.994156360626220703e-01
2.250076830387115479e-02 -1.461080461740493774e-02 1.638739928603172302e-02 -2.210155688226222992e-02 6.400228012353181839e-03 1.022710651159286499e-02 9.996829032897949219e-01
1.122054923325777054e-02 -8.697190321981906891e-03 9.107415564358234406e-03 -1.680266857147216797e-02 -1.608263410162180662e-04 3.762809094041585922e-03 9.998517036437988281e-01
7.702241186052560806e-03 -6.055106408894062042e-03 7.273437920957803726e-03 -1.128389034420251846e-02 -1.913549349410459399e-04 -2.110853558406233788e-03 9.999340772628784180e-01
8.078658953309059143e-03 -7.444860879331827164e-03 8.256638422608375549e-03 -7.648092228919267654e-03 5.795601173304021358e-04 -5.745591595768928528e-03 9.999541044235229492e-01
8.900642395019531250e-03 -9.257506579160690308e-03 8.641860447824001312e-03 -3.004121128469705582e-03 1.225189887918531895e-03 -9.350863285362720490e-03 9.999510049819946289e-01
1.017801370471715927e-02 -1.076141744852066040e-02 8.782229386270046234e-03 -2.328935370314866304e-04 1.547333667986094952e-03 -1.223272271454334259e-02 9.999239444732666016e-01
1.063094194978475571e-02 -1.283037569373846054e-02 9.139302186667919159e-03 3.279693890362977982e-03 1.919440110214054585e-03 -1.466755196452140808e-02 9.998852014541625977e-01
1.139068230986595154e-02 -1.448597200214862823e-02 9.611088782548904419e-03 5.822438281029462814e-03 2.202497096732258797e-03 -1.608747988939285278e-02 9.998512268066406250e-01
1.212085317820310593e-02 -1.576801575720310211e-02 1.071612630039453506e-02 8.402466773986816406e-03 2.394340466707944870e-03 -1.715758442878723145e-02 9.998146295547485352e-01
1.339810527861118317e-02 -1.671829074621200562e-02 1.174264494329690933e-02 1.020848844200372696e-02 2.481385134160518646e-03 -1.826614700257778168e-02 9.997779726982116699e-01
1.537459716200828552e-02 -1.759434305131435394e-02 1.214154344052076340e-02 1.187885832041501999e-02 2.493705134838819504e-03 -1.835345476865768433e-02 9.997578859329223633e-01
1.623417995870113373e-02 -1.917947456240653992e-02 1.303499005734920502e-02 1.311534363776445389e-02 2.089966088533401489e-03 -1.736781932413578033e-02 9.997609853744506836e-01
1.905117183923721313e-02 -1.881446875631809235e-02 1.436725072562694550e-02 1.400080975145101547e-02 2.147378865629434586e-03 -1.610393077135086060e-02 9.997699856758117676e-01
2.149768173694610596e-02 -1.926221139729022980e-02 1.519338227808475494e-02 1.452562399208545685e-02 1.772229094058275223e-03 -1.417197659611701965e-02 9.997925162315368652e-01
2.376007661223411560e-02 -1.957474648952484131e-02 1.663941517472267151e-02 1.478657312691211700e-02 1.381841488182544708e-03 -1.160051487386226654e-02 9.998224377632141113e-01
2.614446915686130524e-02 -1.995763741433620453e-02 1.801277510821819305e-02 1.426540780812501907e-02 8.936476078815758228e-04 -8.572258986532688141e-03 9.998611211776733398e-01
2.887385152280330658e-02 -1.988444849848747253e-02 1.961984857916831970e-02 1.372937019914388657e-02 4.590432217810302973e-04 -4.835994914174079895e-03 9.998939633369445801e-01
3.117910958826541901e-02 -2.089772559702396393e-02 2.102521620690822601e-02 1.255967002362012863e-02 -1.615221663087140769e-05 -7.685734890401363373e-04 9.999208450317382812e-01
3.380786627531051636e-02 -2.159164473414421082e-02 2.259323745965957642e-02 1.083272509276866913e-02 8.535667802789248526e-06 4.434172995388507843e-03 9.999315142631530762e-01
3.632016107439994812e-02 -2.222421206533908844e-02 2.469509840011596680e-02 8.893475867807865143e-03 -4.512645537033677101e-04 9.472756646573543549e-03 9.999154806137084961e-01
3.828062489628791809e-02 -2.336729317903518677e-02 2.733436040580272675e-02 6.361462641507387161e-03 -7.667146157473325729e-03 1.488358806818723679e-02 9.998396039009094238e-01
4.142004996538162231e-02 -2.438390068709850311e-02 2.861719578504562378e-02 3.762686625123023987e-03 -1.625057496130466461e-02 2.028441429138183594e-02 9.996550679206848145e-01
4.381544515490531921e-02 -2.649075910449028015e-02 3.001372516155242920e-02 1.467205467633903027e-03 -1.798481680452823639e-02 2.577237039804458618e-02 9.995049834251403809e-01
4.615911096334457397e-02 -2.846332266926765442e-02 3.139378130435943604e-02 -6.008085911162197590e-04 -1.907625608146190643e-02 3.052736259996891022e-02 9.993516802787780762e-01
4.823072627186775208e-02 -3.074395656585693359e-02 3.244091570377349854e-02 -2.345005981624126434e-03 -1.962997019290924072e-02 3.475737199187278748e-02 9.992002248764038086e-01
5.009371042251586914e-02 -3.366393223404884338e-02 3.321032226085662842e-02 -3.890700405463576317e-03 -2.054358087480068207e-02 3.782993182539939880e-02 9.990653991699218750e-01
4.601854830980300903e-02 -3.313637897372245789e-02 3.084970265626907349e-02 -5.322659853845834732e-03 -2.071394026279449463e-02 4.038123413920402527e-02 9.989554286003112793e-01
3.702870383858680725e-02 -2.697573974728584290e-02 2.513051405549049377e-02 -6.383233703672885895e-03 -2.055606618523597717e-02 4.340663924813270569e-02 9.988256096839904785e-01
2.878077141940593719e-02 -2.118404395878314972e-02 1.799073256552219391e-02 -7.184314541518688202e-03 -2.026504091918468475e-02 4.499728232622146606e-02 9.987556934356689453e-01
2.066899463534355164e-02 -1.441584154963493347e-02 1.412865333259105682e-02 -7.919311523437500000e-03 -1.936037652194499969e-02 4.537536576390266418e-02 9.987509846687316895e-01
1.417533028870820999e-02 -5.372785963118076324e-03 1.414263434708118439e-02 -8.459189906716346741e-03 -1.744343154132366180e-02 4.520120471715927124e-02 9.987897872924804688e-01
1.275293901562690735e-02 -1.098423032090067863e-03 1.469620969146490097e-02 -8.226431906223297119e-03 -1.752978004515171051e-02 4.642399400472640991e-02 9.987341165542602539e-01
1.396709680557250977e-02 6.973942508921027184e-04 1.447781920433044434e-02 -7.344226818531751633e-03 -1.624649018049240112e-02 4.532561078667640686e-02 9.988131523132324219e-01
1.399657968431711197e-02 1.774757751263678074e-03 1.560971885919570923e-02 -7.717936765402555466e-03 -1.452467776834964752e-02 4.348704218864440918e-02 9.989185929298400879e-01
1.603862643241882324e-02 2.919232007116079330e-03 1.511997170746326447e-02 -7.203170098364353180e-03 -1.244285143911838531e-02 4.095128551125526428e-02 9.990577101707458496e-01
1.736665517091751099e-02 4.171344917267560959e-03 1.557409390807151794e-02 -6.078284233808517456e-03 -1.027981843799352646e-02 3.857452794909477234e-02 9.991843700408935547e-01
1.911850646138191223e-02 5.224212072789669037e-03 1.588296890258789062e-02 -4.958909936249256134e-03 -8.646231144666671753e-03 3.503818437457084656e-02 9.993362426757812500e-01
2.131834626197814941e-02 6.362010724842548370e-03 1.594593375921249390e-02 -3.679673653095960617e-03 -5.133696831762790680e-03 3.104830719530582428e-02 9.994979500770568848e-01
2.300809882581233978e-02 3.914786968380212784e-03 1.517402660101652145e-02 -1.702412962913513184e-03 -2.042896812781691551e-03 2.426902391016483307e-02 9.997019171714782715e-01
2.001668140292167664e-02 -1.257417723536491394e-02 1.451424602419137955e-02 -4.516398184932768345e-04 1.889063743874430656e-03 2.014831267297267914e-02 9.997951388359069824e-01
