2.616429710388183594e+01 -2.226403045654296875e+01 -9.312875270843505859e-01 -9.828075766563415527e-02 1.950348913669586182e-01 7.394629120826721191e-01 6.367863416671752930e-01
2.616371536254882812e+01 -2.217281150817871094e+01 -9.335793256759643555e-01 -1.150442734360694885e-01 1.832592338323593140e-01 7.594123482704162598e-01 6.135741472244262695e-01
2.616255950927734375e+01 -2.208922004699707031e+01 -9.352143406867980957e-01 -1.317156553268432617e-01 1.714168190956115723e-01 7.774057388305664062e-01 5.906831026077270508e-01
2.616087150573730469e+01 -2.201334190368652344e+01 -9.364542365074157715e-01 -1.481156647205352783e-01 1.596851944923400879e-01 7.933979034423828125e-01 5.684009790420532227e-01
2.615875244140625000e+01 -2.194526290893554688e+01 -9.373710155487060547e-01 -1.640768945217132568e-01 1.482433527708053589e-01 8.073760867118835449e-01 5.470305085182189941e-01
2.615635871887207031e+01 -2.188503074645996094e+01 -9.379987120628356934e-01 -1.794432997703552246e-01 1.372693032026290894e-01 8.193560838699340820e-01 5.268841385841369629e-01
2.615382003784179688e+01 -2.183269500732421875e+01 -9.383641481399536133e-01 -1.940722465515136719e-01 1.269401758909225464e-01 8.293766975402832031e-01 5.082805752754211426e-01
2.615128517150878906e+01 -2.178827857971191406e+01 -9.384937286376953125e-01 -2.078257799148559570e-01 1.174261793494224548e-01 8.374952673912048340e-01 4.915408492088317871e-01
2.614890480041503906e+01 -2.175182533264160156e+01 -9.383975863456726074e-01 -2.205991744995117188e-01 1.089065968990325928e-01 8.437741398811340332e-01 4.769805669784545898e-01
2.614681625366210938e+01 -2.172331809997558594e+01 -9.380854964256286621e-01 -2.322078198194503784e-01 1.015074700117111206e-01 8.482977151870727539e-01 4.649247527122497559e-01
2.614515113830566406e+01 -2.170283508300781250e+01 -9.375634193420410156e-01 -2.427974790334701538e-01 9.553109109401702881e-02 8.510641455650329590e-01 4.556316137313842773e-01
2.614405250549316406e+01 -2.169030952453613281e+01 -9.367620944976806641e-01 -2.468551248311996460e-01 8.807573467493057251e-02 8.535136580467224121e-01 4.503396153450012207e-01
2.614347839355468750e+01 -2.168593025207519531e+01 -9.356750249862670898e-01 -2.498874366283416748e-01 8.211381733417510986e-02 8.544835448265075684e-01 4.479470252990722656e-01
2.614339065551757812e+01 -2.168118476867675781e+01 -9.348288178443908691e-01 -2.523177266120910645e-01 7.769190520048141479e-02 8.541030287742614746e-01 4.480980038642883301e-01
2.614373588562011719e+01 -2.167559432983398438e+01 -9.342336058616638184e-01 -2.541539967060089111e-01 7.464519888162612915e-02 8.525703549385070801e-01 4.504894912242889404e-01
2.614446640014648438e+01 -2.166924476623535156e+01 -9.338665604591369629e-01 -2.554770410060882568e-01 7.286848127841949463e-02 8.500401973724365234e-01 4.547914266586303711e-01
2.614552688598632812e+01 -2.166200065612792969e+01 -9.337168931961059570e-01 -2.563188970088958740e-01 7.224474102258682251e-02 8.466649651527404785e-01 4.606737196445465088e-01
2.614685058593750000e+01 -2.165383529663085938e+01 -9.337737560272216797e-01 -2.567023336887359619e-01 7.266448438167572021e-02 8.425925374031066895e-01 4.678042531013488770e-01
2.614837646484375000e+01 -2.164467239379882812e+01 -9.340372681617736816e-01 -2.566376030445098877e-01 7.401955872774124146e-02 8.379735946655273438e-01 4.758535921573638916e-01
2.615003967285156250e+01 -2.163446617126464844e+01 -9.344961643218994141e-01 -2.561292648315429688e-01 7.620395720005035400e-02 8.329645991325378418e-01 4.844973087310791016e-01
2.615178489685058594e+01 -2.162315368652343750e+01 -9.351480603218078613e-01 -2.551804780960083008e-01 7.911185920238494873e-02 8.277309536933898926e-01 4.934176802635192871e-01
2.615356826782226562e+01 -2.161066627502441406e+01 -9.359892010688781738e-01 -2.537972033023834229e-01 8.263897150754928589e-02 8.224473595619201660e-01 5.023067593574523926e-01
2.615533638000488281e+01 -2.159693717956542969e+01 -9.370212554931640625e-01 -2.519923746585845947e-01 8.667991310358047485e-02 8.172980546951293945e-01 5.108651518821716309e-01
2.615704917907714844e+01 -2.158188629150390625e+01 -9.382345676422119141e-01 -2.497881650924682617e-01 9.112969785928726196e-02 8.124752044677734375e-01 5.188035964965820312e-01
2.615870666503906250e+01 -2.156544303894042969e+01 -9.395552873611450195e-01 -2.472197115421295166e-01 9.588375687599182129e-02 8.081772923469543457e-01 5.258417129516601562e-01
2.616025543212890625e+01 -2.154752349853515625e+01 -9.410331845283508301e-01 -2.443365305662155151e-01 1.008369922637939453e-01 8.046054244041442871e-01 5.317066907882690430e-01
2.616166496276855469e+01 -2.152806282043457031e+01 -9.426598548889160156e-01 -2.412069141864776611e-01 1.058852672576904297e-01 8.019600510597229004e-01 5.361317992210388184e-01
2.616291046142578125e+01 -2.150697326660156250e+01 -9.444184303283691406e-01 -2.379099279642105103e-01 1.109188869595527649e-01 8.004378080368041992e-01 5.388548374176025391e-01
2.616397285461425781e+01 -2.148417663574218750e+01 -9.462919235229492188e-01 -2.345690727233886719e-01 1.158416420221328735e-01 8.002182841300964355e-01 5.396088957786560059e-01
2.616482734680175781e+01 -2.145959091186523438e+01 -9.482553601264953613e-01 -2.312314659357070923e-01 1.204880401492118835e-01 8.014894127845764160e-01 5.381437540054321289e-01
2.616543388366699219e+01 -2.143314743041992188e+01 -9.502834677696228027e-01 -2.283173054456710815e-01 1.249196529388427734e-01 8.043254613876342773e-01 5.341317653656005859e-01
2.616576766967773438e+01 -2.140482521057128906e+01 -9.523078799247741699e-01 -2.197901755571365356e-01 1.248998865485191345e-01 8.103664517402648926e-01 5.285536646842956543e-01
2.616577911376953125e+01 -2.137453842163085938e+01 -9.543439149856567383e-01 -2.106185853481292725e-01 1.238913759589195251e-01 8.181648254394531250e-01 5.204494595527648926e-01
2.616546821594238281e+01 -2.134240341186523438e+01 -9.563573002815246582e-01 -2.011686265468597412e-01 1.221818402409553528e-01 8.273480534553527832e-01 5.099698901176452637e-01
2.616483497619628906e+01 -2.130845451354980469e+01 -9.583110809326171875e-01 -1.914414614439010620e-01 1.198076307773590088e-01 8.376271128654479980e-01 4.973419904708862305e-01
2.616388893127441406e+01 -2.127291870117187500e+01 -9.601662158966064453e-01 -1.815392971038818359e-01 1.168732121586799622e-01 8.486934900283813477e-01 4.827796220779418945e-01
2.616263771057128906e+01 -2.123555946350097656e+01 -9.619105458259582520e-01 -1.715425103902816772e-01 1.134682521224021912e-01 8.602542281150817871e-01 4.665123820304870605e-01
2.616110229492187500e+01 -2.120438194274902344e+01 -9.630265831947326660e-01 -1.615437716245651245e-01 1.096901446580886841e-01 8.720316290855407715e-01 4.487824141979217529e-01
2.615931129455566406e+01 -2.117984962463378906e+01 -9.634750485420227051e-01 -1.516396552324295044e-01 1.056386381387710571e-01 8.837701678276062012e-01 4.298481345176696777e-01
2.615732192993164062e+01 -2.116196441650390625e+01 -9.632504582405090332e-01 -1.419334858655929565e-01 1.014175564050674438e-01 8.952402472496032715e-01 4.099842011928558350e-01
2.615519905090332031e+01 -2.115075874328613281e+01 -9.623513817787170410e-01 -1.325346231460571289e-01 9.713463485240936279e-02 9.062421917915344238e-01 3.894831836223602295e-01
2.615301704406738281e+01 -2.114654922485351562e+01 -9.607690572738647461e-01 -1.235578209161758423e-01 9.290063381195068359e-02 9.166089296340942383e-01 3.686512708663940430e-01
2.615088272094726562e+01 -2.114338684082031250e+01 -9.588887095451354980e-01 -1.151223182678222656e-01 8.882932364940643311e-02 9.262060523033142090e-01 3.478094637393951416e-01
2.614889526367187500e+01 -2.114103317260742188e+01 -9.567490220069885254e-01 -1.073518022894859314e-01 8.503697067499160767e-02 9.349325895309448242e-01 3.272898495197296143e-01
2.614716529846191406e+01 -2.113964462280273438e+01 -9.543690681457519531e-01 -1.003728061914443970e-01 8.164153248071670532e-02 9.427185058593750000e-01 3.074332773685455322e-01
2.614581298828125000e+01 -2.113919448852539062e+01 -9.517864584922790527e-01 -9.431440383195877075e-02 7.876229286193847656e-02 9.495224356651306152e-01 2.885860502719879150e-01
2.614496421813964844e+01 -2.113976669311523438e+01 -9.490302801132202148e-01 -8.930759876966476440e-02 7.651939243078231812e-02 9.553264379501342773e-01 2.710972428321838379e-01
2.614473533630371094e+01 -2.114129447937011719e+01 -9.461437463760375977e-01 -8.548393845558166504e-02 7.503348588943481445e-02 9.601297974586486816e-01 2.553165256977081299e-01
2.614526367187500000e+01 -2.114397048950195312e+01 -9.431518316268920898e-01 -8.297562599182128906e-02 7.442537695169448853e-02 9.639412760734558105e-01 2.415912151336669922e-01
2.614666748046875000e+01 -2.114352989196777344e+01 -9.403517842292785645e-01 -8.191463351249694824e-02 7.481589913368225098e-02 9.667697548866271973e-01 2.302640378475189209e-01
2.614907646179199219e+01 -2.113978195190429688e+01 -9.377835988998413086e-01 -8.243253082036972046e-02 7.632608711719512939e-02 9.686141014099121094e-01 2.216718345880508423e-01
