-4.452462308108806610e-03 9.506114125251770020e-01 -2.659993059933185577e-02
-1.102034468203783035e-02 8.748676180839538574e-01 -2.061818912625312805e-02
-1.630785129964351654e-02 7.981099486351013184e-01 -1.483423169702291489e-02
-2.137221582233905792e-02 7.205093502998352051e-01 -1.181873213499784470e-02
-2.476209029555320740e-02 6.422538757324218750e-01 -8.515977300703525543e-03
-2.681337669491767883e-02 5.634737014770507812e-01 -5.848526488989591599e-03
-2.746991440653800964e-02 4.845153391361236572e-01 -3.313155844807624817e-03
-2.658927626907825470e-02 4.046895503997802734e-01 -1.008426770567893982e-03
-2.423522993922233582e-02 3.260057866573333740e-01 1.198403537273406982e-03
-2.074768580496311188e-02 2.441635131835937500e-01 3.378710011020302773e-03
-1.548610627651214600e-02 1.689847260713577271e-01 5.535923410207033157e-03
-9.762276895344257355e-03 7.648147642612457275e-02 9.284494444727897644e-03
-4.745773039758205414e-03 3.440875932574272156e-02 9.622998535633087158e-03
1.030275598168373108e-05 5.669332295656204224e-02 6.190078333020210266e-03
4.120575729757547379e-03 5.807160586118698120e-02 4.249926190823316574e-03
7.789929397404193878e-03 6.917153298854827881e-02 1.882848795503377914e-03
1.083091925829648972e-02 7.703746110200881958e-02 -1.515749609097838402e-04
1.317380554974079132e-02 8.707230538129806519e-02 -2.214101143181324005e-03
1.493861246854066849e-02 9.706072509288787842e-02 -4.178986418992280960e-03
1.607991382479667664e-02 1.078986600041389465e-01 -6.113658659160137177e-03
1.672324910759925842e-02 1.192722693085670471e-01 -8.033992722630500793e-03
1.691305451095104218e-02 1.313180625438690186e-01 -9.834423661231994629e-03
1.655190624296665192e-02 1.441097408533096313e-01 -1.179338339716196060e-02
1.604687795042991638e-02 1.576857268810272217e-01 -1.317455153912305832e-02
1.529827155172824860e-02 1.719606816768646240e-01 -1.431719306856393814e-02
1.405142061412334442e-02 1.870549619197845459e-01 -1.599420793354511261e-02
1.262398250401020050e-02 2.028964757919311523e-01 -1.731788180768489838e-02
1.091771107167005539e-02 2.196317017078399658e-01 -1.858034916222095490e-02
9.045353159308433533e-03 2.369847148656845093e-01 -1.953696087002754211e-02
6.768283434212207794e-03 2.554320096969604492e-01 -2.038304507732391357e-02
4.249763675034046173e-03 2.738433182239532471e-01 -2.059333398938179016e-02
1.280141528695821762e-03 2.935649752616882324e-01 -2.056024223566055298e-02
-1.993752084672451019e-03 3.119077086448669434e-01 -2.054751850664615631e-02
-5.171687342226505280e-03 3.322225511074066162e-01 -2.018096856772899628e-02
-8.310949429869651794e-03 3.444829881191253662e-01 -1.907983049750328064e-02
-1.139828376471996307e-02 3.727219998836517334e-01 -1.868250966072082520e-02
-1.430442556738853455e-02 3.537936210632324219e-01 -1.514248549938201904e-02
-1.702000573277473450e-02 2.750361561775207520e-01 -7.728856522589921951e-03
-1.929787360131740570e-02 2.132476866245269775e-01 -1.286488492041826248e-03
-2.091353014111518860e-02 1.475313901901245117e-01 5.427529569715261459e-03
-2.191827073693275452e-02 7.180354744195938110e-02 1.270263269543647766e-02
-2.194171398878097534e-02 2.863693051040172577e-02 1.781972311437129974e-02
-2.095324918627738953e-02 3.125625103712081909e-02 1.988770067691802979e-02
-1.891305483877658844e-02 1.727740094065666199e-02 2.272040769457817078e-02
-1.572552695870399475e-02 1.030435785651206970e-02 2.480113506317138672e-02
-1.128949224948883057e-02 -1.573746325448155403e-03 2.682519331574440002e-02
-5.612372420728206635e-03 -8.547983132302761078e-03 2.817406132817268372e-02
1.289966981858015060e-03 -2.523938566446304321e-02 2.975048869848251343e-02
9.510824456810951233e-03 -1.705520041286945343e-02 2.942161634564399719e-02
1.886920072138309479e-02 2.330170571804046631e-02 2.678492851555347443e-02
2.951817959547042847e-02 5.254342779517173767e-02 2.454759180545806885e-02
