0.000000000000000000e+00 0.000000000000000000e+00 0.000000000000000000e+00 0.000000000000000000e+00 0.000000000000000000e+00 0.000000000000000000e+00 1.000000000000000000e+00
8.495328575372695923e-02 -2.342579187825322151e-03 3.321453928947448730e-02 -2.574806672411246444e-02 6.523196705158496901e-03 2.279319826790650663e-02 9.993872898318429954e-01
1.610074434721427417e-01 -8.298693072152391048e-03 6.708743658495755491e-02 -5.235746716158930919e-02 1.434338035547431077e-02 4.652714463288235708e-02 9.974408192392730799e-01
2.296969727592224064e-01 -1.183267752151263841e-02 9.850429766368395956e-02 -7.863538938085040675e-02 2.269768650033692284e-02 6.818558881853402365e-02 9.943098189407184595e-01
2.908934953406636659e-01 -1.716545319944860759e-02 1.269277166933969747e-01 -1.043673446040576935e-01 3.192192959852982459e-02 9.045580796271594781e-02 9.899021136439787316e-01
3.449009428712486724e-01 -2.147422124636209212e-02 1.520292065126477576e-01 -1.279889879574896694e-01 4.016786334722444868e-02 1.096812297836924910e-01 9.848732860367739317e-01
3.916829697492635876e-01 -2.590057184027093340e-02 1.735739113586538263e-01 -1.489164484721311466e-01 4.729993606248635019e-02 1.263086376145274581e-01 9.796084602977322975e-01
4.312092039425984291e-01 -2.871399605284946643e-02 1.918958893591047044e-01 -1.676632785581231577e-01 5.392115988074817901e-02 1.399228959237015513e-01 9.743731917169010659e-01
4.631269837825775504e-01 -2.994069347709048257e-02 2.076143691568738958e-01 -1.846986517525000537e-01 6.035914654828684889e-02 1.506198235497464011e-01 9.693074074939355134e-01
4.882419351756562276e-01 -3.014126987602295735e-02 2.190405022789854717e-01 -1.993622571815960587e-01 6.616102910694873773e-02 1.576433141172527419e-01 9.648968826528033782e-01
5.058306368818137333e-01 -3.069032646252160823e-02 2.276572103047221907e-01 -2.118166557267633643e-01 7.179225109863249243e-02 1.624245858102500994e-01 9.610399736552529548e-01
5.168323308243301106e-01 -3.192843849267253814e-02 2.322131244194605149e-01 -2.202438674722139722e-01 7.053717178869572946e-02 1.654529984268577336e-01 9.587191724110329938e-01
5.220494318196331474e-01 -3.019079589190336310e-02 2.340073518088974791e-01 -2.259256253034546968e-01 6.936855169880472294e-02 1.657896078008649632e-01 9.574233242467454774e-01
5.277931170473086908e-01 -2.832423209516227169e-02 2.362165285550223981e-01 -2.296652390543455768e-01 6.849940136270935009e-02 1.633124369751779992e-01 9.570218168423796357e-01
5.344581236768510824e-01 -2.671369600911945724e-02 2.387895389122828838e-01 -2.316474640607073809e-01 6.775527083760819747e-02 1.592402512686367233e-01 9.572832485967083249e-01
5.420637339167085900e-01 -2.659181976596684469e-02 2.417483386365649189e-01 -2.316314582793923271e-01 6.720717265664741258e-02 1.533591004188691320e-01 9.582854740616580935e-01
5.503728861700694086e-01 -2.668183554343078745e-02 2.453696402569133239e-01 -2.311295383919466373e-01 6.675188736095435948e-02 1.463337905669641614e-01 9.595362128417979086e-01
5.592881870140968825e-01 -2.911651980898763079e-02 2.490428772210519781e-01 -2.287429399051458812e-01 6.641652432555748831e-02 1.384364951611098959e-01 9.613016433708888586e-01
5.690708252547335144e-01 -2.988611428768154013e-02 2.536586497997935230e-01 -2.260267399936729260e-01 6.659886567564193838e-02 1.297892456163039776e-01 9.631361563252108793e-01
5.792952641687000304e-01 -3.209742508002314670e-02 2.590162583576067767e-01 -2.224909015596179263e-01 6.642025223508242482e-02 1.208673392513745087e-01 9.651306829225303474e-01
5.900221733228846466e-01 -3.562014880123514499e-02 2.647975439459023805e-01 -2.184272646330797096e-01 6.610527060354309814e-02 1.115652154149769926e-01 9.671984418787865634e-01
6.019666177254728856e-01 -3.864782392647541504e-02 2.706780873324116654e-01 -2.138709136291363222e-01 6.599285321377101887e-02 1.027412612702058997e-01 9.691998807577060226e-01
6.149903143581280096e-01 -4.296263823938534232e-02 2.758456844723739532e-01 -2.078412521488255948e-01 6.548343700665429368e-02 9.421781923616417975e-02 9.714097672565298325e-01
6.293576209329748705e-01 -4.567095139429767220e-02 2.816574468762658157e-01 -2.014522681275676130e-01 6.552414084251899362e-02 8.649891869989970172e-02 9.734688016042715164e-01
6.444788535437481203e-01 -5.062916900088328120e-02 2.873257119449156849e-01 -1.943547084959291738e-01 6.524406773636255708e-02 8.003509402888157875e-02 9.754813389473236951e-01
6.604548990331726710e-01 -5.610824364768891848e-02 2.938572849914150575e-01 -1.874154740965272292e-01 6.515704458682819444e-02 7.492074177762196585e-02 9.772496518604522064e-01
6.784834531391852330e-01 -5.964951351797984774e-02 3.000834681749156019e-01 -1.805796160856736332e-01 6.521094027271581717e-02 7.160854640014790995e-02 9.787802366239097829e-01
6.975645522591206182e-01 -6.508179987674780897e-02 3.062735823179499328e-01 -1.738791767508905683e-01 6.495551136832375394e-02 7.039176034528764336e-02 9.800978591501992021e-01
7.182750463626486059e-01 -6.975223002456323873e-02 3.129187204945148015e-01 -1.678189799326446352e-01 6.518881991660960273e-02 7.119314716306454627e-02 9.810803960579707050e-01
7.405124121615902499e-01 -7.491337742129339228e-02 3.196475799991713718e-01 -1.622419334081710296e-01 6.572369156848838212e-02 7.528460390351560116e-02 9.816772279245757904e-01
7.640819372750111693e-01 -7.885749465172885164e-02 3.283423330436185950e-01 -1.583945532715552440e-01 6.735148905779535233e-02 8.216826623153813958e-02 9.816431726651518863e-01
7.889778159021935133e-01 -8.458457455229365096e-02 3.373813276240439363e-01 -1.549055052503662266e-01 6.162342886916929996e-02 9.267211522261940837e-02 9.816408286729423338e-01
8.152082263921028860e-01 -8.992084860634441679e-02 3.481328925364879923e-01 -1.529842215912456671e-01 5.570768460437990760e-02 1.058543655973773756e-01 9.809624534629837189e-01
8.436710934617993596e-01 -9.494597855473718706e-02 3.578970957513217810e-01 -1.521752748211322448e-01 4.892161356949178974e-02 1.211571337294007483e-01 9.796786771208947364e-01
8.743592593122243573e-01 -9.722154589507953082e-02 3.672307960169757801e-01 -1.519590365445340485e-01 4.210585398135153340e-02 1.393346272570643585e-01 9.776100500302219443e-01
9.063780625187020101e-01 -9.959406644130570918e-02 3.771419491551614156e-01 -1.525095092486437043e-01 3.534488106308524696e-02 1.593418928572687965e-01 9.747316298099887311e-01
9.398325509612617257e-01 -1.032186000457023384e-01 3.877718610456105108e-01 -1.530965222720888919e-01 2.816809986515727421e-02 1.805189047691385384e-01 9.711750295591051740e-01
9.675622820677949321e-01 -1.061515891550842139e-01 3.967426468254632299e-01 -1.541691529796446747e-01 2.067369868779962358e-02 2.028362732984840544e-01 9.667791457651989662e-01
9.891910647638429976e-01 -1.074833148839215297e-01 4.045038376752902454e-01 -1.566894952219810011e-01 1.351411875774261723e-02 2.260249197640001873e-01 9.613420339956845195e-01
1.006005939552899742e+00 -1.082034243857910166e-01 4.076525131664653356e-01 -1.578895416038555155e-01 6.013389504022776701e-03 2.485218983629816636e-01 9.556524461501979539e-01
1.017653638201993838e+00 -1.076256771713777899e-01 4.109747885101731613e-01 -1.595879354742923417e-01 4.934597835789541294e-05 2.718015648275373675e-01 9.490287655141594891e-01
1.024740332840297530e+00 -1.014209159763258261e-01 4.130168929544276724e-01 -1.610835414662910303e-01 -5.971753386928006779e-03 2.922542862176044642e-01 9.426578716679779868e-01
1.034085740306430079e+00 -1.006892359295247924e-01 4.161461615411254367e-01 -1.624895421772928894e-01 -1.158283718673354737e-02 3.149644561858784275e-01 9.350189184745157922e-01
1.042451195145095877e+00 -9.647118456396058805e-02 4.203374122449873296e-01 -1.642268706906025999e-01 -1.515741685987521264e-02 3.368376796356339353e-01 9.270060222215333878e-01
1.050371742602992375e+00 -8.925852755088006796e-02 4.216919004030438289e-01 -1.649796931077477935e-01 -1.909014034853125444e-02 3.561753877186545902e-01 9.195413860109901139e-01
1.060182313859980852e+00 -8.367680681716302415e-02 4.236332603887487669e-01 -1.660716622314247770e-01 -2.239627725542979800e-02 3.757399739826117746e-01 9.114483428699269307e-01
1.067306762822591626e+00 -7.369958085898789535e-02 4.237025795658950766e-01 -1.666511466783637541e-01 -2.488597189276363711e-02 3.919713811306562712e-01 9.044150154040261347e-01
1.076077699345927785e+00 -6.394098939875639265e-02 4.245759439779496214e-01 -1.673771617639299991e-01 -2.609782515898709937e-02 4.072491142048113577e-01 8.974697478027984232e-01
1.081368247002036265e+00 -5.234854921725683174e-02 4.182285437379011928e-01 -1.681979500391697635e-01 -2.662857265694503969e-02 4.198404358258980840e-01 8.914787586736964142e-01
1.094343876839717566e+00 -4.788005232703177599e-02 4.195336410925760151e-01 -1.689194260709416529e-01 -2.574338336365135371e-02 4.305858276430222231e-01 8.862275953398367490e-01
1.107880267057651302e+00 -4.695991820308587084e-02 4.236081784809086481e-01 -1.695693934909464351e-01 -2.304861077475099315e-02 4.384043855014102542e-01 8.823358641161525018e-01
