0.000000000000000000e+00 0.000000000000000000e+00 0.000000000000000000e+00 0.000000000000000000e+00 0.000000000000000000e+00 0.000000000000000000e+00 1.000000000000000000e+00
8.358249813318252563e-02 -9.655091911554336548e-03 3.530577942728996277e-02 -2.568761753622290922e-02 7.446244032227668751e-03 2.536085508280267256e-02 9.993205325542923179e-01
1.597605809679093769e-01 -1.813369125857179631e-02 6.835269177368780147e-02 -5.076976522164917266e-02 1.496994908698984217e-02 4.940267109095157483e-02 9.973754095889626470e-01
2.286842625493401004e-01 -2.528488513596019449e-02 9.862063411938627733e-02 -7.531476591435176671e-02 2.238466813087095289e-02 7.150248364595331030e-02 9.943409915619476624e-01
2.901067983410383633e-01 -3.171380795825660959e-02 1.263205421959161245e-01 -9.885688894696617601e-02 2.980627966595764122e-02 9.190441921765504785e-02 9.904001610099160136e-01
3.440221144134603115e-01 -3.706987604446138063e-02 1.514184767639077667e-01 -1.212546677810077689e-01 3.695522998452775015e-02 1.100890792703914933e-01 9.858052602535176678e-01
3.904582132349311840e-01 -4.192030143999378455e-02 1.736105203271091357e-01 -1.420871226669220833e-01 4.377796422909777802e-02 1.261822481437656629e-01 9.808021103533454133e-01
4.294032536447410231e-01 -4.566181138237911802e-02 1.929810720596764895e-01 -1.611304133539777361e-01 5.030278078817072146e-02 1.397882578234956041e-01 9.756873798056554525e-01
4.606393200817081035e-01 -4.929096900706080725e-02 2.096681168130080097e-01 -1.784099584669023020e-01 5.654266370982651696e-02 1.511404906348063626e-01 9.706334869512311947e-01
4.841876663480561560e-01 -5.273422405417560466e-02 2.236315306448151408e-01 -1.934073449096643527e-01 6.227744212978239546e-02 1.595995106809925124e-01 9.660450896967249790e-01
5.000704909078642624e-01 -5.555665703247181925e-02 2.347527367663998776e-01 -2.060196413152072248e-01 6.789304120307888823e-02 1.655240708717046760e-01 9.620541691145095831e-01
5.079439212891797562e-01 -5.831724149671190655e-02 2.433384687919586675e-01 -2.151877556982815520e-01 6.685383686363653710e-02 1.694647909609994507e-01 9.594302887227875720e-01
5.082636646211341480e-01 -6.049681805836847059e-02 2.486867402891294598e-01 -2.219582892079995928e-01 6.581703772860024448e-02 1.706427295850002357e-01 9.577492856882068306e-01
5.088091508410360619e-01 -6.365144987428368595e-02 2.542639423535721921e-01 -2.267697815763640712e-01 6.482375491388336908e-02 1.692536903111867830e-01 9.569360142029966765e-01
5.099245982101952013e-01 -6.761332536938838289e-02 2.603216518619365649e-01 -2.297213592552575512e-01 6.400192608313201581e-02 1.658848344324568846e-01 9.568772503643728777e-01
5.116869858239648794e-01 -7.262152984373587694e-02 2.665205660954183542e-01 -2.306462902876666998e-01 6.328042255282424755e-02 1.603705824720658701e-01 9.576424975822885877e-01
5.139994196739310350e-01 -7.757692296858045844e-02 2.737497196213902195e-01 -2.306136825462572759e-01 6.295502030716453035e-02 1.535675657300688002e-01 9.587862105789379807e-01
5.164499060371844363e-01 -8.378237368842994526e-02 2.811247077748012524e-01 -2.287906468115507852e-01 6.250412059160462275e-02 1.456402587386996517e-01 9.604878915817456342e-01
5.202171189107219762e-01 -8.975394550266653504e-02 2.893555084176206438e-01 -2.261954296803740938e-01 6.249730467489100771e-02 1.370360051686927427e-01 9.623673143802685681e-01
5.242840599760723030e-01 -9.635011923911553089e-02 2.981919957179949288e-01 -2.224689389192758826e-01 6.203944963137916768e-02 1.277265459674827019e-01 9.645437301443536837e-01
5.295910159285606156e-01 -1.031732613819490857e-01 3.074753331283132107e-01 -2.180129200248387411e-01 6.202448063130339834e-02 1.182307279219274587e-01 9.667703064739376906e-01
5.365209551534898536e-01 -1.098596848383882746e-01 3.171544360947002317e-01 -2.129790097240325808e-01 6.212799995681405479e-02 1.088831459156705539e-01 9.689811729718195155e-01
5.440721128771575099e-01 -1.179257361707354568e-01 3.267906784074965376e-01 -2.067295515466210098e-01 6.216645704330744926e-02 9.999376514941259175e-02 9.712875326427594658e-01
5.529229707137295335e-01 -1.255913245642285014e-01 3.372993474601844177e-01 -2.003244764010318479e-01 6.239322410996826773e-02 9.183590516448186802e-02 9.734183870579167230e-01
5.627211238828397910e-01 -1.338809475596600684e-01 3.482831196032744603e-01 -1.935499471629404389e-01 6.254027386457909621e-02 8.479690855543660366e-02 9.754161247373386301e-01
5.736691922779156849e-01 -1.423056499648828188e-01 3.599912331330378246e-01 -1.867610093376808611e-01 6.280028603853983482e-02 7.912606313004608150e-02 9.771977873481847432e-01
5.860963322501704376e-01 -1.510976557459093594e-01 3.720162732502084180e-01 -1.800973557326827346e-01 6.317041834776682130e-02 7.524099589754972006e-02 9.787304190839316576e-01
5.999293072611391331e-01 -1.601474065426505000e-01 3.846125617566198418e-01 -1.737349141535758923e-01 6.352461462590258678e-02 7.339967096183702688e-02 9.799965771590093411e-01
6.152982477128869920e-01 -1.692606902135789793e-01 3.978654524499486977e-01 -1.679109698747933699e-01 6.402234389558923711e-02 7.360841489035110929e-02 9.809632240482570875e-01
6.324591600075541997e-01 -1.782305143601654041e-01 4.117023890406822928e-01 -1.625866005656673996e-01 6.480125658905101782e-02 7.660415906434384081e-02 9.815794401244479772e-01
6.514409244573393654e-01 -1.868953103530746618e-01 4.262382499354412380e-01 -1.584534937113167286e-01 6.597692070996574731e-02 8.223490936193407486e-02 9.817214248179282343e-01
6.716678236630081456e-01 -1.960092926051254791e-01 4.417983103948521229e-01 -1.548399830551971113e-01 6.032896982289896043e-02 9.191060045800690526e-02 9.818031557145366905e-01
6.934245825261263763e-01 -2.051141040311062480e-01 4.584071098906906672e-01 -1.520924626659917178e-01 5.385775367170034245e-02 1.045786694305536474e-01 9.813411879003997029e-01
7.169439955038603429e-01 -2.141655518734780494e-01 4.756011438174862493e-01 -1.503256694257326387e-01 4.691497027376358153e-02 1.193997135015404804e-01 9.802779641977408254e-01
7.421880882393642187e-01 -2.227498689601224435e-01 4.935762666544619703e-01 -1.493017008119200406e-01 3.990674377052780275e-02 1.367331912384184278e-01 9.784786601403524520e-01
7.689380812659114550e-01 -2.305781746593748294e-01 5.123437670559352064e-01 -1.490887483431932448e-01 3.286815572557299364e-02 1.560882123719773695e-01 9.758733009029296745e-01
7.966264875786078781e-01 -2.400035750628612130e-01 5.320883601834457410e-01 -1.490227084762435206e-01 2.528238355892717393e-02 1.770407954373814929e-01 9.725274238759971102e-01
8.180714350936463264e-01 -2.482877366039378531e-01 5.502405574206239436e-01 -1.495498910991149566e-01 1.764536759944804883e-02 1.990426726898400223e-01 9.683519430057485611e-01
8.341780942955412392e-01 -2.538407376576606866e-01 5.657180724456682963e-01 -1.508389341657684624e-01 1.043014108538183743e-02 2.221138698154339342e-01 9.632259635891706750e-01
8.435031095235503429e-01 -2.592249113207192313e-01 5.790307553013868125e-01 -1.519472502836490824e-01 3.421418442441849939e-03 2.455844787830460951e-01 9.573863331006660093e-01
8.450210181394988140e-01 -2.625831145474670780e-01 5.905831840425322943e-01 -1.541894582601174013e-01 -3.395318949462146092e-03 2.698813430182269713e-01 9.504620683969250416e-01
8.393001659067749198e-01 -2.630154241065510434e-01 5.983275656705265844e-01 -1.561161811953958034e-01 -9.762772845629725388e-03 2.920875136338789146e-01 9.435132805713490889e-01
8.335097677529829108e-01 -2.646836153340835218e-01 6.061603655947814806e-01 -1.585010913840767255e-01 -1.524758252434906154e-02 3.148628810955919066e-01 9.356849263322579713e-01
8.281914921629826010e-01 -2.664135732703244996e-01 6.147663277234620693e-01 -1.609087534294018906e-01 -2.006897278888378558e-02 3.366950889245017842e-01 9.275462395455640330e-01
8.215356321186896293e-01 -2.693673423384700394e-01 6.227392135005438423e-01 -1.626270522095108473e-01 -2.419021874414700041e-02 3.569039422443399667e-01 9.195579651208530825e-01
8.150666875329213301e-01 -2.733947801581205761e-01 6.312893194973151489e-01 -1.642814547009748549e-01 -2.733116449811451992e-02 3.760225458136420285e-01 9.115216158316467032e-01
8.068100372147234411e-01 -2.770936801075953304e-01 6.395629823653097290e-01 -1.655423223705069780e-01 -2.973733068590559553e-02 3.933858840564575798e-01 9.038578300224963114e-01
7.978277810228877609e-01 -2.815615706119468098e-01 6.480647031727442275e-01 -1.668354156051009285e-01 -3.063091120845114548e-02 4.086679589968117421e-01 8.967821311042016852e-01
7.870157712094463243e-01 -2.865864865738995682e-01 6.558438245914477438e-01 -1.677215763768831192e-01 -2.988061102365696317e-02 4.215474412191630993e-01 8.906595178316359940e-01
7.815189096152999060e-01 -2.879701827453676199e-01 6.684099556646683205e-01 -1.682326651387495986e-01 -2.899657677492518959e-02 4.313874812024217076e-01 8.858678287292519604e-01
7.888389593670868116e-01 -2.913229889653498050e-01 6.800657650450516734e-01 -1.688845305320124945e-01 -2.613870497222799127e-02 4.388887702063555274e-01 8.821402557621489393e-01
