8.772366493940353394e-02 4.798102192580699921e-03 2.508125081658363342e-02 -2.274631150066852570e-02 5.426826421171426773e-03 1.904704608023166656e-02 9.995450973510742188e-01
7.906906306743621826e-02 -4.930801223963499069e-03 2.738556452095508575e-02 -2.400280348956584930e-02 6.864682771265506744e-03 2.053232863545417786e-02 9.994774460792541504e-01
7.067443430423736572e-02 -7.219620514661073685e-03 2.756944298744201660e-02 -2.394513599574565887e-02 7.515434641391038895e-03 1.795254647731781006e-02 9.995238184928894043e-01
6.176915019750595093e-02 -1.311312243342399597e-02 2.656157873570919037e-02 -2.369464933872222900e-02 8.712835609912872314e-03 1.896857656538486481e-02 9.995012879371643066e-01
5.382290855050086975e-02 -1.398248504847288132e-02 2.447106875479221344e-02 -2.175502479076385498e-02 7.986320182681083679e-03 1.631188951432704926e-02 9.995983242988586426e-01
4.567585140466690063e-02 -1.654784381389617920e-02 2.108127623796463013e-02 -1.943996362388134003e-02 7.206740323454141617e-03 1.412645354866981506e-02 9.996852278709411621e-01
3.837864845991134644e-02 -1.549383904784917831e-02 1.797316037118434906e-02 -1.730897277593612671e-02 6.977978162467479706e-03 1.131197996437549591e-02 9.997618198394775391e-01
3.116118721663951874e-02 -1.354112848639488220e-02 1.527753844857215881e-02 -1.564948074519634247e-02 6.986805237829685211e-03 8.887527510523796082e-03 9.998136162757873535e-01
2.479424141347408295e-02 -1.097607333213090897e-02 1.128337718546390533e-02 -1.323186233639717102e-02 6.454471498727798462e-03 5.980012007057666779e-03 9.998737573623657227e-01
1.769081875681877136e-02 -8.713725022971630096e-03 8.442915976047515869e-03 -1.101885456591844559e-02 6.410712841898202896e-03 4.306103568524122238e-03 9.999094605445861816e-01
1.094164699316024780e-02 -6.358685437589883804e-03 4.567594267427921295e-03 -8.339144289493560791e-03 -6.093892152421176434e-04 1.252763438969850540e-03 9.999642372131347656e-01
5.012575071305036545e-03 9.640423377277329564e-05 2.640498103573918343e-03 -5.626813974231481552e-03 -1.144867055700160563e-04 -8.989894413389265537e-04 9.999837875366210938e-01
5.412288475781679153e-03 6.211141007952392101e-04 3.112761303782463074e-03 -3.200540551915764809e-03 3.153540601488202810e-04 -3.719215979799628258e-03 9.999879002571105957e-01
6.195728201419115067e-03 -2.391755988355726004e-04 3.296751528978347778e-03 -1.385265612043440342e-03 4.437308234628289938e-04 -4.971337970346212387e-03 9.999865889549255371e-01
6.408558692783117294e-03 2.015755511820316315e-03 4.109619650989770889e-03 7.400959148071706295e-04 5.462162662297487259e-04 -7.296761963516473770e-03 9.999729394912719727e-01
7.697960827499628067e-03 -2.188752638176083565e-03 3.729358315467834473e-03 1.586261088959872723e-03 7.762880995869636536e-04 -8.108149282634258270e-03 9.999655485153198242e-01
8.219066075980663300e-03 -4.545906092971563339e-03 2.955980831757187843e-03 3.430816344916820526e-03 8.719066390767693520e-04 -8.758473210036754608e-03 9.999553561210632324e-01
9.232825599610805511e-03 -3.540899837389588356e-03 4.673782736063003540e-03 4.009632859379053116e-03 1.431131153367459774e-03 -9.610599838197231293e-03 9.999447464942932129e-01
9.275723248720169067e-03 -5.673623643815517426e-03 5.293471273034811020e-03 4.846230149269104004e-03 1.395903294906020164e-03 -9.686044417321681976e-03 9.999403953552246094e-01
9.762166999280452728e-03 -7.554271724075078964e-03 4.995709750801324844e-03 5.185523536056280136e-03 1.332208863459527493e-03 -9.730748832225799561e-03 9.999383091926574707e-01
1.155755203217267990e-02 -7.013943046331405640e-03 5.547061562538146973e-03 5.801347550004720688e-03 1.272942405194044113e-03 -9.322029538452625275e-03 9.999389052391052246e-01
1.305731292814016342e-02 -7.923581637442111969e-03 4.705972969532012939e-03 7.143400143831968307e-03 6.714447517879307270e-04 -8.936761878430843353e-03 9.999343156814575195e-01
1.478942763060331345e-02 -6.072606425732374191e-03 6.976451724767684937e-03 7.421699818223714828e-03 9.890988003462553024e-04 -8.209371939301490784e-03 9.999382495880126953e-01
1.558624673634767532e-02 -8.980442769825458527e-03 6.034553982317447662e-03 7.851256988942623138e-03 5.692202830687165260e-04 -7.068616803735494614e-03 9.999440312385559082e-01
1.651805266737937927e-02 -1.024657208472490311e-02 6.815710570663213730e-03 7.591048255562782288e-03 5.852087633684277534e-04 -5.489259026944637299e-03 9.999559521675109863e-01
1.958324387669563293e-02 -6.752045359462499619e-03 8.268141187727451324e-03 7.494472432881593704e-03 5.537729593925178051e-04 -4.133178852498531342e-03 9.999632239341735840e-01
2.063377387821674347e-02 -9.936694055795669556e-03 7.507149595767259598e-03 6.981694139540195465e-03 -1.310804946115240455e-04 -1.843684818595647812e-03 9.999738931655883789e-01
2.255698479712009430e-02 -9.134585969150066376e-03 9.087960235774517059e-03 6.149973254650831223e-03 2.720161573961377144e-04 2.151550870621576905e-05 9.999810457229614258e-01
2.438091114163398743e-02 -9.990146383643150330e-03 9.291527792811393738e-03 5.410468671470880508e-03 2.469749015290290117e-04 3.163349581882357597e-03 9.999803304672241211e-01
2.543604560196399689e-02 -9.891773574054241180e-03 1.240104343742132187e-02 3.321512602269649506e-03 1.093590981326997280e-03 5.948882084339857101e-03 9.999762177467346191e-01
2.643445692956447601e-02 -1.313184015452861786e-02 1.236675307154655457e-02 2.401407575234770775e-03 -6.497396621853113174e-03 7.991436868906021118e-03 9.999440908432006836e-01
2.746448107063770294e-02 -1.416975818574428558e-02 1.431908458471298218e-02 7.257365505211055279e-04 -6.869684904813766479e-03 1.047150511294603348e-02 9.999213218688964844e-01
3.024082258343696594e-02 -1.457217521965503693e-02 1.308035012334585190e-02 -7.445224910043179989e-04 -7.522139698266983032e-03 1.226128917187452316e-02 9.998962283134460449e-01
3.344443812966346741e-02 -1.324724406003952026e-02 1.192779745906591415e-02 -1.488979556597769260e-03 -8.619901724159717560e-03 1.497341785579919815e-02 9.998496174812316895e-01
3.451802209019660950e-02 -1.597794890403747559e-02 1.124345604330301285e-02 -2.202370204031467438e-03 -8.887659758329391479e-03 1.696716621518135071e-02 9.998140931129455566e-01
3.495828062295913696e-02 -1.939699426293373108e-02 1.047465763986110687e-02 -2.277478808537125587e-03 -9.272450581192970276e-03 1.833658479154109955e-02 9.997862577438354492e-01
2.916499413549900055e-02 -1.734248548746109009e-02 8.390712551772594452e-03 -2.889591502025723457e-03 -9.635875001549720764e-03 1.947276480495929718e-02 9.997597932815551758e-01
2.350048720836639404e-02 -1.419564243406057358e-02 7.642416749149560928e-03 -4.391436930745840073e-03 -9.000213816761970520e-03 2.033946849405765533e-02 9.997429847717285156e-01
1.919776760041713715e-02 -1.064034923911094666e-02 1.249762717634439468e-03 -2.992260735481977463e-03 -9.959327988326549530e-03 1.950183883309364319e-02 9.997557401657104492e-01
1.520785037428140640e-02 2.448017708957195282e-03 1.493996125645935535e-03 -2.510079648345708847e-03 -8.876170963048934937e-03 1.637023314833641052e-02 9.998234510421752930e-01
8.712976239621639252e-03 2.081243088468909264e-03 1.914945896714925766e-03 -3.199777798727154732e-03 -8.295887149870395660e-03 1.822053454816341400e-02 9.997944831848144531e-01
7.691803853958845139e-03 -3.608151804655790329e-03 7.097850320860743523e-04 -3.153099212795495987e-03 -8.245741948485374451e-03 2.042252570390701294e-02 9.997524619102478027e-01
7.229037582874298096e-03 -1.250414410606026649e-03 2.720869844779372215e-03 -2.901428146287798882e-03 -5.991883575916290283e-03 2.029570005834102631e-02 9.997718334197998047e-01
7.039911579340696335e-03 4.929346614517271519e-04 5.145608447492122650e-04 -2.449823543429374695e-03 -6.404425017535686493e-03 1.821541227400302887e-02 9.998105764389038086e-01
6.235952023416757584e-03 -6.922822212800383568e-04 6.460440545197343454e-06 -2.525856485590338707e-03 -5.728980060666799545e-03 1.838465407490730286e-02 9.998114109039306641e-01
5.281119607388973236e-03 1.174496253952383995e-03 -3.209787537343800068e-04 -1.956111518666148186e-03 -4.861527122557163239e-03 1.583614386618137360e-02 9.998608827590942383e-01
4.535517655313014984e-03 1.684617891442030668e-04 7.994592306204140186e-05 -1.518556498922407627e-03 -3.346322802826762199e-03 1.516719721257686615e-02 9.998782277107238770e-01
2.899939892813563347e-03 1.458113663829863071e-03 -1.622880343347787857e-03 -1.182677340693771839e-03 -2.599951578304171562e-03 1.279025990515947342e-02 9.999141097068786621e-01
5.228617228567600250e-03 -2.479412592947483063e-03 -7.421505288220942020e-04 -5.806710105389356613e-04 -8.744334918446838856e-04 1.069207862019538879e-02 9.999423027038574219e-01
5.793962627649307251e-03 -6.617293693125247955e-03 5.657359724864363670e-04 3.549918474163860083e-04 1.482804189436137676e-03 8.246788755059242249e-03 9.999648332595825195e-01
1.673730313777923584e-01 -4.296866711229085922e-03 5.155360698699951172e-02 -4.026406630873680115e-02 1.070765405893325806e-02 3.101159818470478058e-02 9.986503124237060547e-01
1.483303904533386230e-01 -1.243932358920574188e-02 5.874865129590034485e-02 -3.892872855067253113e-02 1.481206621974706650e-02 2.722557075321674347e-02 9.987611770629882812e-01
1.311732232570648193e-01 -4.127020016312599182e-02 4.506235569715499878e-02 -3.991070017218589783e-02 1.329223439097404480e-02 3.532210364937782288e-02 9.984902739524841309e-01
1.158724874258041382e-01 -3.845642134547233582e-02 4.245708137750625610e-02 -4.073684290051460266e-02 1.353763975203037262e-02 3.365211188793182373e-02 9.985112547874450684e-01
1.009185016155242920e-01 -3.476551547646522522e-02 3.920854628086090088e-02 -3.802939131855964661e-02 1.413178071379661560e-02 3.071943670511245728e-02 9.987043738365173340e-01
8.612611144781112671e-02 -2.719206921756267548e-02 3.824103623628616333e-02 -3.569068014621734619e-02 1.412084791809320450e-02 2.465666644275188446e-02 9.989588856697082520e-01
7.293693721294403076e-02 -2.022766135632991791e-02 3.250464424490928650e-02 -3.148100525140762329e-02 1.494526024907827377e-02 1.931682974100112915e-02 9.992058873176574707e-01
6.005661934614181519e-02 -1.356998644769191742e-02 2.544410154223442078e-02 -2.663712203502655029e-02 1.411640737205743790e-02 1.193450391292572021e-02 9.994742274284362793e-01
4.594414681196212769e-02 -1.238527148962020874e-02 1.784134656190872192e-02 -2.293598465621471405e-02 1.201755553483963013e-02 8.022258989512920380e-03 9.996325373649597168e-01
3.043748810887336731e-02 -1.014816295355558395e-02 1.373273599892854691e-02 -1.886154897511005402e-02 6.022337358444929123e-03 4.670747090131044388e-03 9.997930526733398438e-01
1.668102294206619263e-02 -5.340212956070899963e-03 7.574111223220825195e-03 -1.458615716546773911e-02 -3.674896433949470520e-04 -3.008230705745518208e-04 9.998934864997863770e-01
1.060556154698133469e-02 -2.372704766457900405e-04 5.441619083285331726e-03 -8.734975010156631470e-03 -8.693292329553514719e-05 -5.326682236045598984e-03 9.999476671218872070e-01
1.137131825089454651e-02 -1.120913002523593605e-04 6.868775468319654465e-03 -5.061435513198375702e-03 6.778576062060892582e-04 -9.074776433408260345e-03 9.999457597732543945e-01
1.289986632764339447e-02 -2.615747973322868347e-03 6.963630206882953644e-03 -1.486831461079418659e-03 8.705850341357290745e-04 -1.214600075036287308e-02 9.999247789382934570e-01
1.462385337799787521e-02 -3.121678950265049934e-03 7.437543943524360657e-03 1.691927667707204819e-03 9.988847887143492699e-04 -1.510956510901451111e-02 9.998838901519775391e-01
1.613638550043106079e-02 -6.625419482588768005e-03 6.665936671197414398e-03 5.191815085709095001e-03 1.508082263171672821e-03 -1.738220453262329102e-02 9.998342990875244141e-01
1.745287328958511353e-02 -8.650545962154865265e-03 7.245036773383617401e-03 7.283291779458522797e-03 2.202236326411366463e-03 -1.833508722484111786e-02 9.998029470443725586e-01
1.818199455738067627e-02 -1.094185467809438705e-02 8.948097005486488342e-03 9.483316913247108459e-03 2.557934029027819633e-03 -1.922538504004478455e-02 9.997669458389282227e-01
1.971453987061977386e-02 -1.236848253756761551e-02 1.019658800214529037e-02 1.068846415728330612e-02 2.583682537078857422e-03 -2.009034901857376099e-02 9.997376799583435059e-01
2.236304432153701782e-02 -1.318604685366153717e-02 1.029717270284891129e-02 1.198108959943056107e-02 2.442317083477973938e-03 -2.034432999789714813e-02 9.997182488441467285e-01
2.383743599057197571e-02 -1.480352971702814102e-02 1.219174731522798538e-02 1.308120135217905045e-02 2.146708313375711441e-03 -1.904218830168247223e-02 9.997308254241943359e-01
2.713639847934246063e-02 -1.347768399864435196e-02 1.411278825253248215e-02 1.380363944917917252e-02 2.192022977396845818e-03 -1.755229197442531586e-02 9.997482299804687500e-01
3.023490495979785919e-02 -1.480995770543813705e-02 1.388066913932561874e-02 1.456226315349340439e-02 1.728134579025208950e-03 -1.518940459936857224e-02 9.997770786285400391e-01
3.292339295148849487e-02 -1.776113919913768768e-02 1.290214341133832932e-02 1.499736867845058441e-02 1.312543172389268875e-03 -1.232107449322938919e-02 9.998107552528381348e-01
3.706270083785057068e-02 -1.454234495759010315e-02 1.598119176924228668e-02 1.420987863093614578e-02 1.134705380536615849e-03 -9.691964834928512573e-03 9.998514056205749512e-01
4.084088280797004700e-02 -1.381177082657814026e-02 1.716292463243007660e-02 1.388451736420392990e-02 1.021431409753859043e-03 -5.979173351079225540e-03 9.998852014541625977e-01
4.327587410807609558e-02 -1.846428774297237396e-02 1.714841276407241821e-02 1.318553835153579712e-02 -4.094536416232585907e-05 -2.123773097991943359e-03 9.999108314514160156e-01
4.737881571054458618e-02 -1.594866812229156494e-02 2.019384130835533142e-02 1.130169816315174103e-02 1.623918535187840462e-03 2.498074201866984367e-03 9.999316930770874023e-01
5.059980228543281555e-02 -1.567400805652141571e-02 2.341179363429546356e-02 9.087983518838882446e-03 1.517421100288629532e-03 7.770508062094449997e-03 9.999273419380187988e-01
5.220479890704154968e-02 -2.242880128324031830e-02 2.475832588970661163e-02 5.947512108832597733e-03 -5.658194422721862793e-03 1.286668889224529266e-02 9.998835325241088867e-01
5.590896308422088623e-02 -2.752824686467647552e-02 2.192234806716442108e-02 3.202917985618114471e-03 -1.367094833403825760e-02 1.674132049083709717e-02 9.997612833976745605e-01
5.799494311213493347e-02 -3.253764286637306213e-02 2.213681489229202271e-02 8.469190797768533230e-04 -1.480030640959739685e-02 2.155603840947151184e-02 9.996577501296997070e-01
6.333898007869720459e-02 -3.189531713724136353e-02 2.087422646582126617e-02 -1.153177814558148384e-03 -1.647935993969440460e-02 2.577167190611362457e-02 9.995313286781311035e-01
6.673195213079452515e-02 -3.365151211619377136e-02 2.074081078171730042e-02 -2.032454125583171844e-03 -1.662007346749305725e-02 2.914180047810077667e-02 9.994350671768188477e-01
6.935287266969680786e-02 -3.704374656081199646e-02 1.943048462271690369e-02 -2.604903420433402061e-03 -1.756752282381057739e-02 3.133952245116233826e-02 9.993510246276855469e-01
6.357837468385696411e-02 -3.744574263691902161e-02 1.933543011546134949e-02 -4.005158785730600357e-03 -1.745206303894519806e-02 3.282969072461128235e-02 9.993005394935607910e-01
5.158871412277221680e-02 -3.307542949914932251e-02 1.642680168151855469e-02 -6.914731580764055252e-03 -1.782662421464920044e-02 3.647592291235923767e-02 9.991515874862670898e-01
4.171229898929595947e-02 -2.704220637679100037e-02 8.711164817214012146e-03 -6.047736387699842453e-03 -1.858272403478622437e-02 3.746945410966873169e-02 9.991066455841064453e-01
2.835746854543685913e-02 2.441765367984771729e-02 -4.598694504238665104e-04 -4.250907804816961288e-03 -1.992613263428211212e-02 1.980104856193065643e-02 9.995962977409362793e-01
2.347815968096256256e-02 4.996465519070625305e-03 4.940541926771402359e-03 -4.825857002288103104e-03 -1.651928201317787170e-02 3.236088901758193970e-02 9.993280768394470215e-01
1.656874828040599823e-02 -1.094110193662345409e-03 6.068480201065540314e-03 -5.777570884674787521e-03 -1.431653462350368500e-02 3.890002891421318054e-02 9.991238117218017578e-01
1.617794670164585114e-02 6.462887395173311234e-04 2.222311217337846756e-03 -5.426312796771526337e-03 -1.547572016716003418e-02 3.632066026329994202e-02 9.992055892944335938e-01
1.363424398005008698e-02 2.449983498081564903e-03 5.468145944178104401e-03 -5.078077781945466995e-03 -1.123147271573543549e-02 3.574933856725692749e-02 9.992847442626953125e-01
1.227138936519622803e-02 5.144212394952774048e-03 -9.744003182277083397e-04 -5.552048329263925552e-03 -1.311013102531433105e-02 3.298700228333473206e-02 9.993543624877929688e-01
1.160999387502670288e-02 1.253537484444677830e-03 4.038061888422816992e-04 -4.570954944938421249e-03 -1.054088398814201355e-02 3.222321718931198120e-02 9.994146823883056641e-01
8.854225277900695801e-03 4.521348513662815094e-03 -3.214899625163525343e-04 -3.510226961225271225e-03 -8.363965898752212524e-03 2.887723036110401154e-02 9.995418190956115723e-01
8.044535294175148010e-03 1.082652714103460312e-03 7.450709817931056023e-04 -2.463382203131914139e-03 -4.633552860468626022e-03 2.682647854089736938e-02 9.996263384819030762e-01
9.087448939681053162e-03 3.525920619722455740e-04 3.558554453775286674e-04 -1.281926874071359634e-03 -2.231133170425891876e-03 2.105087786912918091e-02 9.997751116752624512e-01
1.099763065576553345e-02 -9.445240721106529236e-03 1.246763742528855801e-03 6.363314605550840497e-05 1.826415653340518475e-03 1.923371851444244385e-02 9.998133182525634766e-01
