0.000000000000000000e+00 0.000000000000000000e+00 0.000000000000000000e+00 0.000000000000000000e+00 0.000000000000000000e+00 0.000000000000000000e+00 1.000000000000000000e+00
8.772366493940353394e-02 4.798102192580699921e-03 2.508125081658363342e-02 -2.274631123333840238e-02 5.426826169125266788e-03 1.904704621661282987e-02 9.995450789801471059e-01
1.671930346945908197e-01 4.118090138041934252e-03 5.173374663822945252e-02 -4.674563742258002613e-02 1.229540277258199359e-02 3.953419496165088559e-02 9.980484536741445201e-01
2.387779397919242430e-01 5.047831194411513817e-03 7.784523290407345530e-02 -7.069816678107518348e-02 1.968286721335569395e-02 5.737598162051634615e-02 9.956517215799604026e-01
3.024528311443323014e-01 2.836903964981219058e-03 1.030150436513652262e-01 -9.438107731798900391e-02 2.832954054955946419e-02 7.608386070502660969e-02 9.922201849976469701e-01
3.587763879342267259e-01 1.792744604055360180e-03 1.257705981542255325e-01 -1.160744655777363743e-01 3.612667729345277190e-02 9.210084060950639306e-02 9.883010759822129510e-01
4.077640118502925959e-01 -1.119360683622761497e-03 1.456770566565120661e-01 -1.354038726006466242e-01 4.308701908494892707e-02 1.058988230712120115e-01 9.841721085985180029e-01
4.495586339022838440e-01 -3.191264636386852149e-03 1.625569553919947452e-01 -1.526581943291160648e-01 4.964297526888548917e-02 1.168074843791388762e-01 9.800954353039523781e-01
4.839633971946736279e-01 -4.320410992932642580e-03 1.767985220819078551e-01 -1.683426355536681018e-01 5.601023646941727385e-02 1.252066336744170338e-01 9.761387756612299738e-01
5.114727998317393221e-01 -4.870591264013901522e-03 1.870685397056760235e-01 -1.817107153812614340e-01 6.165359837993637793e-02 1.306827035537998227e-01 9.726777887431713454e-01
5.314470126544744710e-01 -5.489652852066659663e-03 1.948675452258336882e-01 -1.929843423540013869e-01 6.722606602178501922e-02 1.343737807653011818e-01 9.696295100172368508e-01
5.440751789039640629e-01 -6.785817570329247782e-03 1.993245409637015852e-01 -2.008972211571080080e-01 6.575398280423991326e-02 1.362619048596762361e-01 9.678581577693832205e-01
5.490218144032082970e-01 -4.436912842860530823e-03 2.007808639620874414e-01 -2.063834279039664932e-01 6.469478315357675424e-02 1.357825830359471742e-01 9.668420532141772661e-01
5.542245041800761829e-01 -1.318158861641396951e-03 2.023850225876341613e-01 -2.097587839875222071e-01 6.379673645557770723e-02 1.323270215963236740e-01 9.666544306592400604e-01
5.604440114293569586e-01 1.283903273002257820e-03 2.043496665198411832e-01 -2.114709158896974084e-01 6.299872507400405830e-02 1.275149794076333720e-01 9.669804250337714624e-01
5.663215474044887010e-01 6.210235745546799357e-03 2.061406683928347083e-01 -2.112788759229476676e-01 6.207652209219913231e-02 1.202935709829631022e-01 9.680068175244631590e-01
5.745631754000533054e-01 7.452237358044656867e-03 2.090544893268094784e-01 -2.103327980422940724e-01 6.130357322453171276e-02 1.121782024485450807e-01 9.692358004495176260e-01
5.838311494953358771e-01 6.244158957698756757e-03 2.121530913975757382e-01 -2.076328770362698695e-01 6.068858952206741125e-02 1.032904590797324579e-01 9.708432234601842570e-01
5.939486253614827405e-01 6.646018427500267889e-03 2.162886054332961439e-01 -2.044597570046118029e-01 6.049332101125621391e-02 9.341387815980867204e-02 9.725279498532618527e-01
6.045864371471112442e-01 5.166635977793728948e-03 2.218472269474846270e-01 -2.004508086812871182e-01 6.031956781062641076e-02 8.340978914334629124e-02 9.742811863693252583e-01
6.159723256414675330e-01 1.676660746903117435e-03 2.278058893644290539e-01 -1.960843610917582525e-01 6.009578034905248278e-02 7.334432804448939858e-02 9.759918186456163491e-01
6.289826707350163471e-01 -1.168130656724028753e-03 2.338209022845121055e-01 -1.910638921737320139e-01 5.993208222007375546e-02 6.364338210112281680e-02 9.776769684015889084e-01
6.434449601311841294e-01 -5.329089897990402919e-03 2.392015483491185257e-01 -1.846457380286796179e-01 5.933173990336560594e-02 5.434552846615222504e-02 9.795061304573944305e-01
6.594933411421028957e-01 -7.132723622799338678e-03 2.457948001587969000e-01 -1.779055689802378215e-01 5.918441651113347940e-02 4.567806874124442224e-02 9.812035096778468635e-01
6.765022665794213630e-01 -1.229887938354908006e-02 2.524282435751029618e-01 -1.706362842522869683e-01 5.884070899654361697e-02 3.817382123133863936e-02 9.828345683958997769e-01
6.945319522594826100e-01 -1.869441547308123980e-02 2.600649815173474710e-01 -1.635133547673568721e-01 5.876639297471091677e-02 3.223058568888387959e-02 9.842616944774483789e-01
7.153667404581477429e-01 -2.151257267453611857e-02 2.675097989546808552e-01 -1.563915588792907929e-01 5.887501042100692222e-02 2.763029816216854007e-02 9.855516120846747885e-01
7.373564403593404482e-01 -2.786563061877155717e-02 2.750556296764614106e-01 -1.496115855180080723e-01 5.864885787808031548e-02 2.542198354371285468e-02 9.866764452955627540e-01
7.613303087621053900e-01 -3.313353113086096868e-02 2.835616336274338067e-01 -1.435463699176832697e-01 5.907570202871439274e-02 2.504134498550385571e-02 9.875613561468407076e-01
7.871913652618391932e-01 -3.924523507806196299e-02 2.921881725143107289e-01 -1.380196840588675533e-01 5.990801560599515185e-02 2.780977460680285687e-02 9.882247785371306437e-01
8.144859162212310100e-01 -4.434320714997341123e-02 3.034861213246717315e-01 -1.344080234843719190e-01 6.190073639494087648e-02 3.333802311462169543e-02 9.884287320144015121e-01
8.431454738403965088e-01 -5.233215147668486555e-02 3.152746261559103980e-01 -1.313156004071125149e-01 5.662923258922612779e-02 4.195977788450585416e-02 9.888319979379499580e-01
8.731695267922777726e-01 -6.030604710199229807e-02 3.292420591256933760e-01 -1.297063920453114250e-01 5.123733596403774043e-02 5.317203439944354071e-02 9.887991312818396050e-01
9.059515330431633373e-01 -6.810106975774404825e-02 3.419907409582504387e-01 -1.294009157983318503e-01 4.534491529077889355e-02 6.630428686986937492e-02 9.883334372520758970e-01
9.417204733643991243e-01 -7.367475672475325144e-02 3.532072105948741991e-01 -1.296025608872324320e-01 3.865760696461955498e-02 8.227598799135894814e-02 9.873902103197529367e-01
9.790426980132936885e-01 -8.068798831995567522e-02 3.646557971384841168e-01 -1.303659181279499812e-01 3.189261925487617971e-02 1.002509093047708605e-01 9.858688266758853791e-01
1.017607548172547061e+00 -8.965685738531742333e-02 3.765029462936555493e-01 -1.310689782014241300e-01 2.490652910555337177e-02 1.195883984723576793e-01 9.838186838599708439e-01
1.050244354241125944e+00 -9.702122793963091629e-02 3.866206376762636454e-01 -1.322429887801336024e-01 1.762730635033723722e-02 1.400522739641459624e-01 9.811148916140253196e-01
1.076756937321893925e+00 -1.017938821820797979e-01 3.959211971638095795e-01 -1.348984728049364423e-01 1.086725340347890513e-02 1.612392575894786573e-01 9.775920451038634384e-01
1.098309739887689318e+00 -1.051638538179603122e-01 3.986512543708056189e-01 -1.359729663463213334e-01 3.276737436855534005e-03 1.816407321646180129e-01 9.739133738857135292e-01
1.111581183465160994e+00 -9.720337092776436261e-02 3.985962483872267370e-01 -1.367276452265079600e-01 -3.598486128993566829e-03 1.987669977761112039e-01 9.704557086871430371e-01
1.118687131589909622e+00 -9.148900891387623524e-02 3.994715275172582292e-01 -1.382214018565021407e-01 -9.793297374074697720e-03 2.175311280818364446e-01 9.661672441719446613e-01
1.127100288824354646e+00 -9.117724677094521391e-02 4.008161428822347716e-01 -1.396399063947884323e-01 -1.562070634306314716e-02 2.383177155520610491e-01 9.609689675163530787e-01
1.133809142130147940e+00 -8.818422776763211457e-02 4.035103547989632444e-01 -1.412852919514492323e-01 -1.923252891400371520e-02 2.585582669185320093e-01 9.554141503650921408e-01
1.139605210972195470e+00 -8.412668019544342068e-02 4.036103856242915788e-01 -1.422935361706796076e-01 -2.340761645429881993e-02 2.767702870629299983e-01 9.500541254344802011e-01
1.145237618120123591e+00 -8.136221787957348406e-02 4.035989019989560944e-01 -1.435111270986200449e-01 -2.692910720607466155e-02 2.949405734479722541e-01 9.442930888861511551e-01
1.148990625542546606e+00 -7.753982402892639625e-02 4.027761422185716089e-01 -1.443308942113308846e-01 -2.982034072091227159e-02 3.104985053690023089e-01 9.390793461785121865e-01
1.152535110377042926e+00 -7.470667345030122808e-02 4.026513376371885777e-01 -1.451526251823850033e-01 -3.124158607576609653e-02 3.251415878657277769e-01 9.339366287614410123e-01
1.154191809200348473e+00 -7.223783124775184916e-02 4.005705554200469920e-01 -1.457989410972303779e-01 -3.219509078092863685e-02 3.373993984056153361e-01 9.294448831749320128e-01
1.159868366681164664e+00 -7.090393144505999223e-02 4.003858426166479467e-01 -1.463794274414843000e-01 -3.164299473667325086e-02 3.474264207297377283e-01 9.256709276437935507e-01
1.168356296320018028e+00 -7.171891140222215466e-02 4.026150788216151799e-01 -1.468217924527321638e-01 -2.893879933050861122e-02 3.548421962567512300e-01 9.228721053916195682e-01
