0.000000000000000000e+00 0.000000000000000000e+00 0.000000000000000000e+00 0.000000000000000000e+00 0.000000000000000000e+00 0.000000000000000000e+00 1.000000000000000000e+00
8.992661535739898682e-02 8.763914927840232849e-03 1.356208045035600662e-02 -1.257304982565221434e-02 2.868334191977870828e-03 5.219927220479063032e-03 9.999032170349576587e-01
1.731612386181119456e-01 1.203347300914637749e-02 2.291649880183607019e-02 -2.685980198926434664e-02 4.770078395597789414e-03 1.048621108808267706e-02 9.995728271447825719e-01
2.457166626493657302e-01 2.731016070247162947e-02 5.326537552333653752e-03 -4.078388840640097962e-02 -7.409473167224200386e-04 9.229948552081115171e-03 9.991250840076302264e-01
3.129055071331252602e-01 3.527537217228120248e-02 -5.402532530492399829e-03 -5.664148211645846781e-02 -4.012049841415456577e-03 1.046896016262128908e-02 9.983316316900082699e-01
3.722281239287193455e-01 4.289334842325097374e-02 -1.608160138159127339e-02 -7.280178504758787195e-02 -6.976624980928504069e-03 1.107336987095755912e-02 9.972605513492756035e-01
4.247734041846816799e-01 4.746540868577636685e-02 -2.083805833680576342e-02 -8.815187860817350063e-02 -7.721063910369161364e-03 1.247514926453334450e-02 9.959989970480741528e-01
4.694412621076418102e-01 5.342878173585578067e-02 -2.312600886954940468e-02 -1.020949314910139100e-01 -7.213729475606523237e-03 1.180804394228730791e-02 9.946784189722601699e-01
5.061967151412045673e-01 5.891240541677467135e-02 -2.572433015245002494e-02 -1.152909822778052096e-01 -6.513247974884970280e-03 1.028300117378398368e-02 9.932571806400880554e-01
5.349665826647063138e-01 6.446969905884213092e-02 -2.771286592140254426e-02 -1.258709633187831411e-01 -5.573564388822590913e-03 6.952550233024770536e-03 9.920066018018541820e-01
5.558112244979287464e-01 6.934624462571019332e-02 -2.909021751622354462e-02 -1.347220254416586771e-01 -4.018186593230278249e-03 2.981406971212822218e-03 9.908707994738118474e-01
5.689331407255838746e-01 7.225352861090106327e-02 -2.847502255618295647e-02 -1.424527886296045875e-01 -4.568855168723108540e-03 4.531111996844497673e-04 9.897909492738035109e-01
5.743733034210379840e-01 7.377092700363482858e-02 -2.893280233267299384e-02 -1.484158227826455623e-01 -5.377128524353053281e-03 -1.728369230738823880e-03 9.889089153083741035e-01
5.801408972761067373e-01 7.619776929707972046e-02 -2.847103323939240496e-02 -1.512785996113318876e-01 -6.535850946355183620e-03 -6.705247489442350481e-03 9.884468157711606695e-01
5.866228933605390772e-01 7.833238459658188602e-02 -2.681574524542806176e-02 -1.514354734218322229e-01 -8.031781861242797554e-03 -1.311674731359239489e-02 9.883474787793766758e-01
5.941004979925179619e-01 7.760713556075653219e-02 -2.445326990242273693e-02 -1.499532239807947476e-01 -9.659706882301739156e-03 -2.118296335622585694e-02 9.884189409072260402e-01
6.022823632972880148e-01 7.652559279277218462e-02 -2.131564312916286660e-02 -1.474890248895620315e-01 -1.130484897902735847e-02 -3.021155279450470424e-02 9.885375309033199720e-01
6.113917287070059770e-01 7.499281907578016215e-02 -1.790592379606985307e-02 -1.440025884840304415e-01 -1.292569818914687113e-02 -4.040547883379901062e-02 9.886675771544415348e-01
6.212537450734219036e-01 7.283885713921459115e-02 -1.369541873778417143e-02 -1.397145725582530917e-01 -1.421819340636635252e-02 -5.113718759018002352e-02 9.887682586109297622e-01
6.318280616369287284e-01 6.937534344737927849e-02 -8.958562968030141932e-03 -1.344429295614512632e-01 -1.576570876538452640e-02 -6.205089560073115407e-02 9.888509632261106574e-01
6.434525767573742172e-01 6.504951572864656195e-02 -4.112752536745683390e-03 -1.277983251047079827e-01 -1.751631268161809099e-02 -7.365905658179078275e-02 9.889060169065367889e-01
6.560580521077241656e-01 5.980455390418915051e-02 1.096338704127237940e-03 -1.201819103991608184e-01 -1.945846248148862950e-02 -8.547353947074298741e-02 9.888740823284872805e-01
6.699005550221893701e-01 5.336996946446107004e-02 5.829621238942986165e-03 -1.102972564357639212e-01 -2.218366277459107513e-02 -9.699856208521820400e-02 9.889052933835710268e-01
6.850920188342716211e-01 4.656237739894535793e-02 1.104025804177541370e-02 -1.001431776267973778e-01 -2.460999589004551208e-02 -1.083957887787319607e-01 9.887446814279894358e-01
7.013613431286700450e-01 3.895974523762534697e-02 1.716434357022658674e-02 -8.945589091107401802e-02 -2.689322108582180640e-02 -1.185441929947443629e-01 9.885452304007944502e-01
7.185527370921859225e-01 3.012282526051356102e-02 2.428172492094351348e-02 -7.891096536980919673e-02 -2.889788936839498765e-02 -1.264888133325907937e-01 9.884020192392212190e-01
7.365105556547036914e-01 1.942613980343102856e-02 3.206332559538654231e-02 -6.844437163978625560e-02 -3.086509085617183956e-02 -1.317682898591704954e-01 9.884330184412419840e-01
7.557169751178058892e-01 7.794272032888790308e-03 4.081895292422284272e-02 -5.880357048410703169e-02 -3.230703177465320958e-02 -1.346839748308487350e-01 9.886144965151965058e-01
7.759787146957359827e-01 -5.703196880391373305e-03 4.988149241505616949e-02 -4.979784176727184569e-02 -3.413008289045423027e-02 -1.356059974264730295e-01 9.889217996682971856e-01
7.973803784636285252e-01 -2.026760803305673736e-02 6.038915960781382486e-02 -4.237879500153332590e-02 -3.561035039026345939e-02 -1.348662916732540906e-01 9.893164428278776734e-01
8.202936860700532629e-01 -3.512697049191297605e-02 7.275059525656077386e-02 -3.716349912117516974e-02 -3.651924160659000829e-02 -1.326210624617110145e-01 9.897963796241512346e-01
8.445968814635002042e-01 -4.948170672303484757e-02 8.783232317083704277e-02 -3.599083893091262892e-02 -3.919178406569628903e-02 -1.305574787637795997e-01 9.900118223100380366e-01
8.708195482931294640e-01 -6.409546623556655609e-02 1.039234930081443936e-01 -3.549270111488132817e-02 -4.141256071098759622e-02 -1.272766941078922465e-01 9.903665539182422428e-01
8.996505517254447248e-01 -7.804886968495551580e-02 1.204167225296888105e-01 -3.537523524714580175e-02 -4.430936616029501618e-02 -1.235728964870149021e-01 9.907143947957410823e-01
9.298807644009021711e-01 -9.352708286464218868e-02 1.372349050922261893e-01 -3.537505817471436192e-02 -4.687564363201557338e-02 -1.196067106673844721e-01 9.910830005890266525e-01
9.621633729954304215e-01 -1.081636605859062766e-01 1.550339964322013653e-01 -3.574178994682020161e-02 -4.954198341901133729e-02 -1.160442050719837220e-01 9.913636360082607180e-01
9.959241745044387084e-01 -1.233241210425125439e-01 1.734299744855938574e-01 -3.659214969386560823e-02 -5.231267627851034219e-02 -1.115972953159152653e-01 9.917007825748317407e-01
1.027397217979513444e+00 -1.270910425289251688e-01 1.881615975224308346e-01 -3.717436071119854801e-02 -5.419956489336749672e-02 -1.086244756855749422e-01 9.919078572897369606e-01
1.054587260376915525e+00 -1.255604694308795621e-01 1.965612755250041033e-01 -3.777979087845498990e-02 -5.849923171678959172e-02 -1.051391760078154575e-01 9.920162705107831158e-01
1.076125488826120691e+00 -1.229925309067629036e-01 2.001450613107955412e-01 -4.047948193552291379e-02 -6.509704676313730898e-02 -9.774092246018650787e-02 9.922552585507327105e-01
1.091249313702315371e+00 -1.205098936338289267e-01 2.022921349207025821e-01 -4.463747688246661599e-02 -7.199077625180211326e-02 -8.611483345362219710e-02 9.926777217463305103e-01
1.100000934547711307e+00 -1.185149393105997678e-01 2.041207510569155725e-01 -4.917841868607517042e-02 -7.790423230973886337e-02 -7.187272571467484550e-02 9.931499005800235036e-01
1.108029244760226906e+00 -1.162896378266410902e-01 2.059320128051192744e-01 -5.415664148906960268e-02 -8.322434964456904005e-02 -5.691829147674866418e-02 9.934289475872095654e-01
1.115301367371320351e+00 -1.138265663654359355e-01 2.074403819149119865e-01 -5.882269524206942823e-02 -8.799132296673706222e-02 -4.250562788415880588e-02 9.934740505947780020e-01
1.121872542447929000e+00 -1.116968659989912155e-01 2.089740520447810890e-01 -6.297189327547153548e-02 -9.221438518781160942e-02 -2.847448297645070389e-02 9.933379342605215268e-01
1.127655992810649987e+00 -1.097202936487831210e-01 2.103922419886477824e-01 -6.699546849624471445e-02 -9.585955780143143312e-02 -1.490727209238972353e-02 9.930258433786334216e-01
1.132600772484468443e+00 -1.078800127685096422e-01 2.116312784427588911e-01 -7.062097066935076051e-02 -9.857109267160676924e-02 -2.285957760438942638e-03 9.926183519300667557e-01
1.136675214477717022e+00 -1.062032339025518468e-01 2.127235328556206506e-01 -7.346936726177240307e-02 -1.002703461776720539e-01 8.553296735938615766e-03 9.922071108727812394e-01
1.140035285306912449e+00 -1.049538675622795625e-01 2.132878874586367213e-01 -7.597929655814322780e-02 -1.013002692989680986e-01 1.819260824427363157e-02 9.917834597026493615e-01
1.145699832096960469e+00 -1.042259270672831056e-01 2.144794099503904705e-01 -7.688056728949843599e-02 -1.015333113729339765e-01 2.435867809870658277e-02 9.915578751924546408e-01
1.154188005026836272e+00 -1.030598248522043431e-01 2.165457476420676042e-01 -7.611070024624942698e-02 -1.012718369872609991e-01 2.562296394758126900e-02 9.916121419485504074e-01
1.318530819856327696e+00 -9.721774389349026324e-02 2.769384522528307024e-01 -9.316819506636571380e-02 -9.840235134882557855e-02 3.326076046962196664e-02 9.902173430566041379e-01
1.469826524147228586e+00 -5.479455089455258915e-02 3.072358045780463898e-01 -1.083153617485840686e-01 -9.997311220178242697e-02 3.092165338780508005e-02 9.885934506144209433e-01
1.610388138076563003e+00 -2.040503998908550082e-02 3.069982413480044636e-01 -1.289888949349769220e-01 -1.071741510409547210e-01 2.707600361965134886e-02 9.854656038442400900e-01
1.738973967127613873e+00 -7.551208964464572668e-03 3.041007104287982710e-01 -1.540624460944575724e-01 -1.138321361741205934e-01 2.538411127872705272e-02 9.811537363594035055e-01
1.851618194487148372e+00 -4.726592320933430819e-04 3.179451680514887024e-01 -1.788532499934793740e-01 -1.148326309751893232e-01 2.577276203573307389e-02 9.768115204926360873e-01
1.948771575625397157e+00 1.120977614840751833e-02 3.245960108504055697e-01 -2.027059801659887028e-01 -1.165632572843185027e-01 2.127670016860328667e-02 9.720445435709985649e-01
2.029584755961933773e+00 2.522000152469144538e-02 3.322412780325360027e-01 -2.247264856284169610e-01 -1.169981982500977041e-01 1.385270991459582740e-02 9.672732451026202494e-01
2.094421532217143334e+00 3.865491776746142472e-02 3.395924823228972378e-01 -2.438106570530487460e-01 -1.159858851141875591e-01 4.606484383613872538e-03 9.628511921700376730e-01
2.143453766339436850e+00 5.067437933227945945e-02 3.454188340493211662e-01 -2.597944790015692118e-01 -1.140871508597489925e-01 -5.351632379836874023e-03 9.588859737840986774e-01
2.177670379394359479e+00 5.721874177426375385e-02 3.475185001131578799e-01 -2.748467124780918369e-01 -1.145785455743091041e-01 -1.264347652005153380e-02 9.545528712625340750e-01
2.196431400358457076e+00 6.053585775492791032e-02 3.485966610865212090e-01 -2.880798265713658823e-01 -1.172174502482981745e-01 -1.770503643546281550e-02 9.502402930652427138e-01
2.207623715522701424e+00 6.452363057837307014e-02 3.495841782402424047e-01 -2.953771233699580279e-01 -1.198162932594970809e-01 -2.507215514762993133e-02 9.475060938566548518e-01
2.219244137096628045e+00 7.005168258241413481e-02 3.528865898731378681e-01 -2.978038861178496921e-01 -1.233551383335906859e-01 -3.587668559300382504e-02 9.459435599921742766e-01
2.232112955273733768e+00 7.339589793193951328e-02 3.595911139491976272e-01 -2.962752198727139907e-01 -1.278676679758475876e-01 -4.924684644331583233e-02 9.452225143801759044e-01
2.245644674456302781e+00 7.418564222782661477e-02 3.693475436716204818e-01 -2.914116895846151634e-01 -1.326442000752890427e-01 -6.413191892690157936e-02 9.451834955893908541e-01
2.260426556378397400e+00 7.391984288547574777e-02 3.807554000091090685e-01 -2.845573190830958388e-01 -1.378261564552177576e-01 -8.094156499187050990e-02 9.452404698327774302e-01
2.276042177922747545e+00 7.192910863846477265e-02 3.943242848254500110e-01 -2.758531252627571262e-01 -1.432944934297185058e-01 -9.926421881842606432e-02 9.452609990356407588e-01
2.292855434606855258e+00 6.861841213237349080e-02 4.097103563668866855e-01 -2.648484561599363518e-01 -1.496101504039551722e-01 -1.186092016548525585e-01 9.452004842617266478e-01
2.311130929681086243e+00 6.296354889252167575e-02 4.264328477309893839e-01 -2.515772840690036483e-01 -1.566504932445909049e-01 -1.388171786551078146e-01 9.449334812657058658e-01
2.330901515899105103e+00 5.551129323002423899e-02 4.446974916352797180e-01 -2.368008577863355002e-01 -1.635811615682589426e-01 -1.597226688356490620e-01 9.442749739306089962e-01
2.351413686457875851e+00 4.499423692140603476e-02 4.648133748436619195e-01 -2.200241091856092734e-01 -1.715461606360822455e-01 -1.793579655131842809e-01 9.433938871728340114e-01
2.373234351085006910e+00 3.178475612866930866e-02 4.864136309311914430e-01 -2.015715124727090468e-01 -1.792957913567894412e-01 -1.974403632839799028e-01 9.424644542408467940e-01
2.396578086469084656e+00 1.656489836074430400e-02 5.098568209521755490e-01 -1.815046025695680465e-01 -1.873655881288070202e-01 -2.138803267854566814e-01 9.413848423707255053e-01
2.421255573921267779e+00 -3.725860262062258288e-04 5.357414924379405585e-01 -1.602397468652905499e-01 -1.948811673698258584e-01 -2.276048525072719431e-01 9.405001782265990373e-01
2.445851684529314340e+00 -2.189065901161742558e-02 5.635358376197885377e-01 -1.388739169221500092e-01 -2.026345439369424684e-01 -2.363063608970878970e-01 9.401130679879641239e-01
2.470168118233280197e+00 -4.879179482655817551e-02 5.924900908478011319e-01 -1.183300840278189159e-01 -2.100527464476436013e-01 -2.396262047735000233e-01 9.404547394264223259e-01
2.495019949354337463e+00 -7.897909918243119221e-02 6.237776581899965311e-01 -9.957321780857404658e-02 -2.167539759791134446e-01 -2.394555609347698566e-01 9.411503187747995991e-01
2.519869202484259052e+00 -1.129015724670840298e-01 6.575220551185492202e-01 -8.434294402657518952e-02 -2.217795071995795619e-01 -2.356508374280611717e-01 9.424270798309517527e-01
2.545887369297688441e+00 -1.460208176695328153e-01 6.972750127098747974e-01 -7.374963283793790902e-02 -2.239633319609826145e-01 -2.304479345838280901e-01 9.440843008117716373e-01
2.572720512157268491e+00 -1.786014231073621006e-01 7.426606186975873714e-01 -7.028007223253421309e-02 -2.270079925556044154e-01 -2.249630956029829154e-01 9.449442779230887712e-01
2.601789053129057727e+00 -2.106519681105141206e-01 7.925804367488353819e-01 -7.005580342613808298e-02 -2.318090452540305380e-01 -2.196738765884039823e-01 9.450397551898839232e-01
2.634932219524313002e+00 -2.420507579945587739e-01 8.457574693826659384e-01 -7.063838690224026606e-02 -2.362439660885546078e-01 -2.133736694112612908e-01 9.453415700076734929e-01
2.671532647102368596e+00 -2.740667940647175671e-01 9.014373846142847979e-01 -7.146494717290038934e-02 -2.409343183275471922e-01 -2.062967449354689842e-01 9.456664679508546278e-01
2.709506516895050066e+00 -3.083153789726414962e-01 9.597535776134231700e-01 -7.285270455505521436e-02 -2.456279687762130681e-01 -1.995815241626819891e-01 9.457941634450840462e-01
2.750595288428072660e+00 -3.434246880916070888e-01 1.020074826943339508e+00 -7.539722836003268092e-02 -2.513341969598210657e-01 -1.918957385941450211e-01 9.456862084769950272e-01
2.793466623145367311e+00 -3.685854043689014148e-01 1.077930163649372775e+00 -7.804634732227604121e-02 -2.563406919048292765e-01 -1.851741453995178199e-01 9.454674786680725695e-01
2.835784542806057740e+00 -3.774421416427040099e-01 1.124362598413448877e+00 -8.096062191703370936e-02 -2.615910208420357819e-01 -1.770004004574078360e-01 9.453498684357797277e-01
2.875153594020878334e+00 -3.794322628299550137e-01 1.155877638336108237e+00 -8.740550462096396966e-02 -2.708499755228031547e-01 -1.642856136606056505e-01 9.444632367992995547e-01
2.906669641131137016e+00 -3.768908693298440582e-01 1.175899109380902807e+00 -9.684195442712445479e-02 -2.830335091816981730e-01 -1.475714590754029776e-01 9.427281331377488360e-01
2.926298558238497716e+00 -3.714721713622556321e-01 1.189535124208995986e+00 -1.069113502319494480e-01 -2.936256760570888913e-01 -1.247969479064328785e-01 9.416897829672137288e-01
2.939944243707639515e+00 -3.666227870799304012e-01 1.199675426635170794e+00 -1.167721957419207840e-01 -3.018120925555041190e-01 -9.888461125212946734e-02 9.410077304392315822e-01
2.952207870197673500e+00 -3.616839098994836244e-01 1.209282367445307038e+00 -1.267194623317821067e-01 -3.091899152398081552e-01 -7.279567154180423272e-02 9.397045090799138745e-01
2.963196357286159710e+00 -3.562925302295936181e-01 1.217766576632355990e+00 -1.357413448557044933e-01 -3.150674338209905057e-01 -4.695137951190891945e-02 9.381377123877651103e-01
2.972687095979053673e+00 -3.513049627653382356e-01 1.225706944335028137e+00 -1.455882991322584585e-01 -3.201122652269513535e-01 -2.091415275861098488e-02 9.358925061252683086e-01
2.980910450540417589e+00 -3.464234039403983889e-01 1.232420601808768446e+00 -1.551916408099281164e-01 -3.238773005169072738e-01 4.463185071192721579e-03 9.332733408876647818e-01
2.987641450001876198e+00 -3.419048996083138281e-01 1.238184282262171365e+00 -1.646808671443664440e-01 -3.259477551722954614e-01 2.769723387116327512e-02 9.305219697194725414e-01
2.993168911265970067e+00 -3.381425681133792271e-01 1.242846239018228882e+00 -1.732365738027885349e-01 -3.264122113143672066e-01 4.837899781875552169e-02 9.279566963883545405e-01
2.999652837551169959e+00 -3.340418915867013894e-01 1.247742752808923772e+00 -1.799669456137355239e-01 -3.259378037169122222e-01 6.439225383807924141e-02 9.258672065908321036e-01
3.010470823544448393e+00 -3.291143286506014731e-01 1.256133530067550019e+00 -1.814060739774268072e-01 -3.247212980850811559e-01 7.168029553365889983e-02 9.254781737708586142e-01
