2.616429710388183594e+01 -2.226403045654296875e+01 -9.312875270843505859e-01 -9.828075766563415527e-02 1.950348913669586182e-01 7.394629120826721191e-01 6.367863416671752930e-01
2.616371536254882812e+01 -2.217281341552734375e+01 -9.335755109786987305e-01 -1.150444224476814270e-01 1.832592189311981201e-01 7.594124078750610352e-01 6.135740876197814941e-01
2.616260147094726562e+01 -2.208922195434570312e+01 -9.351394176483154297e-01 -1.317160129547119141e-01 1.714167892932891846e-01 7.774057984352111816e-01 5.906829833984375000e-01
2.616098213195800781e+01 -2.201334762573242188e+01 -9.362422823905944824e-01 -1.481162160634994507e-01 1.596851646900177002e-01 7.933980226516723633e-01 5.684006810188293457e-01
2.615897369384765625e+01 -2.194526863098144531e+01 -9.369620680809020996e-01 -1.640776395797729492e-01 1.482433229684829712e-01 8.073762655258178711e-01 5.470301508903503418e-01
2.615671730041503906e+01 -2.188503646850585938e+01 -9.373335838317871094e-01 -1.794442236423492432e-01 1.372692584991455078e-01 8.193562030792236328e-01 5.268837213516235352e-01
2.615434265136718750e+01 -2.183269882202148438e+01 -9.373898506164550781e-01 -1.940733343362808228e-01 1.269401609897613525e-01 8.293767571449279785e-01 5.082799792289733887e-01
2.615200042724609375e+01 -2.178828620910644531e+01 -9.371562004089355469e-01 -2.078269869089126587e-01 1.174261718988418579e-01 8.374952673912048340e-01 4.915401637554168701e-01
2.614983749389648438e+01 -2.175183296203613281e+01 -9.366539120674133301e-01 -2.206004858016967773e-01 1.089065968990325928e-01 8.437741994857788086e-01 4.769797623157501221e-01
2.614798355102539062e+01 -2.172332954406738281e+01 -9.358899593353271484e-01 -2.322092205286026001e-01 1.015074700117111206e-01 8.482978940010070801e-01 4.649239182472229004e-01
2.614657402038574219e+01 -2.170285034179687500e+01 -9.348697066307067871e-01 -2.427988797426223755e-01 9.553108364343643188e-02 8.510642051696777344e-01 4.556306898593902588e-01
2.614575767517089844e+01 -2.169032669067382812e+01 -9.335334897041320801e-01 -2.468565404415130615e-01 8.807572722434997559e-02 8.535137772560119629e-01 4.503386318683624268e-01
2.614547920227050781e+01 -2.168594741821289062e+01 -9.318723082542419434e-01 -2.498888373374938965e-01 8.211381733417510986e-02 8.544837236404418945e-01 4.479460418224334717e-01
2.614570236206054688e+01 -2.168120765686035156e+01 -9.304211735725402832e-01 -2.523190975189208984e-01 7.769189029932022095e-02 8.541031479835510254e-01 4.480970203876495361e-01
2.614638137817382812e+01 -2.167562103271484375e+01 -9.291872978210449219e-01 -2.541553080081939697e-01 7.464514672756195068e-02 8.525704145431518555e-01 4.504885077476501465e-01
2.614745521545410156e+01 -2.166927719116210938e+01 -9.281462430953979492e-01 -2.554783523082733154e-01 7.286842167377471924e-02 8.500403761863708496e-01 4.547904431819915771e-01
2.614887619018554688e+01 -2.166203308105468750e+01 -9.272951483726501465e-01 -2.563201785087585449e-01 7.224464416503906250e-02 8.466651439666748047e-01 4.606726467609405518e-01
2.615057373046875000e+01 -2.165387344360351562e+01 -9.266270399093627930e-01 -2.567035257816314697e-01 7.266435772180557251e-02 8.425926566123962402e-01 4.678031802177429199e-01
2.615248107910156250e+01 -2.164472007751464844e+01 -9.261364340782165527e-01 -2.566388249397277832e-01 7.401940226554870605e-02 8.379737734794616699e-01 4.758525490760803223e-01
2.615454101562500000e+01 -2.163451576232910156e+01 -9.258196353912353516e-01 -2.561304271221160889e-01 7.620377093553543091e-02 8.329647779464721680e-01 4.844962060451507568e-01
2.615669059753417969e+01 -2.162320518493652344e+01 -9.256764650344848633e-01 -2.551816403865814209e-01 7.911166548728942871e-02 8.277311921119689941e-01 4.934165775775909424e-01
2.615888595581054688e+01 -2.161071968078613281e+01 -9.257016181945800781e-01 -2.537983357906341553e-01 8.263874799013137817e-02 8.224476575851440430e-01 5.023056268692016602e-01
2.616107177734375000e+01 -2.159699440002441406e+01 -9.258970618247985840e-01 -2.519934475421905518e-01 8.667968213558197021e-02 8.172983527183532715e-01 5.108640193939208984e-01
2.616320991516113281e+01 -2.158194732666015625e+01 -9.262588620185852051e-01 -2.497892528772354126e-01 9.112945944070816040e-02 8.124756217002868652e-01 5.188024640083312988e-01
2.616529655456542969e+01 -2.156550979614257812e+01 -9.267130494117736816e-01 -2.472207546234130859e-01 9.588348865509033203e-02 8.081776499748229980e-01 5.258405804634094238e-01
2.616727638244628906e+01 -2.154759407043457031e+01 -9.273107647895812988e-01 -2.443375587463378906e-01 1.008367165923118591e-01 8.046059012413024902e-01 5.317055583000183105e-01
2.616912269592285156e+01 -2.152813720703125000e+01 -9.280443787574768066e-01 -2.412078678607940674e-01 1.058849766850471497e-01 8.019605278968811035e-01 5.361306667327880859e-01
2.617081069946289062e+01 -2.150704574584960938e+01 -9.289025664329528809e-01 -2.379108220338821411e-01 1.109185963869094849e-01 8.004384040832519531e-01 5.388537049293518066e-01
2.617231369018554688e+01 -2.148424911499023438e+01 -9.298630356788635254e-01 -2.345699071884155273e-01 1.158413365483283997e-01 8.002189993858337402e-01 5.396077036857604980e-01
2.617361259460449219e+01 -2.145966148376464844e+01 -9.309079647064208984e-01 -2.312321811914443970e-01 1.204876974225044250e-01 8.014900684356689453e-01 5.381425023078918457e-01
2.617465591430664062e+01 -2.143322181701660156e+01 -9.320061802864074707e-01 -2.283179312944412231e-01 1.249193027615547180e-01 8.043260574340820312e-01 5.341305732727050781e-01
2.617542839050292969e+01 -2.140489768981933594e+01 -9.330933690071105957e-01 -2.197907119989395142e-01 1.248995363712310791e-01 8.103671073913574219e-01 5.285524129867553711e-01
2.617588043212890625e+01 -2.137460899353027344e+01 -9.341869354248046875e-01 -2.106190472841262817e-01 1.238910257816314697e-01 8.181655406951904297e-01 5.204483270645141602e-01
2.617600250244140625e+01 -2.134247207641601562e+01 -9.352505207061767578e-01 -2.011690139770507812e-01 1.221815198659896851e-01 8.273488283157348633e-01 5.099686980247497559e-01
2.617580795288085938e+01 -2.130851745605468750e+01 -9.362503290176391602e-01 -1.914417743682861328e-01 1.198073327541351318e-01 8.376278877258300781e-01 4.973407983779907227e-01
2.617529296875000000e+01 -2.127297210693359375e+01 -9.371442198753356934e-01 -1.815395206212997437e-01 1.168729066848754883e-01 8.486940860748291016e-01 4.827783405780792236e-01
2.617447662353515625e+01 -2.123560142517089844e+01 -9.379251599311828613e-01 -1.715426594018936157e-01 1.134679690003395081e-01 8.602548837661743164e-01 4.665110707283020020e-01
2.617337608337402344e+01 -2.120441055297851562e+01 -9.380754828453063965e-01 -1.615438610315322876e-01 1.096898764371871948e-01 8.720322847366333008e-01 4.487811326980590820e-01
2.617201614379882812e+01 -2.117986869812011719e+01 -9.375536441802978516e-01 -1.516396850347518921e-01 1.056383550167083740e-01 8.837708234786987305e-01 4.298468530178070068e-01
2.617045783996582031e+01 -2.116196250915527344e+01 -9.363577365875244141e-01 -1.419334411621093750e-01 1.014172732830047607e-01 8.952409029006958008e-01 4.099828600883483887e-01
2.616876411437988281e+01 -2.115074539184570312e+01 -9.344864487648010254e-01 -1.325345486402511597e-01 9.713434427976608276e-02 9.062427878379821777e-01 3.894818425178527832e-01
2.616701316833496094e+01 -2.114651870727539062e+01 -9.319279193878173828e-01 -1.235577091574668884e-01 9.290034323930740356e-02 9.166095256805419922e-01 3.686498999595642090e-01
2.616530990600585938e+01 -2.114333343505859375e+01 -9.290702939033508301e-01 -1.151221543550491333e-01 8.882902562618255615e-02 9.262066483497619629e-01 3.478080630302429199e-01
2.616375350952148438e+01 -2.114096069335937500e+01 -9.259520173072814941e-01 -1.073515713214874268e-01 8.503666520118713379e-02 9.349331259727478027e-01 3.272884190082550049e-01
2.616245460510253906e+01 -2.113954544067382812e+01 -9.225930571556091309e-01 -1.003725379705429077e-01 8.164118975400924683e-02 9.427189230918884277e-01 3.074317574501037598e-01
2.616152763366699219e+01 -2.113907432556152344e+01 -9.190286993980407715e-01 -9.431413561105728149e-02 7.876194268465042114e-02 9.495229721069335938e-01 2.885845303535461426e-01
2.616110801696777344e+01 -2.113962173461914062e+01 -9.152910709381103516e-01 -8.930733799934387207e-02 7.651904225349426270e-02 9.553270339965820312e-01 2.710956335067749023e-01
2.616130828857421875e+01 -2.114112663269042969e+01 -9.114229679107666016e-01 -8.548368513584136963e-02 7.503314316272735596e-02 9.601303935050964355e-01 2.553148567676544189e-01
2.616226196289062500e+01 -2.114377784729003906e+01 -9.074481129646301270e-01 -8.297538757324218750e-02 7.442504167556762695e-02 9.639418125152587891e-01 2.415895313024520874e-01
2.616409492492675781e+01 -2.114331054687500000e+01 -9.036649465560913086e-01 -8.191440999507904053e-02 7.481557130813598633e-02 9.667701721191406250e-01 2.302623093128204346e-01
2.616693115234375000e+01 -2.113953590393066406e+01 -9.001147747039794922e-01 -8.243229240179061890e-02 7.632574439048767090e-02 9.686145186424255371e-01 2.216701060533523560e-01
