0.000000000000000000e+00 0.000000000000000000e+00 0.000000000000000000e+00 0.000000000000000000e+00 0.000000000000000000e+00 0.000000000000000000e+00 1.000000000000000000e+00
8.582267910242080688e-02 2.932861819863319397e-02 1.103774923831224442e-02 -1.248258397681813528e-02 1.219176519692411918e-03 7.019502708511861106e-04 9.999210998732314115e-01
1.648795178476198664e-01 5.711706267537632747e-02 1.304164075076833310e-02 -2.669724937259950956e-02 -7.702698819718834867e-05 -2.887831065674567664e-04 9.996435202346372062e-01
2.298829233767624713e-01 9.012000502364220234e-02 -9.149256057472274911e-03 -3.967672195586428863e-02 -7.781921285029132912e-03 -5.884657800787086550e-03 9.991649364536958622e-01
2.920870613396250870e-01 1.138573712437376678e-01 -2.527630003775987316e-02 -5.488737548375386549e-02 -1.427499290226281851e-02 -1.019537701805426841e-02 9.983384470597160831e-01
3.484051279148772662e-01 1.338462300025871077e-01 -3.622938973853041811e-02 -7.082105262890101005e-02 -1.882320179368094162e-02 -1.441826443648807320e-02 9.972071897200742718e-01
3.997219952986683089e-01 1.459851675957267447e-01 -4.110379235115503571e-02 -8.615434811522615366e-02 -2.104200688623477505e-02 -1.691139779072277707e-02 9.959159938829198477e-01
4.431928415975973090e-01 1.580730831882285470e-01 -4.152982635967265163e-02 -9.996909207724484492e-02 -2.099337723174871106e-02 -2.027905505856910512e-02 9.945623251800705944e-01
4.791433493785177689e-01 1.678364202753240830e-01 -4.168198910259990342e-02 -1.128396200781352360e-01 -2.030146300927131511e-02 -2.380204058315509019e-02 9.931206037558496513e-01
5.071399736695627603e-01 1.767080402243918213e-01 -4.151943912813990667e-02 -1.227545760844335893e-01 -1.920178659122115383e-02 -2.833857693189209895e-02 9.918465256779959160e-01
5.274140938393721001e-01 1.837088306282531058e-01 -4.116466010750848697e-02 -1.311279245179447217e-01 -1.737185038555988381e-02 -3.289978762681003421e-02 9.906670935283500290e-01
5.401900988295971207e-01 1.872866065162041016e-01 -3.893113773243087744e-02 -1.384098224290176149e-01 -1.786811513493515718e-02 -3.559917122156674302e-02 9.895737216221084376e-01
5.452457152083652892e-01 1.898270611116826545e-01 -3.862410111007417990e-02 -1.438712239196695553e-01 -1.849727345544489518e-02 -3.818601325237022670e-02 9.886863760538325829e-01
5.508343408345074410e-01 1.924514434752963299e-01 -3.750704461516507493e-02 -1.465638179274945663e-01 -1.938740375520544429e-02 -4.303832248300216295e-02 9.880743285036798218e-01
5.572798653905376431e-01 1.935661550472325965e-01 -3.495254645470379645e-02 -1.468518636581663261e-01 -2.076362373936096670e-02 -4.900635846001695495e-02 9.877255584927535637e-01
5.643299888794959251e-01 1.923062513223965653e-01 -3.167683895284657825e-02 -1.454463798439259437e-01 -2.244375221783346391e-02 -5.673194512842621995e-02 9.874832226314663730e-01
5.721946996895515003e-01 1.915406471386018050e-01 -2.773761156506864001e-02 -1.431206690473512122e-01 -2.430980281598953477e-02 -6.557148951670820070e-02 9.872314254221481455e-01
5.810362296616241595e-01 1.906015911707593935e-01 -2.350657666901405027e-02 -1.397974938810222223e-01 -2.627997195663716451e-02 -7.563636727253104930e-02 9.869372643305950321e-01
5.903776482108235024e-01 1.886812333338966363e-01 -1.815144909501947151e-02 -1.358103571340139037e-01 -2.798097661393243729e-02 -8.619259556749092610e-02 9.865816987519082648e-01
6.002154171215198231e-01 1.851228358648133177e-01 -1.208465353405501971e-02 -1.309224106418797884e-01 -2.991357543323372101e-02 -9.681914635243198120e-02 9.862000574407333575e-01
6.111224311981265922e-01 1.810318269545228009e-01 -5.632933760439687472e-03 -1.248044625742145558e-01 -3.197989051728279686e-02 -1.080895030584833327e-01 9.857574712131956796e-01
6.230332847833223164e-01 1.761438690571261456e-01 1.279501906832008519e-03 -1.178283442538934356e-01 -3.438657993008766706e-02 -1.196658304459760208e-01 9.851975098602171466e-01
6.365103624820080963e-01 1.702091463101455537e-01 7.489992665213294175e-03 -1.087044867047355784e-01 -3.765884265814314902e-02 -1.311475380003700453e-01 9.846651559877350746e-01
6.512910680936647712e-01 1.642269094689259301e-01 1.456234648995467611e-02 -9.941335698457091918e-02 -4.072699693477450228e-02 -1.426054924268639890e-01 9.839318928174982659e-01
6.670372650951936766e-01 1.572287783243601356e-01 2.250456214562655127e-02 -8.946547042568171737e-02 -4.370891788841603509e-02 -1.527932467920418147e-01 9.832292122558611291e-01
6.833686814796211539e-01 1.484929293392677208e-01 3.151910846320001014e-02 -7.964601523009323669e-02 -4.613070607479970164e-02 -1.607439880492321227e-01 9.826951920718024480e-01
7.002996856875067788e-01 1.377043204396504184e-01 4.123520832412186365e-02 -6.973119316067533102e-02 -4.862536094018591465e-02 -1.661939181943170585e-01 9.824218628110054086e-01
7.183448663101770215e-01 1.260140878329633340e-01 5.212363280625514211e-02 -6.062059798364997920e-02 -5.055077075822200783e-02 -1.695405005080826977e-01 9.823572575002045282e-01
7.372407647843643996e-01 1.122477856742401803e-01 6.344984956528854081e-02 -5.204520955808850102e-02 -5.290383612360022997e-02 -1.708656918375248135e-01 9.824954939532017928e-01
7.569354914571372328e-01 9.723256984715579476e-02 7.638141476412485531e-02 -4.484325675703199759e-02 -5.482500426202323307e-02 -1.705890061635440824e-01 9.827933110309747811e-01
7.775671312491128084e-01 8.192703538860578172e-02 9.183138161498451135e-02 -3.995342937248853865e-02 -5.597633235680569280e-02 -1.689327370448004129e-01 9.832253577139934420e-01
7.986423675142585443e-01 6.682285087123515654e-02 1.105893193295031246e-01 -3.903724891760941562e-02 -5.863768064906105942e-02 -1.674884236602032783e-01 9.833541292661883704e-01
8.212587604303764888e-01 5.124835920272252654e-02 1.307400021334671758e-01 -3.883348197849691846e-02 -6.081850427864524816e-02 -1.646956820799114485e-01 9.837013787318623637e-01
8.459432682888242683e-01 3.572135084068089883e-02 1.518951043213747631e-01 -3.912893278329348384e-02 -6.375800505653740624e-02 -1.609395155271199085e-01 9.841251524843509513e-01
8.726525189003323524e-01 1.915113244108170368e-02 1.730690506184242305e-01 -3.935495443231375873e-02 -6.667952293209833403e-02 -1.573188800214707639e-01 9.845078967544994564e-01
9.016395543729263107e-01 3.834269786769721813e-03 1.953927912114675480e-01 -3.995777224621060303e-02 -6.976552573034387750e-02 -1.542449195153139385e-01 9.847561386761715108e-01
9.317116270131465816e-01 -1.237921945425816440e-02 2.186486781251641143e-01 -4.109591031576739079e-02 -7.285263998468044511e-02 -1.502581964202942266e-01 9.851020725849179982e-01
9.591519094263484257e-01 -1.919187407385376104e-02 2.392006015954392106e-01 -4.229375650281438220e-02 -7.490543927597667628e-02 -1.466040242404848259e-01 9.854479557055506600e-01
9.836380421616489622e-01 -1.962732568191525445e-02 2.537757633671349211e-01 -4.325271015400902058e-02 -7.800319207347151951e-02 -1.423488412372325707e-01 9.857897912278761332e-01
1.003953799056938712e+00 -2.015452357159042834e-02 2.621617789660302678e-01 -4.586537039606863875e-02 -8.339810108784857789e-02 -1.337052793223540426e-01 9.864400756329315678e-01
1.018737170275807458e+00 -2.121071775679834320e-02 2.666159768566465083e-01 -4.996283906663338825e-02 -9.018915955228956616e-02 -1.210822651829944058e-01 9.872733741319109635e-01
1.027365179035653941e+00 -2.158262296860657611e-02 2.696710902723024605e-01 -5.455048494375726309e-02 -9.628657285073877192e-02 -1.059651742818122355e-01 9.881925532609955320e-01
1.035377065933034135e+00 -2.103103515756861094e-02 2.725332243410880650e-01 -5.922702073171441650e-02 -1.021850320633390374e-01 -8.999223395979902285e-02 9.889144437535454246e-01
1.042756190997965238e+00 -1.942085456246100267e-02 2.745780948248872089e-01 -6.355720608647433267e-02 -1.075170723258874056e-01 -7.449196826831148976e-02 9.893692472360681167e-01
1.049398996097932635e+00 -1.900040862260898855e-02 2.769790266585536731e-01 -6.753215477361677876e-02 -1.120726682429733084e-01 -5.956673316300255955e-02 9.896115042807557272e-01
1.055263081285210847e+00 -1.873589058781646721e-02 2.791946387113083405e-01 -7.138830031423698541e-02 -1.160283998179623965e-01 -4.513412638998541559e-02 9.896484384108026333e-01
1.060259088056789034e+00 -1.894330935628757775e-02 2.812849948325817917e-01 -7.494320439580851034e-02 -1.190114112429994930e-01 -3.175338326154297786e-02 9.895511723808341209e-01
1.064386308818294768e+00 -1.901501667604157259e-02 2.831735374906392266e-01 -7.787959792397856906e-02 -1.208747549971805058e-01 -2.021555396198668891e-02 9.894015328518452890e-01
1.067852992048188510e+00 -1.915520631102684418e-02 2.842374657524890935e-01 -8.065026589372772947e-02 -1.218508147235164152e-01 -1.012739042652860237e-02 9.892145113804361456e-01
1.073206761042683421e+00 -2.071972492349144490e-02 2.859480655771103330e-01 -8.183550095547424685e-02 -1.219803404207085856e-01 -3.068384555295652297e-03 9.891482863304346118e-01
1.081065250626853658e+00 -2.244067226860758935e-02 2.895482208526515278e-01 -8.096317951930560863e-02 -1.215403660494900756e-01 -8.504297376387213569e-04 9.892786158367833371e-01
1.245327396693093114e+00 6.970142583377064022e-03 3.428673106314988894e-01 -9.918844535200065093e-02 -1.208687240702330107e-01 2.656087242681421951e-03 9.876969925290074448e-01
1.381827636856189034e+00 8.408703155809596486e-02 3.749408637061864003e-01 -1.118196413251915378e-01 -1.242986512430157842e-01 -5.067720414212304597e-03 9.859110159253094974e-01
1.513686425884189779e+00 1.434421644522387296e-01 3.804624976128384017e-01 -1.305960975361753762e-01 -1.322821828358745622e-01 -1.385395550785558164e-02 9.824734863238214766e-01
1.636847918496614041e+00 1.800285976719775416e-01 3.662987808224019148e-01 -1.547946733396910191e-01 -1.426072808680737547e-01 -2.394882356738524745e-02 9.773066184155363434e-01
1.748355460074604517e+00 2.021805790746673548e-01 3.687181777357389501e-01 -1.798065467157473618e-01 -1.484868405603594621e-01 -3.248794163730837209e-02 9.718877494786787308e-01
1.844137358651755987e+00 2.223486877861095556e-01 3.749285014561632989e-01 -2.030056153241816819e-01 -1.521691436125672814e-01 -4.331437359608393545e-02 9.663110973796414926e-01
1.923084387890944047e+00 2.439256137155819126e-01 3.842724435901683777e-01 -2.237406930504743097e-01 -1.531478782882478296e-01 -5.585294085158890726e-02 9.609194964445930687e-01
1.986079076136780364e+00 2.630388474990141279e-01 3.945046687416354225e-01 -2.407833013930858468e-01 -1.519834127052562545e-01 -6.876333997868049053e-02 9.561359982281215641e-01
2.033446964506775423e+00 2.791121442761547167e-01 4.034771798576715640e-01 -2.547662794080183812e-01 -1.494753096131157255e-01 -8.115652921945157305e-02 9.519269365123097515e-01
2.066922694471752031e+00 2.879511768791891413e-01 4.078658952518610104e-01 -2.683653603911443364e-01 -1.493624325746774062e-01 -9.012119023501327653e-02 9.473906628989599010e-01
2.085477640368252672e+00 2.915971372003236528e-01 4.104276362428449509e-01 -2.809748218680109266e-01 -1.513744884218702347e-01 -9.608423367428690909e-02 9.428185052121546006e-01
2.095852094368522156e+00 2.971937782874235490e-01 4.122147441499689480e-01 -2.874788632876435490e-01 -1.533591498274283205e-01 -1.037952818936833527e-01 9.397145384549839831e-01
2.107053308330931962e+00 3.027696828438140586e-01 4.166803426817585199e-01 -2.894124285236859828e-01 -1.563361740389491439e-01 -1.140793079022198730e-01 9.374355222688312006e-01
2.119548593362946765e+00 3.070229665202811042e-01 4.235736938594577006e-01 -2.876049629811153752e-01 -1.610160101527294552e-01 -1.271120339580947001e-01 9.355211171139664605e-01
2.131430304965318268e+00 3.079727133010400353e-01 4.352716410586006668e-01 -2.828378813918153711e-01 -1.659130213347349003e-01 -1.413656965076681427e-01 9.340724501088076837e-01
2.144298481804012280e+00 3.083268303484296702e-01 4.487993336233195851e-01 -2.762836988273332794e-01 -1.714613810787530002e-01 -1.575820476870235520e-01 9.324356336003137846e-01
2.157748054087798906e+00 3.075597180302103717e-01 4.646248129869532395e-01 -2.680526902845903892e-01 -1.773352657093434925e-01 -1.753305788368708651e-01 9.305692595888378493e-01
2.172618258216725717e+00 3.063144103798570161e-01 4.821663007600924811e-01 -2.577272975655377496e-01 -1.841221370039809180e-01 -1.942839341926360930e-01 9.284015465676926926e-01
2.189133856641261477e+00 3.028556419401713384e-01 5.011632698480169568e-01 -2.451497844661379433e-01 -1.920744981868607038e-01 -2.142438709164165289e-01 9.258015630237517168e-01
2.207090155222509065e+00 2.975718985233283820e-01 5.218915803705487244e-01 -2.312060404945967818e-01 -2.002005365318065833e-01 -2.349592890027736025e-01 9.226362471323673597e-01
2.224999033520013381e+00 2.886599019192439552e-01 5.450401173831339596e-01 -2.153678301270714746e-01 -2.094945481208156379e-01 -2.540683573442333865e-01 9.193356306868646355e-01
2.243555563964497068e+00 2.763045380442306076e-01 5.699439916267701189e-01 -1.981847637726923128e-01 -2.190958822297987829e-01 -2.719029934204545418e-01 9.158540036312033950e-01
2.263684246766689778e+00 2.619180475072195313e-01 5.966651825196701564e-01 -1.794381047434459309e-01 -2.294536263780792285e-01 -2.881781864814365601e-01 9.121986257084031546e-01
2.285327991368283129e+00 2.455888972440384566e-01 6.254884403651516100e-01 -1.594426306185483533e-01 -2.393156073685982765e-01 -3.021103467573790224e-01 9.088649107504218616e-01
2.305758270589961523e+00 2.237522200189329680e-01 6.562501882904744344e-01 -1.391858216836036610e-01 -2.491123794075194298e-01 -3.108686686262225884e-01 9.066041034182141800e-01
2.324037789870048609e+00 1.956272354594608964e-01 6.883150176300411038e-01 -1.193649940707504770e-01 -2.593010119582370154e-01 -3.143147246243401804e-01 9.053845797627929626e-01
2.341494602199643893e+00 1.640282777642994572e-01 7.230218543358877259e-01 -1.013699623450316917e-01 -2.684668682984465704e-01 -3.141943512070513034e-01 9.049483858374307577e-01
2.356840565362900985e+00 1.284556726370753577e-01 7.605184491686213244e-01 -8.682034592219284308e-02 -2.756271724624909658e-01 -3.101395121431290147e-01 9.057071117871964283e-01
2.372003725180216183e+00 9.426218081332557452e-02 8.047339489581649685e-01 -7.652631618864032259e-02 -2.791512478384978180e-01 -3.056710272420228303e-01 9.070741573132884428e-01
2.385882766571282954e+00 6.093510607283160463e-02 8.551129613006810404e-01 -7.337195501116325347e-02 -2.825099459132899837e-01 -3.012955028271623870e-01 9.077586169538889305e-01
2.400774758452724367e+00 2.924730662669878384e-02 9.111336523284182531e-01 -7.351767819993379471e-02 -2.872682516348347148e-01 -2.977203839568990373e-01 9.074330143714811614e-01
2.418604575183360694e+00 -2.556935851717824504e-03 9.709896303402372197e-01 -7.475453613657660756e-02 -2.916602675561039137e-01 -2.928853571336285655e-01 9.075043885474129990e-01
2.439566157787040002e+00 -3.579467024219076116e-02 1.033605409853333601e+00 -7.652648842310877386e-02 -2.966726607794821780e-01 -2.870434283712876566e-01 9.075985341242611693e-01
2.461601033745617340e+00 -7.177086016141168145e-02 1.098689489395153762e+00 -7.883537349229643998e-02 -3.018639890162714279e-01 -2.811940460982748635e-01 9.075202611845070155e-01
2.486370914773678997e+00 -1.097662246614192483e-01 1.165789478851960936e+00 -8.253120779370638760e-02 -3.081648670167561055e-01 -2.744658484131910492e-01 9.071336795266088382e-01
2.515875977668417196e+00 -1.359170251792870543e-01 1.231087555954287982e+00 -8.599979632213822223e-02 -3.134410896074897868e-01 -2.690828771560404564e-01 9.066163045079475014e-01
2.544966466522695203e+00 -1.480380750861058359e-01 1.286151543084966153e+00 -8.991124898874815197e-02 -3.183637366461573581e-01 -2.613661172885444750e-01 9.067790531477281091e-01
2.575963314932182335e+00 -1.551776479145180188e-01 1.325334482957474025e+00 -9.841361402183443352e-02 -3.273648297014947750e-01 -2.478874740013214117e-01 9.064760499223998291e-01
2.603587871483438843e+00 -1.543235201642824128e-01 1.350568068499516716e+00 -1.102076828733563191e-01 -3.397039327203498771e-01 -2.304816511758391306e-01 9.051705437105609375e-01
2.622032660159888007e+00 -1.468885799432834149e-01 1.364889694166917078e+00 -1.232561483045003237e-01 -3.499937407790331134e-01 -2.078331219559010901e-01 9.050512122187901465e-01
2.634903440430659938e+00 -1.383155388280203901e-01 1.373456664477915146e+00 -1.360636556315388823e-01 -3.580599106141769683e-01 -1.817622859105425537e-01 9.056722660254777901e-01
2.646509065025979712e+00 -1.306689326848101407e-01 1.382054412309745350e+00 -1.490386346709544341e-01 -3.651499564479265270e-01 -1.551969708624323652e-01 9.057410749859037269e-01
2.656693979550576401e+00 -1.214482692415927850e-01 1.387802675740186231e+00 -1.609911875434331119e-01 -3.707248903847840116e-01 -1.287746449192478382e-01 9.055727381102340878e-01
2.665557996519408057e+00 -1.144868189851097895e-01 1.394941779153120454e+00 -1.736510919038609657e-01 -3.751055402913585635e-01 -1.021395822729673358e-01 9.048251972930619891e-01
2.673179066635831713e+00 -1.077781163173652107e-01 1.400724421823791310e+00 -1.856847159951577619e-01 -3.780534661051163647e-01 -7.592150929729105102e-02 9.037879659730629900e-01
2.679436889363397079e+00 -1.025798047404655189e-01 1.406448099032161059e+00 -1.972530622541476264e-01 -3.792922876026246226e-01 -5.170207226960289726e-02 9.025272769947497720e-01
2.684628410017778855e+00 -9.940312170441517603e-02 1.411870147471688375e+00 -2.074208992794466244e-01 -3.788065451733163558e-01 -2.996744761919232711e-02 9.014344812348553670e-01
2.690604176888911958e+00 -9.709407118421931049e-02 1.418334757003267388e+00 -2.152220868210427684e-01 -3.774641721215507562e-01 -1.286721905098253335e-02 9.005746425382418208e-01
2.700793596711180911e+00 -9.605835628837815221e-02 1.428670031546411590e+00 -2.179139620095836560e-01 -3.758012119120150429e-01 -4.043350064841933281e-03 9.007056153966176426e-01
