0.000000000000000000e+00 0.000000000000000000e+00 0.000000000000000000e+00 3.940901424637210937e-14 8.775819697673381548e-14 2.032346730143630431e-13 1.000000000000000000e+00
9.120963513851165771e-02 6.452359259128570557e-03 -1.797897741198539734e-03 -1.912658289074897766e-02 1.281982520595192909e-03 1.708432286977767944e-02 9.996702075004577637e-01
1.747832447290420532e-01 8.468976244330406189e-03 5.038494244217872620e-03 -3.842738643288612366e-02 5.260083358734846115e-03 3.294635564088821411e-02 9.987043142318725586e-01
2.503873109817504883e-01 8.081245236098766327e-03 1.396128535270690918e-02 -5.797434598207473755e-02 1.007101498544216156e-02 4.770367965102195740e-02 9.971267580986022949e-01
3.177716434001922607e-01 2.167353872209787369e-03 2.541632950305938721e-02 -7.857660949230194092e-02 1.644436456263065338e-02 6.390641629695892334e-02 9.947217106819152832e-01
3.777494132518768311e-01 -3.127228002995252609e-03 3.338805958628654480e-02 -9.763968735933303833e-02 2.199793793261051178e-02 7.747565209865570068e-02 9.919577240943908691e-01
4.298456311225891113e-01 -1.071727555245161057e-02 3.938479721546173096e-02 -1.150343194603919983e-01 2.716255001723766327e-02 8.928628265857696533e-02 9.889677762985229492e-01
4.740917086601257324e-01 -1.798454299569129944e-02 4.401984065771102905e-02 -1.307252645492553711e-01 3.182360529899597168e-02 9.811042249202728271e-02 9.860387444496154785e-01
5.108612775802612305e-01 -2.310612425208091736e-02 4.797682911157608032e-02 -1.448793411254882812e-01 3.673874214291572571e-02 1.047822311520576477e-01 9.831992983818054199e-01
5.396941304206848145e-01 -2.846827171742916107e-02 4.748503863811492920e-02 -1.569020599126815796e-01 4.017272591590881348e-02 1.092992052435874939e-01 9.807250499725341797e-01
5.608534812927246094e-01 -3.238996490836143494e-02 4.771709442138671875e-02 -1.671822518110275269e-01 4.418148845434188843e-02 1.123564392328262329e-01 9.785060882568359375e-01
5.736289024353027344e-01 -3.607904538512229919e-02 4.590832442045211792e-02 -1.753842830657958984e-01 4.125069081783294678e-02 1.141202226281166077e-01 9.769930243492126465e-01
5.786966681480407715e-01 -3.789122030138969421e-02 4.439023509621620178e-02 -1.818162500858306885e-01 3.999551385641098022e-02 1.137063801288604736e-01 9.759171009063720703e-01
5.850378870964050293e-01 -3.768765181303024292e-02 4.361265897750854492e-02 -1.857510358095169067e-01 3.912166133522987366e-02 1.100389510393142700e-01 9.756318926811218262e-01
5.918814539909362793e-01 -3.849191963672637939e-02 4.216153547167778015e-02 -1.879655420780181885e-01 3.784151375293731689e-02 1.048452183604240417e-01 9.758300781250000000e-01
5.989611744880676270e-01 -4.080533236265182495e-02 3.974411636590957642e-02 -1.885229945182800293e-01 3.631158918142318726e-02 9.732405841350555420e-02 9.765595793724060059e-01
6.073679924011230469e-01 -4.260787367820739746e-02 3.760723397135734558e-02 -1.874660253524780273e-01 3.457967191934585571e-02 8.879157155752182007e-02 9.776383638381958008e-01
6.161122322082519531e-01 -4.638158902525901794e-02 3.501146286725997925e-02 -1.850883662700653076e-01 3.288615494966506958e-02 7.871852815151214600e-02 9.790117740631103516e-01
6.262683272361755371e-01 -4.939916729927062988e-02 3.226860612630844116e-02 -1.813053488731384277e-01 3.112708963453769684e-02 6.785611063241958618e-02 9.805891513824462891e-01
6.375363469123840332e-01 -5.293985083699226379e-02 2.971157431602478027e-02 -1.762576252222061157e-01 2.938683889806270599e-02 5.639553815126419067e-02 9.822877645492553711e-01
6.498684883117675781e-01 -5.699759349226951599e-02 2.680778689682483673e-02 -1.705701798200607300e-01 2.755980938673019409e-02 4.440219700336456299e-02 9.839586615562438965e-01
6.634688973426818848e-01 -6.140423938632011414e-02 2.375785820186138153e-02 -1.641268283128738403e-01 2.597434446215629578e-02 3.258621692657470703e-02 9.855586886405944824e-01
6.782701611518859863e-01 -6.620635092258453369e-02 2.019168436527252197e-02 -1.566608548164367676e-01 2.431027963757514954e-02 2.136651426553726196e-02 9.871220588684082031e-01
6.950192451477050781e-01 -7.038924843072891235e-02 1.751900650560855865e-02 -1.486826092004776001e-01 2.283890172839164734e-02 1.067997794598340988e-02 9.885634779930114746e-01
7.127100825309753418e-01 -7.600039988756179810e-02 1.358703430742025375e-02 -1.402400285005569458e-01 2.110184170305728912e-02 9.776067454367876053e-04 9.898921251296997070e-01
7.320614457130432129e-01 -8.271910995244979858e-02 1.122325100004673004e-02 -1.318589150905609131e-01 1.939798146486282349e-02 -6.780639756470918655e-03 9.910554885864257812e-01
7.536524534225463867e-01 -8.830684423446655273e-02 1.084260642528533936e-02 -1.239277124404907227e-01 1.810331083834171295e-02 -1.290387101471424103e-02 9.920421242713928223e-01
7.765766382217407227e-01 -9.576600044965744019e-02 1.099975034594535828e-02 -1.161316558718681335e-01 1.659157313406467438e-02 -1.671212352812290192e-02 9.929545521736145020e-01
8.013494610786437988e-01 -1.032096222043037415e-01 1.341977436095476151e-02 -1.091847494244575500e-01 1.605144888162612915e-02 -1.860176585614681244e-02 9.937177300453186035e-01
8.278588652610778809e-01 -1.111334264278411865e-01 1.705789938569068909e-02 -1.030673012137413025e-01 1.607500575482845306e-02 -1.778420805931091309e-02 9.943854808807373047e-01
8.560629487037658691e-01 -1.180613189935684204e-01 2.462999150156974792e-02 -9.864375740289688110e-02 1.761051826179027557e-02 -1.394022908061742783e-02 9.948693513870239258e-01
8.853628039360046387e-01 -1.255457848310470581e-01 3.534837439656257629e-02 -9.583517163991928101e-02 1.292477734386920929e-02 -8.127861656248569489e-03 9.952801465988159180e-01
9.148131608963012695e-01 -1.320708096027374268e-01 5.118461698293685913e-02 -9.489052742719650269e-02 9.395245462656021118e-03 1.224084408022463322e-04 9.954434037208557129e-01
9.460747241973876953e-01 -1.376841217279434204e-01 6.822036206722259521e-02 -9.504809975624084473e-02 5.610356573015451431e-03 9.686563163995742798e-03 9.954097867012023926e-01
9.819276332855224609e-01 -1.425818800926208496e-01 7.987072318792343140e-02 -9.568819403648376465e-02 -5.992351216264069080e-04 2.197848074138164520e-02 9.951685070991516113e-01
1.019770383834838867e+00 -1.487907171249389648e-01 8.984254300594329834e-02 -9.596358984708786011e-02 -7.959477603435516357e-03 3.693882003426551819e-02 9.946674704551696777e-01
1.058455228805541992e+00 -1.576417982578277588e-01 1.017023622989654541e-01 -9.673106670379638672e-02 -1.449905149638652802e-02 5.260689929127693176e-02 9.938135147094726562e-01
1.091015696525573730e+00 -1.638607531785964966e-01 1.121397763490676880e-01 -9.840211272239685059e-02 -2.137736044824123383e-02 6.884130090475082397e-02 9.925326108932495117e-01
1.117851853370666504e+00 -1.701622158288955688e-01 1.212436407804489136e-01 -1.013318896293640137e-01 -2.742894180119037628e-02 8.657168596982955933e-02 9.906991124153137207e-01
1.139925479888916016e+00 -1.707005798816680908e-01 1.184909790754318237e-01 -1.025989502668380737e-01 -3.624472394585609436e-02 1.038928627967834473e-01 9.886181950569152832e-01
1.153835177421569824e+00 -1.678020656108856201e-01 1.115114986896514893e-01 -1.047162115573883057e-01 -4.532008245587348938e-02 1.205329298973083496e-01 9.861301183700561523e-01
1.159751057624816895e+00 -1.663328111171722412e-01 1.048756837844848633e-01 -1.075797006487846375e-01 -5.243409797549247742e-02 1.398093551397323608e-01 9.829195737838745117e-01
1.162903189659118652e+00 -1.635572463274002075e-01 9.719960391521453857e-02 -1.097707748413085938e-01 -6.017333269119262695e-02 1.590701043605804443e-01 9.792988300323486328e-01
1.166642665863037109e+00 -1.625061333179473877e-01 9.048649668693542480e-02 -1.123744249343872070e-01 -6.671660393476486206e-02 1.777601689100265503e-01 9.753575325012207031e-01
1.170161008834838867e+00 -1.616518795490264893e-01 8.439151942729949951e-02 -1.154241114854812622e-01 -7.313416898250579834e-02 1.954441517591476440e-01 9.711489677429199219e-01
1.173521637916564941e+00 -1.599008738994598389e-01 7.936502993106842041e-02 -1.180398538708686829e-01 -7.945356518030166626e-02 2.122325450181961060e-01 9.668046236038208008e-01
1.176038861274719238e+00 -1.593083292245864868e-01 7.459179311990737915e-02 -1.208618283271789551e-01 -8.430475741624832153e-02 2.280579805374145508e-01 9.624316096305847168e-01
1.178128242492675781e+00 -1.587439477443695068e-01 7.062698900699615479e-02 -1.227893456816673279e-01 -8.784105628728866577e-02 2.421592175960540771e-01 9.584183096885681152e-01
1.179458498954772949e+00 -1.577818840742111206e-01 6.731939315795898438e-02 -1.240727677941322327e-01 -9.003511816263198853e-02 2.544651329517364502e-01 9.548546075820922852e-01
1.184435367584228516e+00 -1.567420512437820435e-01 6.443087011575698853e-02 -1.252420395612716675e-01 -9.102339297533035278e-02 2.632926106452941895e-01 9.522112011909484863e-01
1.193213582038879395e+00 -1.564002037048339844e-01 6.304234266281127930e-02 -1.256094127893447876e-01 -9.027662873268127441e-02 2.688310742378234863e-01 9.506852030754089355e-01
1.331258893013000488e+00 -5.481864511966705322e-02 7.673727720975875854e-02 -1.642772108316421509e-01 -9.608017653226852417e-02 2.971135079860687256e-01 9.356843233108520508e-01
1.456863641738891602e+00 3.881783038377761841e-02 1.093520373106002808e-01 -2.048033177852630615e-01 -9.356299042701721191e-02 3.183577954769134521e-01 9.208419322967529297e-01
1.572322130203247070e+00 1.193904206156730652e-01 1.427830010652542114e-01 -2.474300265312194824e-01 -8.931268751621246338e-02 3.413349688053131104e-01 9.023813009262084961e-01
1.674293994903564453e+00 1.932570040225982666e-01 1.719959080219268799e-01 -2.895705103874206543e-01 -8.462307602167129517e-02 3.615711927413940430e-01 8.821871876716613770e-01
1.764977693557739258e+00 2.582215368747711182e-01 1.940542012453079224e-01 -3.279496431350708008e-01 -7.986264675855636597e-02 3.782882988452911377e-01 8.619564175605773926e-01
1.844301939010620117e+00 3.129750490188598633e-01 2.121984511613845825e-01 -3.619179129600524902e-01 -7.651899009943008423e-02 3.900866508483886719e-01 8.432038426399230957e-01
1.910434365272521973e+00 3.601895272731781006e-01 2.257191240787506104e-01 -3.923443555831909180e-01 -7.326710224151611328e-02 3.973866999149322510e-01 8.263060450553894043e-01
1.964783787727355957e+00 3.979842662811279297e-01 2.332051247358322144e-01 -4.181981384754180908e-01 -7.102493941783905029e-02 4.010819196701049805e-01 8.119107484817504883e-01
2.007937431335449219e+00 4.245933294296264648e-01 2.367124855518341064e-01 -4.401409029960632324e-01 -6.945016980171203613e-02 4.022919237613677979e-01 7.997586131095886230e-01
2.037928104400634766e+00 4.423152804374694824e-01 2.388361245393753052e-01 -4.562503099441528320e-01 -7.263815402984619141e-02 4.033366143703460693e-01 7.898600101470947266e-01
2.055717945098876953e+00 4.492186903953552246e-01 2.389249354600906372e-01 -4.674862623214721680e-01 -8.076805621385574341e-02 4.038250148296356201e-01 7.822138667106628418e-01
2.065671920776367188e+00 4.556236863136291504e-01 2.374981492757797241e-01 -4.748831689357757568e-01 -8.710169047117233276e-02 3.991179168224334717e-01 7.794896960258483887e-01
2.076687812805175781e+00 4.629215002059936523e-01 2.361234426498413086e-01 -4.788782596588134766e-01 -9.380496293306350708e-02 3.914710581302642822e-01 7.801452875137329102e-01
2.090231657028198242e+00 4.688929617404937744e-01 2.344947159290313721e-01 -4.792384803295135498e-01 -1.010200306773185730e-01 3.809751570224761963e-01 7.842087745666503906e-01
2.105808734893798828e+00 4.748106300830841064e-01 2.333733141422271729e-01 -4.765096902847290039e-01 -1.085905283689498901e-01 3.685515522956848145e-01 7.907694578170776367e-01
2.123786211013793945e+00 4.798615872859954834e-01 2.334050685167312622e-01 -4.708185195922851562e-01 -1.161775663495063782e-01 3.540082871913909912e-01 7.996942400932312012e-01
2.143781900405883789e+00 4.855180084705352783e-01 2.337248325347900391e-01 -4.626978337764739990e-01 -1.234815269708633423e-01 3.380836844444274902e-01 8.101620078086853027e-01
2.165806531906127930e+00 4.922191798686981201e-01 2.343431711196899414e-01 -4.518867433071136475e-01 -1.304089277982711792e-01 3.211717605590820312e-01 8.219736218452453613e-01
2.189996242523193359e+00 4.997944831848144531e-01 2.361021935939788818e-01 -4.390984475612640381e-01 -1.370332092046737671e-01 3.034470081329345703e-01 8.344665169715881348e-01
2.216935634613037109e+00 5.068435072898864746e-01 2.382484227418899536e-01 -4.249711036682128906e-01 -1.434063762426376343e-01 2.850565612316131592e-01 8.470990657806396484e-01
2.246405839920043945e+00 5.145476460456848145e-01 2.411035150289535522e-01 -4.092450737953186035e-01 -1.488022953271865845e-01 2.674468457698822021e-01 8.595629930496215820e-01
2.278338909149169922e+00 5.236888527870178223e-01 2.448332607746124268e-01 -3.921673297882080078e-01 -1.532556116580963135e-01 2.509339749813079834e-01 8.716362118721008301e-01
2.313194513320922852e+00 5.331065058708190918e-01 2.495826482772827148e-01 -3.743167519569396973e-01 -1.569242775440216064e-01 2.359529137611389160e-01 8.829427361488342285e-01
2.351269721984863281e+00 5.418166518211364746e-01 2.559296190738677979e-01 -3.561159074306488037e-01 -1.598900407552719116e-01 2.235880643129348755e-01 8.930985331535339355e-01
2.391127347946166992e+00 5.532326102256774902e-01 2.669560015201568604e-01 -3.390996456146240234e-01 -1.617319732904434204e-01 2.144382894039154053e-01 9.015933275222778320e-01
2.433082342147827148e+00 5.671043395996093750e-01 2.811206877231597900e-01 -3.231630921363830566e-01 -1.624872982501983643e-01 2.084461152553558350e-01 9.086878895759582520e-01
2.478007078170776367e+00 5.804566144943237305e-01 2.987635433673858643e-01 -3.084092736244201660e-01 -1.621779799461364746e-01 2.063143402338027954e-01 9.143393039703369141e-01
2.524225711822509766e+00 5.971760153770446777e-01 3.209270834922790527e-01 -2.965706288814544678e-01 -1.593795120716094971e-01 2.075423002243041992e-01 9.184607863426208496e-01
2.571399927139282227e+00 6.175602078437805176e-01 3.476329445838928223e-01 -2.882358431816101074e-01 -1.542104035615921021e-01 2.136014699935913086e-01 9.206050634384155273e-01
2.618451833724975586e+00 6.409978270530700684e-01 3.804684877395629883e-01 -2.822479307651519775e-01 -1.537604182958602905e-01 2.247885763645172119e-01 9.198716878890991211e-01
2.663707494735717773e+00 6.692725419998168945e-01 4.194127917289733887e-01 -2.789606750011444092e-01 -1.584010422229766846e-01 2.400500178337097168e-01 9.162238240242004395e-01
2.707185745239257812e+00 7.007636427879333496e-01 4.644695818424224854e-01 -2.790307104587554932e-01 -1.620445251464843750e-01 2.589163482189178467e-01 9.104096889495849609e-01
2.755912303924560547e+00 7.379978895187377930e-01 5.057516098022460938e-01 -2.799102962017059326e-01 -1.679041534662246704e-01 2.807448804378509521e-01 9.025745391845703125e-01
2.811392307281494141e+00 7.780915498733520508e-01 5.422239899635314941e-01 -2.804878950119018555e-01 -1.753261387348175049e-01 3.084302544593811035e-01 8.918845653533935547e-01
2.869315862655639648e+00 8.197913169860839844e-01 5.805068016052246094e-01 -2.812035679817199707e-01 -1.824815869331359863e-01 3.383756577968597412e-01 8.792763948440551758e-01
2.921289205551147461e+00 8.608567118644714355e-01 6.183308959007263184e-01 -2.835986018180847168e-01 -1.888734400272369385e-01 3.687987029552459717e-01 8.648041486740112305e-01
2.963498353958129883e+00 8.962765932083129883e-01 6.497799754142761230e-01 -2.878499329090118408e-01 -1.959460973739624023e-01 4.003013670444488525e-01 8.476475477218627930e-01
2.999709367752075195e+00 9.270339608192443848e-01 6.668040752410888672e-01 -2.913541793823242188e-01 -2.026567310094833374e-01 4.330604076385498047e-01 8.285539150238037109e-01
3.026492834091186523e+00 9.526515007019042969e-01 6.616105437278747559e-01 -2.920922338962554932e-01 -2.128678560256958008e-01 4.639586806297302246e-01 8.087717294692993164e-01
3.042595624923706055e+00 9.679318666458129883e-01 6.512277722358703613e-01 -2.951806783676147461e-01 -2.205840796232223511e-01 4.956273734569549561e-01 7.864887118339538574e-01
3.052091598510742188e+00 9.737075567245483398e-01 6.374794840812683105e-01 -2.986930906772613525e-01 -2.261037379503250122e-01 5.288646817207336426e-01 7.615521550178527832e-01
3.060093641281127930e+00 9.784916043281555176e-01 6.240569949150085449e-01 -3.015576004981994629e-01 -2.312962263822555542e-01 5.605725646018981934e-01 7.357469201087951660e-01
3.068820238113403320e+00 9.820909500122070312e-01 6.125379800796508789e-01 -3.053732216358184814e-01 -2.350557148456573486e-01 5.895462036132812500e-01 7.098811864852905273e-01
3.076145410537719727e+00 9.870464205741882324e-01 6.025485396385192871e-01 -3.085401952266693115e-01 -2.398791015148162842e-01 6.162772178649902344e-01 6.837128996849060059e-01
3.082273244857788086e+00 9.913104176521301270e-01 5.935602188110351562e-01 -3.119322657585144043e-01 -2.430219501256942749e-01 6.409530639648437500e-01 6.578887701034545898e-01
3.088055372238159180e+00 9.940881133079528809e-01 5.859578847885131836e-01 -3.151781260967254639e-01 -2.444065511226654053e-01 6.623789072036743164e-01 6.341785192489624023e-01
3.092286586761474609e+00 9.963214397430419922e-01 5.793585181236267090e-01 -3.181129395961761475e-01 -2.433766871690750122e-01 6.810103058815002441e-01 6.130227446556091309e-01
3.096727609634399414e+00 1.001391768455505371e+00 5.732429623603820801e-01 -3.205784857273101807e-01 -2.415915578603744507e-01 6.953244209289550781e-01 5.961434245109558105e-01
3.103266954421997070e+00 1.013826131820678711e+00 5.694561004638671875e-01 -3.233372569084167480e-01 -2.382201403379440308e-01 7.045061588287353516e-01 5.851283669471740723e-01
