0.000000000000000000e+00 0.000000000000000000e+00 0.000000000000000000e+00 0.000000000000000000e+00 0.000000000000000000e+00 0.000000000000000000e+00 1.000000000000000000e+00
9.110020846128463745e-02 6.535221356898546219e-03 -2.361008664593100548e-03 -1.938073040647473461e-02 7.104644941952054354e-04 1.792129593877566859e-02 9.996512940425721361e-01
1.747937255950910984e-01 9.591193020072228195e-03 1.139684527066869065e-03 -4.013034219178724521e-02 3.496636632135780801e-03 3.680170032035189748e-02 9.985103725156609933e-01
2.506150395208475157e-01 1.379889121267125277e-02 7.503356292395855012e-03 -6.144087645439623435e-02 7.748428709448996858e-03 5.303805455083371312e-02 9.966704296418715803e-01
3.180809634994345991e-01 1.182397549798635573e-02 1.922286022899817592e-02 -8.259872536833731682e-02 1.462271481084137341e-02 6.852643437060977616e-02 9.941165699109623111e-01
3.781338148947944733e-01 6.736727380626684331e-03 2.690558585857558832e-02 -1.015349491852439168e-01 1.995253734013711228e-02 8.137270252222240929e-02 9.912976513801846634e-01
4.302966835826975700e-01 -8.993056014633231399e-04 3.193158210365887317e-02 -1.186954263600954740e-01 2.467094201584927801e-02 9.240717685922304747e-02 9.883135403535429075e-01
4.746618463861930759e-01 -8.251010714736453644e-03 3.563281151838570276e-02 -1.340829634948747795e-01 2.921186983144165999e-02 1.011423274040574583e-01 9.853621949154905968e-01
5.113415924561893755e-01 -1.400987436143023498e-02 3.866869998477781567e-02 -1.482268327106678329e-01 3.383985594493600646e-02 1.079365890381099452e-01 9.824629066590797599e-01
5.400746928060897734e-01 -1.996690838469123916e-02 3.745800946772248619e-02 -1.603681577702326666e-01 3.718391873354782995e-02 1.128087612076781182e-01 9.798844796994122808e-01
5.610023796050561673e-01 -2.460597143194522343e-02 3.662857563556001783e-02 -1.708861045172002935e-01 4.086829891610019305e-02 1.160278823839892698e-01 9.775813275304147121e-01
5.734499553855179066e-01 -2.877817537436124645e-02 3.368476524278597728e-02 -1.790793545271779086e-01 3.764415525026437725e-02 1.175319358807589698e-01 9.760633926163528873e-01
5.781082981957917921e-01 -3.121144255447768148e-02 3.156663076716630101e-02 -1.856157206237308566e-01 3.632154041241570513e-02 1.171063854135568211e-01 9.749428929197718752e-01
5.841716732346849961e-01 -3.164586868191712754e-02 3.001270367844471182e-02 -1.897325953496240558e-01 3.542216932621490566e-02 1.135259655100423481e-01 9.746069296578664387e-01
5.908228260644050600e-01 -3.275839519066212069e-02 2.805380635103521189e-02 -1.919092383855390271e-01 3.421040792359445609e-02 1.081537910650082202e-01 9.748349858772252796e-01
5.974508393991656563e-01 -3.585578598171822173e-02 2.513876373066150152e-02 -1.926949204615577005e-01 3.261616590446440866e-02 1.004066240462269666e-01 9.755631005719959115e-01
6.057489217188832820e-01 -3.749745390174628185e-02 2.260812908185006603e-02 -1.918799480220873821e-01 3.079478163095604112e-02 9.169138211884535206e-02 9.766403930907623376e-01
6.144365783094412059e-01 -4.111154594077245927e-02 1.970656248600093086e-02 -1.896667963159465731e-01 2.884038611686433676e-02 8.143293366904585939e-02 9.780406002911782304e-01
6.244214238446923471e-01 -4.436049539993182356e-02 1.664478855251426068e-02 -1.859167643348447474e-01 2.672040917688061484e-02 7.007795006890196743e-02 9.796989626343504121e-01
6.354489646834570182e-01 -4.817089978434453690e-02 1.346295774995636546e-02 -1.809894110097307329e-01 2.455553517722146653e-02 5.818588067830959137e-02 9.814551757896030626e-01
6.475802335285192335e-01 -5.242343270938974037e-02 9.988439965873615461e-03 -1.752105282453771395e-01 2.234237688697788063e-02 4.609208381641379665e-02 9.831976448285852932e-01
6.610798971575154725e-01 -5.679886693973586892e-02 6.501758089230947127e-03 -1.684184674206995469e-01 2.042897188317546395e-02 3.450525689753859704e-02 9.848996213756476825e-01
6.756763702491878076e-01 -6.165000699982142729e-02 2.162158366439637276e-03 -1.605157038526806301e-01 1.832668414770758855e-02 2.342627349851872723e-02 9.865850450796430637e-01
6.923196456651797837e-01 -6.554848878454898331e-02 -1.313150880546533599e-03 -1.519736139378028983e-01 1.625434384993763512e-02 1.264255981530307618e-02 9.881700170790490567e-01
7.099086933622646978e-01 -7.115508822921265408e-02 -5.693415750617150314e-03 -1.430455677609185905e-01 1.378639374969333094e-02 2.745265914956356110e-03 9.896162712922575988e-01
7.291655852170915164e-01 -7.782232148265737226e-02 -8.695461621681926240e-03 -1.340925516998770772e-01 1.141035593183719124e-02 -5.365614789882711642e-03 9.908885918881350507e-01
7.505959012592059443e-01 -8.369565766537312435e-02 -1.061928537531308010e-02 -1.253346706509484987e-01 9.306764400229384712e-03 -1.184205322825957613e-02 9.920001866151820780e-01
7.734735520700108946e-01 -9.125666442919537491e-02 -1.115980622129104059e-02 -1.170979746342648425e-01 7.279638555351905689e-03 -1.585608529199933683e-02 9.929670970169500732e-01
7.983242744108163258e-01 -9.864761049076238575e-02 -9.527372437504181418e-03 -1.098422254257653691e-01 6.124339318817124088e-03 -1.792598316840565004e-02 9.937685027756059108e-01
8.247770600912880390e-01 -1.074283489339479813e-01 -7.600434511874424454e-03 -1.032987997592648421e-01 5.144946590077100097e-03 -1.736879983310872164e-02 9.944854007401203733e-01
8.531939982006313539e-01 -1.144043349795677150e-01 -1.085937372866380493e-03 -9.870257017884036255e-02 6.449017784813957342e-03 -1.403450233121808152e-02 9.949971083143996919e-01
8.821293471221974825e-01 -1.220820759948199608e-01 1.022601060891386963e-02 -9.553019509538139553e-02 2.288804373103645387e-03 -8.294561500299339057e-03 9.953893426439212044e-01
9.109083471518915065e-01 -1.276453889560930366e-01 2.757347666337895548e-02 -9.410992128037998228e-02 -4.005170787468425708e-04 -5.336828575014799288e-04 9.955615889965211407e-01
9.418094115211342876e-01 -1.310084661105607173e-01 4.578789907473915233e-02 -9.421604302248995366e-02 -3.246730484941305183e-03 8.665883052025638231e-03 9.955087636225363745e-01
9.774047295952057457e-01 -1.344103895775097257e-01 5.834546877976390378e-02 -9.533245024443168236e-02 -9.002670159231939209e-03 2.111271041616750652e-02 9.951808525686575146e-01
1.015221237559298828e+00 -1.398688644052953345e-01 6.899069898579435201e-02 -9.637560090906989452e-02 -1.632630108852950804e-02 3.633761324332578091e-02 9.945475218942334550e-01
1.053648407071909210e+00 -1.492275045232226982e-01 8.098283943410894414e-02 -9.767197870057683917e-02 -2.309508973576004237e-02 5.274332881060682376e-02 9.935516809269598903e-01
1.086202955626556887e+00 -1.556739759895489905e-01 9.195586214440645834e-02 -9.948475945613823035e-02 -2.944689655896656072e-02 6.954705624647583573e-02 9.921687708683685214e-01
1.112708795765557257e+00 -1.605822567042101690e-01 1.012049160616192989e-01 -1.024800461777219673e-01 -3.524155934300852305e-02 8.711778777992770784e-02 9.902860009526625040e-01
1.134493454362262010e+00 -1.606450971151978102e-01 9.824554184431558146e-02 -1.038655429778117950e-01 -4.437074011366722720e-02 1.049462648255872627e-01 9.880432520405406649e-01
1.147909671056413616e+00 -1.586154917128833330e-01 9.080314177587743563e-02 -1.060258003084754430e-01 -5.370296898012585224e-02 1.228516121286471197e-01 9.852827016593052045e-01
1.153691132257867125e+00 -1.571704300385561859e-01 8.384605398666007681e-02 -1.091501548663052212e-01 -6.185590566092602494e-02 1.423080301463318098e-01 9.818393530427463878e-01
1.157270005521142453e+00 -1.545048716051259374e-01 7.658156087204590068e-02 -1.116992177554148175e-01 -7.015320691815592202e-02 1.616190388710495029e-01 9.779985166585505318e-01
1.161628455466155119e+00 -1.536234431917729015e-01 7.014318667797679596e-02 -1.146583125302674394e-01 -7.767271527455481273e-02 1.808046274337588299e-01 9.737197273179429846e-01
1.165615448543161792e+00 -1.525947944109647680e-01 6.438872166022155397e-02 -1.177176645427611967e-01 -8.483903515656071592e-02 1.992136877265182626e-01 9.691536494234044286e-01
1.168704235673766911e+00 -1.507653164756512509e-01 5.924296552099741348e-02 -1.198919831989346818e-01 -9.127296953225506881e-02 2.162968919719311378e-01 9.646298833856812305e-01
1.171185032608974108e+00 -1.501067715995897667e-01 5.446963791665044435e-02 -1.223983756201449669e-01 -9.629178213975367329e-02 2.324364780003296271e-01 9.600624011139601288e-01
1.173262010078685469e+00 -1.493210409091432211e-01 5.051053723675380525e-02 -1.240311666658011069e-01 -9.984842385288764111e-02 2.468411652065371220e-01 9.558849308934069811e-01
1.174700517523821430e+00 -1.481911006668060193e-01 4.737630389050146579e-02 -1.251358261492065138e-01 -1.018174546193018198e-01 2.591203510425990064e-01 9.522766796600461436e-01
1.179743036050057370e+00 -1.474185463658897743e-01 4.454560018214526185e-02 -1.263873479673658928e-01 -1.028001121366682591e-01 2.680656556262702717e-01 9.495257655757016746e-01
1.188439921936424337e+00 -1.473046620661070949e-01 4.312087774840742127e-02 -1.268728949678200046e-01 -1.023873272019820424e-01 2.736231866481373953e-01 9.479190131437587041e-01
1.327975390277577716e+00 -4.427219666905665707e-02 6.770008842039296204e-02 -1.677743271035309069e-01 -1.030852765581670993e-01 2.990782940835060022e-01 9.336901921568970808e-01
1.452470873731951828e+00 5.029006367429257607e-02 1.018599599855428695e-01 -2.084403912009994697e-01 -1.005526868205636054e-01 3.199669279716070291e-01 9.187289728170938696e-01
1.566893920806836871e+00 1.317254200168383182e-01 1.367298489194508360e-01 -2.512193723716296123e-01 -9.626389373815727457e-02 3.425580422173428730e-01 9.001533632774998406e-01
1.667938413339017378e+00 2.063528423890269026e-01 1.672042788487635434e-01 -2.934901555617237534e-01 -9.152597993548945710e-02 3.624055807510889737e-01 8.798572149080040594e-01
1.757860614810941691e+00 2.719808486896496680e-01 1.903874337598133459e-01 -3.319736554515363425e-01 -8.671075640400399687e-02 3.787619002239434041e-01 8.595429947063366605e-01
1.836549328417877547e+00 3.273108811039471822e-01 2.095229360189625745e-01 -3.660075948683102487e-01 -8.331739504879877301e-02 3.902397647250228085e-01 8.407196787326653986e-01
1.902165735962607629e+00 3.750005606264685265e-01 2.238647839127450023e-01 -3.964691757993564769e-01 -8.002580389058956689e-02 3.972521097570480553e-01 8.237710996667814145e-01
1.956151800143520525e+00 4.131736698794098994e-01 2.320295458044737968e-01 -4.223323359481048200e-01 -7.775390136262620711e-02 4.007037261255953497e-01 8.093369216244691300e-01
1.999075218194985792e+00 4.400750306723023031e-01 2.360878985310659872e-01 -4.442677437031444243e-01 -7.615765694002725461e-02 4.017078267138497472e-01 7.971555714859916986e-01
2.028915541610292195e+00 4.579991047575839858e-01 2.385971940447928485e-01 -4.603571641334434084e-01 -7.932216828313555512e-02 4.026055800800442119e-01 7.872026562063209054e-01
2.046657022921043900e+00 4.650185343712737729e-01 2.389273954057483107e-01 -4.715569117630576401e-01 -8.743036631180149676e-02 4.029991612319706040e-01 7.794752632774180068e-01
2.056589797150012000e+00 4.714834019497874951e-01 2.376270437778559286e-01 -4.788932222930055160e-01 -9.377548621525391703e-02 3.982390083313518958e-01 7.767065932964495323e-01
2.067577622433073969e+00 4.788482270100139493e-01 2.363915071485237773e-01 -4.828104657697133151e-01 -1.005094480594004025e-01 3.905761731131265346e-01 7.773301473571782028e-01
2.081105181954670424e+00 4.849022760660864351e-01 2.349442761332364293e-01 -4.830758874023146077e-01 -1.077736790551561963e-01 3.801034837108756559e-01 7.813730624895118826e-01
2.096658590528083010e+00 4.909175408938591390e-01 2.340348192884057765e-01 -4.802411250580731483e-01 -1.154052242518994326e-01 3.677348886894684088e-01 7.879220441508596462e-01
2.114600866248172117e+00 4.960855997932428485e-01 2.343171769917585245e-01 -4.744322076389879128e-01 -1.230649615323761437e-01 3.532764856239144491e-01 7.968467985146500121e-01
2.134552572877189913e+00 5.018732295328319770e-01 2.349155263332984300e-01 -4.661871088838163701e-01 -1.304476246369181691e-01 3.374594789335248479e-01 8.073252732418627620e-01
2.156521822497841079e+00 5.087198838923453481e-01 2.358390531909530519e-01 -4.552478753726077465e-01 -1.374567122295859700e-01 3.206789891052626573e-01 8.191581106100251919e-01
2.180632912031338577e+00 5.164585044252852919e-01 2.379323863296058661e-01 -4.423276223599887369e-01 -1.441627287756515052e-01 3.031021657875054287e-01 8.316805030925280562e-01
2.207490808188810938e+00 5.236900881087062087e-01 2.404557013932288045e-01 -4.280644099401245128e-01 -1.506154864855240860e-01 2.848696370146731605e-01 8.443489362108952401e-01
2.236864782886033076e+00 5.315957133251091316e-01 2.437232933767439214e-01 -4.122112620057129528e-01 -1.560832647238334647e-01 2.674275630772564583e-01 8.568561072055022043e-01
2.268678965810088766e+00 5.409573150819758647e-01 2.478971629190431514e-01 -3.950170201351263510e-01 -1.605992764194996147e-01 2.510894772569783884e-01 8.689784235686842662e-01
2.303398046019402567e+00 5.506178929800513711e-01 2.531331677880702680e-01 -3.770626691745345149e-01 -1.643198219725353626e-01 2.362851038621329447e-01 8.803363501041808759e-01
2.341317110205341834e+00 5.595972647344864548e-01 2.600170810456842174e-01 -3.587778817224541728e-01 -1.673233152963369275e-01 2.240945203600451519e-01 8.905408388668049069e-01
2.380930797254030562e+00 5.713097516206961934e-01 2.715970303614345105e-01 -3.417024740037992170e-01 -1.691889707397501996e-01 2.151027615306649876e-01 8.990802597218942038e-01
2.422579278390346147e+00 5.855021605059741452e-01 2.863377347448399779e-01 -3.257314027497061892e-01 -1.699557119583568754e-01 2.092540289315981961e-01 9.062156810667815199e-01
2.467148399967539429e+00 5.992062059969548438e-01 3.046022239083447936e-01 -3.109728590415846705e-01 -1.696443472163771948e-01 2.072502729913661412e-01 9.119013108566278447e-01
2.512921539313069275e+00 6.163010076520096803e-01 3.273945729574749275e-01 -2.991598891990207565e-01 -1.668362086511418485e-01 2.085751295260895033e-01 9.160597445147981022e-01
2.559558887104735003e+00 6.370819515016049595e-01 3.547302129955613448e-01 -2.908910482955296972e-01 -1.616458702386573965e-01 2.146944168642666573e-01 9.182370707086637829e-01
2.605962507473381873e+00 6.609360631115760443e-01 3.881824516743809239e-01 -2.849870492874727046e-01 -1.611518943616954136e-01 2.259226623650273102e-01 9.174810076028573347e-01
2.650447828189893773e+00 6.896360466312873028e-01 4.276992008468041839e-01 -2.817925005979442510e-01 -1.657284055839162995e-01 2.412041996569298519e-01 9.137546805665240912e-01
2.693043611340262267e+00 7.215612767360021218e-01 4.732900869908289732e-01 -2.819815646090804706e-01 -1.692964039915925700e-01 2.600567018456069746e-01 9.078522107927673446e-01
2.740906422694403766e+00 7.592509984468135409e-01 5.151649878933597382e-01 -2.829916118030472716e-01 -1.750629379210866532e-01 2.818624850383963931e-01 8.999012473285782354e-01
2.795575081219978664e+00 7.998278638294267218e-01 5.523216060213038681e-01 -2.837334497660128907e-01 -1.823595200186118592e-01 3.095205502241270001e-01 8.890654441217544779e-01
2.852649780833041770e+00 8.420328673437266209e-01 5.913193069949743697e-01 -2.846278273027887940e-01 -1.893718200255668782e-01 3.394309114804282546e-01 8.763058655724403900e-01
2.903785699225727157e+00 8.835631802970624893e-01 6.297719132083243743e-01 -2.872043146616060638e-01 -1.956112963513253755e-01 3.697989254085471966e-01 8.616836177775430983e-01
2.945290467316022731e+00 9.193630235866201428e-01 6.617241408777477796e-01 -2.916383314912743829e-01 -2.025156971552408702e-01 4.012251850967549771e-01 8.443653396811044987e-01
2.981043690926006740e+00 9.504128194587995182e-01 6.791797434817048451e-01 -2.953325912454940472e-01 -2.090390434764626826e-01 4.339063957770105118e-01 8.251100402700670688e-01
3.007735390417961341e+00 9.761867808598032603e-01 6.742975598728876419e-01 -2.962342674340426307e-01 -2.190518463968569585e-01 4.647513708757983197e-01 8.051507378478952592e-01
3.023892626838042386e+00 9.915366400711808081e-01 6.641032913341726740e-01 -2.994958317603074183e-01 -2.265574757566695130e-01 4.963367648938526999e-01 7.827028636409043560e-01
3.033555268429360297e+00 9.973277935063580291e-01 6.504782070207536515e-01 -3.031956862908701256e-01 -2.318455140258844638e-01 5.294752314464524767e-01 7.576120463175115560e-01
3.041725745773804501e+00 1.002118670398747469e+00 6.371600558110706025e-01 -3.062357955286639788e-01 -2.368004167595880172e-01 5.610856827889391107e-01 7.316611625121848261e-01
3.050599883941792712e+00 1.005736008528362424e+00 6.257600478712374015e-01 -3.102111536096517908e-01 -2.403296678463398561e-01 5.899523530950582240e-01 7.056677065068521770e-01
3.058040989697997425e+00 1.010705412204564668e+00 6.158638678208855355e-01 -3.135171539429283394e-01 -2.449222652193762950e-01 6.165820860972913708e-01 6.793722170410326777e-01
3.064275007945648888e+00 1.014978956569184909e+00 6.069531887593241359e-01 -3.170389963215189955e-01 -2.478411701344769846e-01 6.411533565929046219e-01 6.534396701513222050e-01
3.070151941509851934e+00 1.017768772300756241e+00 5.994284402654398436e-01 -3.203996369340284534e-01 -2.490227397028861034e-01 6.624795990891730879e-01 6.296447637787991880e-01
3.074466555332187490e+00 1.020007324172560681e+00 5.928851387270166473e-01 -3.234406170442578055e-01 -2.478127444663236201e-01 6.810180771028450097e-01 6.084319103936297601e-01
3.078965662275464421e+00 1.025085891203963540e+00 5.868189305421459556e-01 -3.259898625296953067e-01 -2.458852779269397326e-01 6.952553801959445723e-01 5.915158458868661207e-01
3.085480183759707451e+00 1.037549794406992687e+00 5.830870448625886659e-01 -3.288091612821293919e-01 -2.424250736209080936e-01 7.043747773931768874e-01 5.804918536113596872e-01
