8.378880470991134644e-02 -9.473995305597782135e-03 3.517401590943336487e-02 -2.408065088093280792e-02 6.906567141413688660e-03 1.989209465682506561e-02 9.994882345199584961e-01
7.332438230514526367e-02 -1.895061507821083069e-02 3.592502698302268982e-02 -2.473718859255313873e-02 8.569306693971157074e-03 2.066410519182682037e-02 9.994436502456665039e-01
6.551521271467208862e-02 -1.951107755303382874e-02 3.367710858583450317e-02 -2.422932162880897522e-02 8.782871067523956299e-03 1.904216781258583069e-02 9.994864463806152344e-01
5.617238581180572510e-02 -2.545029483735561371e-02 2.983025647699832916e-02 -2.384768053889274597e-02 9.343675337731838226e-03 1.994921080768108368e-02 9.994728565216064453e-01
4.801775515079498291e-02 -2.569063752889633179e-02 2.693576365709304810e-02 -2.174730226397514343e-02 8.382309228181838989e-03 1.711886934936046600e-02 9.995817542076110840e-01
4.023059830069541931e-02 -2.583247981965541840e-02 2.277535386383533478e-02 -1.967385038733482361e-02 7.530152332037687302e-03 1.466606836766004562e-02 9.996705055236816406e-01
3.320600464940071106e-02 -2.361381426453590393e-02 1.938461512327194214e-02 -1.774453371763229370e-02 7.172053214162588120e-03 1.215582899749279022e-02 9.997429251670837402e-01
2.648787200450897217e-02 -1.998508162796497345e-02 1.693440042436122894e-02 -1.594587601721286774e-02 7.287193555384874344e-03 9.558565914630889893e-03 9.998006224632263184e-01
2.071543224155902863e-02 -1.647542417049407959e-02 1.272691320627927780e-02 -1.330337580293416977e-02 6.842053495347499847e-03 6.392049137502908707e-03 9.998676776885986328e-01
1.405600830912590027e-02 -1.312534790486097336e-02 9.504251182079315186e-03 -1.102148462086915970e-02 6.881950888782739639e-03 4.687584936618804932e-03 9.999045729637145996e-01
8.176675997674465179e-03 -9.628974832594394684e-03 4.630361218005418777e-03 -8.481162600219249725e-03 3.468444920144975185e-04 1.648682402446866035e-03 9.999626278877258301e-01
4.010475706309080124e-03 -3.626390360295772552e-03 1.694937702268362045e-03 -5.578815471380949020e-03 -5.424517075880430639e-05 -7.207115413621068001e-04 9.999842047691345215e-01
4.079184494912624359e-03 -4.084524232894182205e-03 2.458627102896571159e-03 -3.783921478316187859e-03 7.022325298748910427e-04 -3.118913853541016579e-03 9.999877214431762695e-01
4.717139527201652527e-03 -4.595708567649126053e-03 2.437392249703407288e-03 -1.756156212650239468e-03 8.346834802068769932e-04 -4.519975278526544571e-03 9.999879002571105957e-01
3.788633504882454872e-03 -6.903462111949920654e-03 1.016569149214774370e-04 5.899217794649302959e-04 7.077901973389089108e-04 -6.094664800912141800e-03 9.999809861183166504e-01
5.037785042077302933e-03 -6.844719406217336655e-03 2.393298782408237457e-03 9.658070630393922329e-04 1.383853144943714142e-03 -7.158455438911914825e-03 9.999729394912719727e-01
4.797121975570917130e-03 -8.587094023823738098e-03 4.533863684628158808e-04 3.146385308355093002e-03 8.132272632792592049e-04 -7.966875098645687103e-03 9.999629855155944824e-01
6.401109509170055389e-03 -8.337071165442466736e-03 3.024288918823003769e-03 3.302947618067264557e-03 1.637666020542383194e-03 -8.670622482895851135e-03 9.999555945396423340e-01
6.037519313395023346e-03 -9.930234402418136597e-03 3.344952361658215523e-03 4.267478361725807190e-03 1.115482067689299583e-03 -9.187359362840652466e-03 9.999480843544006348e-01
6.597456987947225571e-03 -1.110382284969091415e-02 3.240783233195543289e-03 4.866754170507192612e-03 1.149077201262116432e-03 -9.541745297610759735e-03 9.999419450759887695e-01
8.647448383271694183e-03 -1.106037758290767670e-02 4.053635988384485245e-03 5.023350007832050323e-03 1.181773026473820210e-03 -9.085767902433872223e-03 9.999454021453857422e-01
9.197375737130641937e-03 -1.269632950425148010e-02 3.103901399299502373e-03 6.358247715979814529e-03 6.478839786723256111e-04 -8.797726593911647797e-03 9.999408721923828125e-01
1.167158037424087524e-02 -1.205951254814863205e-02 4.755727946758270264e-03 6.506355013698339462e-03 8.848189609125256538e-04 -7.860372774302959442e-03 9.999475479125976562e-01
1.196481939405202866e-02 -1.439710333943367004e-02 3.092222148552536964e-03 7.441699970513582230e-03 2.504876465536653996e-04 -6.631688214838504791e-03 9.999502897262573242e-01
1.325675565749406815e-02 -1.512839365750551224e-02 4.436481278389692307e-03 7.197911851108074188e-03 1.658026885706931353e-04 -5.328855477273464203e-03 9.999598860740661621e-01
1.614453829824924469e-02 -1.456781011074781418e-02 4.958670586347579956e-03 7.015540730208158493e-03 -1.433628494851291180e-04 -3.290501190349459648e-03 9.999699592590332031e-01
1.718441769480705261e-02 -1.634824648499488831e-02 4.275334067642688751e-03 6.871338468044996262e-03 -7.555566262453794479e-04 -1.348772784695029259e-03 9.999752044677734375e-01
1.957785338163375854e-02 -1.611723937094211578e-02 5.638398695737123489e-03 6.049344316124916077e-03 -8.321662317030131817e-04 2.812056918628513813e-04 9.999813437461853027e-01
2.161343209445476532e-02 -1.668413169682025909e-02 5.921465810388326645e-03 5.357856396585702896e-03 -1.037806505337357521e-03 3.422072390094399452e-03 9.999792575836181641e-01
2.336822450160980225e-02 -1.712216623127460480e-02 7.706036791205406189e-03 3.741245716810226440e-03 -4.503549425862729549e-04 5.815589334815740585e-03 9.999759793281555176e-01
1.567891836166381836e-01 -3.239198774099349976e-02 7.111875712871551514e-02 -4.422760754823684692e-02 1.409299578517675400e-02 3.396024554967880249e-02 9.983446598052978516e-01
1.395157873630523682e-01 -3.655369952321052551e-02 6.933409720659255981e-02 -4.219711571931838989e-02 1.692154072225093842e-02 2.973920293152332306e-02 9.985232353210449219e-01
1.192527562379837036e-01 -6.132055446505546570e-02 5.439514294266700745e-02 -4.226436093449592590e-02 1.464438904076814651e-02 3.672804310917854309e-02 9.983237385749816895e-01
1.045338511466979980e-01 -5.582940950989723206e-02 5.161088332533836365e-02 -4.261252284049987793e-02 1.528508309274911880e-02 3.476719185709953308e-02 9.983695745468139648e-01
8.946605771780014038e-02 -4.959646239876747131e-02 4.966398328542709351e-02 -3.958472609519958496e-02 1.598752103745937347e-02 3.196915611624717712e-02 9.985767006874084473e-01
7.561954855918884277e-02 -4.394376650452613831e-02 4.438605159521102905e-02 -3.640075400471687317e-02 1.465007662773132324e-02 2.705545909702777863e-02 9.988635182380676270e-01
6.360587477684020996e-02 -3.542652726173400879e-02 3.853259980678558350e-02 -3.209873661398887634e-02 1.579076051712036133e-02 2.253488078713417053e-02 9.991058707237243652e-01
5.223277583718299866e-02 -2.662430889904499054e-02 3.164218738675117493e-02 -2.697793766856193542e-02 1.541886944323778152e-02 1.534339878708124161e-02 9.993993639945983887e-01
3.908431157469749451e-02 -2.206047624349594116e-02 2.383958548307418823e-02 -2.286343462765216827e-02 1.305813249200582504e-02 1.044289954006671906e-02 9.995987415313720703e-01
2.515276148915290833e-02 -1.746644638478755951e-02 1.674143411219120026e-02 -1.855711825191974640e-02 6.922782864421606064e-03 5.936893168836832047e-03 9.997861981391906738e-01
1.244606636464595795e-02 -1.240911800414323807e-02 7.433088496327400208e-03 -1.428306382149457932e-02 3.055817214772105217e-04 8.833684260025620461e-04 9.998975396156311035e-01
9.418378584086894989e-03 -5.712619051337242126e-03 4.561312031000852585e-03 -9.128017351031303406e-03 4.891612334176898003e-04 -4.576034378260374069e-03 9.999477267265319824e-01
9.166007861495018005e-03 -7.702124305069446564e-03 5.758563987910747528e-03 -6.019498687237501144e-03 1.149224815890192986e-03 -7.601391058415174484e-03 9.999523162841796875e-01
9.777109138667583466e-03 -1.033565960824489594e-02 4.395810887217521667e-03 -1.507026492618024349e-03 1.365554286167025566e-03 -1.087110862135887146e-02 9.999388456344604492e-01
1.057412195950746536e-02 -1.217320002615451813e-02 4.349730443209409714e-03 8.605546900071203709e-04 1.600079704076051712e-03 -1.329473685473203659e-02 9.999099969863891602e-01
1.036266703158617020e-02 -1.535631809383630753e-02 2.347866538912057877e-03 4.374078940600156784e-03 1.405175775289535522e-03 -1.498643029481172562e-02 9.998771548271179199e-01
1.117796916514635086e-02 -1.729088835418224335e-02 2.829031320288777351e-03 6.266358774155378342e-03 1.682964619249105453e-03 -1.593356020748615265e-02 9.998520016670227051e-01
1.290352921932935715e-02 -1.817968115210533142e-02 5.777169484645128250e-03 8.140203543007373810e-03 2.403642982244491577e-03 -1.727775111794471741e-02 9.998146891593933105e-01
1.470318064093589783e-02 -1.949160732328891754e-02 7.036091759800910950e-03 9.491164237260818481e-03 2.428082749247550964e-03 -1.847484707832336426e-02 9.997813105583190918e-01
1.658806577324867249e-02 -2.150897495448589325e-02 6.496878806501626968e-03 1.081898063421249390e-02 2.284178277477622032e-03 -1.850650273263454437e-02 9.997676014900207520e-01
1.777129620313644409e-02 -2.375100553035736084e-02 7.488470990210771561e-03 1.159229688346385956e-02 1.906892517581582069e-03 -1.762526482343673706e-02 9.997756481170654297e-01
2.172590605914592743e-02 -2.361382171511650085e-02 9.358170442283153534e-03 1.261417940258979797e-02 2.258669352158904076e-03 -1.652920618653297424e-02 9.997812509536743164e-01
2.456114999949932098e-02 -2.528480626642704010e-02 9.142518974840641022e-03 1.360442396253347397e-02 1.652642502449452877e-03 -1.437236182391643524e-02 9.998027682304382324e-01
2.742691710591316223e-02 -2.769418060779571533e-02 6.831508595496416092e-03 1.469947583973407745e-02 -5.780882565886713564e-05 -1.131004653871059418e-02 9.998279809951782227e-01
3.158070519566535950e-02 -2.723287045955657959e-02 1.007729023694992065e-02 1.398205943405628204e-02 -5.967298056930303574e-04 -8.018377237021923065e-03 9.998699426651000977e-01
3.508748859167098999e-02 -2.855059318244457245e-02 1.034603640437126160e-02 1.355500705540180206e-02 -1.381708658300340176e-03 -4.434772767126560211e-03 9.998973608016967773e-01
3.663621470332145691e-02 -3.277796879410743713e-02 9.549432434141635895e-03 1.336523331701755524e-02 -2.296662656590342522e-03 -8.446369902230799198e-04 9.999076724052429199e-01
4.178185760974884033e-02 -3.153410553932189941e-02 1.291433349251747131e-02 1.106594968587160110e-02 -1.354820095002651215e-03 4.358380101621150970e-03 9.999283552169799805e-01
4.589678347110748291e-02 -3.157185018062591553e-02 1.583763211965560913e-02 8.658287115395069122e-03 -9.633065783418715000e-04 9.283589199185371399e-03 9.999189376831054688e-01
