0.000000000000000000e+00 0.000000000000000000e+00 0.000000000000000000e+00 4.186343112444479431e-14 2.522079767253160298e-12 7.355661219010656282e-14 9.999998211860656738e-01
8.616391569375991821e-02 -2.468864433467388153e-03 3.045539930462837219e-02 -2.318563312292098999e-02 4.349412862211465836e-03 1.797727309167385101e-02 9.995599389076232910e-01
1.626091003417968750e-01 -6.859180517494678497e-03 6.466273218393325806e-02 -4.648748040199279785e-02 1.078047417104244232e-02 3.486306220293045044e-02 9.982519745826721191e-01
2.317303568124771118e-01 -1.340405084192752838e-02 9.605088829994201660e-02 -6.905116885900497437e-02 1.756119541823863983e-02 5.103405192494392395e-02 9.961519837379455566e-01
2.928887605667114258e-01 -2.165406942367553711e-02 1.258490830659866333e-01 -9.287479519844055176e-02 2.452924847602844238e-02 6.920654326677322388e-02 9.929666519165039062e-01
3.472066521644592285e-01 -2.655610069632530212e-02 1.526206582784652710e-01 -1.152479574084281921e-01 3.140992298722267151e-02 8.501791954040527344e-02 9.891932010650634766e-01
3.943772614002227783e-01 -3.037486970424652100e-02 1.763936877250671387e-01 -1.354905068874359131e-01 3.800009191036224365e-02 9.901028126478195190e-02 9.850863218307495117e-01
4.347583949565887451e-01 -3.185028582811355591e-02 1.964991986751556396e-01 -1.537363082170486450e-01 4.443986341357231140e-02 1.100161373615264893e-01 9.809620976448059082e-01
4.680929780006408691e-01 -3.116808831691741943e-02 2.131384611129760742e-01 -1.695530563592910767e-01 5.090972781181335449e-02 1.180934682488441467e-01 9.770945310592651367e-01
4.949716329574584961e-01 -2.910871803760528564e-02 2.248343378305435181e-01 -1.827372610569000244e-01 5.595212429761886597e-02 1.223624870181083679e-01 9.739114642143249512e-01
5.145658850669860840e-01 -2.764571830630302429e-02 2.334191352128982544e-01 -1.941915154457092285e-01 6.091682985424995422e-02 1.256521940231323242e-01 9.709737896919250488e-01
5.269001722335815430e-01 -2.615458518266677856e-02 2.386143058538436890e-01 -2.026489377021789551e-01 5.932564660906791687e-02 1.270156800746917725e-01 9.691649675369262695e-01
5.320245027542114258e-01 -2.446403354406356812e-02 2.403970807790756226e-01 -2.086023390293121338e-01 5.800022929906845093e-02 1.261710375547409058e-01 9.680917859077453613e-01
5.372059941291809082e-01 -2.167268283665180206e-02 2.426033020019531250e-01 -2.120960056781768799e-01 5.686692520976066589e-02 1.223386824131011963e-01 9.678918123245239258e-01
5.434944629669189453e-01 -1.967588625848293304e-02 2.450477778911590576e-01 -2.140919566154479980e-01 5.577736720442771912e-02 1.170207336544990540e-01 9.681732058525085449e-01
5.507025718688964844e-01 -1.803004182875156403e-02 2.477268725633621216e-01 -2.142617255449295044e-01 5.474932491779327393e-02 1.096781119704246521e-01 9.690536260604858398e-01
5.589987635612487793e-01 -1.637991517782211304e-02 2.503519058227539062e-01 -2.130987048149108887e-01 5.360931530594825745e-02 1.008696481585502625e-01 9.703299999237060547e-01
5.684342384338378906e-01 -1.649915054440498352e-02 2.532306015491485596e-01 -2.103901803493499756e-01 5.270203948020935059e-02 9.127032011747360229e-02 9.719198346138000488e-01
5.788192152976989746e-01 -1.670661382377147675e-02 2.566871047019958496e-01 -2.068255841732025146e-01 5.212214589118957520e-02 8.080711215734481812e-02 9.736408591270446777e-01
5.898096561431884766e-01 -1.880002394318580627e-02 2.613832354545593262e-01 -2.021638303995132446e-01 5.158228427171707153e-02 7.011967897415161133e-02 9.754753112792968750e-01
6.018612384796142578e-01 -2.256413735449314117e-02 2.656378448009490967e-01 -1.969688087701797485e-01 5.057923868298530579e-02 5.923916399478912354e-02 9.773104786872863770e-01
6.152243614196777344e-01 -2.579934522509574890e-02 2.706047594547271729e-01 -1.910657733678817749e-01 4.996712133288383484e-02 4.857624322175979614e-02 9.791002869606018066e-01
6.298096776008605957e-01 -3.018761053681373596e-02 2.754666805267333984e-01 -1.841658651828765869e-01 4.903605207800865173e-02 3.866711631417274475e-02 9.809093475341796875e-01
6.459206342697143555e-01 -3.299780189990997314e-02 2.816812396049499512e-01 -1.771142333745956421e-01 4.865520820021629333e-02 2.954411506652832031e-02 9.825427532196044922e-01
6.630393266677856445e-01 -3.880822286009788513e-02 2.874737977981567383e-01 -1.694279164075851440e-01 4.812718555331230164e-02 2.183516696095466614e-02 9.841245412826538086e-01
6.813606619834899902e-01 -4.515758156776428223e-02 2.945284247398376465e-01 -1.620852798223495483e-01 4.781807959079742432e-02 1.570837572216987610e-02 9.854922294616699219e-01
7.021023035049438477e-01 -4.808725789189338684e-02 3.023853302001953125e-01 -1.550857871770858765e-01 4.814744740724563599e-02 1.089207548648118973e-02 9.866668581962585449e-01
7.240789532661437988e-01 -5.395757779479026794e-02 3.103732466697692871e-01 -1.481118649244308472e-01 4.797846823930740356e-02 8.486135862767696381e-03 9.877696037292480469e-01
7.476754784584045410e-01 -5.903435498476028442e-02 3.199976980686187744e-01 -1.420051306486129761e-01 4.884903877973556519e-02 7.860728539526462555e-03 9.886286258697509766e-01
7.730601429939270020e-01 -6.486555933952331543e-02 3.300959765911102295e-01 -1.365767717361450195e-01 5.026054382324218750e-02 1.018643472343683243e-02 9.893011450767517090e-01
7.996327280998229980e-01 -7.021298259496688843e-02 3.430188894271850586e-01 -1.330243200063705444e-01 5.232358723878860474e-02 1.546739786863327026e-02 9.896097183227539062e-01
8.279894590377807617e-01 -7.963805645704269409e-02 3.545778691768646240e-01 -1.302494257688522339e-01 4.734019935131072998e-02 2.393658831715583801e-02 9.900610446929931641e-01
8.576051592826843262e-01 -8.997129648923873901e-02 3.678155839443206787e-01 -1.289198100566864014e-01 4.230986908078193665e-02 3.479823470115661621e-02 9.901406764984130859e-01
8.892709016799926758e-01 -1.006577685475349426e-01 3.813089728355407715e-01 -1.288592219352722168e-01 3.687211871147155762e-02 4.791365191340446472e-02 9.898180365562438965e-01
9.234126806259155273e-01 -1.097895354032516479e-01 3.950131237506866455e-01 -1.293542236089706421e-01 3.108612447977066040e-02 6.341414898633956909e-02 9.890801310539245605e-01
9.592994451522827148e-01 -1.194567903876304626e-01 4.088597297668457031e-01 -1.303460597991943359e-01 2.505196444690227509e-02 8.054457604885101318e-02 9.878738522529602051e-01
9.965944290161132812e-01 -1.297022402286529541e-01 4.234233498573303223e-01 -1.315578371286392212e-01 1.897359453141689301e-02 9.865821897983551025e-02 9.862042069435119629e-01
1.028470754623413086e+00 -1.375213861465454102e-01 4.354524612426757812e-01 -1.335409432649612427e-01 1.234527863562107086e-02 1.178770288825035095e-01 9.839305281639099121e-01
1.054438114166259766e+00 -1.429063975811004639e-01 4.458948969841003418e-01 -1.367635726928710938e-01 6.096077617257833481e-03 1.385470181703567505e-01 9.808481931686401367e-01
1.076454520225524902e+00 -1.445116400718688965e-01 4.494506120681762695e-01 -1.382326036691665649e-01 -1.422528992407023907e-03 1.585560739040374756e-01 9.776244759559631348e-01
1.090496420860290527e+00 -1.382379829883575439e-01 4.527694284915924072e-01 -1.397662460803985596e-01 -7.784741465002298355e-03 1.757639497518539429e-01 9.744290113449096680e-01
1.097588539123535156e+00 -1.334643661975860596e-01 4.558293223381042480e-01 -1.424615383148193359e-01 -1.234784070402383804e-02 1.954964399337768555e-01 9.702232480049133301e-01
1.105160832405090332e+00 -1.310883164405822754e-01 4.592469632625579834e-01 -1.445484757423400879e-01 -1.707223430275917053e-02 2.164347022771835327e-01 9.653859734535217285e-01
1.111320853233337402e+00 -1.270013153553009033e-01 4.618954956531524658e-01 -1.466885507106781006e-01 -2.049530297517776489e-02 2.359623014926910400e-01 9.604081511497497559e-01
1.116526365280151367e+00 -1.226864233613014221e-01 4.639601409435272217e-01 -1.488410234451293945e-01 -2.383679896593093872e-02 2.540467679500579834e-01 9.553733468055725098e-01
1.121789813041687012e+00 -1.197497025132179260e-01 4.658685922622680664e-01 -1.511226296424865723e-01 -2.663626894354820251e-02 2.717923223972320557e-01 9.500427842140197754e-01
1.125508904457092285e+00 -1.159406676888465881e-01 4.669884741306304932e-01 -1.526409536600112915e-01 -2.873180434107780457e-02 2.875072360038757324e-01 9.451003670692443848e-01
1.128993868827819824e+00 -1.131721436977386475e-01 4.679644703865051270e-01 -1.541712731122970581e-01 -2.961809188127517700e-02 3.022404313087463379e-01 9.402151107788085938e-01
1.131023287773132324e+00 -1.102930232882499695e-01 4.688229262828826904e-01 -1.554790884256362915e-01 -2.911348454654216766e-02 3.143792152404785156e-01 9.360257387161254883e-01
1.136248588562011719e+00 -1.080094575881958008e-01 4.701024591922760010e-01 -1.564529687166213989e-01 -2.777159400284290314e-02 3.238240182399749756e-01 9.326784610748291016e-01
1.144611239433288574e+00 -1.075515300035476685e-01 4.730322062969207764e-01 -1.571993976831436157e-01 -2.456114068627357483e-02 3.308016657829284668e-01 9.301908612251281738e-01
1.262143015861511230e+00 8.720469661056995392e-03 5.266885161399841309e-01 -2.051577717065811157e-01 -2.481159009039402008e-02 3.691657483577728271e-01 9.060966968536376953e-01
1.367341637611389160e+00 1.171033680438995361e-01 5.795509219169616699e-01 -2.507103383541107178e-01 -2.234295941889286041e-02 3.928497433662414551e-01 8.844851851463317871e-01
1.461099624633789062e+00 2.163199484348297119e-01 6.275695562362670898e-01 -2.968676686286926270e-01 -1.980708725750446320e-02 4.185152053833007812e-01 8.580921888351440430e-01
1.540068030357360840e+00 3.102059960365295410e-01 6.682798862457275391e-01 -3.426231443881988525e-01 -1.750316843390464783e-02 4.418131113052368164e-01 8.289174437522888184e-01
1.604563355445861816e+00 3.983207345008850098e-01 7.000072598457336426e-01 -3.842643201351165771e-01 -1.411444321274757385e-02 4.612439870834350586e-01 7.996221184730529785e-01
1.656368613243103027e+00 4.781842231750488281e-01 7.236194014549255371e-01 -4.214330017566680908e-01 -1.137390919029712677e-02 4.754998385906219482e-01 7.721169590950012207e-01
1.696071624755859375e+00 5.486761927604675293e-01 7.391137480735778809e-01 -4.542658329010009766e-01 -7.838177494704723358e-03 4.846115708351135254e-01 7.474842071533203125e-01
1.725493788719177246e+00 6.079612374305725098e-01 7.467270493507385254e-01 -4.814233183860778809e-01 -5.888975691050291061e-03 4.878396689891815186e-01 7.281545996665954590e-01
1.747371435165405273e+00 6.537268757820129395e-01 7.498003840446472168e-01 -5.043522715568542480e-01 -5.380261223763227463e-03 4.881151616573333740e-01 7.122803330421447754e-01
1.761889338493347168e+00 6.854470968246459961e-01 7.508344054222106934e-01 -5.210562348365783691e-01 -9.062709286808967590e-03 4.885803759098052979e-01 6.997909545898437500e-01
1.768697261810302734e+00 7.032540440559387207e-01 7.499932646751403809e-01 -5.311675667762756348e-01 -1.739138364791870117e-02 4.884790480136871338e-01 6.920596957206726074e-01
1.770961880683898926e+00 7.147622704505920410e-01 7.478536367416381836e-01 -5.373039245605468750e-01 -2.498478069901466370e-02 4.845932126045227051e-01 6.898184418678283691e-01
1.773527979850769043e+00 7.276284694671630859e-01 7.457616925239562988e-01 -5.407956838607788086e-01 -3.234622254967689514e-02 4.775780439376831055e-01 6.916739344596862793e-01
1.778116941452026367e+00 7.417277693748474121e-01 7.443867325782775879e-01 -5.416935682296752930e-01 -3.952737152576446533e-02 4.680231213569641113e-01 6.971082687377929688e-01
1.784286141395568848e+00 7.571882009506225586e-01 7.430320382118225098e-01 -5.401457548141479492e-01 -4.665583744645118713e-02 4.562649428844451904e-01 7.056117653846740723e-01
1.793257474899291992e+00 7.735633850097656250e-01 7.427463531494140625e-01 -5.360752344131469727e-01 -5.315472930669784546e-02 4.426571428775787354e-01 7.168350219726562500e-01
1.804587602615356445e+00 7.909342050552368164e-01 7.440916895866394043e-01 -5.304256081581115723e-01 -5.892724171280860901e-02 4.277667403221130371e-01 7.295147180557250977e-01
1.817943096160888672e+00 8.092420101165771484e-01 7.481946349143981934e-01 -5.227934122085571289e-01 -6.375107169151306152e-02 4.118657708168029785e-01 7.436324954032897949e-01
1.834615945816040039e+00 8.270651102066040039e-01 7.552630901336669922e-01 -5.136659741401672363e-01 -6.857892870903015137e-02 3.958039581775665283e-01 7.581445574760437012e-01
1.853850007057189941e+00 8.456416726112365723e-01 7.633240222930908203e-01 -5.030800700187683105e-01 -7.288984954357147217e-02 3.795258104801177979e-01 7.730184793472290039e-01
1.875190496444702148e+00 8.655602335929870605e-01 7.724801301956176758e-01 -4.910971820354461670e-01 -7.641033083200454712e-02 3.642003834247589111e-01 7.876185178756713867e-01
1.898196220397949219e+00 8.876099586486816406e-01 7.825673818588256836e-01 -4.782455265522003174e-01 -7.865253835916519165e-02 3.500017225742340088e-01 8.016194701194763184e-01
1.923923492431640625e+00 9.104868769645690918e-01 7.944377064704895020e-01 -4.647537469863891602e-01 -7.966361194849014282e-02 3.376113474369049072e-01 8.146631717681884766e-01
1.953243374824523926e+00 9.325525164604187012e-01 8.092473745346069336e-01 -4.510761797428131104e-01 -7.935602217912673950e-02 3.278023004531860352e-01 8.263040781021118164e-01
1.983351230621337891e+00 9.591963887214660645e-01 8.242188096046447754e-01 -4.384002387523651123e-01 -7.796551287174224854e-02 3.200735449790954590e-01 8.362292647361755371e-01
2.015923261642456055e+00 9.883979558944702148e-01 8.396995067596435547e-01 -4.261729419231414795e-01 -7.520894706249237061e-02 3.154475688934326172e-01 8.445193767547607422e-01
2.051559925079345703e+00 1.018555283546447754e+00 8.578196763992309570e-01 -4.148378670215606689e-01 -7.128056883811950684e-02 3.142310380935668945e-01 8.509331941604614258e-01
2.089389085769653320e+00 1.051515936851501465e+00 8.775544762611389160e-01 -4.059329926967620850e-01 -6.480944901704788208e-02 3.164469301700592041e-01 8.549147844314575195e-01
2.128917455673217773e+00 1.087547779083251953e+00 8.997657299041748047e-01 -3.995870053768157959e-01 -5.680039152503013611e-02 3.232793509960174561e-01 8.559172153472900391e-01
2.172415256500244141e+00 1.124067902565002441e+00 9.245768785476684570e-01 -3.937503993511199951e-01 -5.376752838492393494e-02 3.371371030807495117e-01 8.534682989120483398e-01
2.220700502395629883e+00 1.160217404365539551e+00 9.515205025672912598e-01 -3.881133198738098145e-01 -5.653164163231849670e-02 3.570681214332580566e-01 8.477466702461242676e-01
2.270980358123779297e+00 1.199658036231994629e+00 9.803042411804199219e-01 -3.843876719474792480e-01 -5.909420177340507507e-02 3.810012936592102051e-01 8.388038277626037598e-01
2.322736740112304688e+00 1.244559526443481445e+00 1.008053421974182129e+00 -3.820390403270721436e-01 -6.213475763797760010e-02 4.086650609970092773e-01 8.265459537506103516e-01
2.375503063201904297e+00 1.294791460037231445e+00 1.034666061401367188e+00 -3.799513578414916992e-01 -6.479199230670928955e-02 4.391640424728393555e-01 8.115255832672119141e-01
2.429306745529174805e+00 1.349143862724304199e+00 1.061322689056396484e+00 -3.780740499496459961e-01 -6.750113517045974731e-02 4.713162481784820557e-01 7.939549684524536133e-01
2.478117227554321289e+00 1.402686238288879395e+00 1.085176348686218262e+00 -3.764753937721252441e-01 -7.025499641895294189e-02 5.043700337409973145e-01 7.739129066467285156e-01
2.516035795211791992e+00 1.450047969818115234e+00 1.103731155395507812e+00 -3.761899173259735107e-01 -7.369356602430343628e-02 5.386980772018432617e-01 7.502364516258239746e-01
2.544576168060302734e+00 1.490730881690979004e+00 1.112530231475830078e+00 -3.743269443511962891e-01 -7.657080143690109253e-02 5.735233426094055176e-01 7.246289253234863281e-01
2.558393955230712891e+00 1.525459289550781250e+00 1.110635638236999512e+00 -3.703056871891021729e-01 -8.037796616554260254e-02 6.047044396400451660e-01 7.005322575569152832e-01
2.558289289474487305e+00 1.549770593643188477e+00 1.107545375823974609e+00 -3.684407174587249756e-01 -8.170456439256668091e-02 6.341096758842468262e-01 6.748930215835571289e-01
2.557529687881469727e+00 1.567431807518005371e+00 1.107332229614257812e+00 -3.677365481853485107e-01 -8.053302764892578125e-02 6.649473309516906738e-01 6.450808644294738770e-01
2.555922985076904297e+00 1.583684444427490234e+00 1.106733322143554688e+00 -3.658979833126068115e-01 -7.891324907541275024e-02 6.940413117408752441e-01 6.149779558181762695e-01
2.551850318908691406e+00 1.597841858863830566e+00 1.104548096656799316e+00 -3.649875819683074951e-01 -7.632762938737869263e-02 7.199506163597106934e-01 5.853452682495117188e-01
2.548188686370849609e+00 1.610465288162231445e+00 1.102259159088134766e+00 -3.637459278106689453e-01 -7.439557462930679321e-02 7.434014081954956055e-01 5.563348531723022461e-01
2.544315099716186523e+00 1.621169209480285645e+00 1.099622845649719238e+00 -3.625147640705108643e-01 -7.101655006408691406e-02 7.645242810249328613e-01 5.282443761825561523e-01
2.540085077285766602e+00 1.629664659500122070e+00 1.096643328666687012e+00 -3.615192174911499023e-01 -6.693679839372634888e-02 7.826402783393859863e-01 5.022922158241271973e-01
2.536002635955810547e+00 1.636274933815002441e+00 1.094177603721618652e+00 -3.618834614753723145e-01 -6.135047972202301025e-02 7.974987030029296875e-01 4.788236021995544434e-01
2.532589435577392578e+00 1.644329309463500977e+00 1.091665863990783691e+00 -3.632355034351348877e-01 -5.525596439838409424e-02 8.084109425544738770e-01 4.598677456378936768e-01
2.531999349594116211e+00 1.658770680427551270e+00 1.089989304542541504e+00 -3.661894500255584717e-01 -4.822007194161415100e-02 8.157122135162353516e-01 4.451892971992492676e-01
