3.586450219154357910e-02 -8.314885944128036499e-02 1.214645896106958389e-02 -1.128902807831764221e-01 6.143717467784881592e-02 2.592283785343170166e-01 9.572261571884155273e-01
3.013392165303230286e-02 -7.745293527841567993e-02 1.091734599322080612e-02 -1.161435842514038086e-01 5.783978477120399475e-02 2.617130577564239502e-01 9.563845992088317871e-01
3.332680836319923401e-02 -6.763818114995956421e-02 1.102149114012718201e-02 -1.184082552790641785e-01 5.956883355975151062e-02 2.550713121891021729e-01 9.577941894531250000e-01
3.057000786066055298e-02 -6.052917987108230591e-02 9.725863113999366760e-03 -1.207387149333953857e-01 6.109581887722015381e-02 2.607771754264831543e-01 9.558686017990112305e-01
2.547961100935935974e-02 -5.455342680215835571e-02 8.121700957417488098e-03 -1.104197353124618530e-01 5.359732359647750854e-02 2.345823198556900024e-01 9.643163084983825684e-01
2.176822163164615631e-02 -4.775822535157203674e-02 7.059098687022924423e-03 -1.024676039814949036e-01 4.965536296367645264e-02 2.176290899515151978e-01 9.693669676780700684e-01
1.821023039519786835e-02 -4.082268849015235901e-02 6.157111842185258865e-03 -9.064392745494842529e-02 4.411484301090240479e-02 1.888033151626586914e-01 9.768269658088684082e-01
1.531387120485305786e-02 -3.355013951659202576e-02 5.259111057966947556e-03 -7.884034514427185059e-02 3.807584196329116821e-02 1.580525189638137817e-01 9.835414886474609375e-01
1.255557499825954437e-02 -2.615390531718730927e-02 4.568796604871749878e-03 -6.487389653921127319e-02 3.223531693220138550e-02 1.241410374641418457e-01 9.896167516708374023e-01
8.659103885293006897e-03 -1.935129798948764801e-02 3.274764399975538254e-03 -5.013286694884300232e-02 2.377131395041942596e-02 9.223423898220062256e-02 9.941903352737426758e-01
6.507762242108583450e-03 -1.146213244646787643e-02 2.698890166357159615e-03 -3.789214044809341431e-02 1.462811324745416641e-02 5.559988319873809814e-02 9.976266026496887207e-01
3.935807850211858749e-03 -3.728001145645976067e-03 1.648898352868855000e-03 -2.584399096667766571e-02 1.102461386471986771e-02 2.254297956824302673e-02 9.993509650230407715e-01
1.947492593899369240e-03 -5.770217627286911011e-03 1.509897876530885696e-03 -2.419299446046352386e-02 7.595859002321958542e-03 2.975687384605407715e-02 9.992354512214660645e-01
1.378610846586525440e-03 -6.731517147272825241e-03 1.448770402930676937e-03 -2.375752851366996765e-02 6.607673130929470062e-03 3.529745712876319885e-02 9.990725517272949219e-01
1.298047020100057125e-03 -7.636900991201400757e-03 1.419395441189408302e-03 -2.683664858341217041e-02 6.191903259605169296e-03 4.933960363268852234e-02 9.984022378921508789e-01
1.352446852251887321e-03 -8.592016994953155518e-03 1.518381643109023571e-03 -2.788980305194854736e-02 6.110034883022308350e-03 5.623412877321243286e-02 9.980092644691467285e-01
1.518579316325485706e-03 -9.578105062246322632e-03 1.705858972854912281e-03 -3.041888959705829620e-02 6.718739401549100876e-03 6.457704305648803711e-02 9.974263906478881836e-01
1.749595045112073421e-03 -1.062520220875740051e-02 1.916056033223867416e-03 -3.574065119028091431e-02 8.916123770177364349e-03 7.900138944387435913e-02 9.961937069892883301e-01
1.942312228493392467e-03 -1.174348779022693634e-02 2.137237926945090294e-03 -3.877677768468856812e-02 9.789656847715377808e-03 8.797429502010345459e-02 9.953195452690124512e-01
2.193177118897438049e-03 -1.291477773338556290e-02 2.392175141721963882e-03 -4.194545745849609375e-02 1.149153802543878555e-02 9.649523347616195679e-02 9.943827986717224121e-01
2.464906079694628716e-03 -1.415257714688777924e-02 2.677893266081809998e-03 -4.439827427268028259e-02 1.281028892844915390e-02 1.034718602895736694e-01 9.935584068298339844e-01
2.684916602447628975e-03 -1.548678148537874222e-02 2.893709810450673103e-03 -4.425866156816482544e-02 1.282723899930715561e-02 1.076292544603347778e-01 9.931226372718811035e-01
3.092140890657901764e-03 -1.687270775437355042e-02 3.166218055412173271e-03 -4.719395563006401062e-02 1.412710454314947128e-02 1.176239475607872009e-01 9.918355345726013184e-01
3.229728201404213905e-03 -1.841733790934085846e-02 3.219607984647154808e-03 -4.906957224011421204e-02 1.472150161862373352e-02 1.269804835319519043e-01 9.905813336372375488e-01
3.492137650027871132e-03 -2.002342790365219116e-02 3.340587485581636429e-03 -4.884804040193557739e-02 1.471348665654659271e-02 1.314724236726760864e-01 9.900062680244445801e-01
3.567671170458197594e-03 -2.176128700375556946e-02 3.342714160680770874e-03 -4.830837994813919067e-02 1.444729324430227280e-02 1.360917836427688599e-01 9.894122481346130371e-01
3.740557469427585602e-03 -2.358914166688919067e-02 3.226226661354303360e-03 -5.008963122963905334e-02 1.543231308460235596e-02 1.464280039072036743e-01 9.878318309783935547e-01
4.079432692378759384e-03 -2.543922886252403259e-02 3.324629506096243858e-03 -5.045318230986595154e-02 1.601940579712390900e-02 1.503356248140335083e-01 9.872168302536010742e-01
4.669295623898506165e-03 -2.732725255191326141e-02 3.461705520749092102e-03 -5.338668823242187500e-02 1.796145178377628326e-02 1.589537858963012695e-01 9.856778979301452637e-01
5.123691633343696594e-03 -2.931652963161468506e-02 3.593646921217441559e-03 -5.639663711190223694e-02 1.914176158607006073e-02 1.634917855262756348e-01 9.847453832626342773e-01
3.333661006763577461e-03 -3.167464584112167358e-02 3.125010058283805847e-03 -5.921161919832229614e-02 1.130219642072916031e-02 1.719067543745040894e-01 9.832671880722045898e-01
4.249936901032924652e-03 -3.363388776779174805e-02 3.288734238594770432e-03 -6.261473149061203003e-02 1.266562100499868393e-02 1.808398962020874023e-01 9.814356565475463867e-01
4.425264894962310791e-03 -3.558647260069847107e-02 3.459932981058955193e-03 -6.103320419788360596e-02 1.139533333480358124e-02 1.762045621871948242e-01 9.823935031890869141e-01
4.287499003112316132e-03 -3.747707232832908630e-02 3.657702356576919556e-03 -5.791274458169937134e-02 8.684282191097736359e-03 1.672344058752059937e-01 9.841764569282531738e-01
3.788584610447287560e-03 -3.933354839682579041e-02 3.423848189413547516e-03 -5.620088428258895874e-02 7.219827268272638321e-03 1.644270867109298706e-01 9.847604036331176758e-01
5.633728113025426865e-03 -4.079228267073631287e-02 3.506264416500926018e-03 -6.374759227037429810e-02 1.251238118857145309e-02 1.847265064716339111e-01 9.806405305862426758e-01
6.565000396221876144e-03 -3.417595475912094116e-02 3.266156185418367386e-03 -4.796226695179939270e-02 8.779188618063926697e-03 1.379779577255249023e-01 9.892343878746032715e-01
1.479714363813400269e-02 -2.332804538309574127e-02 7.003034465014934540e-03 -2.894788421690464020e-02 6.139494013041257858e-03 7.869675010442733765e-02 9.964593052864074707e-01
1.913169771432876587e-02 -7.368277292698621750e-03 7.938502356410026550e-03 -1.246551889926195145e-02 2.278568223118782043e-03 3.113897144794464111e-02 9.994347095489501953e-01
1.429887302219867706e-02 -9.734275517985224724e-04 5.839366465806961060e-03 -4.859516397118568420e-03 -1.110423239879310131e-03 1.115303859114646912e-02 9.999253749847412109e-01
8.387715555727481842e-03 -3.585302038118243217e-04 3.665001830086112022e-03 -3.408108139410614967e-03 -1.542524318210780621e-03 9.572451002895832062e-03 9.999471902847290039e-01
7.835334166884422302e-03 -3.300180542282760143e-04 3.344401251524686813e-03 -3.737796563655138016e-03 -1.164425630122423172e-03 9.808155708014965057e-03 9.999442100524902344e-01
7.150328718125820160e-03 -4.151423636358231306e-04 3.150573465973138809e-03 -3.436966566368937492e-03 -9.395106462761759758e-04 9.557135403156280518e-03 9.999479651451110840e-01
6.533617153763771057e-03 -1.090850564651191235e-04 2.714415313675999641e-03 -2.795361913740634918e-03 -1.135168015025556087e-03 8.186550810933113098e-03 9.999619126319885254e-01
5.782949272543191910e-03 -3.032585664186626673e-04 2.414939925074577332e-03 -3.336427733302116394e-03 -3.282691468484699726e-04 8.786366321146488190e-03 9.999557733535766602e-01
5.002965219318866730e-03 -1.879961491795256734e-04 2.075498225167393684e-03 -2.661128295585513115e-03 -4.932820447720587254e-04 7.139692083001136780e-03 9.999708533287048340e-01
4.169208463281393051e-03 -1.919986243592575192e-04 1.785083790309727192e-03 -2.200078219175338745e-03 -9.103786578634753823e-05 6.013408768922090530e-03 9.999794960021972656e-01
3.348907688632607460e-03 -1.234275550814345479e-04 1.392505480907857418e-03 -2.019318984821438789e-03 2.857600338757038116e-04 4.683790728449821472e-03 9.999869465827941895e-01
5.417164880782365799e-03 -3.121639892924576998e-04 2.143268007785081863e-03 -1.243642647750675678e-03 2.344621170777827501e-04 2.157123293727636337e-03 9.999969005584716797e-01
7.766702212393283844e-03 -2.878913655877113342e-03 3.011447377502918243e-03 -1.161338295787572861e-03 2.527472097426652908e-04 2.863433212041854858e-03 9.999951720237731934e-01
9.808716177940368652e-02 -1.414227187633514404e-01 3.268788754940032959e-02 -2.198466211557388306e-01 1.418255716562271118e-01 4.789698123931884766e-01 8.379384875297546387e-01
8.553307503461837769e-02 -1.321090161800384521e-01 2.897144854068756104e-02 -2.155305594205856323e-01 1.369466036558151245e-01 4.576976299285888672e-01 8.516485095024108887e-01
8.074619621038436890e-02 -1.170495003461837769e-01 2.682771347463130951e-02 -2.238846570253372192e-01 1.305223554372787476e-01 4.544697999954223633e-01 8.522304892539978027e-01
7.624547183513641357e-02 -1.014726459980010986e-01 2.445121854543685913e-02 -2.248924970626831055e-01 1.304888725280761719e-01 4.575591981410980225e-01 8.503149747848510742e-01
6.589548289775848389e-02 -9.025520831346511841e-02 2.103044092655181885e-02 -2.100727111101150513e-01 1.232961341738700867e-01 4.344414174556732178e-01 8.671379089355468750e-01
5.443313345313072205e-02 -7.971386611461639404e-02 1.738464459776878357e-02 -1.846646666526794434e-01 1.066960692405700684e-01 3.790610730648040771e-01 9.004596471786499023e-01
4.446444660425186157e-02 -6.775512546300888062e-02 1.475341431796550751e-02 -1.663838028907775879e-01 9.502682834863662720e-02 3.355534374713897705e-01 9.223287105560302734e-01
3.514985740184783936e-02 -5.535757541656494141e-02 1.176312379539012909e-02 -1.376468092203140259e-01 7.821919769048690796e-02 2.730762362480163574e-01 9.488753676414489746e-01
2.541392110288143158e-02 -4.310595616698265076e-02 8.864682167768478394e-03 -1.112316325306892395e-01 6.158132851123809814e-02 2.128018140792846680e-01 9.687882661819458008e-01
1.720912009477615356e-02 -2.971933409571647644e-02 6.214591674506664276e-03 -8.836972713470458984e-02 4.387306794524192810e-02 1.537476778030395508e-01 9.831722378730773926e-01
1.149525959044694901e-02 -1.455075480043888092e-02 4.502904601395130157e-03 -6.233889237046241760e-02 2.723236382007598877e-02 8.287706226110458374e-02 9.942352175712585449e-01
6.270202342420816422e-03 -9.534458629786968231e-03 3.453128039836883545e-03 -4.615725949406623840e-02 1.914775371551513672e-02 5.006204545497894287e-02 9.974951744079589844e-01
3.547138301655650139e-03 -1.241042558103799820e-02 3.146208589896559715e-03 -4.398398846387863159e-02 1.416918449103832245e-02 6.037652865052223206e-02 9.971054792404174805e-01
3.012665780261158943e-03 -1.425808109343051910e-02 3.061349038034677505e-03 -4.723531007766723633e-02 1.351653318852186203e-02 8.012188225984573364e-02 9.955735206604003906e-01
3.286051098257303238e-03 -1.602583937346935272e-02 3.360562259331345558e-03 -5.604780837893486023e-02 1.648549176752567291e-02 1.075273975729942322e-01 9.924840927124023438e-01
3.689818317070603371e-03 -1.790111698210239410e-02 3.827418666332960129e-03 -6.005327403545379639e-02 1.850322633981704712e-02 1.218109279870986938e-01 9.905621409416198730e-01
4.257069900631904602e-03 -1.986655965447425842e-02 4.372916184365749359e-03 -6.902071088552474976e-02 2.309678308665752411e-02 1.433755457401275635e-01 9.869884252548217773e-01
4.705633036792278290e-03 -2.201289869844913483e-02 4.864850547164678574e-03 -7.395920902490615845e-02 2.561242133378982544e-02 1.586444824934005737e-01 9.842286109924316406e-01
5.498751997947692871e-03 -2.419181540608406067e-02 5.489327944815158844e-03 -8.129714429378509521e-02 2.934759482741355896e-02 1.781468540430068970e-01 9.802005887031555176e-01
6.307666189968585968e-03 -2.651518024504184723e-02 6.096543278545141220e-03 -8.657299727201461792e-02 3.317612409591674805e-02 1.926986873149871826e-01 9.768682718276977539e-01
7.030117791146039963e-03 -2.899158559739589691e-02 6.787630729377269745e-03 -8.853600174188613892e-02 3.482687473297119141e-02 2.020022571086883545e-01 9.747530817985534668e-01
8.090411312878131866e-03 -3.158998861908912659e-02 7.336285896599292755e-03 -9.426012635231018066e-02 3.839083760976791382e-02 2.236032932996749878e-01 9.693517088890075684e-01
9.289790876209735870e-03 -3.430592268705368042e-02 7.934781722724437714e-03 -9.880566596984863281e-02 4.197607561945915222e-02 2.412701249122619629e-01 9.645020365715026855e-01
1.027316134423017502e-02 -3.729400411248207092e-02 8.336226455867290497e-03 -1.005332395434379578e-01 4.360664635896682739e-02 2.548466622829437256e-01 9.607521295547485352e-01
1.122848503291606903e-02 -4.048214480280876160e-02 8.697045966982841492e-03 -9.850578755140304565e-02 4.281757399439811707e-02 2.614275813102722168e-01 9.592282772064208984e-01
1.214335579425096512e-02 -4.393142834305763245e-02 8.710749447345733643e-03 -1.008578762412071228e-01 4.450512304902076721e-02 2.812356054782867432e-01 9.532856345176696777e-01
1.330297067761421204e-02 -4.746978729963302612e-02 8.800541050732135773e-03 -9.884607046842575073e-02 4.486546292901039124e-02 2.871558368206024170e-01 9.517132043838500977e-01
1.507604960352182388e-02 -5.093273147940635681e-02 9.245186112821102142e-03 -1.025462076067924500e-01 4.711532220244407654e-02 2.987597286701202393e-01 9.476323127746582031e-01
1.740192249417304993e-02 -5.435471236705780029e-02 9.842016734182834625e-03 -1.100690737366676331e-01 5.169897526502609253e-02 3.119980692863464355e-01 9.422681331634521484e-01
1.751590147614479065e-02 -5.862152948975563049e-02 9.903352707624435425e-03 -1.155554652214050293e-01 4.588159546256065369e-02 3.275030553340911865e-01 9.366341829299926758e-01
1.634402759373188019e-02 -6.329161673784255981e-02 9.552486240863800049e-03 -1.202201619744300842e-01 3.882662579417228699e-02 3.427230119705200195e-01 9.309030771255493164e-01
1.933676376938819885e-02 -6.657584756612777710e-02 1.029058918356895447e-02 -1.224138811230659485e-01 4.153195396065711975e-02 3.486935198307037354e-01 9.282794594764709473e-01
2.215672284364700317e-02 -6.958046555519104004e-02 1.151126436889171600e-02 -1.218930706381797791e-01 4.205200076103210449e-02 3.442480266094207764e-01 9.299822449684143066e-01
2.095237933099269867e-02 -7.383815944194793701e-02 1.116619631648063660e-02 -1.122977212071418762e-01 3.360540047287940979e-02 3.213462531566619873e-01 9.396789073944091797e-01
2.304603718221187592e-02 -7.682114839553833008e-02 1.126922201365232468e-02 -1.202576160430908203e-01 3.996383771300315857e-02 3.447967171669006348e-01 9.300839900970458984e-01
2.334162220358848572e-02 -7.186340540647506714e-02 1.044376939535140991e-02 -1.097168624401092529e-01 3.695440292358398438e-02 3.119826614856719971e-01 9.430076479911804199e-01
3.005890361964702606e-02 -5.445739999413490295e-02 1.249290164560079575e-02 -7.683328539133071899e-02 2.598108351230621338e-02 2.106732875108718872e-01 9.741860032081604004e-01
3.813176602125167847e-02 -2.903662435710430145e-02 1.580897346138954163e-02 -4.584043845534324646e-02 1.632156409323215485e-02 1.181718409061431885e-01 9.918002486228942871e-01
3.401138633489608765e-02 -7.484929636120796204e-03 1.370331924408674240e-02 -1.434292178601026535e-02 3.070384962484240532e-03 3.737153112888336182e-02 9.991937875747680664e-01
2.249599620699882507e-02 -1.496416982263326645e-03 9.606688283383846283e-03 -6.867534946650266647e-03 -1.749161398038268089e-03 2.153695002198219299e-02 9.997429251670837402e-01
1.620183140039443970e-02 -8.085783338174223900e-04 7.028072606772184372e-03 -6.099510937929153442e-03 -2.340323990210890770e-03 2.186216041445732117e-02 9.997396469116210938e-01
1.500043366104364395e-02 -8.016814244911074638e-04 6.436357740312814713e-03 -6.688200403004884720e-03 -1.794232055544853210e-03 2.283722721040248871e-02 9.997152090072631836e-01
1.366150379180908203e-02 -4.249601624906063080e-04 5.914251320064067841e-03 -5.228769965469837189e-03 -2.159253461286425591e-03 1.941683888435363770e-02 9.997954964637756348e-01
1.235326658934354782e-02 -3.584127407521009445e-04 5.026701372116804123e-03 -6.260604131966829300e-03 -8.898847736418247223e-04 2.069550380110740662e-02 9.997658133506774902e-01
1.082238275557756424e-02 -2.484144933987408876e-04 4.397802986204624176e-03 -5.015114787966012955e-03 -1.119825057685375214e-03 1.784437708556652069e-02 9.998275637626647949e-01
9.197329171001911163e-03 -2.267978270538151264e-04 3.781660227105021477e-03 -4.315491300076246262e-03 -6.781534757465124130e-04 1.518382132053375244e-02 9.998751878738403320e-01
7.538576144725084305e-03 -2.104179002344608307e-04 3.093123435974121094e-03 -3.620143746957182884e-03 -1.846684754127636552e-04 1.298873871564865112e-02 9.999090433120727539e-01
8.466538973152637482e-03 -4.119578225072473288e-04 3.313714638352394104e-03 -2.963111968711018562e-03 5.767200491391122341e-04 9.880437515676021576e-03 9.999466538429260254e-01
1.349562220275402069e-02 -2.334526972845196724e-03 4.912536591291427612e-03 -2.890727249905467033e-03 2.371204318478703499e-03 6.784516386687755585e-03 9.999700188636779785e-01
