0.000000000000000000e+00 0.000000000000000000e+00 0.000000000000000000e+00 0.000000000000000000e+00 0.000000000000000000e+00 0.000000000000000000e+00 1.000000000000000000e+00
8.711379021406173706e-02 3.944474738091230392e-03 2.685856074094772339e-02 -2.387427383604201481e-02 5.510923988840754108e-03 2.060907296866135163e-02 9.994873260211774024e-01
1.656730009724294295e-01 2.756249199070088217e-03 5.503876048895291195e-02 -4.894591205883590257e-02 1.245417104499169092e-02 4.264246138480277948e-02 9.978130144487775688e-01
2.361277518327042912e-01 3.292749631414719751e-03 8.249053593207422708e-02 -7.394068999872253911e-02 2.000957009095999037e-02 6.210693674191942321e-02 9.951256804423362912e-01
2.985469034834535851e-01 9.309252489495332787e-04 1.085599620104897994e-01 -9.867080266688307844e-02 2.869461023954618731e-02 8.246098729550269124e-02 9.912824408908514906e-01
3.534599802524237555e-01 -1.597917963166608883e-04 1.319868471038424806e-01 -1.213447410219279377e-01 3.660795116492776557e-02 1.000067364472284892e-01 9.868809271654822579e-01
4.009641424457772718e-01 -2.773126679528785995e-03 1.522068788328259370e-01 -1.415006189726639996e-01 4.357162622956484155e-02 1.151809504169915011e-01 9.822486634651649284e-01
4.411335633317283178e-01 -4.479620828617553174e-03 1.692197848920314884e-01 -1.594806115644920586e-01 5.012760559314385911e-02 1.273733414851386803e-01 9.776651725265782522e-01
4.737583596000888297e-01 -5.056610769614200938e-03 1.834538907766668503e-01 -1.757758309627190652e-01 5.647669111223344723e-02 1.367835886981836613e-01 9.732437980656364340e-01
4.993940532556228606e-01 -4.982348224011010421e-03 1.936599295061300907e-01 -1.897010903734333009e-01 6.214521426754480993e-02 1.430154666024195664e-01 9.693802375576179298e-01
5.174483499371643758e-01 -5.113937260142035340e-03 2.012715383547275250e-01 -2.014629286151819465e-01 6.773032620532758175e-02 1.472610214389814820e-01 9.659914507233808845e-01
5.286014668985087317e-01 -6.028129292471072660e-03 2.055258045891941721e-01 -2.096328408511349273e-01 6.633642884216600644e-02 1.497523663584146292e-01 9.639646150223597498e-01
5.335512538089446366e-01 -3.448742140243206671e-03 2.070434235889097585e-01 -2.152014778940150030e-01 6.518005244285444977e-02 1.496496147724135362e-01 9.628316973771930964e-01
5.388380997990540600e-01 -1.842462659796600608e-04 2.087007592240955056e-01 -2.186638070731106442e-01 6.424139115832835922e-02 1.464757815824121734e-01 9.626027366199192414e-01
5.452512882240978520e-01 2.616657062069126412e-03 2.108600354709094793e-01 -2.204470640958459404e-01 6.341560451305656987e-02 1.419533544084176369e-01 9.629282414634871001e-01
5.519177962127753689e-01 6.615423040190879754e-03 2.133464388789373667e-01 -2.202992057933125525e-01 6.254580704280957026e-02 1.352321642960706560e-01 9.639857590690849021e-01
5.603257408764190650e-01 7.768718481218481707e-03 2.165308242021347362e-01 -2.195013950530515234e-01 6.185418429931809070e-02 1.275125930217644865e-01 9.652635578303451203e-01
5.695686410744309480e-01 6.252224562006866194e-03 2.198732764021398278e-01 -2.169191357176954438e-01 6.132064580033746992e-02 1.190877548865545699e-01 9.669560349851473724e-01
5.795087327725715332e-01 6.569671108373269577e-03 2.241966368011239497e-01 -2.139388896720671174e-01 6.124127769378123060e-02 1.097065573347475037e-01 9.687332598141110696e-01
5.898066363013508839e-01 5.137339649616114688e-03 2.296770202134870154e-01 -2.101384418341083193e-01 6.107564749203095444e-02 1.001956791832467331e-01 9.706041553692061896e-01
6.006633529164047136e-01 1.924892955813605443e-03 2.353963997294120369e-01 -2.059057239547202323e-01 6.080685611710360400e-02 9.053713397607596192e-02 9.724753911864476574e-01
6.127497541060361597e-01 -6.233370247548546995e-04 2.412138528276727423e-01 -2.011178453308134495e-01 6.069757169331400914e-02 8.126258254407969783e-02 9.743017036618033533e-01
6.259992605236267549e-01 -4.289974537224572337e-03 2.463074511859080495e-01 -1.949077585194351481e-01 6.016664450568486727e-02 7.241414567405313196e-02 9.762925443042945739e-01
6.404276456549808927e-01 -5.816920054590493314e-03 2.523919548773028709e-01 -1.884024659100077270e-01 6.011950713980804273e-02 6.424431215396934902e-02 9.781425376989584253e-01
6.556147163961750790e-01 -1.029883672855735725e-02 2.582766945792075997e-01 -1.812835873036413026e-01 5.977959939590563737e-02 5.721466370984602118e-02 9.799434385345704435e-01
6.715866586196621579e-01 -1.555893567475018224e-02 2.649956355621012616e-01 -1.743077617113183431e-01 5.973134302817865310e-02 5.169102812053309737e-02 9.815177066559128694e-01
6.897366576402278460e-01 -1.780546276901208771e-02 2.714659846120345277e-01 -1.673126624172702193e-01 5.987614769326071729e-02 4.759795181583200557e-02 9.829322229508996589e-01
7.087964307494127869e-01 -2.291638341598067202e-02 2.779866575924935246e-01 -1.606453196696221164e-01 5.968892185392987021e-02 4.582817293404748554e-02 9.841392647596617360e-01
7.294012562845247905e-01 -2.724067416640814712e-02 2.851725507647062119e-01 -1.546725320638323298e-01 6.011776517511141504e-02 4.592627764752139213e-02 9.850649923516497930e-01
7.515487539628935565e-01 -3.203126863487811005e-02 2.924495063542602580e-01 -1.492396119675279131e-01 6.097197723334041308e-02 4.920210160503062785e-02 9.856921981073437644e-01
7.748981069838796198e-01 -3.585601570600951971e-02 3.017691750641635640e-01 -1.456841408183603415e-01 6.292815092949843869e-02 5.524182778508492098e-02 9.857811721663046756e-01
7.994606907560141140e-01 -4.194544815635424528e-02 3.114596758371208640e-01 -1.425679477882752788e-01 5.762063365801384923e-02 6.467024366009553604e-02 9.859878307693418220e-01
8.252215987476787529e-01 -4.799255288760907040e-02 3.229450799605930178e-01 -1.410026302952059052e-01 5.209846308973404422e-02 7.676906425269097722e-02 9.856523317921422889e-01
8.533060070711084855e-01 -5.369158589482320165e-02 3.334099488598237238e-01 -1.407275578923964376e-01 4.600362179705470844e-02 9.090515178173939892e-02 9.847921986951028162e-01
8.838566596765222716e-01 -5.724629939709020149e-02 3.427951188069063293e-01 -1.409876579716704548e-01 3.924420552470565815e-02 1.079462825809000825e-01 9.833259747964366859e-01
9.157310152676478854e-01 -6.162893307906711082e-02 3.524843636258545021e-01 -1.418808833041644846e-01 3.247651905369670217e-02 1.270166474586886529e-01 9.811635245622108981e-01
9.490226697466571659e-01 -6.743461889925790598e-02 3.626477695468929840e-01 -1.427365214120218939e-01 2.542347164168849011e-02 1.474445848930778513e-01 9.783864404879022425e-01
9.766424956260697510e-01 -7.215266012716481381e-02 3.711859627752374102e-01 -1.440981738351379826e-01 1.808946989736981426e-02 1.690318755366979897e-01 9.748521490096623277e-01
9.982200044233712211e-01 -7.474766091916215660e-02 3.787682363304143984e-01 -1.470014753845731437e-01 1.125574164022222386e-02 1.913915846875850479e-01 9.703778314788843451e-01
1.015085901312336558e+00 -7.645555589224904691e-02 3.811760035360454157e-01 -1.482811391632281317e-01 3.714789347070551143e-03 2.129524540379738040e-01 9.657381407129818074e-01
1.026684709020537767e+00 -7.306043669937399565e-02 3.821664667634797619e-01 -1.493514764818703877e-01 -3.076980265088641569e-03 2.326932779236423054e-01 9.610091087363762385e-01
1.033764592151783734e+00 -6.659595312734180317e-02 3.831544920706370094e-01 -1.509462207065366268e-01 -9.266626264238684782e-03 2.523142250992359559e-01 9.557546232714045908e-01
1.043404397736749978e+00 -6.597022521696076225e-02 3.852394204339464889e-01 -1.525590855143414970e-01 -1.505872234145556876e-02 2.741770079763323764e-01 9.493818665877377105e-01
1.051886970296090018e+00 -6.145888219697807908e-02 3.888495638485310324e-01 -1.543626106853454860e-01 -1.866513998654787537e-02 2.952959748522488437e-01 9.426685972322124130e-01
1.060161070412943829e+00 -5.452486996175495010e-02 3.890750846414282038e-01 -1.554451360933486181e-01 -2.281149981582203737e-02 3.142257708983500208e-01 9.362577690168508715e-01
1.070153539974805890e+00 -4.893248189481143318e-02 3.892931155520394371e-01 -1.567960891104848986e-01 -2.629930845757353503e-02 3.332062530014471280e-01 9.293529608146982035e-01
1.077698153932786784e+00 -3.944026577242939341e-02 3.874808699757513186e-01 -1.577049333863264069e-01 -2.914561539131258275e-02 3.492655513229533937e-01 9.231973038024696709e-01
1.087238927008546296e+00 -3.039372421545149389e-02 3.872443532837084867e-01 -1.586616822956568584e-01 -3.055046676073810627e-02 3.644140205425833168e-01 9.171126218648409933e-01
1.092642994580852456e+00 -1.996721297966921188e-02 3.791977404350660996e-01 -1.594744825079022765e-01 -3.142536130406398814e-02 3.770460375432233002e-01 9.118204986008485724e-01
1.105834170594682586e+00 -1.597575507859701899e-02 3.788832818651864387e-01 -1.601747554893053482e-01 -3.084276085152535749e-02 3.874457932239283586e-01 9.073469728389893518e-01
1.119521455059534265e+00 -1.614747721090525195e-02 3.825317269450930757e-01 -1.607799703885657572e-01 -2.817419478501677343e-02 3.950699876303592761e-01 9.040330307814065103e-01
