0.000000000000000000e+00 0.000000000000000000e+00 0.000000000000000000e+00 0.000000000000000000e+00 0.000000000000000000e+00 0.000000000000000000e+00 1.000000000000000000e+00
8.701500296592712402e-02 2.738049486652016640e-03 2.772046811878681183e-02 -2.351395080556083206e-02 5.899371993202048858e-03 1.979392282460448044e-02 9.995101260851804170e-01
1.655884175758661203e-01 4.606282094942763458e-04 5.682768711006804668e-02 -4.822650967198906236e-02 1.330200141823580443e-02 4.093325994706625837e-02 9.979086775618462024e-01
2.362389627341174303e-01 -2.864657112583521986e-05 8.538174217851887682e-02 -7.280661158285280099e-02 2.130203076806325493e-02 5.961868180887752722e-02 9.953346339670653409e-01
2.991993844950990855e-01 -3.430703390047307177e-03 1.121643895152512893e-01 -9.703745105881173005e-02 3.033774208679741735e-02 7.913013512134602079e-02 9.916661616757733722e-01
3.548887630916769398e-01 -5.731378143577572221e-03 1.363439039299583766e-01 -1.192787562867687196e-01 3.852336414128520320e-02 9.590908209211237989e-02 9.874664433215782910e-01
4.034173562549995262e-01 -9.421450553194550548e-03 1.572219706210539192e-01 -1.390511254722029688e-01 4.572945930622118044e-02 1.104016316230082423e-01 9.830488699914423645e-01
4.448019649564451394e-01 -1.212382472566917585e-02 1.749990823659983985e-01 -1.567123294146876011e-01 5.252830274536797461e-02 1.220120338361657397e-01 9.786700602446545272e-01
4.788337448903305371e-01 -1.343209787381957968e-02 1.900958087146829012e-01 -1.727065344279159476e-01 5.904835150593451543e-02 1.308945985259727385e-01 9.744497674211098914e-01
5.060589758491749190e-01 -1.396192948965273989e-02 2.010980462990101247e-01 -1.863770258427606685e-01 6.488503329178250956e-02 1.366651508741017762e-01 9.707606158210633218e-01
5.257627326231728571e-01 -1.457333515034576338e-02 2.095576624344892003e-01 -1.979443024789504235e-01 7.062718777301622841e-02 1.405428012208199406e-01 9.675110203446790624e-01
5.382566202045145909e-01 -1.597959603291237637e-02 2.143473022346074064e-01 -2.059913516199812222e-01 6.935777264410963872e-02 1.427198987047373913e-01 9.656024507763694142e-01
5.432705964742536864e-01 -1.379690738908380919e-02 2.158316702513214669e-01 -2.115004022994956823e-01 6.824403610603553549e-02 1.424513067368762265e-01 9.645299148144995671e-01
5.485892558190954560e-01 -1.090708114381228055e-02 2.174835498284475865e-01 -2.149462705394389606e-01 6.733763949370762114e-02 1.391945540157799588e-01 9.643073261263495066e-01
5.548936578401362230e-01 -8.599324645979511406e-03 2.195430644987518276e-01 -2.167219622178881699e-01 6.652769171558811645e-02 1.345461915264579145e-01 9.646258236607340164e-01
5.618130032065050683e-01 -5.801515736848672500e-03 2.220563865374912682e-01 -2.165686431506815834e-01 6.564951414007419439e-02 1.277635499962863352e-01 9.656420865876711446e-01
5.700409269004445001e-01 -5.048563364185578231e-03 2.251695348017545006e-01 -2.157698672585026123e-01 6.497141542924309010e-02 1.198839340122894587e-01 9.668763736518263263e-01
5.791122448712878734e-01 -6.972406171165292446e-03 2.284810550598420364e-01 -2.131760759040177977e-01 6.443412273186946426e-02 1.113102333238721181e-01 9.685113507064972982e-01
5.891323301183184480e-01 -7.116010053410996850e-03 2.328633543873659117e-01 -2.101867884518772156e-01 6.435009429664741154e-02 1.017976971726944901e-01 9.702153411354794699e-01
5.996569167448935200e-01 -9.116493751305177612e-03 2.384741488671676957e-01 -2.063719618993599403e-01 6.417801909339847233e-02 9.214394626628431839e-02 9.720088931555783685e-01
6.109406928586459395e-01 -1.290167344907915473e-02 2.444468219058540948e-01 -2.021051185226378499e-01 6.386544535167826275e-02 8.230780906126079766e-02 9.738070396770180936e-01
6.237517133574698169e-01 -1.614106851587845254e-02 2.506859200886908945e-01 -1.973105928826304756e-01 6.373079907503952091e-02 7.285877622588843305e-02 9.755503646211342028e-01
6.380130234668763833e-01 -2.068688626937132888e-02 2.562871100143461200e-01 -1.911009932463878236e-01 6.315383611062164171e-02 6.381325572512037969e-02 9.774558157576828110e-01
6.538694355385669121e-01 -2.321409904274380695e-02 2.631034142733003067e-01 -1.845986285713047126e-01 6.305013476991537524e-02 5.547990697767515161e-02 9.792190800616773494e-01
6.707034113749825721e-01 -2.891042899048898440e-02 2.697490427475306984e-01 -1.774885159750856922e-01 6.265674079649623252e-02 4.825518905812227477e-02 9.809400574238403836e-01
6.886230423757946362e-01 -3.556522612216266033e-02 2.774232022900114392e-01 -1.704886725369102740e-01 6.253281444676533907e-02 4.253020546662325541e-02 9.824532768925631210e-01
7.093353705939440257e-01 -3.919849039308770378e-02 2.848565375877962214e-01 -1.634887805344290845e-01 6.258983327331572866e-02 3.828241524382841598e-02 9.838131875987853325e-01
7.311820237165624903e-01 -4.605308547001042002e-02 2.923789079242296585e-01 -1.567938223980772094e-01 6.233231702107844274e-02 3.632111513565883937e-02 9.849929726185289169e-01
7.550322815862616777e-01 -5.208535885619679923e-02 3.007231341400776192e-01 -1.507732663765289083e-01 6.264472216706021279e-02 3.623134498264578979e-02 9.859159956971550454e-01
7.808020306355166751e-01 -5.874193585680922980e-02 3.092186880400288329e-01 -1.452886358501965514e-01 6.340444049951927952e-02 3.931358736711223351e-02 9.865726182426007851e-01
8.081192865576449780e-01 -6.433295829824982326e-02 3.202247456885050081e-01 -1.416591008093971149e-01 6.534167516587578717e-02 4.516925045489125767e-02 9.867233165673817696e-01
8.367693247851035743e-01 -7.261787590381038604e-02 3.318306834676052475e-01 -1.385172595468187051e-01 6.007636870177376909e-02 5.419170166674596584e-02 9.870496736242355684e-01
8.668342521387824018e-01 -8.085843333850621650e-02 3.455532646383639439e-01 -1.368967308105001612e-01 5.464764670257078738e-02 6.582830916042625713e-02 9.868837588674502781e-01
8.996322254844744126e-01 -8.892915634781003997e-02 3.580875198378042357e-01 -1.365087425701045631e-01 4.866273636940163239e-02 7.945894205360624907e-02 9.862472194225404554e-01
9.353516692484326045e-01 -9.456534136753834419e-02 3.694297814265522506e-01 -1.366885556331810248e-01 4.214206802998524820e-02 9.587181466413832731e-02 9.850628812487434161e-01
9.726543881808281666e-01 -1.011472345849514093e-01 3.811936966001087113e-01 -1.375307845266291740e-01 3.566578489822561787e-02 1.142271435894782194e-01 9.832422869071855143e-01
1.011209160643631533e+00 -1.094441181112900952e-01 3.935522669366031678e-01 -1.383249478239403085e-01 2.889647928814294622e-02 1.338646255079301295e-01 9.808728074179016154e-01
1.043733847165906781e+00 -1.165034613012226050e-01 4.042327815574457972e-01 -1.396156792334512786e-01 2.186721430693189250e-02 1.546729111032441595e-01 9.778065133867154257e-01
1.070210394531963427e+00 -1.209461316278388765e-01 4.137957676713672206e-01 -1.423519554056623948e-01 1.525954665809302162e-02 1.762413702381212532e-01 9.738798932335358538e-01
1.091703087457141619e+00 -1.241182588719364627e-01 4.171625105736382344e-01 -1.435173138381451441e-01 7.948164556925488983e-03 1.971093028482001352e-01 9.697873633119561410e-01
1.106960181613145577e+00 -1.227004277183618569e-01 4.193337667082613351e-01 -1.444526657662962288e-01 1.466367247002005759e-03 2.171788724451567398e-01 9.653831438778895935e-01
1.114054400345891427e+00 -1.169868623362082527e-01 4.203042212176716919e-01 -1.458697872928026995e-01 -4.674345671623864919e-03 2.362827275842122599e-01 9.606615576221730901e-01
1.122331698211276985e+00 -1.172288314985096280e-01 4.223325649130780235e-01 -1.472976741438928039e-01 -1.028393061790256781e-02 2.576047591116111257e-01 9.549017876440982766e-01
1.129033797287983143e+00 -1.143768550231710063e-01 4.251915430371526194e-01 -1.488770979640124947e-01 -1.384466481768324882e-02 2.782359256298848060e-01 9.488038283263727779e-01
1.134789235799131824e+00 -1.102687638737222670e-01 4.254496688568704110e-01 -1.497927536872400434e-01 -1.790457749990520542e-02 2.966580294054761424e-01 9.429928794198836339e-01
1.140447472938272089e+00 -1.075645838109126062e-01 4.256450200606675116e-01 -1.509549479974613140e-01 -2.133221251401434815e-02 3.151128289398329452e-01 9.367291206223259392e-01
1.144073119356676882e+00 -1.036127483817265438e-01 4.248637551580439764e-01 -1.516782440158307432e-01 -2.412441578736969697e-02 3.306891393852701699e-01 9.311586416652222198e-01
1.147555178806185738e+00 -1.007019808027804081e-01 4.247722077307846678e-01 -1.524392092657042841e-01 -2.546988944351828016e-02 3.453758390898513109e-01 9.256506371105477360e-01
1.149071106911084605e+00 -9.813809546297488917e-02 4.226990599694214756e-01 -1.531030363663989924e-01 -2.632027591987904161e-02 3.576501400257688368e-01 9.208436787372971111e-01
1.154761861846095528e+00 -9.685546322002701325e-02 4.227820081798573937e-01 -1.537082827920241701e-01 -2.557409054213347771e-02 3.678504147251605016e-01 9.167364954449001013e-01
1.163240429888735994e+00 -9.747690645474255122e-02 4.251071576002074526e-01 -1.541882429620005102e-01 -2.284573247147851302e-02 3.753536653809707579e-01 9.136813909264011047e-01
