2.616429710388183594e+01 -2.226403045654296875e+01 -9.312875270843505859e-01 -9.828075766563415527e-02 1.950348913669586182e-01 7.394629120826721191e-01 6.367863416671752930e-01
2.615933799743652344e+01 -2.217770195007324219e+01 -9.403063654899597168e-01 -1.136495471000671387e-01 1.833902746438980103e-01 7.589507699012756348e-01 6.143658161163330078e-01
2.615329170227050781e+01 -2.209819793701171875e+01 -9.467986226081848145e-01 -1.299548894166946411e-01 1.716324239969253540e-01 7.766702175140380859e-01 5.919765233993530273e-01
2.614853668212890625e+01 -2.202335548400878906e+01 -9.520257711410522461e-01 -1.464367955923080444e-01 1.599225848913192749e-01 7.927284240722656250e-01 5.697020292282104492e-01
2.614523315429687500e+01 -2.195328521728515625e+01 -9.590501189231872559e-01 -1.623731404542922974e-01 1.483425348997116089e-01 8.072197437286376953e-01 5.477427244186401367e-01
2.613991546630859375e+01 -2.189245796203613281e+01 -9.639201164245605469e-01 -1.779879182577133179e-01 1.373146176338195801e-01 8.193976879119873047e-01 5.273013114929199219e-01
2.613381576538085938e+01 -2.183963012695312500e+01 -9.673478603363037109e-01 -1.929780095815658569e-01 1.269510537385940552e-01 8.295546770095825195e-01 5.084037780761718750e-01
2.612643623352050781e+01 -2.179574012756347656e+01 -9.695520401000976562e-01 -2.071357667446136475e-01 1.174833849072456360e-01 8.376228213310241699e-01 4.916011095046997070e-01
2.611829376220703125e+01 -2.176053237915039062e+01 -9.717633724212646484e-01 -2.201627343893051147e-01 1.090463101863861084e-01 8.437744975090026855e-01 4.771499037742614746e-01
2.611052322387695312e+01 -2.173300933837890625e+01 -9.746813178062438965e-01 -2.317813485860824585e-01 1.016805246472358704e-01 8.482245206832885742e-01 4.652331173419952393e-01
2.610430526733398438e+01 -2.171225357055664062e+01 -9.765871167182922363e-01 -2.424500435590744019e-01 9.569088369607925415e-02 8.510072827339172363e-01 4.558891355991363525e-01
2.609973335266113281e+01 -2.169833374023437500e+01 -9.776194691658020020e-01 -2.466049492359161377e-01 8.816943317651748657e-02 8.535561561584472656e-01 4.503778219223022461e-01
2.609549140930175781e+01 -2.169293594360351562e+01 -9.780645966529846191e-01 -2.496848553419113159e-01 8.217395097017288208e-02 8.545832633972167969e-01 4.478586614131927490e-01
2.609121894836425781e+01 -2.168794822692871094e+01 -9.781646728515625000e-01 -2.521688640117645264e-01 7.778514921665191650e-02 8.541612029075622559e-01 4.480546116828918457e-01
2.608774566650390625e+01 -2.168184089660644531e+01 -9.782629013061523438e-01 -2.540408968925476074e-01 7.474754005670547485e-02 8.526223897933959961e-01 4.504378736019134521e-01
2.608413124084472656e+01 -2.167579650878906250e+01 -9.784038662910461426e-01 -2.553645670413970947e-01 7.303728163242340088e-02 8.499850034713745117e-01 4.549307227134704590e-01
2.608180809020996094e+01 -2.166795349121093750e+01 -9.789142012596130371e-01 -2.561587393283843994e-01 7.241196930408477783e-02 8.466026186943054199e-01 4.608511030673980713e-01
2.608049392700195312e+01 -2.165857887268066406e+01 -9.798358082771301270e-01 -2.564284503459930420e-01 7.279781997203826904e-02 8.425885438919067383e-01 4.679408967494964600e-01
2.607940673828125000e+01 -2.164851760864257812e+01 -9.802127480506896973e-01 -2.563276588916778564e-01 7.416011393070220947e-02 8.379612565040588379e-01 4.760201275348663330e-01
2.607908439636230469e+01 -2.163700103759765625e+01 -9.799718260765075684e-01 -2.558949291706085205e-01 7.634066790342330933e-02 8.329537510871887207e-01 4.846182465553283691e-01
2.607920265197753906e+01 -2.162423515319824219e+01 -9.800944328308105469e-01 -2.549716532230377197e-01 7.921639829874038696e-02 8.277391195297241211e-01 4.934948384761810303e-01
2.607949638366699219e+01 -2.161038780212402344e+01 -9.802746772766113281e-01 -2.536305785179138184e-01 8.272317051887512207e-02 8.224488496780395508e-01 5.023743510246276855e-01
2.608002281188964844e+01 -2.159522247314453125e+01 -9.806104302406311035e-01 -2.518660426139831543e-01 8.674160391092300415e-02 8.173056840896606445e-01 5.109043717384338379e-01
2.608006286621093750e+01 -2.157946014404296875e+01 -9.809780120849609375e-01 -2.497316896915435791e-01 9.123230725526809692e-02 8.123779296875000000e-01 5.189650058746337891e-01
2.608104515075683594e+01 -2.156126594543457031e+01 -9.824373126029968262e-01 -2.471020370721817017e-01 9.595458209514617920e-02 8.081298470497131348e-01 5.259569883346557617e-01
2.608212852478027344e+01 -2.154150199890136719e+01 -9.840083718299865723e-01 -2.442006319761276245e-01 1.008769497275352478e-01 8.046052455902099609e-01 5.317617058753967285e-01
2.608195495605468750e+01 -2.152163505554199219e+01 -9.858964681625366211e-01 -2.410146445035934448e-01 1.059933975338935852e-01 8.018113970756530762e-01 5.364190936088562012e-01
2.608274650573730469e+01 -2.149890899658203125e+01 -9.884876608848571777e-01 -2.376191914081573486e-01 1.110154911875724792e-01 8.003053069114685059e-01 5.391600728034973145e-01
2.608338737487792969e+01 -2.147458839416503906e+01 -9.910463690757751465e-01 -2.342435270547866821e-01 1.159577295184135437e-01 8.000428080558776855e-01 5.399855375289916992e-01
2.608346366882324219e+01 -2.144905662536621094e+01 -9.938342571258544922e-01 -2.308368533849716187e-01 1.206705495715141296e-01 8.011948466300964355e-01 5.387104749679565430e-01
2.608382987976074219e+01 -2.142130279541015625e+01 -9.954588413238525391e-01 -2.281309813261032104e-01 1.251721084117889404e-01 8.038656711578369141e-01 5.348437428474426270e-01
2.608520698547363281e+01 -2.139033699035644531e+01 -9.983527660369873047e-01 -2.196709364652633667e-01 1.251192837953567505e-01 8.099351525306701660e-01 5.292119383811950684e-01
2.608687400817871094e+01 -2.135685157775878906e+01 -1.001526117324829102e+00 -2.106286734342575073e-01 1.240549311041831970e-01 8.178002834320068359e-01 5.209790468215942383e-01
2.608822059631347656e+01 -2.132150840759277344e+01 -1.005717396736145020e+00 -2.012079805135726929e-01 1.222667694091796875e-01 8.270844221115112305e-01 5.103614926338195801e-01
2.608835220336914062e+01 -2.128527069091796875e+01 -1.011187076568603516e+00 -1.913434714078903198e-01 1.198423206806182861e-01 8.373990058898925781e-01 4.977552294731140137e-01
2.608819198608398438e+01 -2.124722099304199219e+01 -1.017139792442321777e+00 -1.812836378812789917e-01 1.168364360928535461e-01 8.485524654388427734e-01 4.831320643424987793e-01
2.608774757385253906e+01 -2.120707321166992188e+01 -1.023053407669067383e+00 -1.711741387844085693e-01 1.133291646838188171e-01 8.602598309516906738e-01 4.666711688041687012e-01
2.608656692504882812e+01 -2.117337226867675781e+01 -1.027171134948730469e+00 -1.612713187932968140e-01 1.094810441136360168e-01 8.721126317977905273e-01 4.487741887569427490e-01
2.608645439147949219e+01 -2.114422607421875000e+01 -1.030315160751342773e+00 -1.516295075416564941e-01 1.052602156996726990e-01 8.841835260391235352e-01 4.290940463542938232e-01
2.607897377014160156e+01 -2.112984657287597656e+01 -1.035647273063659668e+00 -1.415204107761383057e-01 1.010349616408348083e-01 8.953476548194885254e-01 4.099872708320617676e-01
2.606680679321289062e+01 -2.112720870971679688e+01 -1.038878083229064941e+00 -1.318465322256088257e-01 9.696093201637268066e-02 9.055889844894409180e-01 3.912753462791442871e-01
2.606207275390625000e+01 -2.112194633483886719e+01 -1.039046764373779297e+00 -1.232087537646293640e-01 9.273392707109451294e-02 9.160368442535400391e-01 3.702291548252105713e-01
2.605794334411621094e+01 -2.111656379699707031e+01 -1.040363073348999023e+00 -1.148245260119438171e-01 8.860383927822113037e-02 9.257748126983642578e-01 3.491114675998687744e-01
2.605302810668945312e+01 -2.111281585693359375e+01 -1.040278553962707520e+00 -1.073053926229476929e-01 8.486121892929077148e-02 9.345448017120361328e-01 3.284563124179840088e-01
2.604736518859863281e+01 -2.111088371276855469e+01 -1.040919899940490723e+00 -1.003873422741889954e-01 8.149567991495132446e-02 9.423050880432128906e-01 3.087316155433654785e-01
2.604264450073242188e+01 -2.110880851745605469e+01 -1.042627453804016113e+00 -9.422510862350463867e-02 7.854405045509338379e-02 9.491744637489318848e-01 2.898166477680206299e-01
2.603808403015136719e+01 -2.110788345336914062e+01 -1.043663263320922852e+00 -8.919448405504226685e-02 7.628618925809860229e-02 9.549927711486816406e-01 2.723726630210876465e-01
2.603450584411621094e+01 -2.110718154907226562e+01 -1.044302344322204590e+00 -8.540062606334686279e-02 7.479387521743774414e-02 9.598364830017089844e-01 2.565149068832397461e-01
2.603157615661621094e+01 -2.110746765136718750e+01 -1.045149803161621094e+00 -8.287795633077621460e-02 7.415691763162612915e-02 9.636846780776977539e-01 2.427285760641098022e-01
2.602950096130371094e+01 -2.110444831848144531e+01 -1.046277761459350586e+00 -8.179157227277755737e-02 7.451090216636657715e-02 9.665449261665344238e-01 2.313479185104370117e-01
2.602886009216308594e+01 -2.109750747680664062e+01 -1.047376036643981934e+00 -8.233738690614700317e-02 7.599229365587234497e-02 9.684488773345947266e-01 2.225420176982879639e-01
