2.616429710388183594e+01 -2.226403045654296875e+01 -9.312875270843505859e-01 -9.828075766563415527e-02 1.950348913669586182e-01 7.394629120826721191e-01 6.367863416671752930e-01
2.616372489929199219e+01 -2.217280960083007812e+01 -9.335662722587585449e-01 -1.150444522500038147e-01 1.832592487335205078e-01 7.594124078750610352e-01 6.135741472244262695e-01
2.616283607482910156e+01 -2.208913230895996094e+01 -9.348196387290954590e-01 -1.317159682512283325e-01 1.714168190956115723e-01 7.774056792259216309e-01 5.906830430030822754e-01
2.616165924072265625e+01 -2.201308250427246094e+01 -9.353240132331848145e-01 -1.481160670518875122e-01 1.596852391958236694e-01 7.933977842330932617e-01 5.684010386466979980e-01
2.616029739379882812e+01 -2.194474220275878906e+01 -9.351642131805419922e-01 -1.640774160623550415e-01 1.482435017824172974e-01 8.073758482933044434e-01 5.470308661460876465e-01
2.615889739990234375e+01 -2.188417243957519531e+01 -9.343861341476440430e-01 -1.794438660144805908e-01 1.372694969177246094e-01 8.193557262420654297e-01 5.268846154212951660e-01
2.615757942199707031e+01 -2.183141517639160156e+01 -9.330320954322814941e-01 -1.940728127956390381e-01 1.269403994083404541e-01 8.293762207031250000e-01 5.082811117172241211e-01
2.615649032592773438e+01 -2.178650093078613281e+01 -9.311392307281494141e-01 -2.078263014554977417e-01 1.174264103174209595e-01 8.374947905540466309e-01 4.915413558483123779e-01
2.615576171875000000e+01 -2.174947357177734375e+01 -9.287304878234863281e-01 -2.205996066331863403e-01 1.089068129658699036e-01 8.437737822532653809e-01 4.769809842109680176e-01
2.615552520751953125e+01 -2.172031784057617188e+01 -9.258254766464233398e-01 -2.322082221508026123e-01 1.015076488256454468e-01 8.482974767684936523e-01 4.649251103401184082e-01
2.615590667724609375e+01 -2.169911575317382812e+01 -9.224417805671691895e-01 -2.427978068590164185e-01 9.553122520446777344e-02 8.510638475418090820e-01 4.556318819522857666e-01
2.615704154968261719e+01 -2.168579483032226562e+01 -9.185232520103454590e-01 -2.468553483486175537e-01 8.807584643363952637e-02 8.535134196281433105e-01 4.503398239612579346e-01
2.615887069702148438e+01 -2.168055534362792969e+01 -9.140702486038208008e-01 -2.498874962329864502e-01 8.211390674114227295e-02 8.544833660125732422e-01 4.479473233222961426e-01
2.616135406494140625e+01 -2.167488098144531250e+01 -9.096285700798034668e-01 -2.523176670074462891e-01 7.769198715686798096e-02 8.541028499603271484e-01 4.480983614921569824e-01
2.616442489624023438e+01 -2.166829872131347656e+01 -9.052122235298156738e-01 -2.541537284851074219e-01 7.464526593685150146e-02 8.525701165199279785e-01 4.504899382591247559e-01
2.616802787780761719e+01 -2.166089439392089844e+01 -9.008076786994934082e-01 -2.554766535758972168e-01 7.286854833364486694e-02 8.500400185585021973e-01 4.547919929027557373e-01
2.617210578918457031e+01 -2.165252494812011719e+01 -8.964205980300903320e-01 -2.563183903694152832e-01 7.224480807781219482e-02 8.466647863388061523e-01 4.606743752956390381e-01
2.617657661437988281e+01 -2.164316940307617188e+01 -8.920505642890930176e-01 -2.567016482353210449e-01 7.266456633806228638e-02 8.425921797752380371e-01 4.678050577640533447e-01
2.618136787414550781e+01 -2.163276290893554688e+01 -8.877018690109252930e-01 -2.566368281841278076e-01 7.401966303586959839e-02 8.379732370376586914e-01 4.758545160293579102e-01
2.618641471862792969e+01 -2.162124443054199219e+01 -8.833752274513244629e-01 -2.561283707618713379e-01 7.620410621166229248e-02 8.329642415046691895e-01 4.844983518123626709e-01
2.619165420532226562e+01 -2.160855674743652344e+01 -8.790817856788635254e-01 -2.551794350147247314e-01 7.911204546689987183e-02 8.277305364608764648e-01 4.934188127517700195e-01
2.619702911376953125e+01 -2.159463119506835938e+01 -8.748279809951782227e-01 -2.537960708141326904e-01 8.263917267322540283e-02 8.224468231201171875e-01 5.023079514503479004e-01
2.620248031616210938e+01 -2.157941055297851562e+01 -8.706147670745849609e-01 -2.519911825656890869e-01 8.668014407157897949e-02 8.172975182533264160e-01 5.108664035797119141e-01
2.620796585083007812e+01 -2.156280326843261719e+01 -8.664565086364746094e-01 -2.497869580984115601e-01 9.112995117902755737e-02 8.124746680259704590e-01 5.188049077987670898e-01
2.621346664428710938e+01 -2.154475212097167969e+01 -8.622801899909973145e-01 -2.472185492515563965e-01 9.588403254747390747e-02 8.081766963005065918e-01 5.258430242538452148e-01
2.621893310546875000e+01 -2.152517127990722656e+01 -8.581460118293762207e-01 -2.443353831768035889e-01 1.008372977375984192e-01 8.046048283576965332e-01 5.317080616950988770e-01
2.622432899475097656e+01 -2.150399208068847656e+01 -8.540569543838500977e-01 -2.412057965993881226e-01 1.058855578303337097e-01 8.019594550132751465e-01 5.361331105232238770e-01
2.622961997985839844e+01 -2.148113250732421875e+01 -8.500055670738220215e-01 -2.379088550806045532e-01 1.109191849827766418e-01 8.004372119903564453e-01 5.388561487197875977e-01
2.623478507995605469e+01 -2.145652008056640625e+01 -8.459807634353637695e-01 -2.345680594444274902e-01 1.158419325947761536e-01 8.002178072929382324e-01 5.396100878715515137e-01
2.623979187011718750e+01 -2.143008041381835938e+01 -8.419678211212158203e-01 -2.312304973602294922e-01 1.204883083701133728e-01 8.014889359474182129e-01 5.381448268890380859e-01
2.624459457397460938e+01 -2.140173912048339844e+01 -8.379475474357604980e-01 -2.283164560794830322e-01 1.249198988080024719e-01 8.043249249458312988e-01 5.341327786445617676e-01
2.624916267395019531e+01 -2.137148094177246094e+01 -8.338598608970642090e-01 -2.197896242141723633e-01 1.249001473188400269e-01 8.103659152984619141e-01 5.285546779632568359e-01
2.625345039367675781e+01 -2.133922958374023438e+01 -8.297305107116699219e-01 -2.106183469295501709e-01 1.238916516304016113e-01 8.181642889976501465e-01 5.204504728317260742e-01
2.625744819641113281e+01 -2.130509948730468750e+01 -8.255301713943481445e-01 -2.011687606573104858e-01 1.221821531653404236e-01 8.273474574089050293e-01 5.099707841873168945e-01
2.626115798950195312e+01 -2.126913261413574219e+01 -8.212343454360961914e-01 -1.914419531822204590e-01 1.198079437017440796e-01 8.376265168190002441e-01 4.973427355289459229e-01
2.626457977294921875e+01 -2.123155593872070312e+01 -8.168091773986816406e-01 -1.815401315689086914e-01 1.168735399842262268e-01 8.486928939819335938e-01 4.827801585197448730e-01
2.626772117614746094e+01 -2.119214820861816406e+01 -8.122504949569702148e-01 -1.715436726808547974e-01 1.134686395525932312e-01 8.602537512779235840e-01 4.665127992630004883e-01
2.627060699462890625e+01 -2.115890502929687500e+01 -8.070503473281860352e-01 -1.615451127290725708e-01 1.096905842423439026e-01 8.720312118530273438e-01 4.487828016281127930e-01
2.627326202392578125e+01 -2.113230514526367188e+01 -8.011739850044250488e-01 -1.516410261392593384e-01 1.056390926241874695e-01 8.837698101997375488e-01 4.298484623432159424e-01
2.627573966979980469e+01 -2.111234092712402344e+01 -7.946199178695678711e-01 -1.419348567724227905e-01 1.014180257916450500e-01 8.952398896217346191e-01 4.099843502044677734e-01
2.627810096740722656e+01 -2.109907150268554688e+01 -7.873910665512084961e-01 -1.325359493494033813e-01 9.713511168956756592e-02 9.062418341636657715e-01 3.894832730293273926e-01
2.628042221069335938e+01 -2.109280204772949219e+01 -7.794778943061828613e-01 -1.235589832067489624e-01 9.290111064910888672e-02 9.166086912155151367e-01 3.686514794826507568e-01
2.628281402587890625e+01 -2.108758354187011719e+01 -7.712728381156921387e-01 -1.151231974363327026e-01 8.882977068424224854e-02 9.262058138847351074e-01 3.478097915649414062e-01
2.628536605834960938e+01 -2.108318519592285156e+01 -7.628130316734313965e-01 -1.073523685336112976e-01 8.503735810518264771e-02 9.349324107170104980e-01 3.272902965545654297e-01
2.628819084167480469e+01 -2.107975769042968750e+01 -7.541190981864929199e-01 -1.003730669617652893e-01 8.164182305335998535e-02 9.427182674407958984e-01 3.074337840080261230e-01
2.629139709472656250e+01 -2.107728576660156250e+01 -7.452259659767150879e-01 -9.431438893079757690e-02 7.876250147819519043e-02 9.495221972465515137e-01 2.885867357254028320e-01
2.629512596130371094e+01 -2.107583999633789062e+01 -7.361662387847900391e-01 -8.930732309818267822e-02 7.651949673891067505e-02 9.553262591361999512e-01 2.710978984832763672e-01
2.629948043823242188e+01 -2.107535743713378906e+01 -7.269804477691650391e-01 -8.548337966203689575e-02 7.503346353769302368e-02 9.601296186447143555e-01 2.553171515464782715e-01
2.630459403991699219e+01 -2.107603263854980469e+01 -7.176913022994995117e-01 -8.297481387853622437e-02 7.442523539066314697e-02 9.639411568641662598e-01 2.415918111801147461e-01
2.631058311462402344e+01 -2.107359695434570312e+01 -7.085978984832763672e-01 -8.191353827714920044e-02 7.481567561626434326e-02 9.667695760726928711e-01 2.302649915218353271e-01
2.631757545471191406e+01 -2.106785392761230469e+01 -6.997357606887817383e-01 -8.243125677108764648e-02 7.632581144571304321e-02 9.686138629913330078e-01 2.216731309890747070e-01
