0.000000000000000000e+00 0.000000000000000000e+00 0.000000000000000000e+00 0.000000000000000000e+00 0.000000000000000000e+00 0.000000000000000000e+00 1.000000000000000000e+00
8.270209282636642456e-02 -1.050788722932338715e-02 3.738290816545486450e-02 -2.536392566421763473e-02 5.472643970914708132e-03 2.505185687804996342e-02 9.993493512830382564e-01
1.575667273871937391e-01 -2.037816796884532947e-02 7.377058280321659167e-02 -5.008495870930915889e-02 1.221870009219604147e-02 4.923619038219886890e-02 9.974557623452739996e-01
2.260879570202518618e-01 -2.745345810425174615e-02 1.063566877180015940e-01 -7.425380907556541898e-02 1.901315763761720831e-02 7.117664450756448768e-02 9.945143321999238006e-01
2.868100601182080878e-01 -3.593790835396236394e-02 1.369138381834611173e-01 -9.784258771514235675e-02 2.658536993913183238e-02 9.280706741171274032e-02 9.905084019698379150e-01
3.401107847634076697e-01 -4.372457911596874802e-02 1.650145401163877479e-01 -1.198526718814618697e-01 3.321591161827167071e-02 1.117659372093348369e-01 9.859211000571804773e-01
3.861637696727229230e-01 -5.062451873931769764e-02 1.902345288390311084e-01 -1.402909863431792414e-01 3.921907685954122147e-02 1.285546885799593309e-01 9.809454598525102487e-01
4.253227634755640807e-01 -5.589529415944387292e-02 2.120245784343876005e-01 -1.588485448432808145e-01 4.511119529996084759e-02 1.425524090898929730e-01 9.759154320546676864e-01
4.571509007155244442e-01 -5.965889710336743507e-02 2.310137825782796195e-01 -1.757840626735178158e-01 5.118405104828751412e-02 1.538536413267517777e-01 9.709836318284558176e-01
4.819368186117405362e-01 -6.306308978329885906e-02 2.463960081201866104e-01 -1.905770912778792792e-01 5.698055745962266050e-02 1.618289241851909310e-01 9.665634938526890263e-01
4.993131181055006640e-01 -6.584953776626580046e-02 2.586629075425919688e-01 -2.031094324944577867e-01 6.305586893621570321e-02 1.675262270211980153e-01 9.626554311302254474e-01
5.099203500746757323e-01 -6.810473492799563877e-02 2.666263330824205635e-01 -2.119828342903679053e-01 6.154371976400467570e-02 1.709486839200186348e-01 9.602354898616514145e-01
5.142678209143585200e-01 -6.861821927369346485e-02 2.702240083852849306e-01 -2.183902574836764643e-01 6.005328654554222684e-02 1.719037797159370662e-01 9.587222688196342935e-01
5.184248189708744459e-01 -6.940137956083408666e-02 2.748580089618394839e-01 -2.233383488460241595e-01 5.934932013415827878e-02 1.699778282303729404e-01 9.579692991137193081e-01
5.233218573515850958e-01 -7.046669101121456891e-02 2.797770480568303464e-01 -2.259480890460065228e-01 5.895921747815063840e-02 1.663776955113376310e-01 9.580134310995638280e-01
5.284063794813750325e-01 -7.315801273198149768e-02 2.851553639510158722e-01 -2.259882270739115850e-01 5.874684986367608580e-02 1.611038320049863748e-01 9.589179757249282066e-01
5.340002830948668011e-01 -7.571825321088887506e-02 2.914886693148496799e-01 -2.258437813384042980e-01 5.879640703329212098e-02 1.543377347928141519e-01 9.600611608485000170e-01
5.400708964381910615e-01 -7.997447783810947286e-02 2.979685097416827633e-01 -2.233991823310412794e-01 5.864440605856538480e-02 1.465543238215681054e-01 9.618604208205384642e-01
5.470014266439187089e-01 -8.355256829997932677e-02 3.056361241173246035e-01 -2.208343912015103272e-01 5.910983219650449427e-02 1.380117718585426312e-01 9.636861264067388966e-01
5.537473222835314068e-01 -8.836100494768885094e-02 3.144464427661469719e-01 -2.173305773326702217e-01 5.879124660977220335e-02 1.287629211258192463e-01 9.657800575811572585e-01
5.614650826130921368e-01 -9.392043795004118012e-02 3.237659327796972297e-01 -2.129807065884653239e-01 5.888833672933344032e-02 1.189577073068282392e-01 9.679981644045786426e-01
5.706611604159007589e-01 -9.917499322318759636e-02 3.338339072839782151e-01 -2.082561578299054750e-01 5.916231472888794363e-02 1.094520012631466782e-01 9.701285753245998400e-01
5.807541606293121772e-01 -1.059109085617934015e-01 3.442349415209567387e-01 -2.020666524545255693e-01 5.921611412079796216e-02 1.001508811542451138e-01 9.724362810993236739e-01
5.927352331385224993e-01 -1.110923381812558564e-01 3.558056505608856446e-01 -1.958814490460892288e-01 5.961478663713185716e-02 9.173982141923027467e-02 9.745051771539139374e-01
6.051335629839468266e-01 -1.180984665815851820e-01 3.683432286499156993e-01 -1.890949614374312915e-01 6.009587168543513436e-02 8.451218418076131278e-02 9.764677529188258154e-01
6.188648757140613466e-01 -1.253574722320922319e-01 3.818728310686387295e-01 -1.822190639273205404e-01 6.046040837280133862e-02 7.875348255790809437e-02 9.782324063052943997e-01
6.355032373602720330e-01 -1.321054397559845717e-01 3.951048195331035573e-01 -1.755355842878755512e-01 6.096388710507497088e-02 7.539963168415997341e-02 9.796864593632225171e-01
6.536950227183085937e-01 -1.395405935401601571e-01 4.090556405323151345e-01 -1.688146875084357845e-01 6.127879077076785891e-02 7.390864233085975288e-02 9.809607656129324393e-01
6.737527910660446873e-01 -1.472183837098833825e-01 4.236702497663193956e-01 -1.623398771506373850e-01 6.173131487563084802e-02 7.444499614416305588e-02 9.819841911148758928e-01
6.955707582398960032e-01 -1.549482137314411589e-01 4.393160280351546265e-01 -1.562892343064048173e-01 6.248947202612051277e-02 7.821264168591912647e-02 9.826248133475585789e-01
7.191134880664807882e-01 -1.619252326745768411e-01 4.565115670539655612e-01 -1.516513020414251289e-01 6.364258923636904874e-02 8.456848672938335754e-02 9.827510745233165590e-01
7.435978260891378255e-01 -1.689941755603142359e-01 4.758689800254045643e-01 -1.475565421898768215e-01 5.777639703006472172e-02 9.434614487221354429e-02 9.828467631075267219e-01
7.689187812757033447e-01 -1.769464854881548366e-01 4.972167137510308810e-01 -1.444705763095411877e-01 5.166951294964089447e-02 1.073733503590403177e-01 9.823082396300107932e-01
7.971648737974040833e-01 -1.836854318427380006e-01 5.185403130252136394e-01 -1.424539710727482367e-01 4.441384955631799691e-02 1.220476539594248372e-01 9.812434184524214675e-01
8.278397235828801604e-01 -1.897886596841993068e-01 5.399435025462926419e-01 -1.413726964157684951e-01 3.734467660360320240e-02 1.392458176555803340e-01 9.794027456072074145e-01
8.601634984378292437e-01 -1.954746953770910844e-01 5.622156053363949191e-01 -1.411782630943748951e-01 3.023755943040862260e-02 1.587206090666011815e-01 9.767098629003779786e-01
8.938357768001043979e-01 -2.025402661065411059e-01 5.851131689601865027e-01 -1.407991140290536236e-01 2.274782743540604626e-02 1.798036511823958294e-01 9.733081695213915419e-01
9.217060489853146077e-01 -2.081094679786523460e-01 6.054600292697754904e-01 -1.412924920570064469e-01 1.506778146158529660e-02 2.024170318394174217e-01 9.689358796491474024e-01
9.441165338047914357e-01 -2.122962418878490964e-01 6.225608098726335138e-01 -1.428593250805909598e-01 7.780374703810941442e-03 2.259034176233378211e-01 9.635861792870848985e-01
9.615621055264150785e-01 -2.164631182458811587e-01 6.352738885057239715e-01 -1.445132519884073097e-01 3.675991363900379645e-04 2.489679928537140985e-01 9.576694228203190828e-01
9.725893858976488726e-01 -2.188123484711252398e-01 6.458750068045471249e-01 -1.472039257722561889e-01 -5.789775547059480658e-03 2.724120403462188533e-01 9.508360337149412977e-01
9.782491849247774152e-01 -2.180821437933270213e-01 6.530407607179754548e-01 -1.493407475392052597e-01 -1.106860974193070273e-02 2.953733729470362501e-01 9.435726774110743120e-01
9.842662956350677339e-01 -2.190365906773804605e-01 6.590048026873220888e-01 -1.503347048728229107e-01 -1.692240082699857789e-02 3.188098510204028235e-01 9.356673488764049029e-01
9.891892331226977975e-01 -2.187659974598394064e-01 6.650807486862858608e-01 -1.515110492054790869e-01 -2.103770756754586371e-02 3.406156672557860698e-01 9.276760124358357507e-01
9.937499206050708356e-01 -2.175757779202354414e-01 6.703582120269925282e-01 -1.526015157965909808e-01 -2.450856608433107930e-02 3.616087885825014503e-01 9.194298187382050624e-01
9.979344531503900884e-01 -2.171425329926275627e-01 6.750131430346552053e-01 -1.535561290079315300e-01 -2.745196561143271874e-02 3.815733643168492395e-01 9.110810460502891672e-01
1.000962280781071634e+00 -2.162332306301316398e-01 6.794152021131293351e-01 -1.542017525085029317e-01 -2.934030027609309949e-02 3.993010096157860733e-01 9.032827187668482916e-01
1.003232455140561363e+00 -2.150271679994932850e-01 6.831565129578962559e-01 -1.549245513622102277e-01 -3.009546705889199272e-02 4.146610612343389346e-01 8.961857232425302078e-01
1.005494194911263683e+00 -2.145294194836354640e-01 6.859504827353338774e-01 -1.551049265900016905e-01 -3.055860498766905034e-02 4.276948796125154550e-01 8.899919793806873036e-01
1.009841522908216271e+00 -2.141846262528929457e-01 6.898258627232861651e-01 -1.560677923075029228e-01 -2.935885102010323683e-02 4.384389299453266275e-01 8.846198091719619239e-01
1.016812337372161590e+00 -2.145159151855043356e-01 6.952088565485613492e-01 -1.570972132691088041e-01 -2.671790052176561611e-02 4.462421987446004157e-01 8.806103107699646548e-01
