2.616429710388183594e+01 -2.226403045654296875e+01 -9.312875270843505859e-01 -9.828075766563415527e-02 1.950348913669586182e-01 7.394629120826721191e-01 6.367863416671752930e-01
2.616370773315429688e+01 -2.217281150817871094e+01 -9.335812926292419434e-01 -1.150440648198127747e-01 1.832592487335205078e-01 7.594122886657714844e-01 6.135743260383605957e-01
2.616238021850585938e+01 -2.208923530578613281e+01 -9.352420568466186523e-01 -1.317151486873626709e-01 1.714168637990951538e-01 7.774054408073425293e-01 5.906835198402404785e-01
2.616035842895507812e+01 -2.201338958740234375e+01 -9.365296959877014160e-01 -1.481149792671203613e-01 1.596852689981460571e-01 7.933976650238037109e-01 5.684015154838562012e-01
2.615775871276855469e+01 -2.194535827636718750e+01 -9.375156164169311523e-01 -1.640760600566864014e-01 1.482434123754501343e-01 8.073757886886596680e-01 5.470312237739562988e-01
2.615474319458007812e+01 -2.188518333435058594e+01 -9.382281899452209473e-01 -1.794423311948776245e-01 1.372693479061126709e-01 8.193557858467102051e-01 5.268849730491638184e-01
2.615144729614257812e+01 -2.183291435241699219e+01 -9.386978149414062500e-01 -1.940711736679077148e-01 1.269402056932449341e-01 8.293763399124145508e-01 5.082814693450927734e-01
2.614802360534667969e+01 -2.178858566284179688e+01 -9.389432668685913086e-01 -2.078246772289276123e-01 1.174262166023254395e-01 8.374949693679809570e-01 4.915418922901153564e-01
2.614463043212890625e+01 -2.175222969055175781e+01 -9.389793872833251953e-01 -2.205980122089385986e-01 1.089066341519355774e-01 8.437737822532653809e-01 4.769816696643829346e-01
2.614140892028808594e+01 -2.172382926940917969e+01 -9.388145208358764648e-01 -2.322066277265548706e-01 1.015074998140335083e-01 8.482974171638488770e-01 4.649259448051452637e-01
2.613849830627441406e+01 -2.170347023010253906e+01 -9.384493231773376465e-01 -2.427962273359298706e-01 9.553110599517822266e-02 8.510637879371643066e-01 4.556327760219573975e-01
2.613604927062988281e+01 -2.169107818603515625e+01 -9.378172755241394043e-01 -2.468539029359817505e-01 8.807574212551116943e-02 8.535133600234985352e-01 4.503408074378967285e-01
2.613402748107910156e+01 -2.168683815002441406e+01 -9.369070529937744141e-01 -2.498862296342849731e-01 8.211383223533630371e-02 8.544833064079284668e-01 4.479481875896453857e-01
2.613238906860351562e+01 -2.168224906921386719e+01 -9.362496137619018555e-01 -2.523165643215179443e-01 7.769192755222320557e-02 8.541026711463928223e-01 4.480991363525390625e-01
2.613109779357910156e+01 -2.167682075500488281e+01 -9.358478784561157227e-01 -2.541528642177581787e-01 7.464522123336791992e-02 8.525700569152832031e-01 4.504906833171844482e-01
2.613010406494140625e+01 -2.167064094543457031e+01 -9.356824755668640137e-01 -2.554759383201599121e-01 7.286854088306427002e-02 8.500398993492126465e-01 4.547926187515258789e-01
2.612936019897460938e+01 -2.166357231140136719e+01 -9.357425570487976074e-01 -2.563178241252899170e-01 7.224480807781219482e-02 8.466646671295166016e-01 4.606749117374420166e-01
2.612880325317382812e+01 -2.165559387207031250e+01 -9.360189437866210938e-01 -2.567012608051300049e-01 7.266455143690109253e-02 8.425921201705932617e-01 4.678054153919219971e-01
2.612837409973144531e+01 -2.164662933349609375e+01 -9.365062117576599121e-01 -2.566365301609039307e-01 7.401962578296661377e-02 8.379731774330139160e-01 4.758546948432922363e-01
2.612802124023437500e+01 -2.163662528991699219e+01 -9.371926188468933105e-01 -2.561281919479370117e-01 7.620403170585632324e-02 8.329641819000244141e-01 4.844983518123626709e-01
2.612768745422363281e+01 -2.162551879882812500e+01 -9.380802512168884277e-01 -2.551794052124023438e-01 7.911192625761032104e-02 8.277306556701660156e-01 4.934186339378356934e-01
2.612733650207519531e+01 -2.161324310302734375e+01 -9.391623139381408691e-01 -2.537962198257446289e-01 8.263902366161346436e-02 8.224470615386962891e-01 5.023077130317687988e-01
2.612691688537597656e+01 -2.159973335266113281e+01 -9.404336810111999512e-01 -2.519913911819458008e-01 8.667998015880584717e-02 8.172977566719055176e-01 5.108660459518432617e-01
2.612639427185058594e+01 -2.158491134643554688e+01 -9.418927431106567383e-01 -2.497872263193130493e-01 9.112975746393203735e-02 8.124749064445495605e-01 5.188044309616088867e-01
2.612576866149902344e+01 -2.156869888305664062e+01 -9.434622526168823242e-01 -2.472188174724578857e-01 9.588383138179779053e-02 8.081769943237304688e-01 5.258424878120422363e-01
2.612499618530273438e+01 -2.155102348327636719e+01 -9.451902508735656738e-01 -2.443356812000274658e-01 1.008370667695999146e-01 8.046051263809204102e-01 5.317074656486511230e-01
2.612405014038085938e+01 -2.153180694580078125e+01 -9.470695853233337402e-01 -2.412061095237731934e-01 1.058853417634963989e-01 8.019597530364990234e-01 5.361325740814208984e-01
2.612290573120117188e+01 -2.151096916198730469e+01 -9.490848779678344727e-01 -2.379091829061508179e-01 1.109189838171005249e-01 8.004375696182250977e-01 5.388556122779846191e-01
2.612155342102050781e+01 -2.148842620849609375e+01 -9.512187838554382324e-01 -2.345684021711349487e-01 1.158417463302612305e-01 8.002180457115173340e-01 5.396095514297485352e-01
2.611996841430664062e+01 -2.146410369873046875e+01 -9.534443616867065430e-01 -2.312308400869369507e-01 1.204881370067596436e-01 8.014891743659973145e-01 5.381443500518798828e-01
2.611811447143554688e+01 -2.143792724609375000e+01 -9.557357430458068848e-01 -2.283167839050292969e-01 1.249197423458099365e-01 8.043251633644104004e-01 5.341323614120483398e-01
2.611597251892089844e+01 -2.140987396240234375e+01 -9.580264091491699219e-01 -2.197897583246231079e-01 1.248999610543251038e-01 8.103661537170410156e-01 5.285541415214538574e-01
2.611349105834960938e+01 -2.137986755371093750e+01 -9.603319764137268066e-01 -2.106182724237442017e-01 1.238914281129837036e-01 8.181646466255187988e-01 5.204498767852783203e-01
2.611067581176757812e+01 -2.134801673889160156e+01 -9.626178145408630371e-01 -2.011683732271194458e-01 1.221818923950195312e-01 8.273479342460632324e-01 5.099701881408691406e-01
2.610752677917480469e+01 -2.131435775756835938e+01 -9.648465514183044434e-01 -1.914412528276443481e-01 1.198076605796813965e-01 8.376271128654479980e-01 4.973422586917877197e-01
2.610405540466308594e+01 -2.127911376953125000e+01 -9.669799208641052246e-01 -1.815390884876251221e-01 1.168732047080993652e-01 8.486934304237365723e-01 4.827797412872314453e-01
2.610027313232421875e+01 -2.124205017089843750e+01 -9.690049290657043457e-01 -1.715423166751861572e-01 1.134682223200798035e-01 8.602542281150817871e-01 4.665123820304870605e-01
2.609620475769042969e+01 -2.121117210388183594e+01 -9.704058170318603516e-01 -1.615436077117919922e-01 1.096901074051856995e-01 8.720317482948303223e-01 4.487823247909545898e-01
2.609186935424804688e+01 -2.118695259094238281e+01 -9.711399078369140625e-01 -1.516394615173339844e-01 1.056385561823844910e-01 8.837703466415405273e-01 4.298479557037353516e-01
2.608734130859375000e+01 -2.116937255859375000e+01 -9.712054729461669922e-01 -1.419332176446914673e-01 1.014174744486808777e-01 8.952403664588928223e-01 4.099840223789215088e-01
2.608267211914062500e+01 -2.115848541259765625e+01 -9.705976843833923340e-01 -1.325343251228332520e-01 9.713456034660339355e-02 9.062423110008239746e-01 3.894831538200378418e-01
2.607794952392578125e+01 -2.115459251403808594e+01 -9.693063497543334961e-01 -1.235575377941131592e-01 9.290055930614471436e-02 9.166090488433837891e-01 3.686512112617492676e-01
2.607327270507812500e+01 -2.115175437927246094e+01 -9.677194356918334961e-01 -1.151220425963401794e-01 8.882923424243927002e-02 9.262061119079589844e-01 3.478093147277832031e-01
2.606874656677246094e+01 -2.114972686767578125e+01 -9.658725857734680176e-01 -1.073515638709068298e-01 8.503688126802444458e-02 9.349326491355895996e-01 3.272896409034729004e-01
2.606448173522949219e+01 -2.114866256713867188e+01 -9.637886881828308105e-01 -1.003725677728652954e-01 8.164141327142715454e-02 9.427185058593750000e-01 3.074330687522888184e-01
2.606059265136718750e+01 -2.114854621887207031e+01 -9.615023136138916016e-01 -9.431413561105728149e-02 7.876214385032653809e-02 9.495224952697753906e-01 2.885858714580535889e-01
2.605721473693847656e+01 -2.114944648742675781e+01 -9.590451121330261230e-01 -8.930727094411849976e-02 7.651921361684799194e-02 9.553264379501342773e-01 2.710969746112823486e-01
2.605445671081542969e+01 -2.115130805969238281e+01 -9.564563035964965820e-01 -8.548361808061599731e-02 7.503329962491989136e-02 9.601299166679382324e-01 2.553162276744842529e-01
2.605245971679687500e+01 -2.115431594848632812e+01 -9.537626504898071289e-01 -8.297529071569442749e-02 7.442515343427658081e-02 9.639413952827453613e-01 2.415907979011535645e-01
2.605133628845214844e+01 -2.115420722961425781e+01 -9.512608647346496582e-01 -8.191428333520889282e-02 7.481566816568374634e-02 9.667699337005615234e-01 2.302635759115219116e-01
2.605122184753417969e+01 -2.115078926086425781e+01 -9.489922523498535156e-01 -8.243217319250106812e-02 7.632583379745483398e-02 9.686142802238464355e-01 2.216712981462478638e-01
