8.344986289739608765e-02 -9.963841177523136139e-03 3.553302958607673645e-02 -2.555169351398944855e-02 6.962941959500312805e-03 2.542570978403091431e-02 9.993258714675903320e-01
7.508584111928939819e-02 -1.409182790666818619e-02 3.362471237778663635e-02 -2.515053004026412964e-02 7.444858085364103317e-03 2.461181767284870148e-02 9.993529319763183594e-01
6.683984398841857910e-02 -1.663546636700630188e-02 3.120027668774127960e-02 -2.453124709427356720e-02 7.493442855775356293e-03 2.226333506405353546e-02 9.994230270385742188e-01
5.849534273147583008e-02 -1.867806911468505859e-02 2.847399003803730011e-02 -2.355476282536983490e-02 7.564895786345005035e-03 2.101010084152221680e-02 9.994730949401855469e-01
5.026080831885337830e-02 -1.940232515335083008e-02 2.574597857892513275e-02 -2.237262018024921417e-02 7.416708394885063171e-03 1.872680708765983582e-02 9.995467662811279297e-01
4.225405678153038025e-02 -1.943421550095081329e-02 2.256613969802856445e-02 -2.090642973780632019e-02 7.058541756123304367e-03 1.677967607975006104e-02 9.996156692504882812e-01
3.471739217638969421e-02 -1.779458299279212952e-02 1.959563419222831726e-02 -1.913601532578468323e-02 6.976218428462743759e-03 1.442202646285295486e-02 9.996885061264038086e-01
2.710291929543018341e-02 -1.611961796879768372e-02 1.651998236775398254e-02 -1.718471013009548187e-02 6.907021626830101013e-03 1.217317860573530197e-02 9.997543692588806152e-01
1.996307075023651123e-02 -1.349007710814476013e-02 1.344808842986822128e-02 -1.510686799883842468e-02 6.640559993684291840e-03 9.309166111052036285e-03 9.998204708099365234e-01
1.312224660068750381e-02 -1.032480970025062561e-02 1.025262940675020218e-02 -1.269114948809146881e-02 6.734784692525863647e-03 6.877842359244823456e-03 9.998731017112731934e-01
7.440598215907812119e-03 -6.755950395017862320e-03 6.505471188575029373e-03 -9.728740900754928589e-03 -2.276081504533067346e-04 3.451504744589328766e-03 9.999467134475708008e-01
2.874245867133140564e-03 -2.724368590861558914e-03 4.215842112898826599e-03 -6.921955384314060211e-03 -4.158587835263460875e-04 7.981883245520293713e-04 9.999756217002868652e-01
2.837200183421373367e-03 -3.539154771715402603e-03 4.558411892503499985e-03 -4.799648653715848923e-03 1.783753396011888981e-04 -1.664179726503789425e-03 9.999870657920837402e-01
3.694813000038266182e-03 -4.352116491645574570e-03 4.587369505316019058e-03 -2.703559584915637970e-03 3.920037124771624804e-04 -3.378908149898052216e-03 9.999905824661254883e-01
4.173940513283014297e-03 -5.403413437306880951e-03 4.471689462661743164e-03 -2.098216209560632706e-04 7.018016767688095570e-04 -5.145741626620292664e-03 9.999864697456359863e-01
4.593207966536283493e-03 -6.005281116813421249e-03 5.000297445803880692e-03 5.932353087700903416e-04 1.052381470799446106e-03 -6.364807020872831345e-03 9.999790191650390625e-01
4.745972342789173126e-03 -7.382322568446397781e-03 4.677607677876949310e-03 2.633822383359074593e-03 1.025232020765542984e-03 -7.416177541017532349e-03 9.999685287475585938e-01
6.005631759762763977e-03 -7.061315234750509262e-03 5.627419799566268921e-03 3.427500370889902115e-03 1.544865779578685760e-03 -8.273157291114330292e-03 9.999586939811706543e-01
5.584638565778732300e-03 -8.198045194149017334e-03 6.303719710558652878e-03 4.515594802796840668e-03 1.177597092464566231e-03 -9.004032239317893982e-03 9.999485611915588379e-01
6.235248874872922897e-03 -8.853674866259098053e-03 6.605568807572126389e-03 5.260377191007137299e-03 1.295621157623827457e-03 -9.298153221607208252e-03 9.999421238899230957e-01
7.436073385179042816e-03 -9.028277359902858734e-03 7.043605204671621323e-03 5.829493980854749680e-03 1.262729987502098083e-03 -8.900563232600688934e-03 9.999426007270812988e-01
8.483343757688999176e-03 -9.787117131054401398e-03 6.869030185043811798e-03 7.122556213289499283e-03 1.026642159558832645e-03 -8.495694026350975037e-03 9.999380111694335938e-01
1.015100441873073578e-02 -8.919521234929561615e-03 8.057933300733566284e-03 7.173136807978153229e-03 9.907922940328717232e-04 -7.635788060724735260e-03 9.999446272850036621e-01
1.104492787271738052e-02 -9.818431921303272247e-03 8.183693513274192810e-03 7.481801323592662811e-03 7.574651390314102173e-04 -6.520900409668684006e-03 9.999504685401916504e-01
1.188017241656780243e-02 -1.034862641245126724e-02 8.926542475819587708e-03 7.428183685988187790e-03 6.539042806252837181e-04 -5.230139940977096558e-03 9.999585151672363281e-01
1.366494502872228622e-02 -9.859415702521800995e-03 9.612276218831539154e-03 7.047126535326242447e-03 4.018426698166877031e-04 -3.417196683585643768e-03 9.999692440032958984e-01
1.476390659809112549e-02 -1.032081432640552521e-02 1.036452967673540115e-02 6.596855353564023972e-03 1.486570108681917191e-04 -1.415240578353404999e-03 9.999772310256958008e-01
1.611130870878696442e-02 -1.047257799655199051e-02 1.120920386165380478e-02 5.934702232480049133e-03 2.704488906601909548e-06 6.523929769173264503e-04 9.999821782112121582e-01
1.742623560130596161e-02 -1.095031388103961945e-02 1.195125002413988113e-02 5.189368035644292831e-03 -1.049942438839934766e-04 3.576728515326976776e-03 9.999801516532897949e-01
1.874873787164688110e-02 -1.117166224867105484e-02 1.305205561220645905e-02 3.675757907330989838e-03 -1.277204719372093678e-04 6.101916078478097916e-03 9.999746084213256836e-01
1.950794085860252380e-02 -1.213060598820447922e-02 1.437345240265130997e-02 2.652123803272843361e-03 -7.553176954388618469e-03 8.853840641677379608e-03 9.999287724494934082e-01
2.050377987325191498e-02 -1.299172826111316681e-02 1.558577641844749451e-02 1.303854980506002903e-03 -8.652594871819019318e-03 1.161743327975273132e-02 9.998942017555236816e-01
2.239037118852138519e-02 -1.365126762539148331e-02 1.558975689113140106e-02 1.702583722362760454e-05 -9.415251202881336212e-03 1.389032881706953049e-02 9.998592138290405273e-01
2.399481646716594696e-02 -1.410507131367921829e-02 1.610451564192771912e-02 -7.528487476520240307e-04 -9.812690317630767822e-03 1.639057695865631104e-02 9.998172521591186523e-01
2.500282786786556244e-02 -1.516566611826419830e-02 1.655067130923271179e-02 -1.658398658037185669e-03 -1.006861124187707901e-02 1.850028149783611298e-02 9.997767806053161621e-01
2.516121976077556610e-02 -1.826244965195655823e-02 1.669524237513542175e-02 -2.251469297334551811e-03 -1.038305368274450302e-02 1.994338072836399078e-02 9.997446537017822266e-01
2.012158744037151337e-02 -1.570086367428302765e-02 1.437428127974271774e-02 -2.771172439679503441e-03 -1.070762332528829575e-02 2.134442888200283051e-02 9.997109770774841309e-01
1.587984152138233185e-02 -1.153366360813379288e-02 1.202576514333486557e-02 -4.015664570033550262e-03 -1.035507116466760635e-02 2.222451195120811462e-02 9.996913075447082520e-01
1.202582474797964096e-02 -9.446735493838787079e-03 7.701393682509660721e-03 -4.035552497953176498e-03 -1.013425551354885101e-02 2.307378314435482025e-02 9.996742606163024902e-01
7.301228586584329605e-03 -5.379253532737493515e-03 8.049589581787586212e-03 -4.788131918758153915e-03 -9.328013285994529724e-03 2.365685254335403442e-02 9.996651411056518555e-01
6.105786655098199844e-03 2.928841568063944578e-04 7.451448589563369751e-03 -4.392604809254407883e-03 -9.127632714807987213e-03 2.239188179373741150e-02 9.996979236602783203e-01
5.391508806496858597e-03 -2.517001237720251083e-03 7.890542969107627869e-03 -4.005689639598131180e-03 -8.882203139364719391e-03 2.347893267869949341e-02 9.996768236160278320e-01
6.352120079100131989e-03 -9.597288444638252258e-04 8.004304021596908569e-03 -3.966349177062511444e-03 -7.420002482831478119e-03 2.241335809230804443e-02 9.997133612632751465e-01
7.623023353517055511e-03 7.738110725767910480e-04 7.608080282807350159e-03 -3.222551662474870682e-03 -6.911307107657194138e-03 2.129424177110195160e-02 9.997441768646240234e-01
8.151798509061336517e-03 -1.035136083373799920e-04 8.044207468628883362e-03 -3.290351247414946556e-03 -5.699492059648036957e-03 2.010807767510414124e-02 9.997761249542236328e-01
8.804122917354106903e-03 2.041258150711655617e-03 8.284221403300762177e-03 -2.535509178414940834e-03 -4.879173357039690018e-03 1.829620636999607086e-02 9.998174905776977539e-01
1.038734614849090576e-02 2.669009845703840256e-03 7.609312888234853745e-03 -2.022373955696821213e-03 -3.745618043467402458e-03 1.675738207995891571e-02 9.998505115509033203e-01
1.180491317063570023e-02 4.198217298835515976e-03 6.758923642337322235e-03 -1.302780932746827602e-03 -2.288842108100652695e-03 1.432627346366643906e-02 9.998939037322998047e-01
1.109368633478879929e-02 -5.453551420941948891e-04 8.165195584297180176e-03 -4.971244488842785358e-04 -4.134007031098008156e-04 1.068122871220111847e-02 9.999427199363708496e-01
6.806770339608192444e-03 -9.772389195859432220e-03 7.671419065445661545e-03 1.601813564775511622e-04 1.309921033680438995e-03 8.739882148802280426e-03 9.999609589576721191e-01
1.595697402954101562e-01 -1.868503727018833160e-02 6.865160167217254639e-02 -5.067594349384307861e-02 1.493281126022338867e-02 4.940539970993995667e-02 9.973806142807006836e-01
1.429526358842849731e-01 -2.641128189861774445e-02 6.461219489574432373e-02 -4.975103586912155151e-02 1.764405146241188049e-02 4.629886895418167114e-02 9.975319504737854004e-01
1.263154894113540649e-01 -3.170045837759971619e-02 5.978778004646301270e-02 -4.795200005173683167e-02 1.498942542821168900e-02 4.303868860006332397e-02 9.978094100952148438e-01
1.098769903182983398e-01 -3.477549552917480469e-02 5.429076030850410461e-02 -4.626378417015075684e-02 1.489654555916786194e-02 3.934689238667488098e-02 9.980428814888000488e-01
9.374749660491943359e-02 -3.606500476598739624e-02 4.818416386842727661e-02 -4.310883954167366028e-02 1.478552538901567459e-02 3.540043160319328308e-02 9.983335137367248535e-01
7.772246748208999634e-02 -3.536905720829963684e-02 4.242283478379249573e-02 -4.031457751989364624e-02 1.420866046100854874e-02 3.106520324945449829e-02 9.986029267311096191e-01
6.364301592111587524e-02 -3.091215342283248901e-02 3.570399060845375061e-02 -3.631269186735153198e-02 1.405857224017381668e-02 2.666387148201465607e-02 9.988857507705688477e-01
4.974490031599998474e-02 -2.511182241141796112e-02 2.977587096393108368e-02 -3.170957043766975403e-02 1.408422831445932388e-02 2.108846977353096008e-02 9.991753697395324707e-01
3.545828908681869507e-02 -2.037888020277023315e-02 2.347103878855705261e-02 -2.746150083839893341e-02 1.309119723737239838e-02 1.620249263942241669e-02 9.994058012962341309e-01
2.230916172266006470e-02 -1.478499080985784531e-02 1.649279892444610596e-02 -2.216462045907974243e-02 6.413692142814397812e-03 1.034598704427480698e-02 9.996802210807800293e-01
1.095253136008977890e-02 -8.851556107401847839e-03 9.283255785703659058e-03 -1.688296534121036530e-02 -1.731655065668746829e-04 3.907777834683656693e-03 9.998497962951660156e-01
7.434954401105642319e-03 -6.114300806075334549e-03 7.498566992580890656e-03 -1.136735267937183380e-02 -1.963121903827413917e-04 -1.982084708288311958e-03 9.999334216117858887e-01
7.642728742212057114e-03 -7.618492934852838516e-03 8.509409613907337189e-03 -7.658477872610092163e-03 5.898555391468107700e-04 -5.555388983339071274e-03 9.999550580978393555e-01
8.475116454064846039e-03 -9.513515979051589966e-03 8.790337480604648590e-03 -2.996240044012665749e-03 1.169258379377424717e-03 -9.262125939130783081e-03 9.999519586563110352e-01
9.816492907702922821e-03 -1.101930346339941025e-02 8.873501792550086975e-03 -1.958346547326073050e-04 1.524666673503816128e-03 -1.216297689825296402e-02 9.999248385429382324e-01
1.026351191103458405e-02 -1.307977177202701569e-02 9.205550886690616608e-03 3.286100691184401512e-03 1.890177605673670769e-03 -1.461783703416585922e-02 9.998859763145446777e-01
1.102241128683090210e-02 -1.472912728786468506e-02 9.670742787420749664e-03 5.828601308166980743e-03 2.243862720206379890e-03 -1.609653793275356293e-02 9.998509287834167480e-01
1.169968768954277039e-02 -1.601606607437133789e-02 1.081590540707111359e-02 8.394322358071804047e-03 2.453856868669390678e-03 -1.715487428009510040e-02 9.998145699501037598e-01
1.307514030486345291e-02 -1.692693121731281281e-02 1.180762238800525665e-02 1.020391844213008881e-02 2.545728348195552826e-03 -1.820138469338417053e-02 9.997790455818176270e-01
1.500900182873010635e-02 -1.779806427657604218e-02 1.230101753026247025e-02 1.187449321150779724e-02 2.576465019956231117e-03 -1.830326952040195465e-02 9.997586607933044434e-01
1.589836925268173218e-02 -1.933449693024158478e-02 1.321858447045087814e-02 1.310659758746623993e-02 2.183691132813692093e-03 -1.733737252652645111e-02 9.997614026069641113e-01
1.868577487766742706e-02 -1.903446763753890991e-02 1.455610245466232300e-02 1.397904008626937866e-02 2.190920757129788399e-03 -1.608099415898323059e-02 9.997705817222595215e-01
2.119297347962856293e-02 -1.945115812122821808e-02 1.537960488349199295e-02 1.448690611869096756e-02 1.831027795560657978e-03 -1.415117457509040833e-02 9.997932314872741699e-01
2.340587973594665527e-02 -1.978676207363605499e-02 1.688878051936626434e-02 1.470911409705877304e-02 1.461506821215152740e-03 -1.162335462868213654e-02 9.998232126235961914e-01
2.578660659492015839e-02 -2.014799788594245911e-02 1.831419579684734344e-02 1.423356588929891586e-02 1.026374869979918003e-03 -8.548607118427753448e-03 9.998615980148315430e-01
2.849718369543552399e-02 -2.010598778724670410e-02 1.994213461875915527e-02 1.366926450282335281e-02 5.801303195767104626e-04 -4.823409952223300934e-03 9.998947978019714355e-01
3.070856258273124695e-02 -2.097108215093612671e-02 2.163583040237426758e-02 1.254768855869770050e-02 1.029205959639512002e-04 -7.210291223600506783e-04 9.999210238456726074e-01
3.336374089121818542e-02 -2.168619446456432343e-02 2.315588854253292084e-02 1.081587560474872589e-02 6.631200812989845872e-05 4.385543521493673325e-03 9.999318718910217285e-01
3.586707264184951782e-02 -2.235701121389865875e-02 2.523161470890045166e-02 8.875117637217044830e-03 -4.063145315740257502e-04 9.425166994333267212e-03 9.999161362648010254e-01
3.788663446903228760e-02 -2.347823232412338257e-02 2.778451889753341675e-02 6.384196691215038300e-03 -7.664145436137914658e-03 1.486298348754644394e-02 9.998397827148437500e-01
4.100126400589942932e-02 -2.439407259225845337e-02 2.920556813478469849e-02 3.745121881365776062e-03 -1.626006700098514557e-02 2.036568894982337952e-02 9.996533393859863281e-01
4.338491708040237427e-02 -2.633530274033546448e-02 3.076650761067867279e-02 1.410773489624261856e-03 -1.793531887233257294e-02 2.580391429364681244e-02 9.995051026344299316e-01
4.570389911532402039e-02 -2.847951091825962067e-02 3.203848004341125488e-02 -6.718994700349867344e-04 -1.909047923982143402e-02 3.058097511529922485e-02 9.993497133255004883e-01
4.773693159222602844e-02 -3.099611029028892517e-02 3.292769566178321838e-02 -2.481718780472874641e-03 -1.973133347928524017e-02 3.484186157584190369e-02 9.991949796676635742e-01
4.955094680190086365e-02 -3.401713073253631592e-02 3.366161510348320007e-02 -4.075148608535528183e-03 -2.055296115577220917e-02 3.801502287387847900e-02 9.990574717521667480e-01
4.541423544287681580e-02 -3.327179327607154846e-02 3.159058839082717896e-02 -5.443464964628219604e-03 -2.075294218957424164e-02 4.061342775821685791e-02 9.989445805549621582e-01
3.646853938698768616e-02 -2.699959464371204376e-02 2.591187320649623871e-02 -6.412139162421226501e-03 -2.062066271901130676e-02 4.350934550166130066e-02 9.988195896148681641e-01
2.820434421300888062e-02 -2.131927572190761566e-02 1.872875541448593140e-02 -7.214800920337438583e-03 -2.032705023884773254e-02 4.514750093221664429e-02 9.987474679946899414e-01
2.023021690547466278e-02 -1.442725025117397308e-02 1.473891362547874451e-02 -7.785758469253778458e-03 -1.951561681926250458e-02 4.564120247960090637e-02 9.987369179725646973e-01
1.328396983444690704e-02 -5.819327663630247116e-03 1.481527928262948990e-02 -8.412161841988563538e-03 -1.770353130996227264e-02 4.544532299041748047e-02 9.987745285034179688e-01
1.238055154681205750e-02 -8.538203546777367592e-04 1.502715889364480972e-02 -8.164642378687858582e-03 -1.761044561862945557e-02 4.635206237435340881e-02 9.987365603446960449e-01
1.348895765841007233e-02 7.365742931142449379e-04 1.492243167012929916e-02 -7.309154141694307327e-03 -1.626114919781684875e-02 4.528053477406501770e-02 9.988152384757995605e-01
1.356023177504539490e-02 1.703263842500746250e-03 1.599801145493984222e-02 -7.682348135858774185e-03 -1.445382554084062576e-02 4.360340908169746399e-02 9.989148378372192383e-01
1.583515293896198273e-02 2.931532217189669609e-03 1.533059403300285339e-02 -7.148772478103637695e-03 -1.255354192107915878e-02 4.110391438007354736e-02 9.990504384040832520e-01
1.717624440789222717e-02 4.221936222165822983e-03 1.577038690447807312e-02 -6.046491675078868866e-03 -1.036561466753482819e-02 3.859061375260353088e-02 9.991830587387084961e-01
1.900364086031913757e-02 5.250822752714157104e-03 1.601152122020721436e-02 -4.929144866764545441e-03 -8.667557500302791595e-03 3.498326241970062256e-02 9.993381500244140625e-01
2.124794572591781616e-02 6.569724064320325851e-03 1.595567353069782257e-02 -3.648912999778985977e-03 -5.115432664752006531e-03 3.098895959556102753e-02 9.994999766349792480e-01
2.296319231390953064e-02 3.757588798180222511e-03 1.528141275048255920e-02 -1.731181400828063488e-03 -2.100550103932619095e-03 2.437914907932281494e-02 9.996990561485290527e-01
1.990758068859577179e-02 -1.253822259604930878e-02 1.469429116696119308e-02 -3.203559608664363623e-04 1.693244674243032932e-03 2.027180977165699005e-02 9.997929930686950684e-01
