0.000000000000000000e+00 0.000000000000000000e+00 0.000000000000000000e+00 0.000000000000000000e+00 0.000000000000000000e+00 0.000000000000000000e+00 1.000000000000000000e+00
8.305235207080841064e-02 -1.074826437979936600e-02 3.622892126441001892e-02 -2.568708206463105395e-02 7.699168769389794220e-03 2.561481869290721525e-02 9.993121522720490590e-01
1.587077463898346474e-01 -2.033401098215022532e-02 7.016208218922813378e-02 -5.083151815904243115e-02 1.552700567158489704e-02 4.986702918382720368e-02 9.973406380253944103e-01
2.272497239023996141e-01 -2.837584016054497255e-02 1.010665665901500504e-01 -7.547762986857776968e-02 2.322353620704173047e-02 7.225456192120516263e-02 9.942550342025113785e-01
2.883594507975620891e-01 -3.545835368755420602e-02 1.292939268638928496e-01 -9.917224683231413984e-02 3.086349845112006801e-02 9.299530962863587769e-02 9.902344077584167570e-01
3.420793306104308318e-01 -4.114831889742260468e-02 1.547351124861992000e-01 -1.217503931345743223e-01 3.823813583386812681e-02 1.114773893995066739e-01 9.855391815611380668e-01
3.882545347584264728e-01 -4.642625920218554358e-02 1.773695742838996003e-01 -1.427207920843494571e-01 4.520501235463189604e-02 1.278536471971407906e-01 9.804288486490095877e-01
4.269484900676139283e-01 -5.068827988894833436e-02 1.971318222269969889e-01 -1.619153231448362262e-01 5.186221180775227313e-02 1.417816217441136006e-01 9.751880387150573259e-01
4.578883709915300138e-01 -5.474291533828872652e-02 2.142666927360832863e-01 -1.792928916613154566e-01 5.821965800128135748e-02 1.533748200619583224e-01 9.700209765736510503e-01
4.810665083879732684e-01 -5.835145926085683749e-02 2.287963128799515300e-01 -1.943785142924203679e-01 6.410400532014993991e-02 1.620475545907749670e-01 9.653228784891277892e-01
4.966048730290531510e-01 -6.134299979368198347e-02 2.403514589518709887e-01 -2.070536606353615694e-01 6.982754563613124965e-02 1.681387380983879742e-01 9.612399597595868705e-01
5.042518768631133463e-01 -6.418134276285430984e-02 2.491146594599237263e-01 -2.162278158127181882e-01 6.891757984736231191e-02 1.722116918640681782e-01 9.585609172306990278e-01
5.046271577633117955e-01 -6.633491350687957533e-02 2.544698527667811350e-01 -2.229359399872654912e-01 6.789339411373492006e-02 1.734601595824181441e-01 9.568707471416155741e-01
5.051815501047656198e-01 -6.945586608103022919e-02 2.600650955514747786e-01 -2.277198443135650396e-01 6.689381160738797072e-02 1.721175355150971753e-01 9.560567161223493260e-01
5.062902692569514196e-01 -7.338269116035794903e-02 2.661468147242098681e-01 -2.306231284930366499e-01 6.607274511724264832e-02 1.688081945818624141e-01 9.560079279999555979e-01
5.080733518632282175e-01 -7.831826224099698586e-02 2.723978476486339506e-01 -2.314841386724455496e-01 6.535535197821895625e-02 1.633526164162759087e-01 9.567965793316969281e-01
5.103431257162427404e-01 -8.304767407356246356e-02 2.797900546806930677e-01 -2.314722851350099475e-01 6.508023769910419032e-02 1.566126738021225429e-01 9.579444734847394338e-01
5.127683482045822805e-01 -8.903228577263125332e-02 2.873534969186701815e-01 -2.296613773342179310e-01 6.469710932130481873e-02 1.487418913685696620e-01 9.596592028207292513e-01
5.165027564782744829e-01 -9.474250490333016583e-02 2.957823305695255200e-01 -2.271237046864142128e-01 6.474860369063334398e-02 1.402550401125790824e-01 9.615357324679362216e-01
5.205076192307090954e-01 -1.010755929313423701e-01 3.048369476484876217e-01 -2.234883918041976614e-01 6.435060778522713743e-02 1.310646726886203484e-01 9.637084567333993324e-01
5.257248464911090657e-01 -1.076499045491476070e-01 3.143479088930936083e-01 -2.191055680169667341e-01 6.438652224340117580e-02 1.216628327830723832e-01 9.659426902961482098e-01
5.326328593761381347e-01 -1.140162511487158581e-01 3.242558007084895277e-01 -2.141684615714297968e-01 6.453757188919857779e-02 1.124404083658588210e-01 9.681549082916908189e-01
5.402035208016102708e-01 -1.217581547293728889e-01 3.341394430561102080e-01 -2.080095903278892933e-01 6.463387011710867991e-02 1.036626361911784783e-01 9.704682019639817581e-01
5.490546331819592396e-01 -1.290504961728168309e-01 3.449102647480192796e-01 -2.016804974726862376e-01 6.492852455803255207e-02 9.560665147046806811e-02 9.726091876146817361e-01
5.587814942122948381e-01 -1.370256103218572274e-01 3.561863717945039087e-01 -1.949839555058536233e-01 6.511466785501693333e-02 8.869319341694741066e-02 9.746152341139173725e-01
5.696742548543178852e-01 -1.451620311022777943e-01 3.681472319879938726e-01 -1.882916428948676890e-01 6.539686835489642858e-02 8.311777732040771804e-02 9.764020390795172810e-01
5.820944830536132208e-01 -1.536005175157996172e-01 3.804299277522937839e-01 -1.817172904749723428e-01 6.580490800425671527e-02 7.933004009417726765e-02 9.779341926549260933e-01
5.958922218090204614e-01 -1.623621176734159621e-01 3.932662993667643825e-01 -1.754181021429612186e-01 6.616003817058853376e-02 7.758337499853357189e-02 9.791997542451003067e-01
6.112624246557115670e-01 -1.711845494489421249e-01 4.067131181574500376e-01 -1.696194650213398436e-01 6.666935065239713853e-02 7.788806864639710725e-02 9.801621720572550878e-01
6.284005451925509522e-01 -1.798745913984636235e-01 4.207553226051805040e-01 -1.642976098252225681e-01 6.746180806295988541e-02 8.101533718226879011e-02 9.807607837795302430e-01
6.473942542986974580e-01 -1.882373345928017305e-01 4.354516092657356729e-01 -1.601693972762668339e-01 6.866262612063368798e-02 8.674645664029072278e-02 9.808701546131015636e-01
6.675904740889399003e-01 -1.971934539907241879e-01 4.511426334033518115e-01 -1.565082817079626876e-01 6.306744523657450974e-02 9.661582781735891801e-02 9.809143881722395264e-01
6.892541441264351532e-01 -2.062212004473937266e-01 4.679143839590794718e-01 -1.536990119588224346e-01 5.668979387690113031e-02 1.095111269492499845e-01 9.803928774054723183e-01
7.128058401293174695e-01 -2.150838121943773606e-01 4.851625180520833247e-01 -1.518441487928011424e-01 4.980756178420234215e-02 1.245239695566433408e-01 9.792631629303528706e-01
7.381172115219351015e-01 -2.233365155206263886e-01 5.031982355708315424e-01 -1.507825151178346090e-01 4.291831110065977284e-02 1.420887472587401279e-01 9.773604450812652944e-01
7.648667218140926538e-01 -2.308912334897744445e-01 5.220782142122958325e-01 -1.505067407444163063e-01 3.600762518193705713e-02 1.616896492735779289e-01 9.746320481274137748e-01
7.925029798231980616e-01 -2.401117270002964543e-01 5.419918999510133784e-01 -1.503476074186356481e-01 2.848232040690839434e-02 1.828562668561710958e-01 9.711580407117857971e-01
8.139380166513021653e-01 -2.481890434264770462e-01 5.602487205127180125e-01 -1.508002629600411482e-01 2.093449369430895948e-02 2.050746842132309400e-01 9.668326647149386721e-01
8.300251893624605026e-01 -2.534932829568506962e-01 5.758333815302805192e-01 -1.520680256083965509e-01 1.382667436512597520e-02 2.283788123941598025e-01 9.615234041420925859e-01
8.393467946078539965e-01 -2.585753224250353366e-01 5.892666724756059349e-01 -1.530610626523759843e-01 6.880372905983639722e-03 2.520425904175360721e-01 9.555100753963916560e-01
8.407563275656959600e-01 -2.615252035714518142e-01 6.009436419696132514e-01 -1.552102837255704693e-01 6.584316112934538020e-05 2.764639919581026728e-01 9.484078366615789069e-01
8.349916586735783852e-01 -2.617085452376425869e-01 6.086653956767041906e-01 -1.569846619630758666e-01 -6.293216994356884073e-03 2.987852809398897636e-01 9.412988724214387259e-01
8.291769079643117601e-01 -2.629998255201081436e-01 6.165511802285241760e-01 -1.592536721834781899e-01 -1.177477792489411285e-02 3.215904437829447127e-01 9.333162427432544206e-01
8.239025381593484409e-01 -2.643995545110489620e-01 6.252437734584589402e-01 -1.615859016589523134e-01 -1.661009834170218066e-02 3.435413856930518706e-01 9.249829281312387241e-01
8.173144345416439860e-01 -2.670643518060529242e-01 6.333732192634876634e-01 -1.632017244503624342e-01 -2.077000032542581850e-02 3.638162195246579800e-01 9.168268989475034658e-01
8.109039865844039907e-01 -2.708546567914042469e-01 6.420744572940747519e-01 -1.647461232420354693e-01 -2.391585320774220966e-02 3.829824232587257793e-01 9.086315041406720638e-01
8.026734351476862983e-01 -2.741541058464601610e-01 6.505408192377396537e-01 -1.659146235225959776e-01 -2.636262900890605845e-02 4.004002450766115384e-01 9.008090770167024308e-01
7.938219277399509721e-01 -2.782913029196661947e-01 6.593417644556245349e-01 -1.671090763379615429e-01 -2.721626478078328915e-02 4.156973978974056738e-01 8.936047811634523219e-01
7.829856383737104908e-01 -2.829053432163486370e-01 6.673386104017667853e-01 -1.679152692816932024e-01 -2.640988353054823240e-02 4.285710943213658086e-01 8.873746658013998978e-01
7.778924968662668249e-01 -2.832291586657054716e-01 6.801445775980212716e-01 -1.683831149948396833e-01 -2.552604495882592958e-02 4.383821947309962108e-01 8.825058634118130296e-01
7.852640886520166896e-01 -2.860150186897153501e-01 6.919166194621195753e-01 -1.690441971975324420e-01 -2.268278909865261567e-02 4.458676875360996217e-01 8.786987855253692858e-01
