0.000000000000000000e+00 0.000000000000000000e+00 0.000000000000000000e+00 0.000000000000000000e+00 0.000000000000000000e+00 0.000000000000000000e+00 1.000000000000000000e+00
9.049774706363677979e-02 1.191716082394123077e-02 -3.958845045417547226e-03 -1.498757590266246859e-02 6.357106763145528062e-04 2.681358770924367751e-03 9.998838826361986509e-01
1.728152558080799095e-01 2.361086504857709545e-02 -1.460232828196015957e-02 -3.066943234348320363e-02 -8.993354605436748323e-04 3.112557495042129856e-03 9.995243314203501317e-01
2.401444841516063577e-01 4.415719349723117720e-02 -4.378615729396808515e-02 -4.487592902210360557e-02 -9.143842294350777375e-03 -2.347130025078726211e-03 9.989479626703007265e-01
3.024554367807807953e-01 5.750143007194249978e-02 -6.892924559641884497e-02 -6.085643618011187667e-02 -1.709541078048456772e-02 -6.315917786669400513e-03 9.979801352172369411e-01
3.587880307052676576e-01 6.724639102135049340e-02 -8.949435177035551525e-02 -7.742388302781723353e-02 -2.350187031361981177e-02 -9.837886179555688573e-03 9.966726746651454194e-01
4.098823875152430296e-01 7.212103140040294902e-02 -1.025380854718593859e-01 -9.349954139433279410e-02 -2.740274877642877652e-02 -1.222702534072997969e-02 9.951670337033189373e-01
4.539433787340194648e-01 7.707594230146418146e-02 -1.109101737785146424e-01 -1.084188903070600479e-01 -2.917419706507900709e-02 -1.566446143639497676e-02 9.935536397689362920e-01
4.904233043210523557e-01 8.099501194237955504e-02 -1.173631292402915610e-01 -1.223858616485326012e-01 -3.024911291180640283e-02 -1.955303047703886229e-02 9.918288012735660963e-01
5.194576111308492061e-01 8.444895536075470999e-02 -1.201239824013402846e-01 -1.333851133623915886e-01 -2.978689686012664720e-02 -2.431232364713162286e-02 9.903181626263467541e-01
5.406366316206390188e-01 8.735587052520603357e-02 -1.219060681945583063e-01 -1.426380137210807308e-01 -2.849775758610120779e-02 -2.913453716677954705e-02 9.889355153893231165e-01
5.539335161610691172e-01 8.927358357172332504e-02 -1.211775884042576440e-01 -1.509911048696349067e-01 -2.898973282605687984e-02 -3.236358835230944420e-02 9.875798093267617039e-01
5.595090354629242979e-01 9.016600738599428455e-02 -1.216515096405525187e-01 -1.573063676410311751e-01 -2.967499812573220000e-02 -3.502430853872662286e-02 9.864823358769312378e-01
5.654811697557999839e-01 9.200085841624096317e-02 -1.210728297568117867e-01 -1.602460169334048723e-01 -3.078167400327411554e-02 -4.046212252825535233e-02 9.857669700507537547e-01
5.720696006415771917e-01 9.315008296451018910e-02 -1.189316415501497637e-01 -1.602497574344020070e-01 -3.216639575798525830e-02 -4.724970371146667431e-02 9.854201153443816752e-01
5.792144535114013282e-01 9.142822135310950393e-02 -1.161017768524960636e-01 -1.583368617094350339e-01 -3.367470143099183383e-02 -5.562385685348902875e-02 9.852418176550787887e-01
5.869233905558237652e-01 8.899670225902399368e-02 -1.125496829821220068e-01 -1.552955711626277935e-01 -3.519902251935135007e-02 -6.484840115214175749e-02 9.851086230761388896e-01
5.954061418987969256e-01 8.572377382171134097e-02 -1.087698666616849080e-01 -1.511001575743809167e-01 -3.668192467599473011e-02 -7.510183776122145161e-02 9.849786255284674885e-01
6.046387068997118863e-01 8.193786609180782332e-02 -1.042917048858992141e-01 -1.459755610244089230e-01 -3.789603434305806318e-02 -8.588897847351639747e-02 9.848238977306829067e-01
6.144164092037823766e-01 7.679954299738074586e-02 -9.936787878788658213e-02 -1.397501562861966085e-01 -3.943891488345400986e-02 -9.694413630859693987e-02 9.846401882140396467e-01
6.251262987325660880e-01 7.078011495530213415e-02 -9.423088298421954112e-02 -1.320088526515922067e-01 -4.110316149942722097e-02 -1.086815729311102902e-01 9.844148051718756287e-01
6.366931988939653619e-01 6.381205859790442525e-02 -8.864560702767251832e-02 -1.231983729516522574e-01 -4.287868341535610445e-02 -1.205903551869123153e-01 9.840942768081345493e-01
6.493169558516276307e-01 5.567812464152101931e-02 -8.317727915754402623e-02 -1.122637114537215069e-01 -4.545760081741147957e-02 -1.321253164289052928e-01 9.838055531339118254e-01
6.632243075856313341e-01 4.708095447814768242e-02 -7.709872544935368610e-02 -1.010290986311915412e-01 -4.776134520456171151e-02 -1.435721758546733562e-01 9.833102284906704016e-01
6.781127378815684503e-01 3.744698807067060875e-02 -7.035212258863450530e-02 -8.935498086043883181e-02 -5.004595173570482169e-02 -1.536734674736309203e-01 9.827998552629773066e-01
6.937865494631990648e-01 2.633785435843181283e-02 -6.292170761496129749e-02 -7.800873955046683239e-02 -5.210736450065995423e-02 -1.614518042903589634e-01 9.824117130866928393e-01
7.097739413978305656e-01 1.295226199946320975e-02 -5.500433209568093146e-02 -6.706458618999200372e-02 -5.407542310855937423e-02 -1.661952466379792714e-01 9.823224164650508072e-01
7.267464929649868344e-01 -1.729642529218302846e-03 -4.621672711405305778e-02 -5.697732281940719873e-02 -5.555065224551435782e-02 -1.683695933937349731e-01 9.825066868677583276e-01
7.446367616849172144e-01 -1.821854711811574101e-02 -3.711158379346543579e-02 -4.779000163219718211e-02 -5.742822858956245224e-02 -1.685683484810699129e-01 9.828544277742377044e-01
7.636463856188765442e-01 -3.576947360497952783e-02 -2.656817451327811441e-02 -4.033414608849661409e-02 -5.898644944472774404e-02 -1.669622512119012803e-01 9.833704094142096119e-01
7.843594905341411128e-01 -5.354461619880193646e-02 -1.417313784495023189e-02 -3.521878535973486241e-02 -5.994898267203178227e-02 -1.639735415862791645e-01 9.840113994736168213e-01
8.067004101237722491e-01 -7.082376912937073110e-02 8.759960637913215969e-04 -3.423132325481818838e-02 -6.272454764182687492e-02 -1.614678178042615320e-01 9.842875552626285662e-01
8.312264843381950152e-01 -8.803636100907724638e-02 1.707211349327434485e-02 -3.401578977592360081e-02 -6.494447421993572445e-02 -1.577213406584705713e-01 9.847584069278672025e-01
8.585552477646751779e-01 -1.044509446333414943e-01 3.385458038699527133e-02 -3.413671327481949264e-02 -6.781362965765289075e-02 -1.537739236436897750e-01 9.851850470072474053e-01
8.871842348674109369e-01 -1.225094902530102781e-01 5.090047850262448270e-02 -3.452151023239467820e-02 -7.040002450387033983e-02 -1.494957055266341317e-01 9.856485864192283675e-01
9.176684263539570674e-01 -1.405193748721776381e-01 6.877677310354146645e-02 -3.533884709809551744e-02 -7.315174052320792819e-02 -1.454114288962900514e-01 9.860301745334885126e-01
9.494498102864499245e-01 -1.592115508583440975e-01 8.744732358349599499e-02 -3.674006983871731108e-02 -7.594416142707004214e-02 -1.402739158892865878e-01 9.865119766807044499e-01
9.794734046415157769e-01 -1.668576658366512366e-01 1.036301393543689053e-01 -3.793816393385039676e-02 -7.796499355135426412e-02 -1.365174948517718923e-01 9.868359180214621995e-01
1.005866667224098343e+00 -1.673800804859130742e-01 1.143687793818838616e-01 -3.887848256880477305e-02 -8.168616108382174834e-02 -1.326179876638055033e-01 9.870300421104404309e-01
1.026821527964900227e+00 -1.653015550722218285e-01 1.206859544628801489e-01 -4.230941634184624822e-02 -8.703027371261400080e-02 -1.256442226808108797e-01 9.873445062657990601e-01
1.041492224416110668e+00 -1.628091531219918453e-01 1.249359081338763250e-01 -4.743838065040865970e-02 -9.247661214290307796e-02 -1.143599170720685232e-01 9.879875938568801752e-01
1.050026759673836185e+00 -1.610083436964722114e-01 1.277347185007282060e-01 -5.300218769079155512e-02 -9.678974027318844320e-02 -1.001937008593512396e-01 9.888294780122331984e-01
1.057877760507305531e+00 -1.590318459946191976e-01 1.304071006431059554e-01 -5.882561872666589031e-02 -1.005592833056237201e-01 -8.522487219285733440e-02 9.895272094703587706e-01
1.065018564502802301e+00 -1.568537787044700649e-01 1.327503026975436207e-01 -6.425345014667344090e-02 -1.038309477794747970e-01 -7.079173384078053799e-02 9.899894741093366868e-01
1.071440088265741553e+00 -1.548866017451211441e-01 1.349779358488876480e-01 -6.906808852040459412e-02 -1.065959863059068730e-01 -5.679531269365083179e-02 9.902732892023489164e-01
1.077096435368690930e+00 -1.530582946631885710e-01 1.369852794414056774e-01 -7.366577689863866574e-02 -1.088254893944939211e-01 -4.323554845659085405e-02 9.903842958779317529e-01
1.081931865810149773e+00 -1.513461646911139491e-01 1.387345416727619740e-01 -7.775916658711810869e-02 -1.102882577682075399e-01 -3.063149486621388404e-02 9.903795856803548903e-01
1.085915096363446075e+00 -1.497843462252181623e-01 1.402512113520253123e-01 -8.082711177002260827e-02 -1.108981012566592622e-01 -1.989107616921973604e-02 9.903398074547010710e-01
1.089164041405489058e+00 -1.485632809148564326e-01 1.413108549980440498e-01 -8.359022336372574913e-02 -1.108746639515469923e-01 -1.025972070702970557e-02 9.902596738142211974e-01
1.094583756741530856e+00 -1.474681343936373179e-01 1.431720520890640280e-01 -8.464539203707904802e-02 -1.105727117693596079e-01 -4.467395002207366975e-03 9.902468759863640724e-01
1.102906835537128982e+00 -1.462841396964132956e-01 1.458183960564433113e-01 -8.378317761443097866e-02 -1.100875291567130487e-01 -3.569557884192247309e-03 9.903778942047878342e-01
1.276571690426285377e+00 -1.318197543853988352e-01 1.637423795131204285e-01 -1.036852487712694726e-01 -1.118034163252501906e-01 -1.711790012244755483e-03 9.883048290179486939e-01
1.432445077896944419e+00 -9.614325078522215073e-02 1.575199744459178652e-01 -1.188231178601240889e-01 -1.175689005569483664e-01 -8.962613175827869108e-03 9.858895941477878733e-01
1.572904245238985865e+00 -6.805075408796279479e-02 1.369702816920476129e-01 -1.402086845782003210e-01 -1.277238176673162751e-01 -1.721013400182197853e-02 9.816985089409966392e-01
1.699279689982544639e+00 -5.418028334396908507e-02 1.136295130455588498e-01 -1.670830500306871025e-01 -1.390493228818258098e-01 -2.648419186817559806e-02 9.757290237456495152e-01
1.812700689650961206e+00 -4.991470345408947212e-02 1.067029311375221612e-01 -1.939339824833033743e-01 -1.463178530296535829e-01 -3.488672577483131060e-02 9.694140563699652491e-01
1.910750557890116497e+00 -4.757574234830676263e-02 1.062092190254262936e-01 -2.193134309691788797e-01 -1.509524777969679654e-01 -4.475225549452527263e-02 9.628666595493042824e-01
1.992989562288117078e+00 -4.425063469308083974e-02 1.095553713459328782e-01 -2.424151775399420727e-01 -1.535734551619196697e-01 -5.611281900854542259e-02 9.562956797512067730e-01
2.059243084848367378e+00 -4.152100969515681861e-02 1.159869307914933034e-01 -2.621825933299680167e-01 -1.538693817161937427e-01 -6.776008342080014346e-02 9.502594762589084976e-01
2.109523049995416955e+00 -3.863498540981076534e-02 1.227817675469206754e-01 -2.785110253332442887e-01 -1.525137084509617935e-01 -7.915825339770209135e-02 9.449365843385392205e-01
2.144133302906385818e+00 -3.748135506872129347e-02 1.271192007457689344e-01 -2.936963216050351155e-01 -1.525002218857695879e-01 -8.812661539640065378e-02 9.395317198792373370e-01
2.162967140896578933e+00 -3.667590007597247570e-02 1.300821938737403149e-01 -3.073218557543315188e-01 -1.541540360403396148e-01 -9.465253647391082270e-02 9.342540915014728720e-01
2.174554119340030400e+00 -3.478856280928612627e-02 1.321619344368314686e-01 -3.147056253700700745e-01 -1.563054696200583960e-01 -1.028314683589249406e-01 9.305668480245969931e-01
2.186544433537798149e+00 -3.183521934734801634e-02 1.370618959817896942e-01 -3.166755692345902817e-01 -1.598225977423053945e-01 -1.141852107598098909e-01 9.279736304144570180e-01
2.198653957197256315e+00 -3.173198615567236758e-02 1.457273226314843295e-01 -3.141375127342402318e-01 -1.645884351292619396e-01 -1.278468734138208940e-01 9.262199776905896131e-01
2.210511363904217319e+00 -3.469735700719071142e-02 1.571083391748512026e-01 -3.078578433187065255e-01 -1.698546506706221371e-01 -1.426299591385870313e-01 9.252186988538658730e-01
2.222986962379207565e+00 -3.908605773775781361e-02 1.702921406531255899e-01 -2.992130054680889883e-01 -1.755513428032619561e-01 -1.590720819346684023e-01 9.243102164033972779e-01
2.235912359132327332e+00 -4.500688858557295308e-02 1.854514006611760746e-01 -2.883318675629983896e-01 -1.818213133551435934e-01 -1.771061046664205441e-01 9.232763247518758210e-01
2.249214965587717607e+00 -5.275582108993755182e-02 2.025795133482390931e-01 -2.749447534815541716e-01 -1.889335699574195282e-01 -1.959192366862901324e-01 9.221307615367647648e-01
2.263208921925758066e+00 -6.288102614962748360e-02 2.212144874471216605e-01 -2.591525530202895555e-01 -1.968094734815594715e-01 -2.153826302986469321e-01 9.207151068471798316e-01
2.278142302309403622e+00 -7.494204527903892965e-02 2.415008223862672720e-01 -2.415657968303327185e-01 -2.044669787532477356e-01 -2.353551001262011999e-01 9.189380812904812679e-01
2.293098283603401732e+00 -8.987251559335419915e-02 2.636233476455092650e-01 -2.218742091768639013e-01 -2.130574916556814691e-01 -2.537500835315157910e-01 9.170546524931211252e-01
2.308857570519273761e+00 -1.073635665634450342e-01 2.873490907298834607e-01 -2.007373767964033273e-01 -2.213050920082960671e-01 -2.704310907157631005e-01 9.152024841434714952e-01
2.325485872711472002e+00 -1.270262402051654249e-01 3.130985781719399785e-01 -1.783920144622341553e-01 -2.298482520182358324e-01 -2.853153261173826394e-01 9.132038298774262097e-01
2.342423734399064372e+00 -1.492546334512752371e-01 3.411142962871541173e-01 -1.554285967519154488e-01 -2.381496801680361708e-01 -2.971873359877291176e-01 9.114858026739138808e-01
2.358259244950837275e+00 -1.759294993891651060e-01 3.707489044992526850e-01 -1.332822763787950282e-01 -2.464228857848840271e-01 -3.039188389256048395e-01 9.105739593854245140e-01
2.373140870446637685e+00 -2.074404118536723740e-01 4.013905174281591215e-01 -1.125335080280618905e-01 -2.540824036329333846e-01 -3.051772042440252242e-01 9.108486239462679768e-01
2.388009606682691022e+00 -2.423793458198327533e-01 4.340400355429358537e-01 -9.407668426995527411e-02 -2.609303220300873694e-01 -3.030680693798054604e-01 9.117097618455357599e-01
2.403381773505471664e+00 -2.807303286121980990e-01 4.686782010194792125e-01 -7.934450755780553255e-02 -2.663255492051330164e-01 -2.979438333420803553e-01 9.132385357256997960e-01
2.419896202952801723e+00 -3.193296832503006444e-01 5.085716853556655481e-01 -6.929807174773355838e-02 -2.689940378963704970e-01 -2.912940292419789468e-01 9.154167211473827059e-01
2.437590633410292806e+00 -3.574776640368033664e-01 5.541019605837079753e-01 -6.649584204711146695e-02 -2.722897929956976104e-01 -2.849825910088820136e-01 9.166359661515962598e-01
2.457080794599690421e+00 -3.953581004586608771e-01 6.045936679062655639e-01 -6.746327609713390072e-02 -2.769503138272798592e-01 -2.788500984233470703e-01 9.170549888957055806e-01
2.480704900019278014e+00 -4.329149351485903074e-01 6.588480336110102975e-01 -6.914871505466876900e-02 -2.813563279883540824e-01 -2.718678555953641385e-01 9.176845541912406201e-01
2.507734210227037686e+00 -4.712367966249927376e-01 7.159945323673995166e-01 -7.111624068178308555e-02 -2.860362530301420736e-01 -2.641727837044471894e-01 9.183346245316086343e-01
2.536492404184941041e+00 -5.111179629548844305e-01 7.759796907445358771e-01 -7.350704618125265821e-02 -2.907008113885131695e-01 -2.571073459750355394e-01 9.186868699755322831e-01
2.567426100652807630e+00 -5.519175800441510349e-01 8.387339866507597108e-01 -7.720286531701370247e-02 -2.960019712827257621e-01 -2.492071616985057636e-01 9.188679671975502616e-01
2.601224138257592688e+00 -5.823241474441964716e-01 8.999825441886014632e-01 -8.102040277502185750e-02 -3.005930520001289796e-01 -2.422676168063365720e-01 9.189047356883078832e-01
2.637786498773446731e+00 -5.952834902288420826e-01 9.501868127572696832e-01 -8.502784989071877908e-02 -3.053497397570182348e-01 -2.345784742663130640e-01 9.189693904500690902e-01
2.672536422724640204e+00 -5.997071677210134011e-01 9.865179906790477737e-01 -9.260024104343198004e-02 -3.130074497171604908e-01 -2.233014495001036381e-01 9.184704646483795587e-01
2.700166880576941431e+00 -5.989132878055123399e-01 1.011747076588817684e+00 -1.038777069611865889e-01 -3.223238998271918954e-01 -2.074982678417146842e-01 9.177478926368418666e-01
2.717909332733531080e+00 -5.956950187107438177e-01 1.028343632504887806e+00 -1.166314510322500608e-01 -3.300615696804599652e-01 -1.855189117636736051e-01 9.181716605451319957e-01
2.730385118864602667e+00 -5.921819448947676090e-01 1.040366946451616537e+00 -1.292876276724052864e-01 -3.357253221061745618e-01 -1.602334570200626696e-01 9.191835815977930091e-01
2.741786776061705400e+00 -5.883232018881656700e-01 1.051421117914498105e+00 -1.420847477156395866e-01 -3.405730022263299683e-01 -1.347495452335744359e-01 9.196001928449516472e-01
2.752093924907566880e+00 -5.839038914391588841e-01 1.061220508273750474e+00 -1.539254938908503900e-01 -3.441680695145872271e-01 -1.095591458016249298e-01 9.197021669150717837e-01
2.761101444972362096e+00 -5.795817758634865813e-01 1.070062640168802259e+00 -1.664638022220198688e-01 -3.468088907016459443e-01 -8.426162565337250165e-02 9.191916961778608952e-01
2.768964218919587772e+00 -5.752382442637988813e-01 1.077535049092497310e+00 -1.785971276935923446e-01 -3.482678768472746711e-01 -5.946568307344531068e-02 9.183008137165614704e-01
2.775480945406706645e+00 -5.710700127839892781e-01 1.083788158943918001e+00 -1.902338324435784711e-01 -3.482207102384424768e-01 -3.678240614713906842e-02 9.171698209998463414e-01
2.780849625315199081e+00 -5.675125423312045170e-01 1.088784507018438763e+00 -2.004887151073066753e-01 -3.468306893640860089e-01 -1.652144046410030515e-02 9.161003165782911628e-01
2.786988095629181039e+00 -5.637911234288612849e-01 1.094379408102369222e+00 -2.081315081140914791e-01 -3.448356031996777094e-01 -7.692098217942652067e-04 9.152972688762478493e-01
2.797094688277032670e+00 -5.591081606912565727e-01 1.103741113217525882e+00 -2.096781576134404412e-01 -3.429372731172906086e-01 5.879974529397713652e-03 9.156388604828018529e-01
