-4.452462308108806610e-03 9.506114125251770020e-01 -2.659993059933185577e-02
-1.068236678838729858e-02 8.760324120521545410e-01 -2.079824544489383698e-02
-1.562761701643466949e-02 8.004040718078613281e-01 -1.518048252910375595e-02
-2.034960687160491943e-02 7.238962650299072266e-01 -1.232052780687808990e-02
-2.340050600469112396e-02 6.466964483261108398e-01 -9.163361974060535431e-03
-2.511619403958320618e-02 5.689340829849243164e-01 -6.633052136749029160e-03
-2.544051222503185272e-02 4.909552335739135742e-01 -4.227145109325647354e-03
-2.422915771603584290e-02 4.120702743530273438e-01 -2.044907771050930023e-03
-2.154528163373470306e-02 3.342885673046112061e-01 4.659977275878190994e-05
-1.772897131741046906e-02 2.533095777034759521e-01 2.119121141731739044e-03
-1.214044354856014252e-02 1.789554506540298462e-01 4.175426438450813293e-03
-6.092634983360767365e-03 8.724039793014526367e-02 7.829169742763042450e-03
-7.556304335594177246e-04 4.592555388808250427e-02 8.078439161181449890e-03
4.317642189562320709e-03 6.894129514694213867e-02 4.561678040772676468e-03
8.741636760532855988e-03 7.102477550506591797e-02 2.542823087424039841e-03
1.272203400731086731e-02 8.280444145202636719e-02 1.014022855088114738e-04
1.607090421020984650e-02 9.132444858551025391e-02 -2.002719324082136154e-03
1.871818490326404572e-02 1.019872352480888367e-01 -4.130593501031398773e-03
2.078374475240707397e-02 1.125770583748817444e-01 -6.156829185783863068e-03
2.222147025167942047e-02 1.239891946315765381e-01 -8.149164728820323944e-03
2.315647527575492859e-02 1.359089463949203491e-01 -1.012369990348815918e-02
2.363296970725059509e-02 1.484718024730682373e-01 -1.197517942637205124e-02
2.355374023318290710e-02 1.617502719163894653e-01 -1.398246642202138901e-02
2.332622185349464417e-02 1.757815480232238770e-01 -1.540953014045953751e-02
2.284938097000122070e-02 1.904790550470352173e-01 -1.659518666565418243e-02
2.186854556202888489e-02 2.059619128704071045e-01 -1.831220276653766632e-02
2.070250175893306732e-02 2.221567630767822266e-01 -1.967290602624416351e-02
1.925126463174819946e-02 2.392088621854782104e-01 -2.096931263804435730e-02
1.762781664729118347e-02 2.568409740924835205e-01 -2.195709198713302612e-02
1.559425890445709229e-02 2.755283713340759277e-01 -2.283188700675964355e-02
1.331198774278163910e-02 2.941398024559020996e-01 -2.306947298347949982e-02
1.056740432977676392e-02 3.140207231044769287e-01 -2.306282334029674530e-02
7.506062276661396027e-03 3.324814140796661377e-01 -2.307585626840591431e-02
4.528929479420185089e-03 3.528722226619720459e-01 -2.273441664874553680e-02
1.579939853399991989e-03 3.651660680770874023e-01 -2.165781334042549133e-02
-1.327643869444727898e-03 3.933957815170288086e-01 -2.128465473651885986e-02
-4.065191373229026794e-03 3.744165003299713135e-01 -1.776912249624729156e-02
-6.622804328799247742e-03 2.955691516399383545e-01 -1.038073934614658356e-02
-8.751467801630496979e-03 2.336543202400207520e-01 -3.963730297982692719e-03
-1.020668447017669678e-02 1.677887737751007080e-01 2.730168402194976807e-03
-1.103420928120613098e-02 9.189940989017486572e-02 9.990988299250602722e-03
-1.088251452893018723e-02 4.856469482183456421e-02 1.509648747742176056e-02
-9.726228192448616028e-03 5.101701617240905762e-02 1.715583913028240204e-02
-7.528841495513916016e-03 3.687670454382896423e-02 1.998343132436275482e-02
-4.198531154543161392e-03 2.975432947278022766e-02 2.206259965896606445e-02
3.622027579694986343e-04 1.774665527045726776e-02 2.408879250288009644e-02
6.135636009275913239e-03 1.066269818693399429e-02 2.544136531651020050e-02
1.309896726161241531e-02 -6.112932227551937103e-03 2.702216617763042450e-02
2.134181372821331024e-02 2.012848854064941406e-03 2.669546380639076233e-02
3.070246800780296326e-02 4.234725236892700195e-02 2.405958622694015503e-02
4.135148227214813232e-02 7.158900797367095947e-02 2.182225137948989868e-02
