0.000000000000000000e+00 0.000000000000000000e+00 0.000000000000000000e+00 0.000000000000000000e+00 0.000000000000000000e+00 0.000000000000000000e+00 1.000000000000000000e+00
8.772224932909011841e-02 4.808985628187656403e-03 2.508413232862949371e-02 -2.274763700288837814e-02 5.426907591981370085e-03 1.904704974650705054e-02 9.995450482998387010e-01
1.671917415174305199e-01 4.129725396258535422e-03 5.173628105075754602e-02 -4.674608597122161674e-02 1.229253203981478873e-02 3.953442858971466939e-02 9.980484587726721202e-01
2.387712498454387378e-01 5.073834032433220328e-03 7.786203744874270471e-02 -7.069827845356541074e-02 1.968773982188097918e-02 5.737318763240865926e-02 9.956517783167488922e-01
3.024478095712216374e-01 2.864941100633438837e-03 1.030277970944451782e-01 -9.438293212739598537e-02 2.832686143241805801e-02 7.608157316038667572e-02 9.922202604612873067e-01
3.587715507146712057e-01 1.818775268545187295e-03 1.257828254049812022e-01 -1.160757297376602964e-01 3.612367627297482370e-02 9.209826722021503820e-02 9.883012770169978811e-01
4.077636821879654372e-01 -1.091863430958764109e-03 1.456783982812892009e-01 -1.354050313283842732e-01 4.308300665197084545e-02 1.058957691135070794e-01 9.841724534412881198e-01
4.495552190115352786e-01 -3.158945898960254569e-03 1.625665187457603078e-01 -1.526582142450774449e-01 4.964853726120758981e-02 1.168096046172818758e-01 9.800948977729049272e-01
4.839602058729650658e-01 -4.286697559719674158e-03 1.768076541302928684e-01 -1.683426282071479319e-01 5.601566896641634041e-02 1.252086786014159903e-01 9.761382029003076166e-01
5.114675263324554022e-01 -4.836282109487532663e-03 1.870832744628154465e-01 -1.817106567517761118e-01 6.165893796658501042e-02 1.306852413712030758e-01 9.726771202610975386e-01
5.314392992274027394e-01 -5.451905285500389768e-03 1.948887929471135316e-01 -1.929909720326097033e-01 6.723482933431224051e-02 1.343764755498892405e-01 9.696272094248822304e-01
5.440680665930951454e-01 -6.750352408869950312e-03 1.993434219745416347e-01 -2.009038813219404807e-01 6.576369447929208967e-02 1.362626851083899582e-01 9.678560056151254143e-01
5.490099422676777419e-01 -4.391641012410386902e-03 2.008000570581174593e-01 -2.063882312135826569e-01 6.470231094831606355e-02 1.357825208385845250e-01 9.668405328745767191e-01
5.542094264242021229e-01 -1.267557861889572618e-03 2.024042409328595249e-01 -2.097622152785679206e-01 6.380527772444634371e-02 1.323262231932918198e-01 9.666532316354883303e-01
5.604293393568814396e-01 1.333818477137748652e-03 2.043685086100516524e-01 -2.114741880301204413e-01 6.300686962287219139e-02 1.275145386014105431e-01 9.669792369139045274e-01
5.663233319378250252e-01 6.236605426629290155e-03 2.061700057455638502e-01 -2.112827664683077644e-01 6.208458797140119223e-02 1.202932857170036784e-01 9.680054865243931106e-01
5.745651829393854104e-01 7.479983391200155547e-03 2.090826086696385422e-01 -2.103345480114017785e-01 6.130893973996076607e-02 1.121762138548627052e-01 9.692353114006884152e-01
5.838343546513273807e-01 6.287701830807446851e-03 2.121837459653537761e-01 -2.076373203033959058e-01 6.069583127697453923e-02 1.032849279000208620e-01 9.708424089168692372e-01
5.939526365385029427e-01 6.690035261559559160e-03 2.163172406408561954e-01 -2.044640316929940971e-01 6.049909112270920875e-02 9.340875007664238561e-02 9.725271847749510368e-01
6.045915668218108108e-01 5.220149774481517430e-03 2.218762417981799684e-01 -2.004551621304501152e-01 6.032656756229880235e-02 8.340326841113510081e-02 9.742804155066171479e-01
6.159754825583281246e-01 1.735203533397817934e-03 2.278416124894057926e-01 -1.960956826469825165e-01 6.010534360431951661e-02 7.333639301447446301e-02 9.759895513667383726e-01
6.289869966349759256e-01 -1.106810680947501249e-03 2.338554084521397569e-01 -1.910725245611627487e-01 5.993803409363580859e-02 6.363014103779814079e-02 9.776757783530917179e-01
6.434490310385385659e-01 -5.265635993358195460e-03 2.392383893201663614e-01 -1.846555464724739248e-01 5.934102738310546160e-02 5.433143005211126669e-02 9.795045009261377222e-01
6.594982822199600969e-01 -7.069793063964045429e-03 2.458293808546462567e-01 -1.779154663419087179e-01 5.919370835658358670e-02 4.566472730079199072e-02 9.812017755833308819e-01
6.765098366758309778e-01 -1.224134702466734767e-02 2.524518676568207609e-01 -1.706455474974224173e-01 5.884652145619002211e-02 3.815938998007076949e-02 9.828331725110625028e-01
6.945377874776863525e-01 -1.864462106545614409e-02 2.600862191408003232e-01 -1.635215414047766491e-01 5.877161820594792307e-02 3.221470734648616135e-02 9.842605422451111696e-01
7.153703863783444916e-01 -2.147040428851501939e-02 2.675342670024180025e-01 -1.563978793115064492e-01 5.887842770383912988e-02 2.761760614492393684e-02 9.855507607063226372e-01
7.373572426330998741e-01 -2.782795811531936503e-02 2.750846061567102652e-01 -1.496182123933125496e-01 5.865293394493820145e-02 2.541171634184412331e-02 9.866754626179987664e-01
7.613326878378733342e-01 -3.309588187162737505e-02 2.835861511012576774e-01 -1.435520085785952360e-01 5.907618609722821434e-02 2.503076715809259001e-02 9.875607757321743785e-01
7.871926979982138972e-01 -3.920655554838786000e-02 2.922165529838595122e-01 -1.380273664816437929e-01 5.991095751893708160e-02 2.779648868184218802e-02 9.882239009901886417e-01
8.144881369869552135e-01 -4.430733070270045926e-02 3.035110877575057930e-01 -1.344145145581870093e-01 6.190170955423327653e-02 3.332412237941705796e-02 9.884282571325002653e-01
8.431469341281611074e-01 -5.229396652158475878e-02 3.153030002192934722e-01 -1.313222696281201862e-01 5.663014462729272502e-02 4.194586593922692425e-02 9.888316502569178823e-01
8.731701131745839284e-01 -6.027666442645135403e-02 3.292672866207241866e-01 -1.297129755182637179e-01 5.123877115638585111e-02 5.315917000102601819e-02 9.887988849899578270e-01
9.059501281383451898e-01 -6.807684951750200830e-02 3.420179228744275601e-01 -1.293985690935625377e-01 4.534459000145132923e-02 6.629167266580084095e-02 9.883346055912993755e-01
9.417147031000629998e-01 -7.366623605387226381e-02 3.532405052171038728e-01 -1.295989082058457975e-01 3.865847744353598930e-02 8.226434398211016075e-02 9.873916258621973085e-01
9.790365251846705474e-01 -8.068452835143284652e-02 3.646872964811987972e-01 -1.303589144043962311e-01 3.190149788614191073e-02 1.002460811839240989e-01 9.858699564725532660e-01
1.017601165134088159e+00 -8.966190475909421864e-02 3.765286792770290436e-01 -1.310571682100383217e-01 2.491222640309815814e-02 1.195931754333258434e-01 9.838195322446999791e-01
1.050238436483694526e+00 -9.702906188953665245e-02 3.866428504200482563e-01 -1.322277222580403311e-01 1.762824293793532546e-02 1.400517754516434343e-01 9.811170035781736631e-01
1.076750930643116222e+00 -1.018007371647221271e-01 3.959441612505433250e-01 -1.348887263494958355e-01 1.087085583975222827e-02 1.612345316482085844e-01 9.775941293815675337e-01
1.098303802418218567e+00 -1.051709807814990433e-01 3.986733276028537887e-01 -1.359626647316357073e-01 3.281412330189198943e-03 1.816363739755116891e-01 9.739156091680737370e-01
1.111568227498197947e+00 -9.719879914169175794e-02 3.986201738437851749e-01 -1.367173417661816104e-01 -3.594117588464984612e-03 1.987633523257947010e-01 9.704579231225646252e-01
1.118673122454285851e+00 -9.148344592837172329e-02 3.994975331510019489e-01 -1.382118040452218199e-01 -9.789601368267597178e-03 2.175265821256702203e-01 9.661696781602803208e-01
1.127086990409628342e+00 -9.117147069743092302e-02 4.008376448969025452e-01 -1.396300869394502542e-01 -1.561713080715369968e-02 2.383131353537846497e-01 9.609715883232358147e-01
1.133793950473188206e+00 -8.817716821846431630e-02 4.035351438912699873e-01 -1.412755267705066431e-01 -1.922786003390877796e-02 2.585534359997926912e-01 9.554169956971320099e-01
1.139591006578593690e+00 -8.412103630356694561e-02 4.036353719120645556e-01 -1.422812570162658163e-01 -2.340384366603343730e-02 2.767753142865693183e-01 9.500545928551147323e-01
1.145224230742597049e+00 -8.135826292160716622e-02 4.036189542128230667e-01 -1.434989870180231053e-01 -2.692516114085232240e-02 2.949454501814195440e-01 9.442935231375995109e-01
1.148965109380423844e+00 -7.752266766064037917e-02 4.028024206786208206e-01 -1.443202709571626552e-01 -2.981303914515600478e-02 3.104926621782950202e-01 9.390831426562908923e-01
1.152510950988449245e+00 -7.469120999392639404e-02 4.026777613923329113e-01 -1.451418871400477206e-01 -3.123432766242035044e-02 3.251358042311575103e-01 9.339405538790253036e-01
1.154170624931036615e+00 -7.222576741619796126e-02 4.005953196606852340e-01 -1.457907007294504675e-01 -3.218404692345683271e-02 3.373997202709260734e-01 9.294464414185172885e-01
1.159845660438063142e+00 -7.088442401690336903e-02 4.004178792978114187e-01 -1.463730154878166712e-01 -3.162866335345476676e-02 3.474214978312208379e-01 9.256742790183750680e-01
1.168331635714428884e+00 -7.170836142562703186e-02 4.026512578374360496e-01 -1.468146207052006547e-01 -2.892404990294421621e-02 3.548425701845274727e-01 9.228735649422615817e-01
