0.000000000000000000e+00 0.000000000000000000e+00 0.000000000000000000e+00 1.097908569613892382e-11 6.009196612533074244e-12 1.359121148958308822e-11 9.999998211860656738e-01
3.630646318197250366e-02 -8.052241802215576172e-02 2.568520605564117432e-02 -1.160178184509277344e-01 8.529999852180480957e-02 1.829222589731216431e-01 9.725240468978881836e-01
9.444859623908996582e-02 -1.354561001062393188e-01 5.673011392354965210e-02 -2.209566831588745117e-01 1.629547625780105591e-01 3.444299697875976562e-01 8.977704048156738281e-01
1.666848659515380859e-01 -1.517892032861709595e-01 8.095686137676239014e-02 -3.181268572807312012e-01 2.266761064529418945e-01 4.825054705142974854e-01 7.839651703834533691e-01
2.343458980321884155e-01 -1.385844647884368896e-01 9.140849113464355469e-02 -4.093325436115264893e-01 2.841810584068298340e-01 6.097545027732849121e-01 6.163500547409057617e-01
2.869237065315246582e-01 -1.059938818216323853e-01 8.685136586427688599e-02 -4.755763709545135498e-01 3.251204490661621094e-01 6.994149684906005859e-01 4.230158627033233643e-01
3.182215988636016846e-01 -6.653678417205810547e-02 6.824458390474319458e-02 -5.137206315994262695e-01 3.482766747474670410e-01 7.495353221893310547e-01 2.301977127790451050e-01
3.303231298923492432e-01 -3.097936138510704041e-02 4.186871647834777832e-02 -5.305797457695007324e-01 3.546454310417175293e-01 7.674508690834045410e-01 6.108005344867706299e-02
3.294889330863952637e-01 -5.215544253587722778e-03 1.455788686871528625e-02 -5.332231521606445312e-01 3.503093123435974121e-01 7.653445005416870117e-01 -8.487618714570999146e-02
3.214503228664398193e-01 1.017240807414054871e-02 -9.417757391929626465e-03 -5.289434790611267090e-01 3.408322930335998535e-01 7.527880668640136719e-01 -1.932922452688217163e-01
3.130058050155639648e-01 1.862861961126327515e-02 -2.727331221103668213e-02 -5.210672616958618164e-01 3.292258679866790771e-01 7.377240061759948730e-01 -2.754309475421905518e-01
3.055228590965270996e-01 2.080367133021354675e-02 -3.848074376583099365e-02 -5.126948952674865723e-01 3.167993724346160889e-01 7.266219258308410645e-01 -3.298521637916564941e-01
3.016611039638519287e-01 1.881803199648857117e-02 -4.250783473253250122e-02 -5.103757977485656738e-01 3.026835918426513672e-01 7.249397039413452148e-01 -3.498019576072692871e-01
2.978461384773254395e-01 2.107079327106475830e-02 -4.723719507455825806e-02 -5.053858757019042969e-01 2.926577925682067871e-01 7.209979295730590820e-01 -3.729588985443115234e-01
2.938041985034942627e-01 2.405997738242149353e-02 -5.202388763427734375e-02 -5.004891157150268555e-01 2.838658392429351807e-01 7.157522439956665039e-01 -3.957641124725341797e-01
2.890912890434265137e-01 2.751440927386283875e-02 -5.734708532691001892e-02 -4.936156272888183594e-01 2.754810750484466553e-01 7.067484259605407715e-01 -4.253941178321838379e-01
2.834964394569396973e-01 3.100325539708137512e-02 -6.320588290691375732e-02 -4.856171607971191406e-01 2.666175067424774170e-01 6.947237253189086914e-01 -4.587481319904327393e-01
2.768248021602630615e-01 3.428064286708831787e-02 -6.967614591121673584e-02 -4.761488437652587891e-01 2.568174302577972412e-01 6.797056794166564941e-01 -4.953050911426544189e-01
2.690462768077850342e-01 3.723000362515449524e-02 -7.678874582052230835e-02 -4.637249112129211426e-01 2.454329282045364380e-01 6.593821048736572266e-01 -5.384580492973327637e-01
2.599886953830718994e-01 3.945703059434890747e-02 -8.450036495923995972e-02 -4.489018023014068604e-01 2.331866472959518433e-01 6.353415846824645996e-01 -5.834825634956359863e-01
2.496077567338943481e-01 4.041979834437370300e-02 -9.282504767179489136e-02 4.309649169445037842e-01 -2.188592106103897095e-01 -6.054154038429260254e-01 6.323303580284118652e-01
2.378936409950256348e-01 3.974316269159317017e-02 -1.015556603670120239e-01 4.104316532611846924e-01 -2.030896544456481934e-01 -5.713533163070678711e-01 6.810694932937622070e-01
2.249202430248260498e-01 3.713551536202430725e-02 -1.105871871113777161e-01 3.872112035751342773e-01 -1.876929551362991333e-01 -5.320310592651367188e-01 7.292335629463195801e-01
2.110172957181930542e-01 3.187191858887672424e-02 -1.197564452886581421e-01 3.595409095287322998e-01 -1.713386625051498413e-01 -4.841684401035308838e-01 7.790725827217102051e-01
1.964527368545532227e-01 2.367009222507476807e-02 -1.288508623838424683e-01 3.274715542793273926e-01 -1.547929495573043823e-01 -4.276348054409027100e-01 8.282087445259094238e-01
1.818347573280334473e-01 1.187501847743988037e-02 -1.374142915010452271e-01 2.922505140304565430e-01 -1.389808505773544312e-01 -3.636893630027770996e-01 8.735010623931884766e-01
1.678173094987869263e-01 -3.718158230185508728e-03 -1.452194899320602417e-01 2.535907924175262451e-01 -1.247669234871864319e-01 -2.902924418449401855e-01 9.142510890960693359e-01
1.554927676916122437e-01 -2.343453839421272278e-02 -1.518921554088592529e-01 2.099415659904479980e-01 -1.101846471428871155e-01 -2.036293148994445801e-01 9.499045610427856445e-01
1.463684439659118652e-01 -4.743646830320358276e-02 -1.565692424774169922e-01 1.634527742862701416e-01 -9.469883143901824951e-02 -1.112749725580215454e-01 9.756704568862915039e-01
1.420178115367889404e-01 -7.513211667537689209e-02 -1.586646735668182373e-01 1.097118780016899109e-01 -7.570669800043106079e-02 -7.752599194645881653e-03 9.910455942153930664e-01
1.437775343656539917e-01 -1.051515936851501465e-01 -1.574498116970062256e-01 4.872299358248710632e-02 -5.362352728843688965e-02 1.031937450170516968e-01 9.920188188552856445e-01
1.507882028818130493e-01 -1.361874490976333618e-01 -1.524643898010253906e-01 -1.723786443471908569e-02 -3.709087520837783813e-02 2.180737555027008057e-01 9.750747680664062500e-01
1.655995100736618042e-01 -1.656122207641601562e-01 -1.429436653852462769e-01 -8.561152219772338867e-02 -1.919151842594146729e-02 3.349245786666870117e-01 9.381512403488159180e-01
1.886712610721588135e-01 -1.899484694004058838e-01 -1.287901103496551514e-01 -1.540216058492660522e-01 2.168267965316772461e-04 4.476097822189331055e-01 8.808646798133850098e-01
2.177957594394683838e-01 -2.065263986587524414e-01 -1.108042299747467041e-01 -2.127039134502410889e-01 1.643726229667663574e-02 5.431662797927856445e-01 8.120696544647216797e-01
2.514850795269012451e-01 -2.140160202980041504e-01 -9.032987058162689209e-02 -2.650045454502105713e-01 3.164719045162200928e-02 6.270366907119750977e-01 7.318441867828369141e-01
2.872330546379089355e-01 -2.100130170583724976e-01 -7.001584768295288086e-02 -3.210291564464569092e-01 4.982786625623703003e-02 7.086237072944641113e-01 6.263464093208312988e-01
3.162440359592437744e-01 -1.953924894332885742e-01 -5.402093008160591125e-02 -3.571997880935668945e-01 6.133777648210525513e-02 7.599815726280212402e-01 5.395123958587646484e-01
3.274157047271728516e-01 -1.669038832187652588e-01 -4.973406344652175903e-02 -3.755527138710021973e-01 6.782402098178863525e-02 7.851516008377075195e-01 4.877466857433319092e-01
3.156207203865051270e-01 -1.482689529657363892e-01 -5.931624025106430054e-02 -3.767313957214355469e-01 6.784613430500030518e-02 7.901654839515686035e-01 4.786529839038848877e-01
3.061529994010925293e-01 -1.390483677387237549e-01 -6.591516733169555664e-02 -3.751182854175567627e-01 6.712228804826736450e-02 7.943014502525329590e-01 4.731447994709014893e-01
3.004800677299499512e-01 -1.325951218605041504e-01 -6.970541179180145264e-02 -3.737608492374420166e-01 6.751583516597747803e-02 7.992109656333923340e-01 4.658392369747161865e-01
2.950415611267089844e-01 -1.272327005863189697e-01 -7.329434156417846680e-02 -3.726066946983337402e-01 6.762234866619110107e-02 8.041574358940124512e-01 4.581725597381591797e-01
2.899756729602813721e-01 -1.221685260534286499e-01 -7.651776075363159180e-02 -3.714404106140136719e-01 6.802119314670562744e-02 8.087552189826965332e-01 4.509103000164031982e-01
2.852252423763275146e-01 -1.178869456052780151e-01 -7.950928807258605957e-02 -3.704464733600616455e-01 6.821624189615249634e-02 8.128595352172851562e-01 4.442693591117858887e-01
2.810086309909820557e-01 -1.140615791082382202e-01 -8.215877413749694824e-02 -3.699396848678588867e-01 6.851569563150405884e-02 8.168179988861083984e-01 4.373310804367065430e-01
2.772793471813201904e-01 -1.108952909708023071e-01 -8.445028215646743774e-02 -3.692183792591094971e-01 6.881083548069000244e-02 8.201012015342712402e-01 4.317135214805603027e-01
2.741166055202484131e-01 -1.082049161195755005e-01 -8.635091781616210938e-02 -3.689586818218231201e-01 6.927331537008285522e-02 8.227261304855346680e-01 4.268398880958557129e-01
2.716405093669891357e-01 -1.061834096908569336e-01 -8.786290884017944336e-02 -3.688166439533233643e-01 6.966673582792282104e-02 8.249009847640991211e-01 4.226806759834289551e-01
2.677565217018127441e-01 -1.027869582176208496e-01 -9.030455350875854492e-02 -3.688073158264160156e-01 7.017638534307479858e-02 8.259259462356567383e-01 4.205980598926544189e-01
2.623458206653594971e-01 -9.712985157966613770e-02 -9.439829736948013306e-02 -3.687236905097961426e-01 7.011293619871139526e-02 8.260716199874877930e-01 4.203957021236419678e-01
2.930988371372222900e-01 7.651887834072113037e-02 -6.154265999794006348e-02 -5.513933300971984863e-01 6.635719537734985352e-02 8.314052224159240723e-01 1.809175871312618256e-02
2.289460897445678711e-01 2.075114697217941284e-01 -1.273713111877441406e-01 -6.150487661361694336e-01 5.975218117237091064e-02 6.954590082168579102e-01 -3.667169213294982910e-01
1.404210627079010010e-01 2.223578989505767822e-01 -2.408753335475921631e-01 5.634803175926208496e-01 -3.228096291422843933e-02 -4.253433942794799805e-01 7.074819207191467285e-01
1.125864684581756592e-01 1.401895731687545776e-01 -3.366956412792205811e-01 3.926978707313537598e-01 4.226239863783121109e-03 -5.226586386561393738e-02 9.181713461875915527e-01
1.692935228347778320e-01 4.909463599324226379e-02 -3.743323087692260742e-01 1.536935567855834961e-01 3.829832747578620911e-02 3.162106275558471680e-01 9.353727102279663086e-01
2.621954977512359619e-01 1.907710731029510498e-02 -3.649690747261047363e-01 -7.524406909942626953e-02 6.093826144933700562e-02 5.803725719451904297e-01 8.085742592811584473e-01
3.365216851234436035e-01 4.724987223744392395e-02 -3.433492183685302734e-01 -2.681213617324829102e-01 7.247935235500335693e-02 7.438615560531616211e-01 6.078877449035644531e-01
3.733504414558410645e-01 1.014048755168914795e-01 -3.311336338520050049e-01 -4.030696451663970947e-01 7.517269253730773926e-02 8.172323107719421387e-01 4.049877226352691650e-01
3.824496269226074219e-01 1.514019370079040527e-01 -3.308613300323486328e-01 -4.898635745048522949e-01 7.205608487129211426e-02 8.369243741035461426e-01 2.332359552383422852e-01
3.778625130653381348e-01 1.853206455707550049e-01 -3.376799523830413818e-01 -5.432282090187072754e-01 6.190994754433631897e-02 8.314504623413085938e-01 9.879335761070251465e-02
3.695455193519592285e-01 2.002529203891754150e-01 -3.461650311946868896e-01 -5.710578560829162598e-01 4.511880874633789062e-02 8.193746209144592285e-01 2.196215838193893433e-02
3.632759749889373779e-01 2.092425525188446045e-01 -3.508580029010772705e-01 -5.860387086868286133e-01 2.624851651489734650e-02 8.095749616622924805e-01 -2.139258012175559998e-02
3.576782643795013428e-01 2.211623936891555786e-01 -3.526138663291931152e-01 -5.982925891876220703e-01 1.327631715685129166e-02 7.983272671699523926e-01 -6.740317493677139282e-02
3.508668839931488037e-01 2.343264967203140259e-01 -3.540464043617248535e-01 -6.100393533706665039e-01 3.734759986400604248e-03 7.833772897720336914e-01 -1.189870238304138184e-01
3.420222103595733643e-01 2.483092993497848511e-01 -3.563207685947418213e-01 -6.227628588676452637e-01 -3.599971532821655273e-03 7.605200409889221191e-01 -1.837461143732070923e-01
3.304449617862701416e-01 2.624153494834899902e-01 -3.602830171585083008e-01 -6.339319944381713867e-01 -1.001240126788616180e-02 7.302113771438598633e-01 -2.545998394489288330e-01
3.159589469432830811e-01 2.759613394737243652e-01 -3.664948344230651855e-01 -6.427124738693237305e-01 -1.615836285054683685e-02 6.880184412002563477e-01 -3.365858197212219238e-01
2.984443902969360352e-01 2.878901362419128418e-01 -3.755127191543579102e-01 -6.461571455001831055e-01 -2.078552916646003723e-02 6.343419551849365234e-01 -4.238619804382324219e-01
2.782263159751892090e-01 2.964604198932647705e-01 -3.882952034473419189e-01 6.423387527465820312e-01 2.452852763235569000e-02 -5.662103891372680664e-01 5.159505009651184082e-01
2.562471330165863037e-01 2.999058663845062256e-01 -4.051787555217742920e-01 6.291807889938354492e-01 2.745649777352809906e-02 -4.829039275646209717e-01 6.084251999855041504e-01
2.339632064104080200e-01 2.966716587543487549e-01 -4.258904159069061279e-01 6.055040359497070312e-01 2.801902778446674347e-02 -3.880292773246765137e-01 6.942715048789978027e-01
2.137365788221359253e-01 2.855387330055236816e-01 -4.500595331192016602e-01 5.690964460372924805e-01 2.327785640954971313e-02 -2.736126184463500977e-01 7.750633955001831055e-01
1.988846063613891602e-01 2.654237449169158936e-01 -4.765352010726928711e-01 5.178037285804748535e-01 1.379628479480743408e-02 -1.412692666053771973e-01 8.436419963836669922e-01
1.928247213363647461e-01 2.367468923330307007e-01 -5.031207203865051270e-01 4.509702622890472412e-01 -1.389889512211084366e-03 6.711654365062713623e-03 8.925125598907470703e-01
1.990645080804824829e-01 2.015154808759689331e-01 -5.267920494079589844e-01 3.716753423213958740e-01 -2.256210334599018097e-02 1.638187766075134277e-01 9.135161042213439941e-01
2.202238440513610840e-01 1.641196459531784058e-01 -5.443175435066223145e-01 2.762137055397033691e-01 -4.964769631624221802e-02 3.354749083518981934e-01 8.992761373519897461e-01
2.574217617511749268e-01 1.312929391860961914e-01 -5.511382222175598145e-01 1.673243790864944458e-01 -7.684925943613052368e-02 5.045484304428100586e-01 8.435208797454833984e-01
3.070766925811767578e-01 1.116038858890533447e-01 -5.438148379325866699e-01 4.242689162492752075e-02 -1.027237772941589355e-01 6.621928811073303223e-01 7.410453557968139648e-01
3.603876233100891113e-01 1.134535074234008789e-01 -5.212614536285400391e-01 -9.821048378944396973e-02 -1.247273460030555725e-01 7.939286231994628906e-01 5.869199633598327637e-01
4.045845568180084229e-01 1.397514939308166504e-01 -4.866722822189331055e-01 -2.380840331315994263e-01 -1.465833485126495361e-01 8.818209767341613770e-01 3.797642588615417480e-01
4.265923798084259033e-01 1.877841800451278687e-01 -4.470146894454956055e-01 -3.587400913238525391e-01 -1.629606932401657104e-01 9.092478156089782715e-01 1.342293024063110352e-01
4.129980206489562988e-01 2.489743679761886597e-01 -4.156602323055267334e-01 -4.558128118515014648e-01 -1.657288521528244019e-01 8.646069765090942383e-01 -1.312374472618103027e-01
3.638956546783447266e-01 3.032649159431457520e-01 -4.053468704223632812e-01 -5.150201916694641113e-01 -1.550697386264801025e-01 7.509070038795471191e-01 -3.832049965858459473e-01
2.939686179161071777e-01 3.333387374877929688e-01 -4.202307164669036865e-01 -5.305353999137878418e-01 -1.314120888710021973e-01 5.967307090759277344e-01 -5.875162482261657715e-01
2.234374582767486572e-01 3.293390870094299316e-01 -4.598408937454223633e-01 5.099987983703613281e-01 9.805379807949066162e-02 -3.835768699645996094e-01 7.636461257934570312e-01
1.808456778526306152e-01 2.912436723709106445e-01 -5.103675127029418945e-01 4.569017887115478516e-01 6.155243143439292908e-02 -1.671326160430908203e-01 8.715035915374755859e-01
1.846060454845428467e-01 2.398866266012191772e-01 -5.474286675453186035e-01 4.044128358364105225e-01 3.360495343804359436e-02 -1.565410383045673370e-02 9.138248562812805176e-01
2.278153598308563232e-01 2.139323353767395020e-01 -5.499607920646667480e-01 3.783430755138397217e-01 2.002300694584846497e-02 4.976279288530349731e-02 9.241098761558532715e-01
2.623690962791442871e-01 2.148094922304153442e-01 -5.356133580207824707e-01 3.735095560550689697e-01 1.101797446608543396e-02 6.204213947057723999e-02 9.254835247993469238e-01
2.843497991561889648e-01 2.161405980587005615e-01 -5.248581171035766602e-01 3.698601722717285156e-01 7.650484330952167511e-04 7.469725608825683594e-02 9.260793924331665039e-01
2.999073565006256104e-01 2.174012660980224609e-01 -5.165563225746154785e-01 3.661002218723297119e-01 -1.012624055147171021e-02 8.892362564802169800e-02 9.262615442276000977e-01
3.140445649623870850e-01 2.188844531774520874e-01 -5.084927678108215332e-01 3.616171181201934814e-01 -2.070264704525470734e-02 1.036764383316040039e-01 9.263128638267517090e-01
3.265967667102813721e-01 2.206319272518157959e-01 -5.006706714630126953e-01 3.580108284950256348e-01 -3.037547133862972260e-02 1.166745573282241821e-01 9.259008765220642090e-01
3.376297652721405029e-01 2.225461602210998535e-01 -4.934175610542297363e-01 3.533462584018707275e-01 -3.921992331743240356e-02 1.300372630357742310e-01 9.255800247192382812e-01
3.470840156078338623e-01 2.244640439748764038e-01 -4.868247210979461670e-01 3.495357334613800049e-01 -4.721831157803535461e-02 1.419156342744827271e-01 9.249081015586853027e-01
3.549705147743225098e-01 2.262277752161026001e-01 -4.810250699520111084e-01 3.460652232170104980e-01 -5.354331433773040771e-02 1.522339135408401489e-01 9.242275953292846680e-01
3.613514900207519531e-01 2.277805358171463013e-01 -4.761966466903686523e-01 3.431265056133270264e-01 -5.862972885370254517e-02 1.613124459981918335e-01 9.234743714332580566e-01
3.684756457805633545e-01 2.295781224966049194e-01 -4.708256125450134277e-01 3.410518169403076172e-01 -6.188078224658966064e-02 1.680518537759780884e-01 9.228287339210510254e-01
3.804201185703277588e-01 2.320854812860488892e-01 -4.629036486148834229e-01 3.402906060218811035e-01 -6.239292398095130920e-02 1.709538698196411133e-01 9.225421547889709473e-01
