2.616429710388183594e+01 -2.226403045654296875e+01 -9.312875270843505859e-01 -9.828075766563415527e-02 1.950348913669586182e-01 7.394629120826721191e-01 6.367863416671752930e-01
2.616370773315429688e+01 -2.217281532287597656e+01 -9.335852861404418945e-01 -1.150438413023948669e-01 1.832592785358428955e-01 7.594122290611267090e-01 6.135743856430053711e-01
2.616245651245117188e+01 -2.208924102783203125e+01 -9.353208541870117188e-01 -1.317146122455596924e-01 1.714169234037399292e-01 7.774053812026977539e-01 5.906838178634643555e-01
2.616058349609375000e+01 -2.201340293884277344e+01 -9.367495775222778320e-01 -1.481141895055770874e-01 1.596853435039520264e-01 7.933974862098693848e-01 5.684019327163696289e-01
2.615820693969726562e+01 -2.194537925720214844e+01 -9.379377365112304688e-01 -1.640750914812088013e-01 1.482435017824172974e-01 8.073756098747253418e-01 5.470317602157592773e-01
2.615547943115234375e+01 -2.188521766662597656e+01 -9.389135837554931641e-01 -1.794411689043045044e-01 1.372694373130798340e-01 8.193556070327758789e-01 5.268856883049011230e-01
2.615253639221191406e+01 -2.183297348022460938e+01 -9.397013783454895020e-01 -1.940698474645614624e-01 1.269402951002120972e-01 8.293761014938354492e-01 5.082823634147644043e-01
2.614953613281250000e+01 -2.178866386413574219e+01 -9.403188824653625488e-01 -2.078232318162918091e-01 1.174263283610343933e-01 8.374946117401123047e-01 4.915428757667541504e-01
2.614662933349609375e+01 -2.175233078002929688e+01 -9.407764077186584473e-01 -2.205964475870132446e-01 1.089067459106445312e-01 8.437734842300415039e-01 4.769827723503112793e-01
2.614395523071289062e+01 -2.172395896911621094e+01 -9.410777091979980469e-01 -2.322049587965011597e-01 1.015076264739036560e-01 8.482971787452697754e-01 4.649271667003631592e-01
2.614165306091308594e+01 -2.170362854003906250e+01 -9.412234425544738770e-01 -2.427945137023925781e-01 9.553124755620956421e-02 8.510635495185852051e-01 4.556340873241424561e-01
2.613986968994140625e+01 -2.169127082824707031e+01 -9.411408901214599609e-01 -2.468521744012832642e-01 8.807589858770370483e-02 8.535132408142089844e-01 4.503421485424041748e-01
2.613856315612792969e+01 -2.168706893920898438e+01 -9.408201575279235840e-01 -2.498845607042312622e-01 8.211401104927062988e-02 8.544831275939941406e-01 4.479496181011199951e-01
2.613769912719726562e+01 -2.168251609802246094e+01 -9.407870173454284668e-01 -2.523148953914642334e-01 7.769213616847991943e-02 8.541024327278137207e-01 4.481006562709808350e-01
2.613722801208496094e+01 -2.167712974548339844e+01 -9.410486817359924316e-01 -2.541512250900268555e-01 7.464545965194702148e-02 8.525696992874145508e-01 4.504922330379486084e-01
2.613709831237792969e+01 -2.167099571228027344e+01 -9.415724873542785645e-01 -2.554743885993957520e-01 7.286883145570755005e-02 8.500394821166992188e-01 4.547942876815795898e-01
2.613726806640625000e+01 -2.166397857666015625e+01 -9.423586130142211914e-01 -2.563162446022033691e-01 7.224512845277786255e-02 8.466641902923583984e-01 4.606765806674957275e-01
2.613766479492187500e+01 -2.165605163574218750e+01 -9.433846473693847656e-01 -2.566996812820434570e-01 7.266491651535034180e-02 8.425915837287902832e-01 4.678071439266204834e-01
2.613822937011718750e+01 -2.164714241027832031e+01 -9.446450471878051758e-01 -2.566350400447845459e-01 7.402003556489944458e-02 8.379725813865661621e-01 4.758565127849578857e-01
2.613890838623046875e+01 -2.163719749450683594e+01 -9.461315870285034180e-01 -2.561267614364624023e-01 7.620447874069213867e-02 8.329635262489318848e-01 4.845002591609954834e-01
2.613964271545410156e+01 -2.162615394592285156e+01 -9.478434324264526367e-01 -2.551780343055725098e-01 7.911242544651031494e-02 8.277299404144287109e-01 4.934206306934356689e-01
2.614039421081542969e+01 -2.161393737792968750e+01 -9.497667551040649414e-01 -2.537948787212371826e-01 8.263956755399703979e-02 8.224462270736694336e-01 5.023096799850463867e-01
2.614110946655273438e+01 -2.160050010681152344e+01 -9.519014358520507812e-01 -2.519901096820831299e-01 8.668054640293121338e-02 8.172968626022338867e-01 5.108680725097656250e-01
2.614175033569335938e+01 -2.158574485778808594e+01 -9.542428255081176758e-01 -2.497859895229339600e-01 9.113036841154098511e-02 8.124739527702331543e-01 5.188064575195312500e-01
2.614232063293457031e+01 -2.156960487365722656e+01 -9.567127823829650879e-01 -2.472176253795623779e-01 9.588444977998733521e-02 8.081758618354797363e-01 5.258445143699645996e-01
2.614276123046875000e+01 -2.155200958251953125e+01 -9.593546390533447266e-01 -2.443345636129379272e-01 1.008377224206924438e-01 8.046039342880249023e-01 5.317095518112182617e-01
2.614305305480957031e+01 -2.153287506103515625e+01 -9.621639251708984375e-01 -2.412050515413284302e-01 1.058860197663307190e-01 8.019585013389587402e-01 5.361346602439880371e-01
2.614317512512207031e+01 -2.151212120056152344e+01 -9.651228785514831543e-01 -2.379081845283508301e-01 1.109196841716766357e-01 8.004362583160400391e-01 5.388578176498413086e-01
2.614310646057128906e+01 -2.148966789245605469e+01 -9.682089686393737793e-01 -2.345674335956573486e-01 1.158424541354179382e-01 8.002167344093322754e-01 5.396118164062500000e-01
2.614282035827636719e+01 -2.146543693542480469e+01 -9.713992476463317871e-01 -2.312299311161041260e-01 1.204888746142387390e-01 8.014878034591674805e-01 5.381467342376708984e-01
2.614227867126464844e+01 -2.143935775756835938e+01 -9.746663570404052734e-01 -2.283159047365188599e-01 1.249204948544502258e-01 8.043237328529357910e-01 5.341347455978393555e-01
2.614146614074707031e+01 -2.141140937805175781e+01 -9.779404997825622559e-01 -2.197889536619186401e-01 1.249006912112236023e-01 8.103644847869873047e-01 5.285565853118896484e-01
2.614032745361328125e+01 -2.138150787353515625e+01 -9.812377691268920898e-01 -2.106175273656845093e-01 1.238921359181404114e-01 8.181630373001098633e-01 5.204524993896484375e-01
2.613886070251464844e+01 -2.134977149963378906e+01 -9.845235347747802734e-01 -2.011677175760269165e-01 1.221825703978538513e-01 8.273463249206542969e-01 5.099728107452392578e-01
2.613707351684570312e+01 -2.131622695922851562e+01 -9.877574443817138672e-01 -1.914406418800354004e-01 1.198083236813545227e-01 8.376254439353942871e-01 4.973449707031250000e-01
2.613496780395507812e+01 -2.128110694885253906e+01 -9.909005761146545410e-01 -1.815385371446609497e-01 1.168738454580307007e-01 8.486917614936828613e-01 4.827824831008911133e-01
2.613255500793457031e+01 -2.124417495727539062e+01 -9.939409494400024414e-01 -1.715418398380279541e-01 1.134688630700111389e-01 8.602526783943176270e-01 4.665152132511138916e-01
2.612985610961914062e+01 -2.121343612670898438e+01 -9.963617324829101562e-01 -1.615431904792785645e-01 1.096907332539558411e-01 8.720302581787109375e-01 4.487853050231933594e-01
2.612689781188964844e+01 -2.118935203552246094e+01 -9.981219768524169922e-01 -1.516391336917877197e-01 1.056391820311546326e-01 8.837688565254211426e-01 4.298509955406188965e-01
2.612373924255371094e+01 -2.117192459106445312e+01 -9.992163181304931641e-01 -1.419329345226287842e-01 1.014181375503540039e-01 8.952388167381286621e-01 4.099874794483184814e-01
2.612044143676757812e+01 -2.116119194030761719e+01 -9.996420741081237793e-01 -1.325340569019317627e-01 9.713531285524368286e-02 9.062405824661254883e-01 3.894871771335601807e-01
2.611708831787109375e+01 -2.115745925903320312e+01 -9.993864297866821289e-01 -1.235573068261146545e-01 9.290131181478500366e-02 9.166072607040405273e-01 3.686554133892059326e-01
2.611378479003906250e+01 -2.115477371215820312e+01 -9.988368749618530273e-01 -1.151218488812446594e-01 8.882997930049896240e-02 9.262044429779052734e-01 3.478136956691741943e-01
2.611063194274902344e+01 -2.115290451049804688e+01 -9.980328083038330078e-01 -1.073513627052307129e-01 8.503760397434234619e-02 9.349310398101806641e-01 3.272941410541534424e-01
2.610773658752441406e+01 -2.115200614929199219e+01 -9.969919323921203613e-01 -1.003723442554473877e-01 8.164215087890625000e-02 9.427168965339660645e-01 3.074377477169036865e-01
2.610522079467773438e+01 -2.115205001831054688e+01 -9.957507252693176270e-01 -9.431386739015579224e-02 7.876286655664443970e-02 9.495210051536560059e-01 2.885907590389251709e-01
2.610320854187011719e+01 -2.115312004089355469e+01 -9.943400025367736816e-01 -8.930699527263641357e-02 7.651993632316589355e-02 9.553250670433044434e-01 2.711020708084106445e-01
2.610181808471679688e+01 -2.115514755249023438e+01 -9.927986860275268555e-01 -8.548329770565032959e-02 7.503399997949600220e-02 9.601284265518188477e-01 2.553214728832244873e-01
2.610118675231933594e+01 -2.115832328796386719e+01 -9.911520481109619141e-01 -8.297492563724517822e-02 7.442584633827209473e-02 9.639399051666259766e-01 2.415962070226669312e-01
2.610142898559570312e+01 -2.115838050842285156e+01 -9.896973371505737305e-01 -8.191389590501785278e-02 7.481636106967926025e-02 9.667685031890869141e-01 2.302691042423248291e-01
2.610267829895019531e+01 -2.115513038635253906e+01 -9.884744286537170410e-01 -8.243180066347122192e-02 7.632654905319213867e-02 9.686129093170166016e-01 2.216768860816955566e-01
