0.000000000000000000e+00 0.000000000000000000e+00 0.000000000000000000e+00 0.000000000000000000e+00 0.000000000000000000e+00 0.000000000000000000e+00 1.000000000000000000e+00
8.338492363691329956e-02 -1.005610916763544083e-02 3.565927594900131226e-02 -2.556730755939157912e-02 7.177620983654279564e-03 2.540112625681175892e-02 9.993245605538092491e-01
1.594826603000128740e-01 -1.864660904285371859e-02 6.886201889736814907e-02 -5.067653313038685686e-02 1.467270402476154346e-02 4.973739025566572408e-02 9.973679324888293785e-01
2.282206263994533413e-01 -2.581184305526187245e-02 9.954608043823816310e-02 -7.514987290437735723e-02 2.209130241640867853e-02 7.194847598293536983e-02 9.943278572803517790e-01
2.895784072222464811e-01 -3.175446262987744600e-02 1.274969763310937476e-01 -9.857804686071894307e-02 2.942332245973881821e-02 9.259263046876389791e-02 9.903753033852525922e-01
3.435143634584402750e-01 -3.656662465839398413e-02 1.526606465916381938e-01 -1.208161058818200129e-01 3.657045747600517344e-02 1.109838343272813721e-01 9.857731274068912697e-01
3.899301544310674883e-01 -4.054513339307666553e-02 1.750675814534252417e-01 -1.415384079882819057e-01 4.333549385744999566e-02 1.272830485885881324e-01 9.807588590363427450e-01
4.288997226851624101e-01 -4.329241989329928042e-02 1.945549848538501159e-01 -1.605278910448936225e-01 4.983808042690171525e-02 1.411333331807037572e-01 9.756169044257817502e-01
4.601998530734678905e-01 -4.567768998649995166e-02 2.113458337622665384e-01 -1.776096063330606656e-01 5.608441731207138709e-02 1.525601219118309093e-01 9.705847593462550993e-01
4.839024279521459415e-01 -4.748964199855494617e-02 2.253551992559921779e-01 -1.925913478401460877e-01 6.179555494885975025e-02 1.611079458499873329e-01 9.659886706942664159e-01
5.000122961042958725e-01 -4.892196292421486375e-02 2.364155859538903115e-01 -2.052883015136405531e-01 6.746524867681860660e-02 1.670612374654083798e-01 9.619748938611372147e-01
5.091436845840574543e-01 -4.998400827823929610e-02 2.440847668442953089e-01 -2.143491579407794667e-01 6.637499654621270562e-02 1.710408712214410987e-01 9.593715748839858337e-01
5.120937256667745796e-01 -4.974153060842746027e-02 2.490541992790855086e-01 -2.209335411977280395e-01 6.500079648431417167e-02 1.722651174654580564e-01 9.577515315231025506e-01
5.155400360972672846e-01 -5.004635549554229540e-02 2.544749432596091765e-01 -2.256681073513956692e-01 6.398645044712783503e-02 1.709880233365961288e-01 9.569444787233268856e-01
5.199330767807994746e-01 -5.089236440034208830e-02 2.602733902101027064e-01 -2.285210696007176634e-01 6.312180891579492747e-02 1.678159356029493843e-01 9.568863933327971250e-01
5.249997075956256420e-01 -5.286217720736108294e-02 2.663613905988003183e-01 -2.291635668726878239e-01 6.247055238219724471e-02 1.626200554897748729e-01 9.576722859390641718e-01
5.307025506795296499e-01 -5.481213952802094919e-02 2.731318525434803801e-01 -2.291325441689537334e-01 6.206261321930885838e-02 1.561743049766247393e-01 9.587784393216824963e-01
5.369450548330436668e-01 -5.813659113878937024e-02 2.801234269550018086e-01 -2.272534964727490892e-01 6.173312836450018520e-02 1.485513663853088584e-01 9.604568500189376579e-01
5.443693906346839251e-01 -6.059122798869194526e-02 2.876368580106520301e-01 -2.246509683114356060e-01 6.176627941340253475e-02 1.399105639808700119e-01 9.623626672158032136e-01
5.516361073952965599e-01 -6.396305917854226697e-02 2.962367765545114162e-01 -2.208878520351009456e-01 6.146195325218056088e-02 1.306211919124943832e-01 9.645564210294311769e-01
5.598228470705499671e-01 -6.770311611498040782e-02 3.051748231936664002e-01 -2.164374787493508479e-01 6.133814453070823847e-02 1.209849535367426981e-01 9.668273324828308146e-01
5.691732839513342634e-01 -7.143955206029077576e-02 3.143957619604158538e-01 -2.113867792248489419e-01 6.132085301537895661e-02 1.116684298695147376e-01 9.690642622266536499e-01
5.795720310529326458e-01 -7.601838142702263545e-02 3.236606817123011681e-01 -2.051062552821266705e-01 6.131761438985110918e-02 1.027436794838920558e-01 9.713986362641199301e-01
5.912536592618815590e-01 -7.967436327538575391e-02 3.335452359439905479e-01 -1.986788455424748912e-01 6.143964273813616594e-02 9.465724705290255725e-02 9.735460401103203099e-01
6.040331987047625750e-01 -8.410030191155105916e-02 3.436674551425887292e-01 -1.918893561204016440e-01 6.158408220807381345e-02 8.770566395258594383e-02 9.755478421568688496e-01
6.178096436245936740e-01 -8.882799600782173566e-02 3.544272974692103118e-01 -1.850320742279232822e-01 6.179490680239299594e-02 8.204447127462170808e-02 9.773501039716849803e-01
6.332177561806658916e-01 -9.315206938864781239e-02 3.653921120237202391e-01 -1.783390268512036747e-01 6.208027798267851116e-02 7.816922914314733406e-02 9.788926407949571917e-01
6.498410314172649027e-01 -9.763398388121236060e-02 3.770323372713636489e-01 -1.719461703197538438e-01 6.245052223105924949e-02 7.631833415790317821e-02 9.801581294142290846e-01
6.678793979262818148e-01 -1.020548906622119611e-01 3.892784894634728765e-01 -1.660542592118420813e-01 6.295179131582324950e-02 7.660282850906426078e-02 9.811192902150820405e-01
6.874185829499106504e-01 -1.064616489153431267e-01 4.021321346087570192e-01 -1.607095721729961679e-01 6.380495765943236530e-02 7.974176534713971198e-02 9.817039327869540033e-01
7.085330523395170221e-01 -1.106422518915739367e-01 4.156738871747271968e-01 -1.566522402280057236e-01 6.494550058954401406e-02 8.551034210078237163e-02 9.817994392840768691e-01
7.307546305872559822e-01 -1.150956615148384654e-01 4.305290567545934088e-01 -1.528394024375885896e-01 5.914967898361792736e-02 9.514000951910576986e-02 9.818807519894461322e-01
7.542425836664001793e-01 -1.196320825574294644e-01 4.466487159333591972e-01 -1.500493344870378054e-01 5.254278459734409990e-02 1.077937306337718726e-01 9.813791136165513906e-01
7.795192537500684749e-01 -1.238906216312535696e-01 4.631920265222129185e-01 -1.482347261149602191e-01 4.548663964225949097e-02 1.228073589647083741e-01 9.802427169695224762e-01
8.065280711650057999e-01 -1.273724905501870397e-01 4.802934934873131501e-01 -1.470460906776047127e-01 3.821549400215076137e-02 1.402620707547522494e-01 9.783882535794233837e-01
8.348793085317496310e-01 -1.304474771078893980e-01 4.980646927824365910e-01 -1.465234488519776557e-01 3.077963771496121034e-02 1.597355007024682527e-01 9.757397514983128239e-01
8.641679096542548288e-01 -1.350246652155480398e-01 5.172105082573230650e-01 -1.464385761401149066e-01 2.326098698505940296e-02 1.807084157357250753e-01 9.722958080670824899e-01
8.877268088628661458e-01 -1.385214823307548138e-01 5.342623698625288409e-01 -1.467563476477680429e-01 1.555569983086247526e-02 2.029063254836331875e-01 9.680132321960218666e-01
9.058010821191820883e-01 -1.391978635718093271e-01 5.484988340800589501e-01 -1.481353890343876378e-01 8.062517606334329914e-03 2.258053337669783112e-01 9.628098740498363117e-01
9.192327086716740592e-01 -1.403312560691815647e-01 5.590572223596971257e-01 -1.495133438082030808e-01 8.385852516074799494e-04 2.492937240763454243e-01 9.568164379515083917e-01
9.261905314405254330e-01 -1.395894482512521906e-01 5.689606860957568957e-01 -1.517334650511103777e-01 -5.711449379137729411e-03 2.730138732079080421e-01 9.499514513729580001e-01
9.296993921850148501e-01 -1.350511598950615566e-01 5.767055113333059424e-01 -1.535300672356321450e-01 -1.219739630017777250e-02 2.957624177372669139e-01 9.427641986373501704e-01
9.333844661504483442e-01 -1.323191404295020468e-01 5.854588323851001030e-01 -1.550511454947574586e-01 -1.798830499521519161e-02 3.187808742606002554e-01 9.348873287032026802e-01
9.369431462815795975e-01 -1.276082299057145764e-01 5.938542180369842383e-01 -1.567377627169710130e-01 -2.287030462434632219e-02 3.406505784652741342e-01 9.267509947640424350e-01
9.401861115377680989e-01 -1.206195518295854752e-01 6.014195116792753204e-01 -1.580225245489871311e-01 -2.697494547852210406e-02 3.613447785285429648e-01 9.185484119423176219e-01
9.440784626244603794e-01 -1.133978116707287792e-01 6.094112492543505288e-01 -1.595234144246600594e-01 -3.016341372249280867e-02 3.805425349347186792e-01 9.104009159861177203e-01
9.465991606360545374e-01 -1.043180146148868087e-01 6.172541431038522930e-01 -1.606580039120905912e-01 -3.245721240442718536e-02 3.977989959512579499e-01 9.027134063267742148e-01
9.497109236873799709e-01 -9.356075282778839042e-02 6.241476507024182885e-01 -1.615805402191767548e-01 -3.390968811140331746e-02 4.134222888556015052e-01 8.954461866310348128e-01
9.510876011976635569e-01 -8.233020470754383313e-02 6.327873053116656044e-01 -1.624549968353974083e-01 -3.399984315653530043e-02 4.264566195542382476e-01 8.891496703631587284e-01
9.559916038438689423e-01 -7.205035188625029396e-02 6.405534581021168350e-01 -1.630992678914432725e-01 -3.275881780314406078e-02 4.360527495065717463e-01 8.844113795724105609e-01
9.653267622891656963e-01 -7.087241201599139839e-02 6.511435308102381248e-01 -1.637280740429243597e-01 -3.003302621318064761e-02 4.435685792892871682e-01 8.806463822522389018e-01
