2.616429710388183594e+01 -2.226403045654296875e+01 -9.312875270843505859e-01 -9.828075766563415527e-02 1.950348913669586182e-01 7.394629120826721191e-01 6.367863416671752930e-01
2.616371154785156250e+01 -2.217281150817871094e+01 -9.335786104202270508e-01 -1.150443106889724731e-01 1.832592338323593140e-01 7.594124078750610352e-01 6.135741472244262695e-01
2.616242408752441406e+01 -2.208921241760253906e+01 -9.351670742034912109e-01 -1.317156404256820679e-01 1.714167892932891846e-01 7.774057388305664062e-01 5.906830430030822754e-01
2.616046714782714844e+01 -2.201332473754882812e+01 -9.363165497779846191e-01 -1.481155753135681152e-01 1.596851795911788940e-01 7.933979034423828125e-01 5.684009790420532227e-01
2.615795707702636719e+01 -2.194522857666015625e+01 -9.370990991592407227e-01 -1.640767455101013184e-01 1.482433974742889404e-01 8.073759675025939941e-01 5.470307469367980957e-01
2.615505027770996094e+01 -2.188497734069824219e+01 -9.375455379486083984e-01 -1.794431060552597046e-01 1.372694075107574463e-01 8.193559646606445312e-01 5.268845558166503906e-01
2.615189170837402344e+01 -2.183260917663574219e+01 -9.376911520957946777e-01 -1.940719783306121826e-01 1.269402801990509033e-01 8.293763995170593262e-01 5.082810521125793457e-01
2.614862823486328125e+01 -2.178816223144531250e+01 -9.375577569007873535e-01 -2.078254669904708862e-01 1.174262836575508118e-01 8.374949693679809570e-01 4.915413856506347656e-01
2.614541244506835938e+01 -2.175167083740234375e+01 -9.371603131294250488e-01 -2.205988317728042603e-01 1.089066788554191589e-01 8.437739610671997070e-01 4.769810438156127930e-01
2.614238357543945312e+01 -2.172312164306640625e+01 -9.365053176879882812e-01 -2.322074770927429199e-01 1.015075221657752991e-01 8.482975959777832031e-01 4.649251401424407959e-01
2.613967514038085938e+01 -2.170259475708007812e+01 -9.355991482734680176e-01 -2.427971512079238892e-01 9.553112834692001343e-02 8.510640263557434082e-01 4.556319117546081543e-01
2.613743591308593750e+01 -2.169001960754394531e+01 -9.343763589859008789e-01 -2.468548119068145752e-01 8.807574957609176636e-02 8.535136580467224121e-01 4.503398835659027100e-01
2.613562583923339844e+01 -2.168558502197265625e+01 -9.328297376632690430e-01 -2.498871088027954102e-01 8.211382478475570679e-02 8.544835448265075684e-01 4.479471743106842041e-01
2.613421058654785156e+01 -2.168078231811523438e+01 -9.314903020858764648e-01 -2.523174285888671875e-01 7.769189029932022095e-02 8.541030883789062500e-01 4.480980932712554932e-01
2.613313674926757812e+01 -2.167513084411621094e+01 -9.303646683692932129e-01 -2.541536688804626465e-01 7.464513927698135376e-02 8.525704145431518555e-01 4.504895508289337158e-01
2.613235855102539062e+01 -2.166871452331542969e+01 -9.294297099113464355e-01 -2.554766833782196045e-01 7.286840677261352539e-02 8.500403165817260742e-01 4.547913670539855957e-01
2.613182640075683594e+01 -2.166139984130859375e+01 -9.286792874336242676e-01 -2.563185095787048340e-01 7.224463671445846558e-02 8.466651439666748047e-01 4.606736004352569580e-01
2.613146972656250000e+01 -2.165316390991210938e+01 -9.281062483787536621e-01 -2.567019164562225342e-01 7.266436517238616943e-02 8.425926566123962402e-01 4.678041040897369385e-01
2.613123893737792969e+01 -2.164393043518066406e+01 -9.277033209800720215e-01 -2.566371560096740723e-01 7.401940971612930298e-02 8.379737734794616699e-01 4.758534431457519531e-01
2.613106346130371094e+01 -2.163364601135253906e+01 -9.274647831916809082e-01 -2.561287581920623779e-01 7.620379328727722168e-02 8.329648375511169434e-01 4.844971001148223877e-01
2.613089752197265625e+01 -2.162225151062011719e+01 -9.273898005485534668e-01 -2.551799416542053223e-01 7.911166548728942871e-02 8.277313113212585449e-01 4.934174716472625732e-01
2.613069725036621094e+01 -2.160967826843261719e+01 -9.274755716323852539e-01 -2.537966370582580566e-01 8.263876289129257202e-02 8.224477171897888184e-01 5.023064613342285156e-01
2.613041305541992188e+01 -2.159586715698242188e+01 -9.277166128158569336e-01 -2.519917488098144531e-01 8.667969703674316406e-02 8.172984123229980469e-01 5.108648538589477539e-01
2.613001060485839844e+01 -2.158072471618652344e+01 -9.281148314476013184e-01 -2.497874945402145386e-01 9.112949669361114502e-02 8.124756217002868652e-01 5.188032388687133789e-01
2.612948036193847656e+01 -2.156419754028320312e+01 -9.285917878150939941e-01 -2.472190558910369873e-01 9.588356316089630127e-02 8.081776499748229980e-01 5.258413553237915039e-01
2.612878799438476562e+01 -2.154619026184082031e+01 -9.291962385177612305e-01 -2.443359047174453735e-01 1.008368283510208130e-01 8.046058416366577148e-01 5.317063927650451660e-01
2.612789535522460938e+01 -2.152664184570312500e+01 -9.299229383468627930e-01 -2.412063032388687134e-01 1.058850958943367004e-01 8.019604682922363281e-01 5.361314415931701660e-01
2.612679100036621094e+01 -2.150546073913574219e+01 -9.307585358619689941e-01 -2.379093766212463379e-01 1.109187453985214233e-01 8.004382252693176270e-01 5.388544797897338867e-01
2.612545394897460938e+01 -2.148257255554199219e+01 -9.316852092742919922e-01 -2.345685958862304688e-01 1.158415079116821289e-01 8.002187609672546387e-01 5.396084785461425781e-01
2.612386131286621094e+01 -2.145789909362792969e+01 -9.326795339584350586e-01 -2.312310189008712769e-01 1.204879060387611389e-01 8.014898300170898438e-01 5.381432771682739258e-01
2.612198448181152344e+01 -2.143136215209960938e+01 -9.337168335914611816e-01 -2.283169478178024292e-01 1.249195486307144165e-01 8.043258190155029297e-01 5.341313481330871582e-01
2.611979103088378906e+01 -2.140294837951660156e+01 -9.347317218780517578e-01 -2.197899371385574341e-01 1.248997822403907776e-01 8.103666901588439941e-01 5.285531878471374512e-01
2.611723899841308594e+01 -2.137258338928222656e+01 -9.357368350028991699e-01 -2.106185108423233032e-01 1.238912940025329590e-01 8.181651234626770020e-01 5.204491019248962402e-01
2.611433601379394531e+01 -2.134036445617675781e+01 -9.367035627365112305e-01 -2.011687159538269043e-01 1.221818253397941589e-01 8.273483514785766602e-01 5.099694728851318359e-01
2.611108398437500000e+01 -2.130633354187011719e+01 -9.375974535942077637e-01 -1.914416849613189697e-01 1.198076456785202026e-01 8.376273512840270996e-01 4.973416328430175781e-01
2.610749244689941406e+01 -2.127072143554687500e+01 -9.383766055107116699e-01 -1.815397143363952637e-01 1.168732643127441406e-01 8.486936092376708984e-01 4.827791452407836914e-01
2.610357666015625000e+01 -2.123328781127929688e+01 -9.390358328819274902e-01 -1.715431064367294312e-01 1.134683564305305481e-01 8.602543473243713379e-01 4.665118753910064697e-01
2.609935951232910156e+01 -2.120204544067382812e+01 -9.390575885772705078e-01 -1.615444719791412354e-01 1.096902862191200256e-01 8.720318078994750977e-01 4.487819373607635498e-01
2.609486770629882812e+01 -2.117745018005371094e+01 -9.384027123451232910e-01 -1.516403555870056152e-01 1.056387871503829956e-01 8.837704062461853027e-01 4.298476278781890869e-01
2.609017181396484375e+01 -2.115950393676757812e+01 -9.370684027671813965e-01 -1.419342011213302612e-01 1.014177203178405762e-01 8.952404856681823730e-01 4.099836051464080811e-01
2.608532524108886719e+01 -2.114825057983398438e+01 -9.350547790527343750e-01 -1.325353831052780151e-01 9.713482856750488281e-02 9.062424302101135254e-01 3.894825577735900879e-01
2.608041572570800781e+01 -2.114399337768554688e+01 -9.323517084121704102e-01 -1.235585361719131470e-01 9.290085732936859131e-02 9.166091084480285645e-01 3.686506450176239014e-01
2.607554626464843750e+01 -2.114079475402832031e+01 -9.293443560600280762e-01 -1.151230260729789734e-01 8.882959187030792236e-02 9.262062311172485352e-01 3.478089272975921631e-01
2.607082176208496094e+01 -2.113840866088867188e+01 -9.260725975036621094e-01 -1.073524877429008484e-01 8.503725379705429077e-02 9.349327087402343750e-01 3.272893726825714111e-01
2.606635093688964844e+01 -2.113699150085449219e+01 -9.225558638572692871e-01 -1.003735139966011047e-01 8.164184540510177612e-02 9.427185058593750000e-01 3.074328601360321045e-01
2.606225204467773438e+01 -2.113652038574218750e+01 -9.188319444656372070e-01 -9.431520104408264160e-02 7.876267284154891968e-02 9.495224356651306152e-01 2.885857522487640381e-01
2.605866050720214844e+01 -2.113707351684570312e+01 -9.149306416511535645e-01 -8.930848538875579834e-02 7.651984691619873047e-02 9.553264379501342773e-01 2.710969448089599609e-01
2.605568885803222656e+01 -2.113858604431152344e+01 -9.108958244323730469e-01 -8.548492193222045898e-02 7.503401488065719604e-02 9.601297378540039062e-01 2.553163170814514160e-01
2.605347251892089844e+01 -2.114124679565429688e+01 -9.067533016204833984e-01 -8.297675848007202148e-02 7.442599534988403320e-02 9.639412164688110352e-01 2.415910512208938599e-01
2.605213356018066406e+01 -2.114079093933105469e+01 -9.028036594390869141e-01 -8.191582560539245605e-02 7.481659203767776489e-02 9.667695760726928711e-01 2.302639335393905640e-01
2.605179977416992188e+01 -2.113702774047851562e+01 -8.990861177444458008e-01 -8.243374526500701904e-02 7.632680237293243408e-02 9.686139822006225586e-01 2.216717153787612915e-01
