0.000000000000000000e+00 0.000000000000000000e+00 0.000000000000000000e+00 0.000000000000000000e+00 0.000000000000000000e+00 0.000000000000000000e+00 1.000000000000000000e+00
9.005159139633178711e-02 6.927796173840761185e-03 1.379306335002183914e-02 -1.267024785467097195e-02 2.924763810631616882e-03 5.616201866192552933e-03 9.998996793941636874e-01
1.732547168495525147e-01 7.035332838520687825e-03 2.396297939499381774e-02 -2.698432118740485761e-02 4.945453231378322580e-03 1.129885875113569374e-02 9.995597654434241752e-01
2.463469845358398080e-01 2.070348733347093795e-02 7.296401981090189226e-03 -4.109049741455766264e-02 -2.852881033435216980e-04 1.050299762063528625e-02 9.991001835020866251e-01
3.137801057987291142e-01 2.724070295677066822e-02 -2.849425276704585508e-03 -5.701673052103786027e-02 -3.376717864210849150e-03 1.210672218558665747e-02 9.982941037064567702e-01
3.733029628197849781e-01 3.368387604649345640e-02 -1.318211603643816218e-02 -7.324119332843376240e-02 -6.236920656446712057e-03 1.309304806399255380e-02 9.972088048713499964e-01
4.259438171292974085e-01 3.738967562093964414e-02 -1.762536262394814868e-02 -8.861859369369858019e-02 -6.810972817332654021e-03 1.488145208232881898e-02 9.959311712588144738e-01
4.707050721702581431e-01 4.264495424639955928e-02 -1.982222901424834927e-02 -1.026137680754620057e-01 -6.214935749477457083e-03 1.452446356312143971e-02 9.945958119423129462e-01
5.075808936225227885e-01 4.733420151017884991e-02 -2.226554195787542809e-02 -1.158795427149940938e-01 -5.447212101238595519e-03 1.327254346691280652e-02 9.931596543609728656e-01
5.364532929487942914e-01 5.235392070837486395e-02 -2.419690273010905932e-02 -1.265128420120001373e-01 -4.491417273107510717e-03 1.008626350115507213e-02 9.919035211478537395e-01
5.573952993109265730e-01 5.680822420502463360e-02 -2.552671993751705684e-02 -1.353974203703270096e-01 -2.934464877800291131e-03 6.184039081778838591e-03 9.907677251170310395e-01
5.705591573426225249e-01 5.951113955570825481e-02 -2.487668465292839151e-02 -1.431834732293053858e-01 -3.464840546487170034e-03 3.636497817273397215e-03 9.896834159253176111e-01
5.760396353487151622e-01 6.087969251999586495e-02 -2.532262955501297930e-02 -1.491855102175117520e-01 -4.297272780038309536e-03 1.365399077935291680e-03 9.887989445145826117e-01
5.818559802910033829e-01 6.317387569642378409e-02 -2.479842363418660600e-02 -1.520598056642098739e-01 -5.450825951691470710e-03 -3.681009542003313168e-03 9.883494089473413569e-01
5.883916665200025209e-01 6.501260589971878667e-02 -2.300490838487611461e-02 -1.522164515226742398e-01 -6.939033041912529703e-03 -1.012513010424632987e-02 9.882709564925302725e-01
5.957974822464489062e-01 6.395107518018361414e-02 -2.054545422919651018e-02 -1.506542699718601830e-01 -8.513380341033435078e-03 -1.816166397362574750e-02 9.883830063574159386e-01
6.038879246327227834e-01 6.241687040461993408e-02 -1.735981345587255323e-02 -1.480955642303681818e-01 -1.009946871779758559e-02 -2.712444498993776820e-02 9.885494267212414643e-01
6.129016018315800451e-01 6.042832988854886234e-02 -1.393118875424379476e-02 -1.444903821509465613e-01 -1.165677551963428468e-02 -3.727509944812074788e-02 9.887351596921649666e-01
6.226895230191193953e-01 5.792929920952239603e-02 -9.738490306831293700e-03 -1.400720820569673619e-01 -1.290596276611828339e-02 -4.799153441889587868e-02 9.888933514679050241e-01
6.331776580201292637e-01 5.410863593567099422e-02 -5.085377975039875528e-03 -1.346112521240067361e-01 -1.447070799654221092e-02 -5.891909025404780398e-02 9.890394078171613756e-01
6.446976689340098154e-01 4.943937213560678501e-02 -3.092553676008920338e-04 -1.277638798332198233e-01 -1.623147756636193068e-02 -7.056278222035530789e-02 9.891581389804654512e-01
6.571753036041908524e-01 4.381661521430270378e-02 4.812809575233448905e-03 -1.199008895236360200e-01 -1.813412633204429178e-02 -8.239496063699200401e-02 9.891946222130622024e-01
6.708574451301848596e-01 3.703531441435031768e-02 9.528285376915470242e-03 -1.097641495462045452e-01 -2.081957322646818195e-02 -9.393699593164722694e-02 9.892897541369788383e-01
6.859153524703358595e-01 2.992551353881714102e-02 1.472296764848706786e-02 -9.933164522504688010e-02 -2.321949649110779598e-02 -1.054186015304639096e-01 9.891819841115921941e-01
7.020336597758336517e-01 2.196229169731180389e-02 2.078783522705225650e-02 -8.837584144261367847e-02 -2.546404421384574485e-02 -1.155995327923259597e-01 9.890288373549990242e-01
7.191062502924849831e-01 1.276836262692888392e-02 2.773697732227941790e-02 -7.761824998358610173e-02 -2.746861464505842912e-02 -1.235297409997272861e-01 9.889192512877414964e-01
7.368809129610857100e-01 1.625818699732576797e-03 3.531066207790231615e-02 -6.701351474538753961e-02 -2.940692714003385541e-02 -1.287015697212711418e-01 9.889794373135021299e-01
7.558876353552306249e-01 -1.050982445107544010e-02 4.381469645886362785e-02 -5.720671434248028597e-02 -3.084985460221718184e-02 -1.314385941268288727e-01 9.891913739409188278e-01
7.759384998145183454e-01 -2.449283401802665461e-02 5.260603392941992640e-02 -4.811892847912779131e-02 -3.271847834936922328e-02 -1.321937478083153317e-01 9.895144682807391900e-01
7.971154722103422907e-01 -3.956141292396909981e-02 6.285484664659181375e-02 -4.067757323269255432e-02 -3.422674034430741447e-02 -1.312366733570590749e-01 9.899246440247232437e-01
8.198125423423580083e-01 -5.501972066421806362e-02 7.487604324072734407e-02 -3.550024349201602591e-02 -3.521828759997400193e-02 -1.286806220540438750e-01 9.904245061781929982e-01
8.440464153679443360e-01 -6.996371072742257891e-02 8.948968759033268383e-02 -3.428165487066718586e-02 -3.806520577154516582e-02 -1.263950487989949356e-01 9.906563984994989358e-01
8.702929466990461105e-01 -8.497519243485324170e-02 1.051705924679469661e-01 -3.378196534346789709e-02 -4.042438479126171658e-02 -1.228566580236490069e-01 9.910251709775290685e-01
8.991195498551827203e-01 -9.937423707553282026e-02 1.212841160090643577e-01 -3.367327398849112585e-02 -4.349255640713533405e-02 -1.189031167926728610e-01 9.913811360788827853e-01
9.293170299425174141e-01 -1.153428410651066438e-01 1.376977671988986740e-01 -3.365920769898342324e-02 -4.618828813386185311e-02 -1.147448751911006454e-01 9.917496223310189318e-01
9.615420560717634624e-01 -1.305776626574058907e-01 1.550946535634005474e-01 -3.400388485616635120e-02 -4.897431270250747481e-02 -1.109474454657803505e-01 9.920362477523808620e-01
9.952104693520883449e-01 -1.463749583645089225e-01 1.731203789263847659e-01 -3.484409533565634154e-02 -5.189344149987084459e-02 -1.062004353309335958e-01 9.923781674770255634e-01
1.026504613823095102e+00 -1.510115725858208191e-01 1.879844718499808776e-01 -3.551198626774561273e-02 -5.391645008218407670e-02 -1.029103318420006991e-01 9.925932595187336727e-01
1.053626920842081427e+00 -1.497290398126637778e-01 1.966407517354286649e-01 -3.609172907380422263e-02 -5.814785522143736674e-02 -9.933316764327407289e-02 9.926979076393598334e-01
1.075114620242732633e+00 -1.471810721809715672e-01 2.005291632427616544e-01 -3.873706850211099811e-02 -6.456540772448833565e-02 -9.210800434085783528e-02 9.928982139099545856e-01
1.090228190008334597e+00 -1.448323598926492539e-01 2.028886229377504791e-01 -4.286222501804255736e-02 -7.134839376801148381e-02 -8.067172296778653273e-02 9.932594371495476748e-01
1.098975532721240489e+00 -1.429459356331045927e-01 2.048482012810973751e-01 -4.735635067019632050e-02 -7.718459430704836810e-02 -6.661957393510138659e-02 9.936607805592224674e-01
1.107008596556315227e+00 -1.408450218504106732e-01 2.067827402094458700e-01 -5.225574846726126210e-02 -8.246019473173647751e-02 -5.185293864334751535e-02 9.938716847717212755e-01
1.114288738576059146e+00 -1.385057355753999964e-01 2.084419326548528906e-01 -5.684029245267450264e-02 -8.718947779280311616e-02 -3.762153447419529922e-02 9.938570300903040167e-01
1.120855820990208640e+00 -1.364499827856883729e-01 2.100897856504748140e-01 -6.091913414339271415e-02 -9.135415062955554166e-02 -2.380013734968327438e-02 9.936683710977761708e-01
1.126639322249684882e+00 -1.345469959959514905e-01 2.116050924970774572e-01 -6.486645831880934188e-02 -9.494409161270721265e-02 -1.042585767681885114e-02 9.933122688987158222e-01
1.131582434707303797e+00 -1.327652964247832135e-01 2.129332047347343437e-01 -6.840659315889825731e-02 -9.762272910240470114e-02 2.023694553778024232e-03 9.928676877788622512e-01
1.135645037303671279e+00 -1.311134643927770460e-01 2.141046975895043447e-01 -7.115606613223716959e-02 -9.929501975664369040e-02 1.269597099871121529e-02 9.924294058644738126e-01
1.138991988557682244e+00 -1.298667308304964907e-01 2.147473954580607081e-01 -7.360774478318257708e-02 -1.002922209198566783e-01 2.221395849735798358e-02 9.919828175824287886e-01
1.144626553463583107e+00 -1.290560735976957196e-01 2.160245894559862934e-01 -7.447692552386411813e-02 -1.005271072270537275e-01 2.818618945226680425e-02 9.917424196842817841e-01
1.153082758812863373e+00 -1.278213393546061283e-01 2.181801973837370900e-01 -7.366133408159562801e-02 -1.002669881413700975e-01 2.936604450498773652e-02 9.917954297033783062e-01
1.317752814726526278e+00 -1.234464552577960172e-01 2.778007053440588181e-01 -9.088175156886313388e-02 -9.749167529385596720e-02 3.709259885496048875e-02 9.903837738929075485e-01
1.470026971688536577e+00 -8.402420881202168901e-02 3.072372616141251234e-01 -1.062372486928854082e-01 -9.910278975428553350e-02 3.500617215864804815e-02 9.887703737288465744e-01
1.610790622267509464e+00 -5.050939774209405736e-02 3.056208721799074657e-01 -1.270920103256203137e-01 -1.065901143510896987e-01 3.122490947005087877e-02 9.856526637018747650e-01
1.739394724906472067e+00 -3.794663848652041205e-02 3.022898542232513308e-01 -1.523136156386493967e-01 -1.134191793338799048e-01 2.958239471784064947e-02 9.813569861029516339e-01
1.852104523143125236e+00 -3.115763439425529163e-02 3.157400224464290694e-01 -1.772627388725960262e-01 -1.146470389531411560e-01 2.998324372507644997e-02 9.770030619002099126e-01
1.949299918039167245e+00 -1.996232083889708242e-02 3.226111386219573385e-01 -2.012884627747062727e-01 -1.163719037341242879e-01 2.577005183448364753e-02 9.722532793483082969e-01
2.030218522292317029e+00 -6.743199186601966585e-03 3.305446870229651335e-01 -2.234830206335108593e-01 -1.168803605990154926e-01 1.862049272947900388e-02 9.674955286952375832e-01
2.095133221090647702e+00 6.135271218883910430e-03 3.381979008747144078e-01 -2.427801873181588688e-01 -1.158970025591864184e-01 9.618471201925616818e-03 9.630852249179682190e-01
2.144268172304862219e+00 1.759516752255742278e-02 3.442807447721334957e-01 -2.589473563673376222e-01 -1.140432297002197254e-01 -1.358670480977619847e-04 9.591352302621644066e-01
2.178521915334704850e+00 2.384400159599964208e-02 3.466570513326714398e-01 -2.741258668504071294e-01 -1.145420082656769811e-01 -7.384965864724245613e-03 9.548196687045965581e-01
2.197298163110820379e+00 2.701428234365995176e-02 3.478994106711399970e-01 -2.874119560426602882e-01 -1.172090685398692739e-01 -1.248966220946949590e-02 9.505263858061182569e-01
2.208571137544002028e+00 3.072428874450803746e-02 3.490401751737222114e-01 -2.947677266534934337e-01 -1.198522603710246853e-01 -1.993512577820241022e-02 9.478132800123105772e-01
2.220176095044081865e+00 3.609031477306837155e-02 3.526499138226047436e-01 -2.971813519182672225e-01 -1.233616765318436559e-01 -3.079660901855398383e-02 9.463174465834612858e-01
2.232887845417853345e+00 3.885527442993601255e-02 3.598961055762406325e-01 -2.955428653578887621e-01 -1.278010627295406432e-01 -4.416406021170627555e-02 9.457118159814149605e-01
2.246287626318536290e+00 3.904703715438029299e-02 3.698624552927236575e-01 -2.905054956517146847e-01 -1.325118612274463759e-01 -5.896902538024798024e-02 9.458170106716695669e-01
2.260912549752106315e+00 3.809827906588544172e-02 3.814350662734192210e-01 -2.834103407024408661e-01 -1.376175722768314957e-01 -7.572530487525767906e-02 9.460473882343879426e-01
2.276415156713526233e+00 3.552857679377969397e-02 3.950362070462771213e-01 -2.743651128936607786e-01 -1.430769591775711280e-01 -9.404875135817683529e-02 9.462597956942460087e-01
2.293021884759791629e+00 3.146381422572080977e-02 4.104657865413236517e-01 -2.629499131398221334e-01 -1.493532183740183816e-01 -1.133703391187191045e-01 9.464132953151014327e-01
2.311059174284608719e+00 2.506438695350840865e-02 4.271785512901040693e-01 -2.492289825438441242e-01 -1.563506560412705471e-01 -1.335435677275768340e-01 9.463643601352571544e-01
2.330570373501815507e+00 1.681767378735650464e-02 4.453805902084437829e-01 -2.339338585470586152e-01 -1.632094914300986355e-01 -1.544131142214553443e-01 9.459356224864592377e-01
2.350777785614604820e+00 5.592215974023241609e-03 4.654219466870040400e-01 -2.165675642821181246e-01 -1.710187411787383871e-01 -1.739651148393962510e-01 9.452974236109320527e-01
2.372327700834899300e+00 -8.257070454048094296e-03 4.868928893949170944e-01 -1.975167407795984931e-01 -1.785431309346279805e-01 -1.919738700636325346e-01 9.445927803665750133e-01
2.395370822212539608e+00 -2.411235652921736583e-02 5.102120203933531162e-01 -1.768738867266323178e-01 -1.863341655157477461e-01 -2.082956326787316625e-01 9.437203697932620150e-01
2.419751962561414782e+00 -4.176197454724091956e-02 5.359010058081626893e-01 -1.551170618251381805e-01 -1.936892636790937816e-01 -2.218812274265402618e-01 9.429697170014945673e-01
2.444014044871241964e+00 -6.402677849576760005e-02 5.633992185671573560e-01 -1.334154624660446598e-01 -2.012699837377601164e-01 -2.304022109818769093e-01 9.426587554337124697e-01
2.468099595631944254e+00 -9.157323180983031885e-02 5.919367014872530808e-01 -1.126552545582412690e-01 -2.085087063363048610e-01 -2.333862911797725537e-01 9.430608422004006508e-01
2.492757889006218530e+00 -1.224801072017240866e-01 6.226699541185041209e-01 -9.380475422957453013e-02 -2.150523185692351236e-01 -2.328527565288342760e-01 9.437863964578261378e-01
2.517685880313810021e+00 -1.568980850531785098e-01 6.558497934195562928e-01 -7.854125593484945211e-02 -2.199656919692763168e-01 -2.288133129280240929e-01 9.450348317916943408e-01
2.543922484011285068e+00 -1.906971077510102031e-01 6.948804662024188339e-01 -6.797789074650403829e-02 -2.221523594473021335e-01 -2.233150903318935343e-01 9.466560653118487600e-01
2.571173139453939882e+00 -2.239568456938364760e-01 7.395185454517366752e-01 -6.451021715129422185e-02 -2.253013868059526303e-01 -2.175712062284148318e-01 9.474916818667696861e-01
2.600769060032441793e+00 -2.566438969033615902e-01 7.887104597256607841e-01 -6.433075156013683127e-02 -2.302925132531506158e-01 -2.120096475998749230e-01 9.475646796223634594e-01
2.634355335829464018e+00 -2.887883556438906596e-01 8.411589663667009553e-01 -6.490543464337406032e-02 -2.349019417102832796e-01 -2.054489141311706679e-01 9.478391772958195682e-01
2.671484820919592718e+00 -3.214812119714238192e-01 8.960902786709802337e-01 -6.570509102069455043e-02 -2.397588439403905980e-01 -1.981305925134488610e-01 9.481259442060423481e-01
2.710000747382671715e+00 -3.563358153912836723e-01 9.536874980443731387e-01 -6.702651453618505006e-02 -2.445882471261400515e-01 -1.911732389107871632e-01 9.482282575631523214e-01
2.751526944753023063e+00 -3.919132939216409817e-01 1.013432129652168445e+00 -6.952391831185067428e-02 -2.504606760302140467e-01 -1.832827467439148705e-01 9.480734725173260991e-01
2.794472434466570565e+00 -4.181192876408437731e-01 1.070766098810116196e+00 -7.224823468891145017e-02 -2.556479758780740852e-01 -1.762234245750595729e-01 9.478236173702456746e-01
2.836919434314256971e+00 -4.272225019726645923e-01 1.117032746497760076e+00 -7.516787086348539204e-02 -2.611199850362317387e-01 -1.679238010722783614e-01 9.476115985138460207e-01
2.876181035564744359e+00 -4.291006718612069282e-01 1.148688393505958416e+00 -8.136604380849517260e-02 -2.703475433065334887e-01 -1.554827696219958366e-01 9.466345023786896240e-01
2.907482699694381445e+00 -4.266066422571765382e-01 1.169049263883304768e+00 -9.063165193379579820e-02 -2.824837864876393878e-01 -1.389607558595239711e-01 9.448167665586311159e-01
2.927009412080940010e+00 -4.213526783454838442e-01 1.182894873545076386e+00 -1.006441095810748643e-01 -2.932353725771805197e-01 -1.164251643959988147e-01 9.435724458522087854e-01
2.940586371581449754e+00 -4.165517570582989437e-01 1.193149839428531145e+00 -1.105746839202017689e-01 -3.016946537771367232e-01 -9.077021653955245906e-02 9.426103876722364827e-01
2.952788546150931559e+00 -4.116401265427495071e-01 1.202848561048054377e+00 -1.206300955300234901e-01 -3.093381894500286666e-01 -6.496703220822386271e-02 9.410300469837565851e-01
2.963706639746760629e+00 -4.062722325751531027e-01 1.211437890554986296e+00 -1.297518925605346540e-01 -3.154643923707822761e-01 -3.939683570895704395e-02 9.391988888724336348e-01
2.973138506990467000e+00 -4.012771966518071665e-01 1.219443444661549192e+00 -1.396996457683220560e-01 -3.207591943354107245e-01 -1.365464462666091811e-02 9.367022466619919774e-01
2.981295099004596771e+00 -3.964123571104035126e-01 1.226250036252588993e+00 -1.494040330625645840e-01 -3.247588973031816373e-01 1.144641476525860499e-02 9.338517404363945174e-01
2.987971058682222569e+00 -3.919076931701611644e-01 1.232088086265660465e+00 -1.589633150082279123e-01 -3.270620192129846115e-01 3.438654173141353354e-02 9.309020710137420052e-01
2.993444493593295785e+00 -3.881673086936056061e-01 1.236830748283032078e+00 -1.675334747683260017e-01 -3.277140480537825140e-01 5.482164630816243472e-02 9.281867401747971869e-01
2.999845463312182492e+00 -3.841177832993304397e-01 1.241876698373949983e+00 -1.741907363377093176e-01 -3.273754211676934700e-01 7.064047897723353675e-02 9.260090948361516805e-01
3.010501267616498389e+00 -3.790385306023697498e-01 1.250383745188900386e+00 -1.755622444465215759e-01 -3.262087840205483702e-01 7.769113520402949613e-02 9.255970046750606750e-01
