8.336417376995086670e-02 -9.878170676529407501e-03 3.575736656785011292e-02 -2.572110481560230255e-02 7.255927193909883499e-03 2.595826424658298492e-02 9.993057250976562500e-01
7.491052895784378052e-02 -1.412936951965093613e-02 3.399791568517684937e-02 -2.517098747193813324e-02 7.520142011344432831e-03 2.467093989253044128e-02 9.993503689765930176e-01
6.673364341259002686e-02 -1.696713827550411224e-02 3.124895319342613220e-02 -2.468896470963954926e-02 7.582832593470811844e-03 2.252457477152347565e-02 9.994126558303833008e-01
5.850020423531532288e-02 -1.869060099124908447e-02 2.845579013228416443e-02 -2.372793853282928467e-02 7.687886245548725128e-03 2.117676287889480591e-02 9.994645714759826660e-01
5.026320368051528931e-02 -1.934161968529224396e-02 2.578695118427276611e-02 -2.259200438857078552e-02 7.483301218599081039e-03 1.895932666957378387e-02 9.995369911193847656e-01
4.216202348470687866e-02 -1.950574666261672974e-02 2.267629653215408325e-02 -2.096577174961566925e-02 7.136547472327947617e-03 1.689232327044010162e-02 9.996119737625122070e-01
3.449087217450141907e-02 -1.802076026797294617e-02 1.978800818324089050e-02 -1.916540227830410004e-02 7.002718281000852585e-03 1.452608592808246613e-02 9.996863007545471191e-01
2.668361738324165344e-02 -1.641678810119628906e-02 1.690544001758098602e-02 -1.730274409055709839e-02 6.882052402943372726e-03 1.229148451238870621e-02 9.997510313987731934e-01
1.939306221902370453e-02 -1.376881729811429977e-02 1.398879103362560272e-02 -1.511540263891220093e-02 6.630291230976581573e-03 9.305248036980628967e-03 9.998204708099365234e-01
1.243869867175817490e-02 -1.062650233507156372e-02 1.078274939209222794e-02 -1.251385174691677094e-02 6.705347914248704910e-03 6.892062723636627197e-03 9.998754858970642090e-01
6.170100998133420944e-03 -6.979096680879592896e-03 7.519879378378391266e-03 -9.751040488481521606e-03 -1.719475403660908341e-04 3.557309508323669434e-03 9.999461174011230469e-01
8.977050310932099819e-04 -2.748279832303524017e-03 5.009778775274753571e-03 -7.045059930533170700e-03 -2.820276422426104546e-04 8.008737931959331036e-04 9.999748468399047852e-01
1.251225708983838558e-03 -3.741077845916152000e-03 5.078701302409172058e-03 -4.856513347476720810e-03 1.983174879569560289e-04 -1.594071509316563606e-03 9.999869465827941895e-01
1.866844831965863705e-03 -4.793535452336072922e-03 5.212815012782812119e-03 -2.675298368558287621e-03 4.087568668182939291e-04 -3.360918257385492325e-03 9.999907016754150391e-01
1.973910490050911903e-03 -6.189655978232622147e-03 4.940293263643980026e-03 -2.292825229233130813e-04 6.149230757728219032e-04 -5.323659162968397141e-03 9.999856352806091309e-01
2.480308990925550461e-03 -6.459250580519437790e-03 5.855773575603961945e-03 6.328957970254123211e-04 1.049008336849510670e-03 -6.455635651946067810e-03 9.999784231185913086e-01
2.490082755684852600e-03 -7.948842830955982208e-03 5.433076061308383942e-03 2.666631946340203285e-03 9.851594222709536552e-04 -7.502453867346048355e-03 9.999678134918212891e-01
4.026975017040967941e-03 -7.729310542345046997e-03 6.452818866819143295e-03 3.490386065095663071e-03 1.452774973586201668e-03 -8.311541751027107239e-03 9.999583363533020020e-01
3.687164513394236565e-03 -8.638161234557628632e-03 7.065410260111093521e-03 4.630347248166799545e-03 1.070521655492484570e-03 -9.044393897056579590e-03 9.999477863311767578e-01
4.544313065707683563e-03 -9.188039228320121765e-03 7.471851073205471039e-03 5.409215576946735382e-03 1.390630379319190979e-03 -9.280139580368995667e-03 9.999413490295410156e-01
5.878470372408628464e-03 -9.447666816413402557e-03 7.912175729870796204e-03 5.928896833211183548e-03 1.300984760746359825e-03 -8.909938856959342957e-03 9.999418854713439941e-01
6.700891070067882538e-03 -1.045601349323987961e-02 7.791548036038875580e-03 7.139073219150304794e-03 1.009472762234508991e-03 -8.490526117384433746e-03 9.999379515647888184e-01
8.315150626003742218e-03 -9.632675908505916595e-03 9.252072311937808990e-03 7.214943412691354752e-03 9.729053126648068428e-04 -7.658380083739757538e-03 9.999441504478454590e-01
9.131298400461673737e-03 -1.074700988829135895e-02 9.299787692725658417e-03 7.482503075152635574e-03 7.191714830696582794e-04 -6.477553863078355789e-03 9.999507665634155273e-01
1.012209709733724594e-02 -1.124092936515808105e-02 9.954919107258319855e-03 7.470830809324979782e-03 5.668461672030389309e-04 -5.240949336439371109e-03 9.999582171440124512e-01
1.196898240596055984e-02 -1.090182457119226456e-02 1.068776939064264297e-02 7.083571050316095352e-03 3.837399417534470558e-04 -3.396652871742844582e-03 9.999690651893615723e-01
1.326379459351301193e-02 -1.125855743885040283e-02 1.136803813278675079e-02 6.665342487394809723e-03 4.679442281485535204e-05 -1.389074022881686687e-03 9.999768137931823730e-01
1.472148112952709198e-02 -1.125598326325416565e-02 1.230756565928459167e-02 6.038740742951631546e-03 -1.055833781720139086e-04 6.663589156232774258e-04 9.999815225601196289e-01
1.622360199689865112e-02 -1.155104301869869232e-02 1.303010154515504837e-02 5.288945510983467102e-03 -2.017759834416210651e-04 3.640094306319952011e-03 9.999793767929077148e-01
1.769004017114639282e-02 -1.180083490908145905e-02 1.394561119377613068e-02 3.807175904512405396e-03 -1.959176443051546812e-04 6.238413043320178986e-03 9.999732971191406250e-01
1.824149303138256073e-02 -1.283599901944398880e-02 1.538806688040494919e-02 2.703001257032155991e-03 -7.638100534677505493e-03 9.061666205525398254e-03 9.999260902404785156e-01
1.926512643694877625e-02 -1.381663419306278229e-02 1.643355935811996460e-02 1.380558125674724579e-03 -8.744665421545505524e-03 1.187303848564624786e-02 9.998903274536132812e-01
2.102828212082386017e-02 -1.435846835374832153e-02 1.680393330752849579e-02 7.499509956687688828e-05 -9.476872161030769348e-03 1.406058203428983688e-02 9.998562335968017578e-01
2.268268913030624390e-02 -1.484150253236293793e-02 1.729985699057579041e-02 -7.018151227384805679e-04 -9.949708357453346252e-03 1.650617085397243500e-02 9.998140335083007812e-01
2.375746145844459534e-02 -1.574094220995903015e-02 1.780082471668720245e-02 -1.698096864856779575e-03 -1.006723009049892426e-02 1.857694424688816071e-02 9.997752904891967773e-01
2.382876165211200714e-02 -1.884212903678417206e-02 1.795827224850654602e-02 -2.182377269491553307e-03 -1.052275579422712326e-02 2.020058035850524902e-02 9.997382164001464844e-01
1.854138448834419250e-02 -1.630621962249279022e-02 1.575879566371440887e-02 -2.855173777788877487e-03 -1.071296725422143936e-02 2.153608389198780060e-02 9.997065663337707520e-01
1.445525046437978745e-02 -1.188888028264045715e-02 1.339828502386808395e-02 -4.078997764736413956e-03 -1.032867375761270523e-02 2.249459549784660339e-02 9.996852874755859375e-01
9.695743210613727570e-03 -9.710324928164482117e-03 1.024084538221359253e-02 -4.020615946501493454e-03 -1.025499962270259857e-02 2.312579751014709473e-02 9.996718764305114746e-01
4.871141165494918823e-03 -5.128676537424325943e-03 9.849306195974349976e-03 -4.833239596337080002e-03 -9.357158094644546509e-03 2.354213595390319824e-02 9.996673464775085449e-01
1.980934292078018188e-03 1.409254909958690405e-04 9.431147016584873199e-03 -4.319956526160240173e-03 -9.274736046791076660e-03 2.289216779172420502e-02 9.996855854988098145e-01
1.773646101355552673e-03 -1.465742941945791245e-03 9.610936045646667480e-03 -4.049945622682571411e-03 -9.048995561897754669e-03 2.314851433038711548e-02 9.996829032897949219e-01
2.407303778454661369e-03 -7.944259559735655785e-04 9.945509955286979675e-03 -4.088959656655788422e-03 -7.856351323425769806e-03 2.254821732640266418e-02 9.997065067291259766e-01
3.371920669451355934e-03 9.348568273708224297e-04 1.021510269492864609e-02 -3.526909276843070984e-03 -6.817631423473358154e-03 2.143291942775249481e-02 9.997408390045166016e-01
4.874788224697113037e-03 -9.429806959815323353e-05 1.036336645483970642e-02 -3.436324186623096466e-03 -5.711500998586416245e-03 2.038143761456012726e-02 9.997700452804565430e-01
4.509027581661939621e-03 2.235523192211985588e-03 1.117938943207263947e-02 -2.533685183152556419e-03 -4.709251224994659424e-03 1.848619990050792694e-02 9.998148083686828613e-01
5.365863442420959473e-03 3.372936509549617767e-03 1.152184978127479553e-02 -2.091623609885573387e-03 -3.628946607932448387e-03 1.683148182928562164e-02 9.998495578765869141e-01
1.772114192135632038e-03 3.660358488559722900e-03 1.364278048276901245e-02 -1.323219039477407932e-03 -1.944812480360269547e-03 1.448323950171470642e-02 9.998923540115356445e-01
9.271324612200260162e-03 2.016633952734991908e-04 1.019998081028461456e-02 -4.403415077831596136e-04 -3.617158508859574795e-04 1.106422394514083862e-02 9.999386072158813477e-01
5.409807898104190826e-03 -8.684716187417507172e-03 9.797553531825542450e-03 2.065308799501508474e-04 1.284334925003349781e-03 8.754335343837738037e-03 9.999608397483825684e-01
1.597468703985214233e-01 -1.765281520783901215e-02 6.851270794868469238e-02 -5.118232965469360352e-02 1.472337637096643448e-02 5.000872164964675903e-02 9.973278045654296875e-01
1.433465331792831421e-01 -2.532315067946910858e-02 6.417363137006759644e-02 -4.983281716704368591e-02 1.670963503420352936e-02 4.686018079519271851e-02 9.975177049636840820e-01
1.266757249832153320e-01 -3.058931976556777954e-02 5.960413813591003418e-02 -4.826574400067329407e-02 1.474575418978929520e-02 4.384379088878631592e-02 9.977628588676452637e-01
1.103040277957916260e-01 -3.368291631340980530e-02 5.411339551210403442e-02 -4.648485779762268066e-02 1.490130927413702011e-02 3.998994454741477966e-02 9.980069994926452637e-01
9.395416826009750366e-02 -3.515559062361717224e-02 4.845297336578369141e-02 -4.336223378777503967e-02 1.501176878809928894e-02 3.605727106332778931e-02 9.982956647872924805e-01
7.767467945814132690e-02 -3.496523946523666382e-02 4.284304007887840271e-02 -4.052048921585083008e-02 1.416930928826332092e-02 3.133567050099372864e-02 9.985867142677307129e-01
6.316930055618286133e-02 -3.123867698013782501e-02 3.625678271055221558e-02 -3.647262975573539734e-02 1.402812264859676361e-02 2.706038765609264374e-02 9.988697171211242676e-01
4.873368889093399048e-02 -2.600651420652866364e-02 3.066676482558250427e-02 -3.198486566543579102e-02 1.392123848199844360e-02 2.159099839627742767e-02 9.991581439971923828e-01
3.439618647098541260e-02 -2.125851623713970184e-02 2.425811626017093658e-02 -2.752486430108547211e-02 1.298189722001552582e-02 1.643786206841468811e-02 9.994016289710998535e-01
2.099080197513103485e-02 -1.565430313348770142e-02 1.739644259214401245e-02 -2.213453687727451324e-02 6.425931584089994431e-03 1.049357093870639801e-02 9.996792674064636230e-01
9.070250205695629120e-03 -9.583213366568088531e-03 1.050616335123777390e-02 -1.681081578135490417e-02 -2.190866216551512480e-04 4.233067855238914490e-03 9.998496770858764648e-01
3.875062568113207817e-03 -6.802058778703212738e-03 9.359894320368766785e-03 -1.141336373984813690e-02 -2.071032067760825157e-04 -1.590068568475544453e-03 9.999336004257202148e-01
3.951826132833957672e-03 -8.261111564934253693e-03 1.024694368243217468e-02 -7.475869730114936829e-03 6.145326769910752773e-04 -5.164217669516801834e-03 9.999585151672363281e-01
4.876545164734125137e-03 -1.044373773038387299e-02 1.033209916204214096e-02 -3.026961116120219231e-03 1.070399652235209942e-03 -9.185317903757095337e-03 9.999526739120483398e-01
6.338631734251976013e-03 -1.210378948599100113e-02 1.048082206398248672e-02 4.422166603035293519e-05 1.606190344318747520e-03 -1.208100188523530960e-02 9.999257326126098633e-01
6.997094955295324326e-03 -1.398731116205453873e-02 1.079620514065027237e-02 3.345126286149024963e-03 2.004742855206131935e-03 -1.462441217154264450e-02 9.998854398727416992e-01
7.672181352972984314e-03 -1.588950678706169128e-02 1.098294649273157120e-02 5.851557943969964981e-03 2.208569087088108063e-03 -1.619763299822807312e-02 9.998492598533630371e-01
8.214809000492095947e-03 -1.687675528228282928e-02 1.257270667701959610e-02 8.366629481315612793e-03 2.523618517443537712e-03 -1.719027385115623474e-02 9.998140335083007812e-01
9.627593681216239929e-03 -1.782976649701595306e-02 1.364950556308031082e-02 1.030561514198780060e-02 2.554656239226460457e-03 -1.823579892516136169e-02 9.997773170471191406e-01
1.185981649905443192e-02 -1.880389079451560974e-02 1.411080360412597656e-02 1.188453007489442825e-02 2.628085669130086899e-03 -1.818648539483547211e-02 9.997605085372924805e-01
1.246325299143791199e-02 -2.032246254384517670e-02 1.526357326656579971e-02 1.314232498407363892e-02 2.294913399964570999e-03 -1.724334061145782471e-02 9.997622966766357422e-01
1.518959179520606995e-02 -2.038742601871490479e-02 1.664266735315322876e-02 1.406487170606851578e-02 2.305686939507722855e-03 -1.616579480469226837e-02 9.997677206993103027e-01
1.791113987565040588e-02 -2.104592509567737579e-02 1.732864603400230408e-02 1.446574367582798004e-02 1.842285040766000748e-03 -1.424376200884580612e-02 9.997922182083129883e-01
1.991882361471652985e-02 -2.174784801900386810e-02 1.883755810558795929e-02 1.473514176905155182e-02 1.296502538025379181e-03 -1.167274545878171921e-02 9.998224377632141113e-01
2.229670621454715729e-02 -2.219273149967193604e-02 2.041177079081535339e-02 1.436966937035322189e-02 9.104853379540145397e-04 -8.487169630825519562e-03 9.998602867126464844e-01
2.533084712922573090e-02 -2.242650277912616730e-02 2.166631817817687988e-02 1.370347011834383011e-02 4.648151225410401821e-04 -4.709590692073106766e-03 9.998949170112609863e-01
2.769982442259788513e-02 -2.296110987663269043e-02 2.358852699398994446e-02 1.264810841530561447e-02 -3.552368798409588635e-05 -6.388218607753515244e-04 9.999198317527770996e-01
3.096073493361473083e-02 -2.287851274013519287e-02 2.525137551128864288e-02 1.101434789597988129e-02 -4.906639787805033848e-06 4.382361657917499542e-03 9.999297261238098145e-01
3.365592285990715027e-02 -2.372065745294094086e-02 2.697270363569259644e-02 9.055731818079948425e-03 -5.821876693516969681e-04 9.650782682001590729e-03 9.999122619628906250e-01
3.550041466951370239e-02 -2.458610758185386658e-02 2.989728748798370361e-02 6.517063360661268234e-03 -7.762333378195762634e-03 1.509041152894496918e-02 9.998347759246826172e-01
3.860163316130638123e-02 -2.581231668591499329e-02 3.118938393890857697e-02 3.755020909011363983e-03 -1.633107848465442657e-02 2.055986411869525909e-02 9.996481537818908691e-01
4.092972725629806519e-02 -2.790221013128757477e-02 3.268945962190628052e-02 1.535796793177723885e-03 -1.813982985913753510e-02 2.608874440193176270e-02 9.994938373565673828e-01
4.344732314348220825e-02 -2.962693572044372559e-02 3.407298773527145386e-02 -5.819356301799416542e-04 -1.907527633011341095e-02 3.084978275001049042e-02 9.993418455123901367e-01
4.545096680521965027e-02 -3.217048197984695435e-02 3.497251495718955994e-02 -2.356344135478138924e-03 -1.973052695393562317e-02 3.526480123400688171e-02 9.991804361343383789e-01
4.686313495039939880e-02 -3.507091104984283447e-02 3.632414340972900391e-02 -3.964170347899198532e-03 -2.052580006420612335e-02 3.861445933580398560e-02 9.990354776382446289e-01
4.255514219403266907e-02 -3.432249277830123901e-02 3.432865813374519348e-02 -5.384948570281267166e-03 -2.083397842943668365e-02 4.130692034959793091e-02 9.989147782325744629e-01
3.392808139324188232e-02 -2.754951082170009613e-02 2.864031121134757996e-02 -6.421537604182958603e-03 -2.049365080893039703e-02 4.401900619268417358e-02 9.987998008728027344e-01
2.417633496224880219e-02 -2.198918908834457397e-02 2.308123186230659485e-02 -7.075945846736431122e-03 -2.029023878276348114e-02 4.525811225175857544e-02 9.987441897392272949e-01
1.514623127877712250e-02 -1.493745576590299606e-02 1.954755559563636780e-02 -7.856169715523719788e-03 -1.961047202348709106e-02 4.577022790908813477e-02 9.987285733222961426e-01
7.642810698598623276e-03 -6.546992342919111252e-03 1.812581717967987061e-02 -8.274898864328861237e-03 -1.817608438432216644e-02 4.603774100542068481e-02 9.987400770187377930e-01
5.985060706734657288e-03 -8.507239981554448605e-04 1.852775923907756805e-02 -7.939508184790611267e-03 -1.763249561190605164e-02 4.668132215738296509e-02 9.987226128578186035e-01
7.436086423695087433e-03 1.109369215555489063e-03 1.867210306227207184e-02 -6.975900381803512573e-03 -1.688490249216556549e-02 4.585399478673934937e-02 9.987810850143432617e-01
7.339129690080881119e-03 2.111256355419754982e-03 1.960604824125766754e-02 -7.434729021042585373e-03 -1.476339250802993774e-02 4.359336942434310913e-02 9.989125728607177734e-01
1.024159416556358337e-02 3.245898522436618805e-03 1.946656033396720886e-02 -6.903541740030050278e-03 -1.273807883262634277e-02 4.135329276323318481e-02 9.990395307540893555e-01
1.071902085095643997e-02 4.407028201967477798e-03 2.066963724792003632e-02 -6.006048526614904404e-03 -1.031724642962217331e-02 3.894910216331481934e-02 9.991698861122131348e-01
9.845911525189876556e-03 6.362436339259147644e-03 2.253121696412563324e-02 -4.941068589687347412e-03 -8.614336140453815460e-03 3.526841476559638977e-02 9.993285536766052246e-01
1.350118685513734818e-02 7.225682958960533142e-03 2.268760092556476593e-02 -3.628005040809512138e-03 -5.239335820078849792e-03 3.147994354367256165e-02 9.994840621948242188e-01
1.855569705367088318e-02 4.387541208416223526e-03 2.028262428939342499e-02 -1.827028580009937286e-03 -2.171084517613053322e-03 2.495830878615379333e-02 9.996844530105590820e-01
1.947716064751148224e-02 -4.879614338278770447e-03 1.913819275796413422e-02 -9.914592374116182327e-05 1.051002065651118755e-03 1.924009807407855988e-02 9.998143315315246582e-01
