8.369617909193038940e-02 -9.695054963231086731e-03 3.502440452575683594e-02 -2.550911158323287964e-02 7.449433207511901855e-03 2.535513043403625488e-02 9.993252158164978027e-01
7.521922886371612549e-02 -1.402297057211399078e-02 3.335427865386009216e-02 -2.495607174932956696e-02 7.575270254164934158e-03 2.410291507840156555e-02 9.993692040443420410e-01
6.694536656141281128e-02 -1.705215126276016235e-02 3.074576891958713531e-02 -2.448719367384910583e-02 7.477939128875732422e-03 2.212663181126117706e-02 9.994272589683532715e-01
5.839570984244346619e-02 -1.927923783659934998e-02 2.827713824808597565e-02 -2.357165701687335968e-02 7.590855006128549576e-03 2.055182307958602905e-02 9.994820356369018555e-01
5.012675374746322632e-02 -2.003010921180248260e-02 2.552564069628715515e-02 -2.246116474270820618e-02 7.419026456773281097e-03 1.839965395629405975e-02 9.995508790016174316e-01
4.200096055865287781e-02 -2.026777528226375580e-02 2.230384387075901031e-02 -2.088992670178413391e-02 7.179780863225460052e-03 1.636453159153461456e-02 9.996220469474792480e-01
3.431477397680282593e-02 -1.888903230428695679e-02 1.927781477570533752e-02 -1.907731033861637115e-02 6.999889854341745377e-03 1.396464183926582336e-02 9.996959567070007324e-01
2.638984471559524536e-02 -1.754826307296752930e-02 1.621587760746479034e-02 -1.729326695203781128e-02 6.868935655802488327e-03 1.184607483446598053e-02 9.997566938400268555e-01
1.876617595553398132e-02 -1.517210807651281357e-02 1.337890978902578354e-02 -1.492819469422101974e-02 6.559015251696109772e-03 9.009148925542831421e-03 9.998264908790588379e-01
1.174333598464727402e-02 -1.179665233939886093e-02 1.033656392246484756e-02 -1.237044669687747955e-02 6.548035424202680588e-03 6.623386405408382416e-03 9.998801350593566895e-01
4.492215346544981003e-03 -8.341983892023563385e-03 7.318322546780109406e-03 -9.762272238731384277e-03 -1.311732339672744274e-04 3.393417689949274063e-03 9.999465942382812500e-01
-1.561943325214087963e-03 -3.814352210611104965e-03 4.058058839291334152e-03 -7.029158528894186020e-03 -8.495251677231863141e-05 6.148003740236163139e-04 9.999750852584838867e-01
-1.668636454269289970e-03 -4.877110943198204041e-03 3.844980848953127861e-03 -4.816653672605752945e-03 1.628439058549702168e-04 -1.814087387174367905e-03 9.999867677688598633e-01
-1.343666925095021725e-03 -6.071427371352910995e-03 3.868960076943039894e-03 -2.674889983609318733e-03 4.465316014830023050e-04 -3.632165258750319481e-03 9.999897480010986328e-01
-9.962137555703520775e-04 -7.313625421375036240e-03 3.483259817585349083e-03 -3.424347669351845980e-04 6.227295380085706711e-04 -5.686134099960327148e-03 9.999836087226867676e-01
-5.541683640331029892e-04 -7.696067448705434799e-03 4.756823647767305374e-03 6.931180832907557487e-04 1.207545748911798000e-03 -6.806726567447185516e-03 9.999758601188659668e-01
-7.508629932999610901e-04 -8.959894068539142609e-03 4.249640740454196930e-03 2.648440422490239143e-03 9.938869625329971313e-04 -7.910170592367649078e-03 9.999647140502929688e-01
5.108936456963419914e-04 -9.422061033546924591e-03 5.344286095350980759e-03 3.478943603113293648e-03 1.489916583523154259e-03 -8.345064707100391388e-03 9.999580383300781250e-01
5.317710456438362598e-04 -1.026075519621372223e-02 5.706762429326772690e-03 4.569151904433965683e-03 9.919768199324607849e-04 -9.087469428777694702e-03 9.999477863311767578e-01
1.666248543187975883e-03 -1.095496118068695068e-02 6.173481233417987823e-03 5.395526997745037079e-03 1.375377527438104153e-03 -9.190019220113754272e-03 9.999422430992126465e-01
3.557812888175249100e-03 -1.125429477542638779e-02 6.862955633550882339e-03 5.918765906244516373e-03 1.383132068440318108e-03 -8.950758725404739380e-03 9.999414682388305664e-01
4.106802865862846375e-03 -1.249856315553188324e-02 6.469811312854290009e-03 7.120358292013406754e-03 1.101611880585551262e-03 -8.485685102641582489e-03 9.999380111694335938e-01
5.472433287650346756e-03 -1.252576522529125214e-02 7.790293544530868530e-03 7.241290062665939331e-03 1.141234533861279488e-03 -7.724744267761707306e-03 9.999433159828186035e-01
6.203641649335622787e-03 -1.337542384862899780e-02 8.244861848652362823e-03 7.514361757785081863e-03 7.821989129297435284e-04 -6.627420429140329361e-03 9.999495148658752441e-01
7.384684402495622635e-03 -1.381104532629251480e-02 9.090499952435493469e-03 7.407037075608968735e-03 6.024175090715289116e-04 -5.305074155330657959e-03 9.999583363533020020e-01
9.044433943927288055e-03 -1.422805339097976685e-02 9.596636518836021423e-03 7.121846545487642288e-03 3.789248003158718348e-04 -3.457566024735569954e-03 9.999685883522033691e-01
1.033324934542179108e-02 -1.477765943855047226e-02 1.033249218016862869e-02 6.654450204223394394e-03 -7.412209015456028283e-06 -1.468066824600100517e-03 9.999767541885375977e-01
1.185411401093006134e-02 -1.509250886738300323e-02 1.125128939747810364e-02 5.974736995995044708e-03 -1.849180262070149183e-04 5.436147912405431271e-04 9.999819993972778320e-01
1.350645255297422409e-02 -1.533533912152051926e-02 1.219911966472864151e-02 5.317245610058307648e-03 -2.645796630531549454e-04 3.367117373272776604e-03 9.999801516532897949e-01
1.524465903639793396e-02 -1.545953564345836639e-02 1.323935389518737793e-02 3.883420722559094429e-03 -1.696835388429462910e-04 5.958000198006629944e-03 9.999746680259704590e-01
1.592448912560939789e-02 -1.671928912401199341e-02 1.418391987681388855e-02 2.523216651752591133e-03 -7.473644334822893143e-03 8.896607905626296997e-03 9.999293088912963867e-01
1.703501492738723755e-02 -1.760827191174030304e-02 1.522706076502799988e-02 1.304614590480923653e-03 -8.619684725999832153e-03 1.177351642400026321e-02 9.998927116394042969e-01
1.867074146866798401e-02 -1.838358491659164429e-02 1.562605425715446472e-02 1.141493848990648985e-04 -9.289577603340148926e-03 1.373363472521305084e-02 9.998625516891479492e-01
2.032355591654777527e-02 -1.884279400110244751e-02 1.630833745002746582e-02 -8.719466859474778175e-04 -9.591364301741123199e-03 1.624024286866188049e-02 9.998217225074768066e-01
2.153847925364971161e-02 -1.947245001792907715e-02 1.691097952425479889e-02 -1.836093026213347912e-03 -9.790073148906230927e-03 1.825841143727302551e-02 9.997836947441101074e-01
2.128630131483078003e-02 -2.243704535067081451e-02 1.699433475732803345e-02 -2.212828723713755608e-03 -1.055577490478754044e-02 1.982415840029716492e-02 9.997453093528747559e-01
1.545009016990661621e-02 -1.959269493818283081e-02 1.534393895417451859e-02 -2.975017530843615532e-03 -1.057961303740739822e-02 2.097195759415626526e-02 9.997196793556213379e-01
1.139260269701480865e-02 -1.495332363992929459e-02 1.328233629465103149e-02 -3.891410771757364273e-03 -1.017042715102434158e-02 2.220784686505794525e-02 9.996940493583679199e-01
5.051582120358943939e-03 -1.181982364505529404e-02 1.131132151931524277e-02 -3.710474586114287376e-03 -1.010382268577814102e-02 2.278194017708301544e-02 9.996824860572814941e-01
-1.203456777147948742e-03 -5.561048164963722229e-03 1.070825010538101196e-02 -4.925560671836137772e-03 -9.836410172283649445e-03 2.355181239545345306e-02 9.996621012687683105e-01
-5.733557976782321930e-03 6.871806690469384193e-04 7.716514635831117630e-03 -4.337909631431102753e-03 -9.370692074298858643e-03 2.217752858996391296e-02 9.997007250785827637e-01
-5.717116873711347580e-03 -8.570221689296886325e-05 8.060494437813758850e-03 -4.728456959128379822e-03 -8.102242834866046906e-03 2.286637388169765472e-02 9.996945261955261230e-01
-5.542017053812742233e-03 -3.697431529872119427e-04 8.630684576928615570e-03 -4.561621695756912231e-03 -7.354926783591508865e-03 2.218816988170146942e-02 9.997163414955139160e-01
-6.940793246030807495e-03 -4.490615683607757092e-04 8.259289897978305817e-03 -3.756942925974726677e-03 -6.688347551971673965e-03 2.076702564954757690e-02 9.997549057006835938e-01
-7.353679742664098740e-03 -1.204910106025636196e-03 8.697319775819778442e-03 -3.410669742152094841e-03 -5.688928533345460892e-03 1.987710222601890564e-02 9.997804164886474609e-01
-9.094492532312870026e-03 1.361639879178255796e-04 8.220662362873554230e-03 -2.654968295246362686e-03 -5.004703998565673828e-03 1.842507347464561462e-02 9.998142123222351074e-01
-9.838094003498554230e-03 3.084708587266504765e-04 8.720031939446926117e-03 -2.130795968696475029e-03 -3.231808310374617577e-03 1.656865701079368591e-02 9.998552203178405762e-01
-1.117650605738162994e-02 2.692789770662784576e-03 8.396347984671592712e-03 -9.641837677918374538e-04 -1.348290359601378441e-03 1.418094988912343979e-02 9.998980760574340820e-01
-2.365432213991880417e-03 -2.472741180099546909e-04 1.357870828360319138e-02 -5.087016616016626358e-04 -7.625329890288412571e-04 1.081304624676704407e-02 9.999411106109619141e-01
1.554839545860886574e-03 -1.063449587672948837e-02 9.228885173797607422e-03 2.470707986503839493e-04 1.395610743202269077e-03 8.593682199716567993e-03 9.999620914459228516e-01
1.597648113965988159e-01 -1.802397891879081726e-02 6.837406009435653687e-02 -5.080693960189819336e-02 1.445628702640533447e-02 4.905915632843971252e-02 9.973980784416198730e-01
1.432000249624252319e-01 -2.612051181495189667e-02 6.418111920356750488e-02 -4.938865080475807190e-02 1.566766202449798584e-02 4.585372656583786011e-02 9.976034760475158691e-01
1.261120736598968506e-01 -3.236851096153259277e-02 5.985921248793601990e-02 -4.785291478037834167e-02 1.454607304185628891e-02 4.287847131490707397e-02 9.978275895118713379e-01
1.095390021800994873e-01 -3.536799550056457520e-02 5.459019169211387634e-02 -4.620465263724327087e-02 1.477926690131425858e-02 3.923569619655609131e-02 9.980517625808715820e-01
9.310407936573028564e-02 -3.726272657513618469e-02 4.851919040083885193e-02 -4.297548159956932068e-02 1.476314570754766464e-02 3.522558510303497314e-02 9.983457922935485840e-01
7.690785080194473267e-02 -3.700526803731918335e-02 4.251166060566902161e-02 -4.009075462818145752e-02 1.388867851346731186e-02 3.049507550895214081e-02 9.986339807510375977e-01
6.176577508449554443e-02 -3.459506481885910034e-02 3.562220931053161621e-02 -3.612466156482696533e-02 1.389192510396242142e-02 2.631163597106933594e-02 9.989042878150939941e-01
4.683328047394752502e-02 -2.998279593884944916e-02 2.999062091112136841e-02 -3.179731965065002441e-02 1.368274912238121033e-02 2.095858566462993622e-02 9.991809129714965820e-01
3.217932954430580139e-02 -2.493166550993919373e-02 2.379876561462879181e-02 -2.739698626101016998e-02 1.292259339243173599e-02 1.594627462327480316e-02 9.994139075279235840e-01
1.818936876952648163e-02 -1.856623217463493347e-02 1.768471486866474152e-02 -2.203712053596973419e-02 6.356794387102127075e-03 1.011883746832609177e-02 9.996857047080993652e-01
5.794483236968517303e-03 -1.221447624266147614e-02 1.008550357073545456e-02 -1.672571152448654175e-02 -1.739549334160983562e-04 4.176713526248931885e-03 9.998514056205749512e-01
-1.264059683308005333e-03 -9.121796116232872009e-03 8.005418814718723297e-03 -1.122371293604373932e-02 -1.359696470899507403e-04 -1.737982966005802155e-03 9.999355077743530273e-01
-9.419068228453397751e-04 -1.083347387611865997e-02 8.403061889111995697e-03 -7.213289849460124969e-03 4.875207378063350916e-04 -5.231593735516071320e-03 9.999601840972900391e-01
-5.159710999578237534e-04 -1.304650120437145233e-02 8.314276114106178284e-03 -2.937341574579477310e-03 1.037948764860630035e-03 -9.454484097659587860e-03 9.999504685401916504e-01
5.494778160937130451e-04 -1.491121668368577957e-02 8.595423772931098938e-03 7.947193807922303677e-05 1.672081183642148972e-03 -1.241946034133434296e-02 9.999215006828308105e-01
4.108819412067532539e-04 -1.699970662593841553e-02 8.485484868288040161e-03 3.637933405116200447e-03 1.647599739953875542e-03 -1.502690091729164124e-02 9.998791217803955078e-01
7.050303393043577671e-04 -1.893384940922260284e-02 8.542615920305252075e-03 5.875526927411556244e-03 2.112785587087273598e-03 -1.632622629404067993e-02 9.998472332954406738e-01
1.285738195292651653e-03 -2.015032432973384857e-02 1.013371162116527557e-02 8.339785970747470856e-03 2.487700199708342552e-03 -1.716838404536247253e-02 9.998147487640380859e-01
2.830066950991749763e-03 -2.165733650326728821e-02 1.094763353466987610e-02 1.033831760287284851e-02 2.534138271585106850e-03 -1.807240769267082214e-02 9.997799992561340332e-01
5.573992617428302765e-03 -2.313217893242835999e-02 1.127782184630632401e-02 1.186322979629039764e-02 2.447260543704032898e-03 -1.823965646326541901e-02 9.997602701187133789e-01
6.521425675600767136e-03 -2.452476881444454193e-02 1.254267152398824692e-02 1.296953670680522919e-02 2.321743639186024666e-03 -1.719600521028041840e-02 9.997653365135192871e-01
9.240270592272281647e-03 -2.505492232739925385e-02 1.449888013303279877e-02 1.402777340263128281e-02 2.598778344690799713e-03 -1.617009937763214111e-02 9.997674822807312012e-01
1.175232324749231339e-02 -2.655919827520847321e-02 1.484970934689044952e-02 1.451995223760604858e-02 1.937603577971458435e-03 -1.449227146804332733e-02 9.997876882553100586e-01
1.386974193155765533e-02 -2.776692807674407959e-02 1.616199128329753876e-02 1.487562432885169983e-02 1.145451213233172894e-03 -1.209253817796707153e-02 9.998155832290649414e-01
1.653596386313438416e-02 -2.837844565510749817e-02 1.809768751263618469e-02 1.444261800497770309e-02 8.531982311978936195e-04 -8.688216097652912140e-03 9.998576045036315918e-01
1.953454501926898956e-02 -2.917203865945339203e-02 1.953005045652389526e-02 1.370749995112419128e-02 3.808433539234101772e-04 -4.683489445596933365e-03 9.998950362205505371e-01
2.221575193107128143e-02 -2.979563735425472260e-02 2.167006395757198334e-02 1.259158737957477570e-02 -4.854628059547394514e-05 -8.434706833213567734e-04 9.999203681945800781e-01
2.588721364736557007e-02 -3.007258102297782898e-02 2.334774099290370941e-02 1.104157697409391403e-02 -1.500275102443993092e-04 4.324559587985277176e-03 9.999296665191650391e-01
2.891236729919910431e-02 -3.066120855510234833e-02 2.543387934565544128e-02 8.963945321738719940e-03 -6.519241724163293839e-04 9.546767920255661011e-03 9.999140501022338867e-01
3.066723421216011047e-02 -3.202800452709197998e-02 2.814838290214538574e-02 6.312993820756673813e-03 -7.689719554036855698e-03 1.480907388031482697e-02 9.998408555984497070e-01
3.319173306226730347e-02 -3.382208198308944702e-02 2.972397953271865845e-02 3.712335601449012756e-03 -1.601473614573478699e-02 2.046327479183673859e-02 9.996554255485534668e-01
3.629003465175628662e-02 -3.544606640934944153e-02 3.080563247203826904e-02 1.561709097586572170e-03 -1.800150237977504730e-02 2.569826506078243256e-02 9.995064139366149902e-01
3.898931294679641724e-02 -3.696162253618240356e-02 3.225004300475120544e-02 -6.291378522291779518e-04 -1.888659037649631500e-02 3.037726320326328278e-02 9.993598461151123047e-01
4.137735441327095032e-02 -3.877582773566246033e-02 3.328897431492805481e-02 -2.539778128266334534e-03 -1.956463418900966644e-02 3.485542908310890198e-02 9.991976022720336914e-01
4.334114119410514832e-02 -4.112414270639419556e-02 3.429163247346878052e-02 -3.878016956150531769e-03 -2.067558281123638153e-02 3.822923451662063599e-02 9.990475773811340332e-01
3.822232410311698914e-02 -4.048356786370277405e-02 3.267361968755722046e-02 -5.190533120185136795e-03 -2.098343521356582642e-02 4.068093001842498779e-02 9.989383220672607422e-01
2.789802849292755127e-02 -3.371516987681388855e-02 2.855424210429191589e-02 -6.215351168066263199e-03 -2.031926251947879791e-02 4.358753561973571777e-02 9.988236427307128906e-01
1.598595082759857178e-02 -2.752134576439857483e-02 2.424433454871177673e-02 -7.078156806528568268e-03 -1.999909803271293640e-02 4.467221722006797791e-02 9.987764358520507812e-01
5.173296667635440826e-03 -1.917595416307449341e-02 2.098005078732967377e-02 -7.880305871367454529e-03 -1.959913596510887146e-02 4.614020511507987976e-02 9.987115859985351562e-01
-5.550591740757226944e-03 -7.393877021968364716e-03 1.855646632611751556e-02 -8.172249421477317810e-03 -1.848629303276538849e-02 4.632437601685523987e-02 9.987219572067260742e-01
-9.133151732385158539e-03 -8.059006067924201488e-04 1.719763316214084625e-02 -8.333763107657432556e-03 -1.739896088838577271e-02 4.607937112450599670e-02 9.987514615058898926e-01
-1.013152580708265305e-02 -2.904752000176813453e-05 1.739324070513248444e-02 -7.841698825359344482e-03 -1.595352776348590851e-02 4.528276622295379639e-02 9.988160133361816406e-01
-1.223798748105764389e-02 1.367142423987388611e-03 1.706106401979923248e-02 -7.668766658753156662e-03 -1.412823051214218140e-02 4.335803911089897156e-02 9.989302754402160645e-01
-1.255806162953376770e-02 -5.705872317776083946e-04 1.833964325487613678e-02 -7.289452012628316879e-03 -1.280797924846410751e-02 4.090073704719543457e-02 9.990545511245727539e-01
-1.353552751243114471e-02 5.344808450900018215e-04 1.944368705153465271e-02 -6.611641496419906616e-03 -1.012167800217866898e-02 3.867821767926216125e-02 9.991785883903503418e-01
-1.867371425032615662e-02 1.368324505165219307e-03 1.716095581650733948e-02 -5.082927644252777100e-03 -8.501937612891197205e-03 3.488101437687873840e-02 9.993423819541931152e-01
-2.108337916433811188e-02 1.542510464787483215e-03 1.738768443465232849e-02 -3.639515023678541183e-03 -5.350619554519653320e-03 3.131135925650596619e-02 9.994887113571166992e-01
-1.554714515805244446e-02 -1.933618565090000629e-03 2.301079407334327698e-02 -1.805024570785462856e-03 -2.359447069466114044e-03 2.460084669291973114e-02 9.996929168701171875e-01
1.502516958862543106e-02 -4.073516465723514557e-03 2.295847795903682709e-02 -1.364107720291940495e-05 9.716735803522169590e-04 1.844953745603561401e-02 9.998292922973632812e-01
