0.000000000000000000e+00 0.000000000000000000e+00 0.000000000000000000e+00 0.000000000000000000e+00 0.000000000000000000e+00 0.000000000000000000e+00 1.000000000000000000e+00
8.369617909193038940e-02 -9.695054963231086731e-03 3.502440452575683594e-02 -2.550911122102248602e-02 7.449432644897968116e-03 2.535512932521218066e-02 9.993252266479039081e-01
1.599797627725216553e-01 -1.818539249303374739e-02 6.782399337247990712e-02 -5.044477226240486750e-02 1.499697230653081019e-02 4.941845836586430257e-02 9.973907116801181694e-01
2.290413034308261819e-01 -2.542994660191762873e-02 9.775358259203714706e-02 -7.487689751685597250e-02 2.235286392066578379e-02 7.144906404253990873e-02 9.943786154882050532e-01
2.905409428661192006e-01 -3.189278399405547082e-02 1.252739490364745412e-01 -9.836023571408264443e-02 2.974415419391094120e-02 9.180686635864193645e-02 9.904605234995311758e-01
3.445369259966050146e-01 -3.726189904053927443e-02 1.501950537198833147e-01 -1.206967904392469287e-01 3.682675269790356559e-02 1.099281132310363090e-01 9.858964879665900183e-01
3.910099279992985677e-01 -4.223010746555137807e-02 1.722835539871339638e-01 -1.414330867548578841e-01 4.357011152148390631e-02 1.259230329470607535e-01 9.809392015443217927e-01
4.299666284610027533e-01 -4.614938017007601256e-02 1.915954204842514053e-01 -1.603767774976961047e-01 4.999612121126244257e-02 1.394243988666898360e-01 9.758793542769237384e-01
4.611124082828706450e-01 -5.005269648897760909e-02 2.083890099925699568e-01 -1.775793370899693691e-01 5.617594119811829267e-02 1.507137935283876795e-01 9.708734186851935011e-01
4.843936269753404966e-01 -5.362140387150723941e-02 2.227628276633770443e-01 -1.925243458965907872e-01 6.188412024837803421e-02 1.591082430796771363e-01 9.663277388558565439e-01
4.999640212632633363e-01 -5.656539798932620072e-02 2.342870291776263381e-01 -2.050871332129245161e-01 6.751117208958186400e-02 1.649944071575430438e-01 9.623712147816588791e-01
5.075065587727193295e-01 -5.939737555871239111e-02 2.431423422628970765e-01 -2.142203713755152783e-01 6.646655433667603141e-02 1.689372853963092280e-01 9.597666504131469045e-01
5.076171392315929065e-01 -6.134613088376751622e-02 2.485872404186121876e-01 -2.209061743374906850e-01 6.532758072632502411e-02 1.700085467033643771e-01 9.581387495471779259e-01
5.079813835956537016e-01 -6.424771377295172836e-02 2.543145940202365396e-01 -2.256644628186046664e-01 6.426312618436681723e-02 1.685468322627540760e-01 9.573597892997144365e-01
5.090423691391562366e-01 -6.799494645623078981e-02 2.605169387463889263e-01 -2.285316522441088738e-01 6.341946253726361837e-02 1.651389422881910096e-01 9.573298206125201437e-01
5.107930077346065634e-01 -7.283475465741844068e-02 2.668514615138601886e-01 -2.293191714859086072e-01 6.265856795124008505e-02 1.595721291752807969e-01 9.581353542385250277e-01
5.130689321150208038e-01 -7.729753756019369648e-02 2.744057758403897207e-01 -2.292687262257451786e-01 6.236373727909214765e-02 1.527261691312294112e-01 9.592816753748127923e-01
5.154513969763647729e-01 -8.314582436472618687e-02 2.820885062152935774e-01 -2.273651359458277177e-01 6.190588556123763353e-02 1.447396642599718397e-01 9.610011372933566776e-01
5.191074601006684386e-01 -8.864001501592866372e-02 2.906934299119572351e-01 -2.247445805582074241e-01 6.194126234998741098e-02 1.361598483611610177e-01 9.628674099908414163e-01
5.229230110838255507e-01 -9.479299984059187667e-02 2.999516891170551647e-01 -2.210313129213579975e-01 6.147294521358189628e-02 1.268967489603331500e-01 9.650199224981456103e-01
5.278898912627197904e-01 -1.012320164669560374e-01 3.096866054182521588e-01 -2.165512298653639867e-01 6.145005575869591508e-02 1.173851908548875500e-01 9.672384258594222128e-01
5.346448371380403408e-01 -1.074334221456313687e-01 3.198024651097230997e-01 -2.115260807045201974e-01 6.154075501705928014e-02 1.080575743796308996e-01 9.694292203523193763e-01
5.420447892271813561e-01 -1.150287241894388246e-01 3.299262225691631523e-01 -2.052515436578038477e-01 6.157934162607178741e-02 9.915339612279445991e-02 9.717244427039511967e-01
5.507136851504123021e-01 -1.221339736076154925e-01 3.409669049871366098e-01 -1.987922078528871483e-01 6.181729798983728180e-02 9.096129687357196181e-02 9.738512834295018905e-01
5.601601783577014881e-01 -1.299992781739116865e-01 3.525542096742175224e-01 -1.919451366427898098e-01 6.194195811943111613e-02 8.388256851862860297e-02 9.758503845581191216e-01
5.707799833725539784e-01 -1.380649696193851639e-01 3.648049275743052156e-01 -1.850881141919486217e-01 6.213028349288705898e-02 7.812767575493513583e-02 9.776391379947375615e-01
5.830331818481567785e-01 -1.464046881228115438e-01 3.773206354463508605e-01 -1.783641287769205108e-01 6.241524264435376057e-02 7.423235318933467386e-02 9.791731883539654957e-01
5.966386712887741250e-01 -1.551022473577204630e-01 3.904034018054273747e-01 -1.719352075023099502e-01 6.263866064657644395e-02 7.237912082368916367e-02 9.804468091040585698e-01
6.118446315198762253e-01 -1.638218536194948616e-01 4.041016716265299902e-01 -1.660267634507570367e-01 6.298214270150749583e-02 7.256834681254685504e-02 9.814286517927256481e-01
6.288209353885739761e-01 -1.724217867481373789e-01 4.183936856299049212e-01 -1.605737040795114645e-01 6.366612232747798084e-02 7.558052813636995104e-02 9.820643024734152515e-01
6.477131058058892554e-01 -1.806531739625157340e-01 4.332936025578439931e-01 -1.563637244308188901e-01 6.474808032085987985e-02 8.120975935812396740e-02 9.822235217922048456e-01
6.677437257119420710e-01 -1.896103385798235674e-01 4.491948928826422494e-01 -1.526913372849373618e-01 5.899873031784334809e-02 9.094770971993645925e-02 9.823100424182366064e-01
6.891838510733606649e-01 -1.986381704878104337e-01 4.662514349813131065e-01 -1.499148522421564489e-01 5.244156178046393418e-02 1.037423735256897683e-01 9.818416061720416366e-01
7.125072190635312053e-01 -2.075196421271993108e-01 4.837975547841847912e-01 -1.480982306780327107e-01 4.538417688981983417e-02 1.185990256725283909e-01 9.807861447163682689e-01
7.376911666469722073e-01 -2.156376985090859844e-01 5.020711867696440178e-01 -1.470524465800694403e-01 3.827074932386286682e-02 1.359661249848441722e-01 9.789913894195452215e-01
7.643642726516729491e-01 -2.230113839865995318e-01 5.211299854010139621e-01 -1.467882745972318437e-01 3.111337083509573345e-02 1.553214621172119281e-01 9.764017636208043305e-01
7.918503101749370110e-01 -2.321013392193324032e-01 5.413098143575383325e-01 -1.466551638405950986e-01 2.336502299288010717e-02 1.762565595391170914e-01 9.730775733922060189e-01
8.130830546986622664e-01 -2.399342990004758869e-01 5.599063394330887622e-01 -1.471542367847387678e-01 1.561496779872830441e-02 1.982355551514381475e-01 9.689192267938266934e-01
8.290147107853548247e-01 -2.448708309805021632e-01 5.757690859759240221e-01 -1.485167653654656250e-01 8.252430834225070802e-03 2.212499042299556073e-01 9.638065924597845058e-01
8.380775514646084945e-01 -2.495904521999693648e-01 5.895081835372444345e-01 -1.496223169157245569e-01 1.074237260669628699e-03 2.446682529629680414e-01 9.579924082617394809e-01
8.388649092684457020e-01 -2.517250783405727832e-01 6.014188352471842025e-01 -1.518584505159268627e-01 -6.030583648824831486e-03 2.686250736088129920e-01 9.511799056416277987e-01
8.328912375379204924e-01 -2.519050197112686629e-01 6.089801426492852388e-01 -1.535556754340995089e-01 -1.273941842005332954e-02 2.910363559851887327e-01 9.442225379936441954e-01
8.272768793571600998e-01 -2.528590692745791291e-01 6.170568444791509899e-01 -1.559067391991391383e-01 -1.825073847676785335e-02 3.137223016574242629e-01 9.364498473811143642e-01
8.219053191033020012e-01 -2.540046130474173935e-01 6.257271068277796555e-01 -1.582317921536536554e-01 -2.310487881314258682e-02 3.354748517536976782e-01 9.283778801585631513e-01
8.155794748677415162e-01 -2.564057208745169625e-01 6.341420050865371749e-01 -1.599169212590692835e-01 -2.728288640220352321e-02 3.556437834452398361e-01 9.204345287424523514e-01
8.094491897544061620e-01 -2.597311888566514737e-01 6.432267534338033110e-01 -1.615401786021699870e-01 -3.054748042732511812e-02 3.746779680627067011e-01 9.124626251990394232e-01
8.013799491971277389e-01 -2.637132992648697494e-01 6.515536843367110142e-01 -1.626204098098973927e-01 -3.312677832057950300e-02 3.921478999339834681e-01 9.048078489097709509e-01
7.927387602294827529e-01 -2.682639117712832810e-01 6.603595905342158900e-01 -1.638063487228751669e-01 -3.418733382845424995e-02 4.075375534490042750e-01 8.977259319260982862e-01
7.817243127575232986e-01 -2.726778369249418521e-01 6.682249116023426527e-01 -1.645905548735012991e-01 -3.346425585678206721e-02 4.204145154923049632e-01 8.916511245940057506e-01
7.776934883389280406e-01 -2.710203099166298424e-01 6.813032445015616556e-01 -1.650757183386702409e-01 -3.257633910417159773e-02 4.301397076432511013e-01 8.869434149110757559e-01
7.848257106636365998e-01 -2.734931216343651772e-01 6.932906944821142226e-01 -1.657305773599059284e-01 -2.981239248874133219e-02 4.375231694389761228e-01 8.832995376349533911e-01
