0.000000000000000000e+00 0.000000000000000000e+00 0.000000000000000000e+00 0.000000000000000000e+00 0.000000000000000000e+00 0.000000000000000000e+00 1.000000000000000000e+00
8.231128007173538208e-02 -2.536573819816112518e-02 3.047892823815345764e-02 -2.319410552085451535e-02 1.198213788196987595e-02 2.746091805309211833e-02 9.992819220923324641e-01
1.567978880654763985e-01 -4.942902581812892715e-02 6.046060473355009679e-02 -4.666006127939045789e-02 2.626755073429151016e-02 5.492692614555968328e-02 9.970536029943551926e-01
2.251393876560036367e-01 -6.970526361433118656e-02 8.739360174520204028e-02 -6.976547983526727725e-02 4.075647163766651232e-02 8.086688548019339839e-02 9.934446309058880820e-01
2.864985374271682428e-01 -8.651148241189315913e-02 1.128003864627629138e-01 -9.342004387042845970e-02 5.609738907016832699e-02 1.080192677472431029e-01 9.881586998747250439e-01
3.418036123298938689e-01 -9.855723729972037939e-02 1.348797329647180576e-01 -1.153559559645165461e-01 6.991068158797843213e-02 1.321541424567886924e-01 9.820085451028048862e-01
3.905139044397673009e-01 -1.067464688318569693e-01 1.539789027808637911e-01 -1.357024943765224312e-01 8.280624082666299124e-02 1.534868589632738256e-01 9.752793156966544919e-01
4.324326883715728376e-01 -1.119120824143283871e-01 1.698580087464391930e-01 -1.539721874053703865e-01 9.469015296408135607e-02 1.715866937875690501e-01 9.684442921264471149e-01
4.673845575573166156e-01 -1.145700682531113485e-01 1.824709653011941379e-01 -1.703437855250811983e-01 1.057513370829985394e-01 1.865489055242078864e-01 9.617687639374982167e-01
4.953522762418035019e-01 -1.157147513106714237e-01 1.913613803919795575e-01 -1.841242345438780514e-01 1.147518713800932677e-01 1.970997957762748998e-01 9.560763279013597682e-01
5.158381074623639151e-01 -1.161065211361492627e-01 1.977138721288072831e-01 -1.958060488109893693e-01 1.226126235057013736e-01 2.049911549383676979e-01 9.511071244623875431e-01
5.287410096224477440e-01 -1.154302450564222565e-01 2.014652996095029347e-01 -2.040073486446470352e-01 1.225738157024920671e-01 2.087644195076354681e-01 9.485642195185062242e-01
5.342849764604651330e-01 -1.149880848681776591e-01 2.025499024794755742e-01 -2.097356919520374230e-01 1.216951186609081526e-01 2.096898728149587110e-01 9.472229910925694663e-01
5.403470630729865221e-01 -1.144525886823820893e-01 2.040770855659140570e-01 -2.136675164747152134e-01 1.206741075855572720e-01 2.076536629520488175e-01 9.469233910008526545e-01
5.471725244598520943e-01 -1.140828250628968948e-01 2.056861742412104399e-01 -2.158955595751479717e-01 1.197844522149745655e-01 2.041369517859631388e-01 9.472955701779818272e-01
5.548409670513682057e-01 -1.139292214376033674e-01 2.074731402520783308e-01 -2.168704685360552664e-01 1.192321796064385597e-01 1.990205687490908260e-01 9.482308265596717245e-01
5.634083996530928617e-01 -1.144271887335587268e-01 2.095488279609508953e-01 -2.165969246450288876e-01 1.187947604583519945e-01 1.933732098620551954e-01 9.495158654965192291e-01
5.729427310889069203e-01 -1.154587144853070624e-01 2.117823437934292508e-01 -2.148791795828137174e-01 1.187778224889599749e-01 1.869449804864255771e-01 9.511941659501114144e-01
5.834564202479002315e-01 -1.168243985588171413e-01 2.144701926125886782e-01 -2.123128018387967497e-01 1.189840182363337412e-01 1.800260575462777346e-01 9.530774869778636527e-01
5.949697898144984398e-01 -1.186316656240925943e-01 2.176991199801575905e-01 -2.089626316628051816e-01 1.191120354866151976e-01 1.724056734798873614e-01 9.552084721791033184e-01
6.076902662333080185e-01 -1.209136681468733349e-01 2.209094074165364463e-01 -2.046898093379471706e-01 1.191592682131408509e-01 1.647349948992153368e-01 9.574787372091658755e-01
6.216241394341975868e-01 -1.233645631599669806e-01 2.245676291785052847e-01 -1.998365306301180533e-01 1.195643992160311669e-01 1.573260867846308919e-01 9.596969406447340978e-01
6.369275063000353621e-01 -1.259429439155437258e-01 2.283862209315979108e-01 -1.937340568295558285e-01 1.199541131113896347e-01 1.506149880214215087e-01 9.619736230039415137e-01
6.536941030589931145e-01 -1.283047298648101464e-01 2.325788121538225062e-01 -1.874797569117135354e-01 1.205901308453527637e-01 1.445323652134590520e-01 9.640641869174627621e-01
6.718677470159426512e-01 -1.317423898423117357e-01 2.368092346521438463e-01 -1.806628135305915761e-01 1.210131049525809133e-01 1.394353832199995424e-01 9.660613594090379230e-01
6.915575652552384822e-01 -1.353664071816114423e-01 2.416537957570483175e-01 -1.739718710246592470e-01 1.214421110587368541e-01 1.352488167077746106e-01 9.678291994628617223e-01
7.130860575074366992e-01 -1.386453031374981493e-01 2.464733946239914264e-01 -1.677079772825324500e-01 1.218352067298441033e-01 1.324268657926590542e-01 9.692746473385295269e-01
7.364441210754323341e-01 -1.420709593801700588e-01 2.513224745812788763e-01 -1.615509831212444958e-01 1.217930803586942945e-01 1.310665386226330664e-01 9.705098082362598744e-01
7.617173709332992759e-01 -1.451996994434790467e-01 2.564530752236953148e-01 -1.558431637944961423e-01 1.221112064086666144e-01 1.315821764275059425e-01 9.713330491723951576e-01
7.889994685904895277e-01 -1.482792421082822498e-01 2.616268529618600569e-01 -1.508941263760010532e-01 1.224260739282360400e-01 1.350518388368987799e-01 9.715985898891136285e-01
8.182774607551873691e-01 -1.503453614441553621e-01 2.677224081482717510e-01 -1.475796213696222159e-01 1.232462067318535748e-01 1.415878050312121272e-01 9.710733861810093570e-01
8.497720114372444566e-01 -1.511327565248424543e-01 2.733469613015605537e-01 -1.446498043026434588e-01 1.171032451429451643e-01 1.515325024841634172e-01 9.707734878863788497e-01
8.831547670250181614e-01 -1.512022572989789038e-01 2.801073360187871231e-01 -1.427549319873241684e-01 1.110117412066846526e-01 1.646383042978490918e-01 9.696348031426488268e-01
9.184522891512958420e-01 -1.504238817532108641e-01 2.872788031440384193e-01 -1.422100061913522673e-01 1.043184340060999693e-01 1.810392409404018854e-01 9.675323104192922186e-01
9.554767249375623051e-01 -1.485304476444399002e-01 2.951463495492679390e-01 -1.420713307860425600e-01 9.765125306032972075e-02 2.005773569111559962e-01 9.643903222445593393e-01
9.940903271269860841e-01 -1.451423652449432000e-01 3.035555359364509043e-01 -1.423062347667845007e-01 9.087443957256005622e-02 2.229617653407533484e-01 9.600931324486228213e-01
1.034227262592101182e+00 -1.407069939956863691e-01 3.123531042067378971e-01 -1.428350814708081729e-01 8.387715760127875675e-02 2.472540945278289826e-01 9.546874748697509183e-01
1.068102468937318639e+00 -1.344220469133853846e-01 3.182465474423925578e-01 -1.431049021002362698e-01 7.577989324541968552e-02 2.725983816886963229e-01 9.484031405870072540e-01
1.095461514098407196e+00 -1.278200153370875614e-01 3.227288946677321357e-01 -1.440440054236350742e-01 6.855130904522650781e-02 2.988315879785123363e-01 9.408781666910663866e-01
1.116068714238946269e+00 -1.202943877745321910e-01 3.241576979412315596e-01 -1.446305184541461508e-01 6.121432033638128656e-02 3.243380218730685938e-01 9.328127720421203195e-01
1.129645322883796155e+00 -1.128793656060183281e-01 3.246011561379216204e-01 -1.452056492341528282e-01 5.517851892938117203e-02 3.491387893084906269e-01 9.241064637147872185e-01
1.136694418902158166e+00 -1.070298893886741098e-01 3.246929461242205051e-01 -1.464174435532455687e-01 4.937191391494837739e-02 3.752514021512538545e-01 9.139533530346201085e-01
1.143312723019436206e+00 -1.016661636696194887e-01 3.243540081168954647e-01 -1.470888210216289016e-01 4.415761213048647466e-02 4.014304960849625625e-01 9.029222230260929294e-01
1.148839026582819445e+00 -9.612734792013676033e-02 3.242695141930598268e-01 -1.480637722466918160e-01 3.997160149470498774e-02 4.262785738660022083e-01 8.914964766530463214e-01
1.153684038559245062e+00 -9.097268383473806896e-02 3.241165333935333015e-01 -1.487944033929241849e-01 3.631724484967426697e-02 4.499113447271676502e-01 8.798415000051226231e-01
1.157884342774349706e+00 -8.631879352015002504e-02 3.238612929868501245e-01 -1.498725493538385911e-01 3.301353790643975217e-02 4.723057392283571132e-01 8.679721274079233995e-01
1.160870151484209467e+00 -8.182002059319098963e-02 3.233936560910814495e-01 -1.505056582375518259e-01 3.040609219840344560e-02 4.915422650236634383e-01 8.572104281278373206e-01
1.163235297687870151e+00 -7.795985089177683014e-02 3.230607014276545841e-01 -1.516298862747375020e-01 2.920434699901730893e-02 5.086460156046660464e-01 8.470151796244085318e-01
1.164689083469659714e+00 -7.465434399935597098e-02 3.227006766283864181e-01 -1.526952695508880520e-01 2.890549934515591890e-02 5.229248202159662018e-01 8.380920350215054215e-01
1.168718080537511472e+00 -7.053018252747553229e-02 3.235924095275160006e-01 -1.539908017731964340e-01 3.006637999100628469e-02 5.336489548035137087e-01 8.310244513855185033e-01
1.175694155068955915e+00 -6.547442767322737833e-02 3.254504604362803422e-01 -1.559918595953763976e-01 3.339520843643060261e-02 5.413712561691863545e-01 8.255110312935018957e-01
1.278357670900281073e+00 7.251444019656445861e-02 3.587558583784781208e-01 -2.063757397201182453e-01 3.839262565047227987e-02 5.824398571106818023e-01 7.853017720593309381e-01
1.363537141027973965e+00 2.053302327956182394e-01 3.854479988770467269e-01 -2.568209512442310438e-01 4.496244784923549703e-02 6.181139936234949506e-01 7.415904989765087496e-01
1.430561400209941159e+00 3.321965195684051797e-01 4.042350693241211768e-01 -3.065975258005194659e-01 5.177649210266942192e-02 6.504675255034678694e-01 6.929712478190834801e-01
1.479825024963928204e+00 4.512614086312953243e-01 4.144615428796121770e-01 -3.539865054478231743e-01 5.812389729511313607e-02 6.778984171304517359e-01 6.416922179488335765e-01
1.513382026694903626e+00 5.598987683102518709e-01 4.159939985114600725e-01 -3.963796405760721120e-01 6.330142983201175744e-02 6.985632185883585699e-01 5.923559226963803770e-01
1.534624681541154834e+00 6.555409325549003130e-01 4.114313267625758219e-01 -4.342807610121781625e-01 6.720825045503135697e-02 7.134949641243455432e-01 5.457180662710883201e-01
1.546509651856301737e+00 7.365542789243453292e-01 4.024262446520823766e-01 -4.677596191646498092e-01 7.068753202914530853e-02 7.230202272880860148e-01 5.034341689107472151e-01
1.552344421892742243e+00 8.018161881896084253e-01 3.903770685264211227e-01 -4.965405578016060528e-01 7.317050605041139355e-02 7.274472767464874590e-01 4.678824756886239555e-01
1.554891086029321245e+00 8.510870978096085615e-01 3.781924073076339265e-01 -5.203739373835731818e-01 7.376859750094572066e-02 7.285037605152656637e-01 4.393761830479402386e-01
1.555057233377982184e+00 8.845138498234531577e-01 3.681605354554156051e-01 -5.356056199453836930e-01 6.951141991203879655e-02 7.296296246346608561e-01 4.194465320398028663e-01
1.554357307811465416e+00 9.024230225519696003e-01 3.616097168813438567e-01 -5.428293698971692338e-01 6.109288038918084252e-02 7.310200669020908704e-01 4.089175918559363465e-01
1.553770248201672421e+00 9.134033259222759105e-01 3.570017105681809189e-01 -5.475674553033698100e-01 5.309675964802309384e-02 7.301674733097983649e-01 4.052234900988060939e-01
1.553168764667351764e+00 9.257716750967157626e-01 3.521890562025109528e-01 -5.507493444023409124e-01 4.589902527354717404e-02 7.273500150160427946e-01 4.068542672450324860e-01
1.553024721512229034e+00 9.397252406928267021e-01 3.469911580043004151e-01 -5.528021531992408644e-01 3.982542215131210095e-02 7.230543900156617410e-01 4.123300428635198744e-01
1.553771249960914647e+00 9.555536661299003365e-01 3.417164355395788666e-01 -5.539131391559861672e-01 3.495624956218082446e-02 7.177116178224101084e-01 4.205333857491534433e-01
1.555813519908899378e+00 9.733578178842959838e-01 3.364671320004192223e-01 -5.538487492266186418e-01 3.193191218732686215e-02 7.115180570557503303e-01 4.312469947115933899e-01
1.558854594618447997e+00 9.932390052703536920e-01 3.312311506126310867e-01 -5.528215452622974313e-01 3.018512461135859637e-02 7.045854993155281631e-01 4.438879042058819779e-01
1.562712317455259958e+00 1.015402298103954104e+00 3.263032761191271836e-01 -5.507774116761215977e-01 2.931154315668944507e-02 6.971040252257727499e-01 4.580731974686477193e-01
1.567911839403578478e+00 1.039775231740408978e+00 3.213496929398043656e-01 -5.474984780751146474e-01 2.913503779818212361e-02 6.893855558451603693e-01 4.734386142574248391e-01
1.574357763205645355e+00 1.066448702717757602e+00 3.161549371015080490e-01 -5.433016831569910110e-01 2.996857800127207885e-02 6.814488620478860170e-01 4.894411239618137732e-01
1.581795615783309961e+00 1.095614081511868232e+00 3.106717394600869153e-01 -5.379239979540673122e-01 3.253957186224656906e-02 6.739323299528272582e-01 5.053653760720928645e-01
1.589985060975077635e+00 1.127427745526409453e+00 3.045051758009373333e-01 -5.317737541914601129e-01 3.653002280053783968e-02 6.670520095326674115e-01 5.205034566318872402e-01
1.599923088621101996e+00 1.161842770737643749e+00 2.979478187928280009e-01 -5.248199405356678282e-01 4.165781721232091062e-02 6.610695294485028350e-01 5.346173711318947808e-01
1.611932573065494534e+00 1.198973809839231741e+00 2.913956175133234905e-01 -5.171089859624145024e-01 4.755518009594477541e-02 6.562289195056786317e-01 5.474489991655618892e-01
1.624859959102802787e+00 1.239192790192813920e+00 2.839231509361086481e-01 -5.094534737747179465e-01 5.371259403628157736e-02 6.526538717234153797e-01 5.582249000404783112e-01
1.639033300172417329e+00 1.282452180306466571e+00 2.749203463464216513e-01 -5.016564877869021943e-01 6.045660844545607676e-02 6.507495431265756247e-01 5.667546196345784049e-01
1.654317902241983163e+00 1.329003743258036829e+00 2.645698901254942559e-01 -4.940548771768227820e-01 6.791334967323016392e-02 6.507643148723634141e-01 5.725411441657791700e-01
1.670337847941981035e+00 1.379036002866749655e+00 2.524439596814808673e-01 -4.872342191227527763e-01 7.640562696061406478e-02 6.535254531376812892e-01 5.741685100959343924e-01
1.686086170631033498e+00 1.433007139770765770e+00 2.385431261851228002e-01 -4.815823944215550934e-01 8.558968261593163929e-02 6.597851247200837710e-01 5.704703259688530537e-01
1.700197601890205634e+00 1.490952735763158898e+00 2.216747471537702796e-01 -4.728523477910434036e-01 9.078532807151340478e-02 6.724397883517793106e-01 5.621329134972082864e-01
1.711977983617991805e+00 1.553107981745271760e+00 2.026444136242725180e-01 -4.602330336804075217e-01 9.210954512699649765e-02 6.918601815734691796e-01 5.486628067938931208e-01
1.720793076618425843e+00 1.619574534863484239e+00 1.822326121193839910e-01 -4.478417639540974160e-01 9.374271285222589289e-02 7.151093814244627866e-01 5.284587314486437482e-01
1.725718393312897447e+00 1.689923839676078732e+00 1.600608497801820351e-01 -4.350128189170398008e-01 9.516413544184765261e-02 7.411289009450297005e-01 5.024296835254349336e-01
1.725406196053066665e+00 1.763666721094379275e+00 1.360265143115537700e-01 -4.212442295868345510e-01 9.761963046693535040e-02 7.692017477154425853e-01 4.704810071605460275e-01
1.719319554437612974e+00 1.840114233262609700e+00 1.099816896069606142e-01 -4.063627756764072174e-01 1.006424505235341549e-01 7.979921882422297275e-01 4.335306900342369985e-01
1.707087843727131959e+00 1.910379679176257284e+00 8.293719057980357412e-02 -3.897317433979208268e-01 1.031652020229872763e-01 8.266657722913981488e-01 3.925427495209145579e-01
1.690433499346964297e+00 1.966377910942354035e+00 5.819754881687075332e-02 -3.717129155715885869e-01 1.052056949113869821e-01 8.541590089859913970e-01 3.481000682613409891e-01
1.671588502204487181e+00 2.007712385618827700e+00 3.621101046859755146e-02 -3.529774155419227455e-01 1.076241501511812637e-01 8.788735519746670999e-01 3.023330383220014239e-01
1.652524351209703646e+00 2.034134502145297230e+00 1.779881127691403109e-02 -3.347857703303142585e-01 1.100955755509900741e-01 8.998946604536609550e-01 2.568794509403674597e-01
1.636056222089176115e+00 2.047773205867809754e+00 5.824501629524877697e-03 -3.176862413620335501e-01 1.129708802421192926e-01 9.181579034391839089e-01 2.080843497689024990e-01
1.622398568824975129e+00 2.055087676234387928e+00 -2.691012183276058831e-03 -2.999210091284086332e-01 1.166742847213182166e-01 9.337544090326624913e-01 1.566435545441593191e-01
1.608996952362167443e+00 2.060573291815427144e+00 -1.026643763755705381e-02 -2.817546940789363852e-01 1.204783325462888965e-01 9.460868475083836771e-01 1.049711423344489997e-01
1.595910159859550426e+00 2.064021912152748772e+00 -1.648242795650514680e-02 -2.648844272083301643e-01 1.236814298427000997e-01 9.547277125102686668e-01 5.508302006508005583e-02
1.583864166589336486e+00 2.066124681944280006e+00 -2.181832482103975013e-02 -2.482621135326820161e-01 1.263952785709362703e-01 9.603886046855254488e-01 6.624539942560999338e-03
1.573051525259634209e+00 2.066518085135306215e+00 -2.622949137529678384e-02 -2.328414838789250874e-01 1.290916967457217679e-01 9.631310235624184202e-01 -3.871445037681769258e-02
1.563721143772192290e+00 2.065507238739428875e+00 -2.952576681598584329e-02 -2.202794747307311174e-01 1.316015489798949556e-01 9.632842126373106773e-01 -7.900323412469921480e-02
1.556091360399185941e+00 2.063720406157766085e+00 -3.176974577335515970e-02 -2.107230683515518843e-01 1.340037948774936982e-01 9.614787178417213420e-01 -1.148801399737025136e-01
1.547205193974277471e+00 2.063284890855534126e+00 -3.368783323935720109e-02 -2.048559082523268571e-01 1.366373418486725722e-01 9.583557156520554621e-01 -1.446326932048213332e-01
1.533239409680531740e+00 2.066085184001011488e+00 -3.665937313386508772e-02 -2.043777386077237634e-01 1.384061412069869657e-01 9.545081437589058027e-01 -1.672951987826092335e-01
