-4.452462308108806610e-03 9.506114125251770020e-01 -2.659993059933185577e-02
-6.535684689879417419e-03 8.735296726226806641e-01 -1.852628961205482483e-02
-7.457904051989316940e-03 7.954618930816650391e-01 -1.069392357021570206e-02
-8.260488510131835938e-03 7.165772318840026855e-01 -5.677173379808664322e-03
-7.476453203707933426e-03 6.370628476142883301e-01 -4.276600375305861235e-04
-5.452960263937711716e-03 5.570493340492248535e-01 4.137361422181129456e-03
-2.143581397831439972e-03 4.768827259540557861e-01 8.525150828063488007e-03
2.583289751783013344e-03 3.958727419376373291e-01 1.263862289488315582e-02
8.653000928461551666e-03 3.160267770290374756e-01 1.660984940826892853e-02
1.572344079613685608e-02 2.330435514450073242e-01 2.050649002194404602e-02
2.444198168814182281e-02 1.567461490631103516e-01 2.433064766228199005e-02
3.350272402167320251e-02 6.314954906702041626e-02 2.969372645020484924e-02
4.173296689987182617e-02 2.001434564590454102e-02 3.159299120306968689e-02
4.957572370767593384e-02 4.127032309770584106e-02 2.966927178204059601e-02
5.664499104022979736e-02 4.165494814515113831e-02 2.918852493166923523e-02
6.314699351787567139e-02 5.179722979664802551e-02 2.823099121451377869e-02
6.889790296554565430e-02 5.874206498265266418e-02 2.755646035075187683e-02
7.383491843938827515e-02 6.789236515760421753e-02 2.680374495685100555e-02
7.807810604572296143e-02 7.703223079442977905e-02 2.610162273049354553e-02
8.158442378044128418e-02 8.705673366785049438e-02 2.538596838712692261e-02
8.448250591754913330e-02 9.765077382326126099e-02 2.464185282588005066e-02
8.681912720203399658e-02 1.089495941996574402e-01 2.397490851581096649e-02
8.849848061800003052e-02 1.210254579782485962e-01 2.310624904930591583e-02
8.992707729339599609e-02 1.339155286550521851e-01 2.277212962508201599e-02
9.101255983114242554e-02 1.475322842597961426e-01 2.263045869767665863e-02
9.150225669145584106e-02 1.619943976402282715e-01 2.190813235938549042e-02
9.171058237552642822e-02 1.772286295890808105e-01 2.149248309433460236e-02
9.154681861400604248e-02 1.933791339397430420e-01 2.108966931700706482e-02
9.112667292356491089e-02 2.101683914661407471e-01 2.094461396336555481e-02
9.021029621362686157e-02 2.280715107917785645e-01 2.086390554904937744e-02
8.896400779485702515e-02 2.459569126367568970e-01 2.137597464025020599e-02
8.718679845333099365e-02 2.651686966419219971e-01 2.208529971539974213e-02
8.503197878599166870e-02 2.830156683921813965e-01 2.272778563201427460e-02
8.290263265371322632e-02 3.028470575809478760e-01 2.367597632110118866e-02
8.073884248733520508e-02 3.146346807479858398e-01 2.530894242227077484e-02
7.855674624443054199e-02 3.424099385738372803e-01 2.618837356567382812e-02
7.649094611406326294e-02 3.230258524417877197e-01 3.016276098787784576e-02
7.455623894929885864e-02 2.438212186098098755e-01 3.796870261430740356e-02
7.300361245870590210e-02 1.815951317548751831e-01 4.476319253444671631e-02
7.205646485090255737e-02 1.154525279998779297e-01 5.178434774279594421e-02
7.166070491075515747e-02 3.931646049022674561e-02 5.932634323835372925e-02
7.218252122402191162e-02 -4.229550715535879135e-03 6.467730551958084106e-02
7.365915179252624512e-02 -1.950292498804628849e-03 6.694705039262771606e-02
7.612571120262145996e-02 -1.623063907027244568e-02 6.995426863431930542e-02
7.967340201139450073e-02 -2.346669323742389679e-02 7.218100130558013916e-02
8.440534025430679321e-02 -3.556205332279205322e-02 7.432077825069427490e-02
9.030608087778091431e-02 -4.271256551146507263e-02 7.575593888759613037e-02
9.735707193613052368e-02 -5.953441932797431946e-02 7.739219069480895996e-02
1.056508794426918030e-01 -5.143687129020690918e-02 7.709660381078720093e-02
1.150290817022323608e-01 -1.111323758959770203e-02 7.447130233049392700e-02
1.256781369447708130e-01 1.812845095992088318e-02 7.223402708768844604e-02
