8.052265644073486328e-02 -2.332088723778724670e-02 3.632865101099014282e-02 -2.522097527980804443e-02 1.267747581005096436e-02 2.831064723432064056e-02 9.992005228996276855e-01
7.030895352363586426e-02 -2.800271287560462952e-02 3.603744134306907654e-02 -2.530179545283317566e-02 1.440978702157735825e-02 2.837120182812213898e-02 9.991732835769653320e-01
6.275406479835510254e-02 -2.853714860975742340e-02 3.247509524226188660e-02 -2.492972463369369507e-02 1.408010721206665039e-02 2.696435339748859406e-02 9.992262721061706543e-01
5.447870492935180664e-02 -2.859507687389850616e-02 3.012127429246902466e-02 -2.584819681942462921e-02 1.518603414297103882e-02 2.867068164050579071e-02 9.991392493247985840e-01
4.745166003704071045e-02 -2.647843398153781891e-02 2.717501856386661530e-02 -2.416382730007171631e-02 1.397522259503602982e-02 2.568616345524787903e-02 9.992802739143371582e-01
4.029231518507003784e-02 -2.427463233470916748e-02 2.432705461978912354e-02 -2.256719209253787994e-02 1.332552079111337662e-02 2.316372655332088470e-02 9.993880987167358398e-01
3.373869135975837708e-02 -2.133947052061557770e-02 2.103192359209060669e-02 -2.024097368121147156e-02 1.253844983875751495e-02 1.981414481997489929e-02 9.995201230049133301e-01
2.754432335495948792e-02 -1.760906167328357697e-02 1.786101795732975006e-02 -1.826468110084533691e-02 1.213790755718946457e-02 1.678268611431121826e-02 9.996186494827270508e-01
2.175946161150932312e-02 -1.398870814591646194e-02 1.390629168599843979e-02 -1.516634691506624222e-02 1.066277548670768738e-02 1.201915275305509567e-02 9.997558593750000000e-01
1.555561739951372147e-02 -1.043295860290527344e-02 1.045719906687736511e-02 -1.262560021132230759e-02 9.591927751898765564e-03 9.231367148458957672e-03 9.998316764831542969e-01
9.973363019526004791e-03 -6.239522248506546021e-03 6.528079975396394730e-03 -9.526136331260204315e-03 1.809118199162185192e-03 3.456701990216970444e-03 9.999470114707946777e-01
4.506656900048255920e-03 -2.506711753085255623e-03 2.348165260627865791e-03 -6.554995663464069366e-03 7.140259840525686741e-04 3.825753228738903999e-04 9.999781847000122070e-01
4.772348329424858093e-03 -2.839431166648864746e-03 2.920660423114895821e-03 -4.193481057882308960e-03 8.219924638979136944e-04 -2.412515226751565933e-03 9.999879598617553711e-01
5.385512020438909531e-03 -3.334508743137121201e-03 3.031524596735835075e-03 -2.217689761891961098e-03 8.528368198312819004e-04 -3.753896569833159447e-03 9.999901056289672852e-01
5.990024190396070480e-03 -3.879029303789138794e-03 3.330857027322053909e-03 -7.244459702633321285e-04 1.454051584005355835e-03 -5.175693426281213760e-03 9.999852776527404785e-01
6.565478164702653885e-03 -4.780925344675779343e-03 3.463322529569268227e-03 5.861088866367936134e-04 1.585908001288771629e-03 -5.641416180878877640e-03 9.999826550483703613e-01
7.322347722947597504e-03 -5.618795286864042282e-03 3.430526703596115112e-03 2.220310503616929054e-03 1.756848650984466076e-03 -6.251242011785507202e-03 9.999764561653137207e-01
7.970355451107025146e-03 -6.347269751131534576e-03 3.976540639996528625e-03 3.128458280116319656e-03 2.179235452786087990e-03 -6.577876862138509750e-03 9.999710917472839355e-01
8.694906719028949738e-03 -7.088034879416227341e-03 4.517549648880958557e-03 3.858322277665138245e-03 1.999869477003812790e-03 -7.322801277041435242e-03 9.999637603759765625e-01
9.698032401502132416e-03 -7.910112850368022919e-03 4.549980163574218750e-03 4.546428564935922623e-03 1.818409422412514687e-03 -7.281344383955001831e-03 9.999614953994750977e-01
1.076434925198554993e-02 -8.458295837044715881e-03 5.111586768180131912e-03 4.991598427295684814e-03 1.959857065230607986e-03 -6.960073020309209824e-03 9.999613761901855469e-01
1.196653116494417191e-02 -9.021191857755184174e-03 5.553641822189092636e-03 6.000481080263853073e-03 1.589992432855069637e-03 -6.220782641321420670e-03 9.999613761901855469e-01
1.348488125950098038e-02 -9.037921205163002014e-03 6.383459549397230148e-03 6.138543132692575455e-03 1.754042459651827812e-03 -5.484167952090501785e-03 9.999645948410034180e-01
1.468615978956222534e-02 -1.018906850367784500e-02 6.363559514284133911e-03 6.675663404166698456e-03 1.282526995055377483e-03 -4.367401823401451111e-03 9.999673366546630859e-01
1.599323190748691559e-02 -1.076133921742439270e-02 7.259638514369726181e-03 6.501480005681514740e-03 1.032570493407547474e-03 -3.383823437616229057e-03 9.999725818634033203e-01
1.787368766963481903e-02 -1.083765272051095963e-02 7.780245039612054825e-03 5.957575049251317978e-03 7.846692460589110851e-04 -1.981825102120637894e-03 9.999799728393554688e-01
1.963917911052703857e-02 -1.135177630931138992e-02 8.141723461449146271e-03 5.549708381295204163e-03 1.744605979183688760e-04 -6.580687477253377438e-04 9.999843835830688477e-01
2.135969139635562897e-02 -1.176075451076030731e-02 8.960890583693981171e-03 4.993382841348648071e-03 3.333246859256178141e-04 1.233910326845943928e-03 9.999867081642150879e-01
2.328217402100563049e-02 -1.212575379759073257e-02 9.564037434756755829e-03 3.911208361387252808e-03 3.114002083748346195e-06 4.100449848920106888e-03 9.999839663505554199e-01
2.498268522322177887e-02 -1.212832331657409668e-02 1.128692086786031723e-02 2.038742182776331902e-03 2.760123461484909058e-04 6.918478757143020630e-03 9.999739527702331543e-01
2.743398398160934448e-02 -1.175217237323522568e-02 1.155098341405391693e-02 4.995196359232068062e-04 -6.708299275487661362e-03 9.391253814101219177e-03 9.999333024024963379e-01
2.905421145260334015e-02 -1.253522094339132309e-02 1.260305568575859070e-02 -1.006062841042876244e-03 -7.154541555792093277e-03 1.252159103751182556e-02 9.998955130577087402e-01
3.080084174871444702e-02 -1.315757818520069122e-02 1.327167078852653503e-02 -2.977847587317228317e-03 -7.538645528256893158e-03 1.555600017309188843e-02 9.998461604118347168e-01
3.257908299565315247e-02 -1.356859225779771805e-02 1.381263788789510727e-02 -3.902620635926723480e-03 -7.840393111109733582e-03 1.904663816094398499e-02 9.997802376747131348e-01
3.416528552770614624e-02 -1.438802760094404221e-02 1.410397049039602280e-02 -4.687772598117589951e-03 -8.259082213044166565e-03 2.218782529234886169e-02 9.997087121009826660e-01
3.529134020209312439e-02 -1.595395989716053009e-02 1.442344486713409424e-02 -5.367684178054332733e-03 -8.265053853392601013e-03 2.423614822328090668e-02 9.996576905250549316e-01
3.053676337003707886e-02 -1.267426460981369019e-02 1.134159974753856659e-02 -5.696052685379981995e-03 -9.054864756762981415e-03 2.538506314158439636e-02 9.996204972267150879e-01
2.497177198529243469e-02 -1.038401015102863312e-02 8.987689390778541565e-03 -6.343790795654058456e-03 -8.318666368722915649e-03 2.658250555396080017e-02 9.995918869972229004e-01
2.048269100487232208e-02 -5.961550399661064148e-03 5.315309390425682068e-03 -5.909975152462720871e-03 -8.682689629495143890e-03 2.580421045422554016e-02 9.996118545532226562e-01
1.472936570644378662e-02 -1.657456974498927593e-03 4.449959844350814819e-03 -5.332866217941045761e-03 -7.135732099413871765e-03 2.474488876760005951e-02 9.996541142463684082e-01
8.504677563905715942e-03 2.885152935050427914e-04 3.391426289454102516e-03 -6.114996038377285004e-03 -6.170570850372314453e-03 2.701279334723949432e-02 9.995973110198974609e-01
8.126708678901195526e-03 -9.946674254024401307e-05 2.575481077656149864e-03 -5.483448039740324020e-03 -6.222213152796030045e-03 2.720385976135730743e-02 9.995955228805541992e-01
7.358437869697809219e-03 7.962419476825743914e-05 2.659455174580216408e-03 -5.241428501904010773e-03 -4.754322115331888199e-03 2.658462524414062500e-02 9.996215105056762695e-01
6.649577990174293518e-03 1.799555029720067978e-04 2.412226982414722443e-03 -4.764704033732414246e-03 -4.315039142966270447e-03 2.526980452239513397e-02 9.996600151062011719e-01
5.988237448036670685e-03 -3.190196584910154343e-04 1.845436170697212219e-03 -4.934296943247318268e-03 -3.816464450210332870e-03 2.454301528632640839e-02 9.996793270111083984e-01
5.109581630676984787e-03 5.950237391516566277e-04 1.706112059764564037e-03 -3.973311278969049454e-03 -3.278277348726987839e-03 2.136524766683578491e-02 9.997584819793701172e-01
4.328520502895116806e-03 9.943281474988907576e-05 1.363712246529757977e-03 -3.475592937320470810e-03 -1.768727437593042850e-03 1.966352760791778564e-02 9.997990727424621582e-01
3.363799070939421654e-03 6.829983904026448727e-04 1.178073231130838394e-03 -3.008732106536626816e-03 -6.005740724503993988e-04 1.669462211430072784e-02 9.998559355735778809e-01
4.997421056032180786e-03 -2.049149712547659874e-03 2.205331111326813698e-03 -2.071781782433390617e-03 1.119051245041191578e-03 1.302012894302606583e-02 9.999124407768249512e-01
7.055934518575668335e-03 -4.621140658855438232e-03 2.556848339736461639e-03 -1.327355857938528061e-03 2.990803448483347893e-03 9.930484928190708160e-03 9.999453425407409668e-01
1.531405448913574219e-01 -4.609081149101257324e-02 7.150929421186447144e-02 -5.072437599301338196e-02 2.719206549227237701e-02 5.669281631708145142e-02 9.967314600944519043e-01
1.356393545866012573e-01 -5.163121968507766724e-02 6.741087883710861206e-02 -5.026949197053909302e-02 2.935105748474597931e-02 5.507158115506172180e-02 9.967841506004333496e-01
1.196320503950119019e-01 -5.287242680788040161e-02 6.191074475646018982e-02 -5.066306889057159424e-02 2.893515117466449738e-02 5.577335506677627563e-02 9.967373609542846680e-01
1.042515635490417480e-01 -5.105854943394660950e-02 5.685568228363990784e-02 -4.998242110013961792e-02 2.867465093731880188e-02 5.397716164588928223e-02 9.968781471252441406e-01
8.961420506238937378e-02 -4.764701426029205322e-02 5.127918720245361328e-02 -4.622526094317436218e-02 2.736758440732955933e-02 4.856016486883163452e-02 9.973746538162231445e-01
7.555440068244934082e-02 -4.304903000593185425e-02 4.536303877830505371e-02 -4.258744046092033386e-02 2.575076930224895477e-02 4.263226687908172607e-02 9.978505373001098633e-01
6.231253221631050110e-02 -3.730163350701332092e-02 3.887470811605453491e-02 -3.794972598552703857e-02 2.467327564954757690e-02 3.650818765163421631e-02 9.983076453208923340e-01
5.010335147380828857e-02 -3.042154945433139801e-02 3.166272118687629700e-02 -3.229701891541481018e-02 2.286363579332828522e-02 2.866104617714881897e-02 9.988056421279907227e-01
3.784526884555816650e-02 -2.369418181478977203e-02 2.426715940237045288e-02 -2.728184685111045837e-02 1.990937441587448120e-02 2.146822772920131683e-02 9.991989135742187500e-01
2.576716803014278412e-02 -1.632362045347690582e-02 1.695896126329898834e-02 -2.187230810523033142e-02 1.122261490672826767e-02 1.284771040081977844e-02 9.996151924133300781e-01
1.446757093071937561e-02 -8.678883314132690430e-03 8.916721679270267487e-03 -1.605318486690521240e-02 2.330299234017729759e-03 3.775906749069690704e-03 9.998612999916076660e-01
9.296039119362831116e-03 -5.320508033037185669e-03 5.236535798758268356e-03 -1.062029413878917694e-02 1.483470667153596878e-03 -2.118862001225352287e-03 9.999402761459350586e-01
1.014318410307168961e-02 -6.154594477266073227e-03 5.977980792522430420e-03 -6.512490101158618927e-03 1.618429669179022312e-03 -6.207280326634645462e-03 9.999582171440124512e-01
1.135007385164499283e-02 -7.230272050946950912e-03 6.374938879162073135e-03 -3.105363342911005020e-03 2.283142646774649620e-03 -9.039268828928470612e-03 9.999517202377319336e-01
1.252416707575321198e-02 -8.723678998649120331e-03 6.779504939913749695e-03 -1.643662544665858150e-04 2.800089307129383087e-03 -1.084500551223754883e-02 9.999372363090515137e-01
1.382592972368001938e-02 -1.049488224089145660e-02 6.885850802063941956e-03 2.889381954446434975e-03 3.404691349714994431e-03 -1.202541589736938477e-02 9.999177455902099609e-01
1.520534791052341461e-02 -1.206982228904962540e-02 7.419031113386154175e-03 4.954752512276172638e-03 3.828735090792179108e-03 -1.294895168393850327e-02 9.998965263366699219e-01
1.654966734349727631e-02 -1.356726605445146561e-02 8.509719744324684143e-03 6.784488447010517120e-03 3.951337654143571854e-03 -1.370831765234470367e-02 9.998751878738403320e-01
1.823781430721282959e-02 -1.516808010637760162e-02 9.106285870075225830e-03 8.199391886591911316e-03 3.949776757508516312e-03 -1.432792656123638153e-02 9.998559355735778809e-01
2.034937962889671326e-02 -1.650000177323818207e-02 9.677915833890438080e-03 9.460434317588806152e-03 3.907241858541965485e-03 -1.428508665412664413e-02 9.998455643653869629e-01
2.265277504920959473e-02 -1.764041185379028320e-02 1.056759059429168701e-02 1.119872834533452988e-02 3.543793922290205956e-03 -1.312114484608173370e-02 9.998449087142944336e-01
2.535536698997020721e-02 -1.832931488752365112e-02 1.176199596375226974e-02 1.202153041958808899e-02 3.305477323010563850e-03 -1.176006440073251724e-02 9.998531341552734375e-01
2.803286537528038025e-02 -1.956181786954402924e-02 1.255590654909610748e-02 1.250906288623809814e-02 2.856290899217128754e-03 -9.946194477379322052e-03 9.998682141304016113e-01
3.056805953383445740e-02 -2.120984718203544617e-02 1.347624696791172028e-02 1.276990771293640137e-02 2.042604843154549599e-03 -7.627545855939388275e-03 9.998872876167297363e-01
3.378945589065551758e-02 -2.182463742792606354e-02 1.491575036197900772e-02 1.219433266669511795e-02 1.362929935567080975e-03 -5.381778348237276077e-03 9.999102354049682617e-01
3.745137527585029602e-02 -2.238068357110023499e-02 1.580531895160675049e-02 1.160660106688737869e-02 8.090016781352460384e-04 -2.591222990304231644e-03 9.999289512634277344e-01
4.099578410387039185e-02 -2.318261563777923584e-02 1.702089607715606689e-02 1.068797521293163300e-02 4.480507050175219774e-04 5.072886706329882145e-04 9.999426603317260742e-01
4.467863216996192932e-02 -2.389506995677947998e-02 1.843228563666343689e-02 8.908169344067573547e-03 3.618079645093530416e-04 5.086849443614482880e-03 9.999473094940185547e-01
4.835546016693115234e-02 -2.422298304736614227e-02 2.071528695523738861e-02 5.981620866805315018e-03 1.112908430513925850e-04 1.093401480466127396e-02 9.999223351478576660e-01
5.260926857590675354e-02 -2.348310500383377075e-02 2.285115793347358704e-02 2.566738054156303406e-03 -6.696294527500867844e-03 1.624128408730030060e-02 9.998424053192138672e-01
5.649514868855476379e-02 -2.391185611486434937e-02 2.450973726809024811e-02 -6.342754350043833256e-04 -1.378819160163402557e-02 2.189990133047103882e-02 9.996649026870727539e-01
5.995786562561988831e-02 -2.488980442285537720e-02 2.641404233872890472e-02 -4.266148898750543594e-03 -1.467868033796548843e-02 2.927680499851703644e-02 9.994544386863708496e-01
6.357505917549133301e-02 -2.567581832408905029e-02 2.763756923377513885e-02 -6.970461923629045486e-03 -1.567729562520980835e-02 3.476567938923835754e-02 9.992482066154479980e-01
6.696772575378417969e-02 -2.677942812442779541e-02 2.852971665561199188e-02 -8.317856118083000183e-03 -1.628265157341957092e-02 4.124570265412330627e-02 9.989817142486572266e-01
6.985983252525329590e-02 -2.870916016399860382e-02 2.924023196101188660e-02 -9.500935673713684082e-03 -1.653443463146686554e-02 4.610994458198547363e-02 9.987543225288391113e-01
6.620110571384429932e-02 -2.712382562458515167e-02 2.645684219896793365e-02 -1.100427657365798950e-02 -1.715915091335773468e-02 4.942077398300170898e-02 9.985700249671936035e-01
5.583328753709793091e-02 -2.164183929562568665e-02 2.096411213278770447e-02 -1.249175332486629486e-02 -1.714962534606456757e-02 5.213137716054916382e-02 9.984148144721984863e-01
4.573482647538185120e-02 -1.533070206642150879e-02 1.484507694840431213e-02 -1.185735780745744705e-02 -1.678006164729595184e-02 5.258043110370635986e-02 9.984052777290344238e-01
3.523808345198631287e-02 -7.321062497794628143e-03 1.025957614183425903e-02 -1.125245820730924606e-02 -1.551014743745326996e-02 4.993410035967826843e-02 9.985686540603637695e-01
2.317782118916511536e-02 -8.512650965712964535e-04 7.915902882814407349e-03 -1.157629769295454025e-02 -1.248989440500736237e-02 5.142433941364288330e-02 9.985316991806030273e-01
1.658946834504604340e-02 8.267585653811693192e-04 6.054169498383998871e-03 -1.143646147102117538e-02 -1.173782069236040115e-02 5.431538820266723633e-02 9.983893632888793945e-01
1.545376982539892197e-02 5.505981389433145523e-04 5.287739448249340057e-03 -1.075292378664016724e-02 -1.101881917566061020e-02 5.367756634950637817e-02 9.984396100044250488e-01
1.394156645983457565e-02 8.437575888819992542e-04 5.168796982616186142e-03 -1.078242808580398560e-02 -9.118996560573577881e-03 5.142071098089218140e-02 9.985772371292114258e-01
1.261719595640897751e-02 3.001444856636226177e-04 4.326159134507179260e-03 -1.046599075198173523e-02 -8.382539264857769012e-03 4.942639172077178955e-02 9.986877441406250000e-01
1.110036764293909073e-02 5.747154937125742435e-04 3.602487966418266296e-03 -9.243617765605449677e-03 -6.879624910652637482e-03 4.628406092524528503e-02 9.988618493080139160e-01
9.401542134582996368e-03 9.304168634116649628e-04 3.112648148089647293e-03 -7.908262312412261963e-03 -4.963983315974473953e-03 4.138477519154548645e-02 9.990996718406677246e-01
7.680675014853477478e-03 1.005951664410531521e-03 2.537144348025321960e-03 -6.357859354466199875e-03 -2.310253912582993507e-03 3.673992678523063660e-02 9.993019700050354004e-01
8.366561494767665863e-03 -1.072192331776022911e-03 3.418145701289176941e-03 -4.303706809878349304e-03 3.039736475329846144e-04 3.062855079770088196e-02 9.995215535163879395e-01
1.216442417353391647e-02 -6.368927657604217529e-03 4.814395681023597717e-03 -3.270399058237671852e-03 3.872119355946779251e-03 2.325859293341636658e-02 9.997166395187377930e-01
