2.616429710388183594e+01 -2.226403045654296875e+01 -9.312875270843505859e-01 -9.828075766563415527e-02 1.950348913669586182e-01 7.394629120826721191e-01 6.367863416671752930e-01
2.616371536254882812e+01 -2.217280960083007812e+01 -9.335778355598449707e-01 -1.150443330407142639e-01 1.832592189311981201e-01 7.594124078750610352e-01 6.135741472244262695e-01
2.616245460510253906e+01 -2.208921241760253906e+01 -9.351331591606140137e-01 -1.317156702280044556e-01 1.714168041944503784e-01 7.774057984352111816e-01 5.906830430030822754e-01
2.616055488586425781e+01 -2.201332283020019531e+01 -9.362177848815917969e-01 -1.481156200170516968e-01 1.596852093935012817e-01 7.933979630470275879e-01 5.684009790420532227e-01
2.615812873840332031e+01 -2.194522285461425781e+01 -9.369076490402221680e-01 -1.640768349170684814e-01 1.482434123754501343e-01 8.073759675025939941e-01 5.470307469367980957e-01
2.615533638000488281e+01 -2.188496208190917969e+01 -9.372326731681823730e-01 -1.794432103633880615e-01 1.372694224119186401e-01 8.193559050559997559e-01 5.268845558166503906e-01
2.615230560302734375e+01 -2.183259391784667969e+01 -9.372301697731018066e-01 -1.940720975399017334e-01 1.269402951002120972e-01 8.293763399124145508e-01 5.082809925079345703e-01
2.614919662475585938e+01 -2.178813934326171875e+01 -9.369230866432189941e-01 -2.078256160020828247e-01 1.174262911081314087e-01 8.374949693679809570e-01 4.915413558483123779e-01
2.614615631103515625e+01 -2.175164031982421875e+01 -9.363254308700561523e-01 -2.205989658832550049e-01 1.089067012071609497e-01 8.437739610671997070e-01 4.769809842109680176e-01
2.614332199096679688e+01 -2.172308158874511719e+01 -9.354493021965026855e-01 -2.322076112031936646e-01 1.015075296163558960e-01 8.482975959777832031e-01 4.649250805377960205e-01
2.614082336425781250e+01 -2.170254898071289062e+01 -9.342997074127197266e-01 -2.427972853183746338e-01 9.553112089633941650e-02 8.510639667510986328e-01 4.556318819522857666e-01
2.613881492614746094e+01 -2.168996429443359375e+01 -9.328110814094543457e-01 -2.468549609184265137e-01 8.807576447725296021e-02 8.535135984420776367e-01 4.503398537635803223e-01
2.613725090026855469e+01 -2.168552017211914062e+01 -9.309794306755065918e-01 -2.498872280120849609e-01 8.211382478475570679e-02 8.544835448265075684e-01 4.479472041130065918e-01
2.613608932495117188e+01 -2.168070793151855469e+01 -9.293329119682312012e-01 -2.523175179958343506e-01 7.769189774990081787e-02 8.541030287742614746e-01 4.480980932712554932e-01
2.613528823852539062e+01 -2.167504310607910156e+01 -9.278837442398071289e-01 -2.541537284851074219e-01 7.464514672756195068e-02 8.525703549385070801e-01 4.504895210266113281e-01
2.613479232788085938e+01 -2.166861724853515625e+01 -9.266094565391540527e-01 -2.554767429828643799e-01 7.286840677261352539e-02 8.500402569770812988e-01 4.547913968563079834e-01
2.613455200195312500e+01 -2.166129112243652344e+01 -9.255030155181884766e-01 -2.563185691833496094e-01 7.224463671445846558e-02 8.466650843620300293e-01 4.606736302375793457e-01
2.613450050354003906e+01 -2.165304374694824219e+01 -9.245553016662597656e-01 -2.567019462585449219e-01 7.266436517238616943e-02 8.425925970077514648e-01 4.678041636943817139e-01
2.613457679748535156e+01 -2.164380073547363281e+01 -9.237662553787231445e-01 -2.566371858119964600e-01 7.401942461729049683e-02 8.379737138748168945e-01 4.758535027503967285e-01
2.613472366333007812e+01 -2.163350677490234375e+01 -9.231296777725219727e-01 -2.561287879943847656e-01 7.620380073785781860e-02 8.329647183418273926e-01 4.844971597194671631e-01
2.613488197326660156e+01 -2.162210273742675781e+01 -9.226400852203369141e-01 -2.551799416542053223e-01 7.911169528961181641e-02 8.277311921119689941e-01 4.934175312519073486e-01
2.613501167297363281e+01 -2.160951995849609375e+01 -9.223011136054992676e-01 -2.537965774536132812e-01 8.263878524303436279e-02 8.224475383758544922e-01 5.023066401481628418e-01
2.613506507873535156e+01 -2.159569549560546875e+01 -9.221040010452270508e-01 -2.519916892051696777e-01 8.667972683906555176e-02 8.172982931137084961e-01 5.108649730682373047e-01
2.613500404357910156e+01 -2.158054542541503906e+01 -9.220528006553649902e-01 -2.497874498367309570e-01 9.112952649593353271e-02 8.124755024909973145e-01 5.188034176826477051e-01
2.613482284545898438e+01 -2.156400489807128906e+01 -9.220728278160095215e-01 -2.472189664840698242e-01 9.588360041379928589e-02 8.081774711608886719e-01 5.258415341377258301e-01
2.613447380065917969e+01 -2.154599189758300781e+01 -9.222122430801391602e-01 -2.443358004093170166e-01 1.008368656039237976e-01 8.046057224273681641e-01 5.317066311836242676e-01
2.613393974304199219e+01 -2.152643013000488281e+01 -9.224657416343688965e-01 -2.412061840295791626e-01 1.058851331472396851e-01 8.019603490829467773e-01 5.361317396163940430e-01
2.613318634033203125e+01 -2.150524330139160156e+01 -9.228206276893615723e-01 -2.379092276096343994e-01 1.109187826514244080e-01 8.004381060600280762e-01 5.388547182083129883e-01
2.613220596313476562e+01 -2.148234558105468750e+01 -9.232584238052368164e-01 -2.345684319734573364e-01 1.158415377140045166e-01 8.002186417579650879e-01 5.396087765693664551e-01
2.613097572326660156e+01 -2.145766067504882812e+01 -9.237579703330993652e-01 -2.312308251857757568e-01 1.204879358410835266e-01 8.014897108078002930e-01 5.381435751914978027e-01
2.612944793701171875e+01 -2.143112564086914062e+01 -9.242914319038391113e-01 -2.283167243003845215e-01 1.249195486307144165e-01 8.043256998062133789e-01 5.341315865516662598e-01
2.612761497497558594e+01 -2.140270423889160156e+01 -9.248000383377075195e-01 -2.197897136211395264e-01 1.248997971415519714e-01 8.103665113449096680e-01 5.285534262657165527e-01
2.612542152404785156e+01 -2.137232971191406250e+01 -9.252927303314208984e-01 -2.106182724237442017e-01 1.238913238048553467e-01 8.181649446487426758e-01 5.204493403434753418e-01
2.612287139892578125e+01 -2.134010505676269531e+01 -9.257431626319885254e-01 -2.011684775352478027e-01 1.221818327903747559e-01 8.273481726646423340e-01 5.099697709083557129e-01
2.611997222900390625e+01 -2.130607414245605469e+01 -9.261140823364257812e-01 -1.914415061473846436e-01 1.198076531291007996e-01 8.376271724700927734e-01 4.973419308662414551e-01
2.611673355102539062e+01 -2.127045822143554688e+01 -9.263673424720764160e-01 -1.815395504236221313e-01 1.168732717633247375e-01 8.486934304237365723e-01 4.827795028686523438e-01
2.611316490173339844e+01 -2.123302459716796875e+01 -9.264993071556091309e-01 -1.715429723262786865e-01 1.134683638811111450e-01 8.602542281150817871e-01 4.665122330188751221e-01
2.610929679870605469e+01 -2.120177459716796875e+01 -9.259914755821228027e-01 -1.615443378686904907e-01 1.096902936697006226e-01 8.720316290855407715e-01 4.487822949886322021e-01
2.610515403747558594e+01 -2.117717933654785156e+01 -9.248062372207641602e-01 -1.516402363777160645e-01 1.056388095021247864e-01 8.837702274322509766e-01 4.298480451107025146e-01
2.610080146789550781e+01 -2.115922927856445312e+01 -9.229417443275451660e-01 -1.419340670108795166e-01 1.014177277684211731e-01 8.952402472496032715e-01 4.099840223789215088e-01
2.609629821777343750e+01 -2.114797782897949219e+01 -9.203927516937255859e-01 -1.325352340936660767e-01 9.713484346866607666e-02 9.062421917915344238e-01 3.894830346107482910e-01
2.609172821044921875e+01 -2.114372444152832031e+01 -9.171541333198547363e-01 -1.235583797097206116e-01 9.290085732936859131e-02 9.166089296340942383e-01 3.686511814594268799e-01
2.608720016479492188e+01 -2.114052391052246094e+01 -9.136114120483398438e-01 -1.151228547096252441e-01 8.882959187030792236e-02 9.262060523033142090e-01 3.478094637393951416e-01
2.608281135559082031e+01 -2.113813972473144531e+01 -9.098034501075744629e-01 -1.073522940278053284e-01 8.503723889589309692e-02 9.349325299263000488e-01 3.272899091243743896e-01
2.607867813110351562e+01 -2.113672447204589844e+01 -9.057508111000061035e-01 -1.003732979297637939e-01 8.164180815219879150e-02 9.427183270454406738e-01 3.074334263801574707e-01
2.607491683959960938e+01 -2.113625526428222656e+01 -9.014891982078552246e-01 -9.431499242782592773e-02 7.876264303922653198e-02 9.495222568511962891e-01 2.885863482952117920e-01
2.607165718078613281e+01 -2.113681411743164062e+01 -8.970513939857482910e-01 -8.930827677249908447e-02 7.651981711387634277e-02 9.553262591361999512e-01 2.710975408554077148e-01
2.606901931762695312e+01 -2.113832855224609375e+01 -8.924797773361206055e-01 -8.548469096422195435e-02 7.503397017717361450e-02 9.601295590400695801e-01 2.553169429302215576e-01
2.606713676452636719e+01 -2.114099502563476562e+01 -8.877997994422912598e-01 -8.297652751207351685e-02 7.442595064640045166e-02 9.639409780502319336e-01 2.415916919708251953e-01
2.606612968444824219e+01 -2.114054298400878906e+01 -8.833122849464416504e-01 -8.191559463739395142e-02 7.481653988361358643e-02 9.667693972587585449e-01 2.302646487951278687e-01
2.606612968444824219e+01 -2.113678359985351562e+01 -8.790564537048339844e-01 -8.243349939584732056e-02 7.632676512002944946e-02 9.686137437820434570e-01 2.216724455356597900e-01
