0.000000000000000000e+00 0.000000000000000000e+00 0.000000000000000000e+00 0.000000000000000000e+00 0.000000000000000000e+00 0.000000000000000000e+00 1.000000000000000000e+00
8.388980478048324585e-02 -7.414708845317363739e-03 3.511803597211837769e-02 -2.640401078483609748e-02 6.693095187477715244e-03 2.547796199273327442e-02 9.993042100101361402e-01
1.597190996238677663e-01 -1.657980095582572977e-02 6.877815703444487005e-02 -5.210853702154362443e-02 1.407264967085699453e-02 5.025905196870546210e-02 9.972766359420652815e-01
2.288308031666203002e-01 -2.201734152384210441e-02 9.897361796123185784e-02 -7.689300935636558809e-02 2.141433882030698357e-02 7.228940888695008227e-02 9.941846571778234498e-01
2.903192489100225870e-01 -2.787006041618042551e-02 1.266550354821987523e-01 -1.007713959762575190e-01 2.912958640448823702e-02 9.404697785893251227e-02 9.900261405157446681e-01
3.443601328169924591e-01 -3.235486313887829535e-02 1.516535277590041475e-01 -1.233892157171507381e-01 3.628508412081536683e-02 1.131315234482335036e-01 9.852206618404496519e-01
3.911433963037785344e-01 -3.607828904353635457e-02 1.733281033566470286e-01 -1.440343442219631509e-01 4.278359245533747135e-02 1.298307105935774808e-01 9.800855363119749253e-01
4.306747258939551681e-01 -3.805460434791330809e-02 1.917482381082644960e-01 -1.628684179248759412e-01 4.895898272577902527e-02 1.438022101062263469e-01 9.748834908960504197e-01
4.625359466847948076e-01 -3.883030107526347363e-02 2.076095409616727783e-01 -1.800431338807283732e-01 5.517679074070328676e-02 1.551987004337394838e-01 9.697697433358297703e-01
4.873175364677355681e-01 -3.884403675027751912e-02 2.197433836065578183e-01 -1.951364887531674142e-01 6.088688797231476407e-02 1.631446570571474797e-01 9.651934306157690102e-01
5.046835483010980727e-01 -3.891820348141050712e-02 2.288168406261692489e-01 -2.080153513989080882e-01 6.646536272946769464e-02 1.686182298747832820e-01 9.611866945050392408e-01
5.154828169023495388e-01 -3.917741712273795779e-02 2.339777633431676940e-01 -2.171001713881965112e-01 6.500407300771786356e-02 1.722562371410464588e-01 9.586291122439535295e-01
5.203967494354736489e-01 -3.733230501301398885e-02 2.364079118185313799e-01 -2.233231700225715433e-01 6.381294379228448499e-02 1.732448268398569247e-01 9.571002559339644167e-01
5.258929767262936483e-01 -3.574785353305209856e-02 2.393465230657915721e-01 -2.276772602726840622e-01 6.286311841129703371e-02 1.713627083620206382e-01 9.564758834812118193e-01
5.323983471433709758e-01 -3.452962966378057830e-02 2.424822220402212680e-01 -2.301372731269182847e-01 6.197174234830326450e-02 1.678066389010469395e-01 9.565758049463488621e-01
5.397167180430592071e-01 -3.353927644750255566e-02 2.459571758971975108e-01 -2.305569300189580229e-01 6.143289606079570947e-02 1.624023626235111262e-01 9.574418906211062952e-01
5.478791598316038458e-01 -3.336455159305864310e-02 2.498951890642634732e-01 -2.303760311015245754e-01 6.098681339978517107e-02 1.557716082926828005e-01 9.586149899386927631e-01
5.568746186641715390e-01 -3.434472716230963646e-02 2.540211928390520568e-01 -2.282891803051463331e-01 6.060280349567676028e-02 1.481101424834231073e-01 9.603513607308571398e-01
5.664865868358348600e-01 -3.439662467044776739e-02 2.590416515327308433e-01 -2.257269731227361242e-01 6.077974094313714354e-02 1.396309978170347521e-01 9.622142906568952325e-01
5.766687770057111750e-01 -3.541830343502715833e-02 2.648219805785240744e-01 -2.222051192448669943e-01 6.061241807755878008e-02 1.306267902598011177e-01 9.643068295011643087e-01
5.875746655403133456e-01 -3.730096217688784466e-02 2.710200957329062521e-01 -2.181091588948176063e-01 6.051207152314789367e-02 1.211871800307003783e-01 9.664783243313732619e-01
5.995390456734447371e-01 -3.885075067193875797e-02 2.774129889667166227e-01 -2.133640967785416231e-01 6.055422165679224394e-02 1.121447359751497896e-01 9.686240274938884287e-01
6.128862913546264668e-01 -4.116672825692586912e-02 2.830188465759570504e-01 -2.070985920086396426e-01 6.031782623432468265e-02 1.033822788932407810e-01 9.709706676502873890e-01
6.272275908634721286e-01 -4.199156575845162942e-02 2.894358390911956902e-01 -2.006914402773651018e-01 6.030538162268567898e-02 9.530954345697001395e-02 9.731404306022656270e-01
6.425579000229001414e-01 -4.364297472431877267e-02 2.963365126506052327e-01 -1.940276918386031890e-01 6.048618962440071439e-02 8.833111298635078212e-02 9.751370622343803474e-01
6.588169529979386319e-01 -4.605979371290549323e-02 3.039337454625277157e-01 -1.872199639207535737e-01 6.073279318912922636e-02 8.296542025567935075e-02 9.769221831767137543e-01
6.766783129317572865e-01 -4.691351774387941820e-02 3.114555612991756206e-01 -1.806756022652824534e-01 6.107700945514097507e-02 7.938049629662763396e-02 9.784296921444051165e-01
6.958256919665041229e-01 -4.882785830248422693e-02 3.193059623891680299e-01 -1.742833723786856859e-01 6.114935219125546689e-02 7.783209245249604613e-02 9.797082362741309502e-01
7.163836147818133382e-01 -5.047578569589414310e-02 3.276457194390553496e-01 -1.684554196549836458e-01 6.159714557534741453e-02 7.827517270834367935e-02 9.806638366857992617e-01
7.383738180568197862e-01 -5.235577180392290975e-02 3.365514538719162618e-01 -1.631029283619180037e-01 6.232224678490099617e-02 8.203814545273788172e-02 9.812151216762431405e-01
7.615009439893138943e-01 -5.365477622963673449e-02 3.470455436501215241e-01 -1.592374636922386510e-01 6.363823056220863084e-02 8.864270413414367111e-02 9.811911520043180568e-01
7.858353787975735916e-01 -5.526169996554303881e-02 3.588591186788552823e-01 -1.552572940037136029e-01 5.756909913333423112e-02 9.884621454826202080e-02 9.812290239047658513e-01
8.113938408934855406e-01 -5.666674248485780579e-02 3.721593915225103189e-01 -1.526398312112345057e-01 5.097314272383165340e-02 1.118180986276624544e-01 9.806118158924846950e-01
8.388713294162880585e-01 -5.700772623130922340e-02 3.854107250988534350e-01 -1.513165762157268335e-01 4.399039114086734925e-02 1.270324970181883339e-01 9.793012222758367136e-01
8.684699755923854791e-01 -5.623760612788477470e-02 3.979561153581047117e-01 -1.503642126884510710e-01 3.677548402235373409e-02 1.456835610757033495e-01 9.771460829117649682e-01
8.992631034816697122e-01 -5.550557332799782584e-02 4.113841044417624881e-01 -1.500683204798729797e-01 2.958762318768449681e-02 1.663196318947539332e-01 9.741364646643956293e-01
9.315892647511823110e-01 -5.590650571779179345e-02 4.255330852548766529e-01 -1.500486658881699242e-01 2.217578107835040113e-02 1.881827844061776667e-01 9.703509016082189076e-01
9.585216919100001398e-01 -5.561020298026805864e-02 4.370470704685138763e-01 -1.504442858193804078e-01 1.425634252324679829e-02 2.113699098442683444e-01 9.656531648446985416e-01
9.794080286747507413e-01 -5.406614252647824748e-02 4.465964464331546036e-01 -1.521484568552963768e-01 6.577715271384433626e-03 2.356737140583268775e-01 9.598257556662639356e-01
9.955308830548781351e-01 -5.236124970748424340e-02 4.521027697322919092e-01 -1.536021619110194414e-01 -7.028600527453005616e-04 2.599703123981300656e-01 9.533212042725294211e-01
1.005802195164116508e+00 -4.880857845943813167e-02 4.574803968679260757e-01 -1.557394900013441275e-01 -6.756135588188912425e-03 2.845147657354208381e-01 9.459127412000294388e-01
1.011665668375168137e+00 -4.164918498022954219e-02 4.601735839872108103e-01 -1.573875680956934309e-01 -1.306497085931358423e-02 3.074616048347286190e-01 9.383633739110994743e-01
1.019158898013775350e+00 -3.726997298157427169e-02 4.648999291195005656e-01 -1.587228606624866978e-01 -1.884610573103695855e-02 3.322037758731036239e-01 9.295657744869613159e-01
1.025381750666027436e+00 -3.071068162771562610e-02 4.697570053242289267e-01 -1.605103301480509115e-01 -2.297013999135500209e-02 3.555844448195167873e-01 9.204718948381516164e-01
1.030945230992998729e+00 -2.194828614448596227e-02 4.727336235334060333e-01 -1.613884357982298678e-01 -2.693277832370579924e-02 3.765394986452933468e-01 9.118368298123945559e-01
1.037996354739351590e+00 -1.396760150747837666e-02 4.769481374094005077e-01 -1.628036605055630526e-01 -3.000869909649808709e-02 3.969374590269646452e-01 9.027929439942150580e-01
1.042242004081097573e+00 -2.767449195582701027e-03 4.795632210154670005e-01 -1.635859376245412389e-01 -3.252767355788253184e-02 4.144357841802693287e-01 8.946645026239148368e-01
1.047117901666871020e+00 9.207512053849073799e-03 4.819607432828974525e-01 -1.644212779488399001e-01 -3.385436568843166322e-02 4.304865826259253736e-01 8.868488188302201536e-01
1.050418418494294182e+00 2.247304573931322921e-02 4.859351953758059284e-01 -1.654827428503530262e-01 -3.371705453046107415e-02 4.437488391235583363e-01 8.800940801011037928e-01
1.059522530250120775e+00 3.188512701107181629e-02 4.902439789234950274e-01 -1.662835345820883048e-01 -3.256111455987126951e-02 4.539677674719617140e-01 8.747587244732282219e-01
1.071921566603200260e+00 3.498865874396053788e-02 4.963525283571133540e-01 -1.672411065755314286e-01 -2.974552843282286113e-02 4.617625764222296203e-01 8.705865487276658321e-01
