8.737901598215103149e-02 4.380103666335344315e-03 2.591283246874809265e-02 -2.327839843928813934e-02 5.475618410855531693e-03 1.971612870693206787e-02 9.995195865631103516e-01
7.842696458101272583e-02 -5.361443385481834412e-03 2.806334570050239563e-02 -2.449068427085876465e-02 6.907107774168252945e-03 2.119056694209575653e-02 9.994515776634216309e-01
6.979196518659591675e-02 -7.675407920032739639e-03 2.807008847594261169e-02 -2.442215196788311005e-02 7.600304204970598221e-03 1.864791661500930786e-02 9.994989037513732910e-01
6.068953499197959900e-02 -1.350058615207672119e-02 2.675553038716316223e-02 -2.418967708945274353e-02 8.718711324036121368e-03 1.968407072126865387e-02 9.994755387306213379e-01
5.254225432872772217e-02 -1.430192682892084122e-02 2.449940890073776245e-02 -2.222204953432083130e-02 8.041553199291229248e-03 1.700572483241558075e-02 9.995760917663574219e-01
4.426830634474754333e-02 -1.659775525331497192e-02 2.090828306972980499e-02 -1.984400860965251923e-02 7.210600655525922775e-03 1.474719215184450150e-02 9.996683001518249512e-01
3.685879334807395935e-02 -1.536859385669231415e-02 1.763998158276081085e-02 -1.767160184681415558e-02 6.995840929448604584e-03 1.188431866466999054e-02 9.997487068176269531e-01
2.955819666385650635e-02 -1.315534301102161407e-02 1.485160738229751587e-02 -1.594853214919567108e-02 6.995133124291896820e-03 9.344626218080520630e-03 9.998046755790710449e-01
2.310146950185298920e-02 -1.046632509678602219e-02 1.086901873350143433e-02 -1.350017916411161423e-02 6.495171692222356796e-03 6.342482287436723709e-03 9.998676776885986328e-01
1.598724909126758575e-02 -8.086293004453182220e-03 7.932920940220355988e-03 -1.124291215091943741e-02 6.460352800786495209e-03 4.576290957629680634e-03 9.999054670333862305e-01
9.615975432097911835e-03 -5.750254727900028229e-03 4.218308255076408386e-03 -8.496835827827453613e-03 -5.493930075317621231e-04 1.519910176284611225e-03 9.999625682830810547e-01
5.097182467579841614e-03 9.441983274882659316e-05 2.732510212808847427e-03 -5.689670331776142120e-03 -1.532653841422870755e-04 -7.494872552342712879e-04 9.999835491180419922e-01
5.543909035623073578e-03 5.686096847057342529e-04 3.208768088370561600e-03 -3.254311857745051384e-03 3.119588363915681839e-04 -3.615832421928644180e-03 9.999881386756896973e-01
6.431370507925748825e-03 -3.305668651591986418e-04 3.487795358523726463e-03 -1.423681154847145081e-03 4.253948281984776258e-04 -4.850279074162244797e-03 9.999871253967285156e-01
6.754821632057428360e-03 1.364316092804074287e-03 4.373291507363319397e-03 7.117083878256380558e-04 5.614203982986509800e-04 -7.083059754222631454e-03 9.999744892120361328e-01
7.816229015588760376e-03 -2.513096202164888382e-03 3.841203171759843826e-03 1.521380618214607239e-03 8.061041007749736309e-04 -7.930290885269641876e-03 9.999670982360839844e-01
8.106026798486709595e-03 -4.962925333529710770e-03 2.926542656496167183e-03 3.378477180376648903e-03 8.805254474282264709e-04 -8.550579659640789032e-03 9.999573230743408203e-01
9.031124413013458252e-03 -3.771231509745121002e-03 4.670572001487016678e-03 3.915419802069664001e-03 1.458923448808491230e-03 -9.383981116116046906e-03 9.999472498893737793e-01
8.902397006750106812e-03 -5.720429588109254837e-03 5.114396568387746811e-03 4.748191218823194504e-03 1.363447401672601700e-03 -9.471651166677474976e-03 9.999429583549499512e-01
9.178121574223041534e-03 -7.386697921901941299e-03 4.700870253145694733e-03 5.120043642818927765e-03 1.276398426853120327e-03 -9.567206725478172302e-03 9.999403357505798340e-01
1.064901333302259445e-02 -6.785609293729066849e-03 5.193396005779504776e-03 5.685318727046251297e-03 1.253778929822146893e-03 -9.153755381703376770e-03 9.999411702156066895e-01
1.183874439448118210e-02 -7.494590710848569870e-03 4.314350895583629608e-03 7.039464544504880905e-03 6.585593800991773605e-04 -8.745552971959114075e-03 9.999367594718933105e-01
1.320903282612562180e-02 -5.789340939372777939e-03 6.287766154855489731e-03 7.295577321201562881e-03 9.628713596612215042e-04 -7.997125387191772461e-03 9.999409317970275879e-01
1.374911423772573471e-02 -8.304680697619915009e-03 5.230579990893602371e-03 7.779484614729881287e-03 4.789657250512391329e-04 -6.872367113828659058e-03 9.999459981918334961e-01
1.441155001521110535e-02 -9.223361499607563019e-03 5.928965285420417786e-03 7.513671647757291794e-03 5.215163691900670528e-04 -5.312189925462007523e-03 9.999575018882751465e-01
1.694521121680736542e-02 -6.212822627276182175e-03 7.113041821867227554e-03 7.422900293022394180e-03 4.752103995997458696e-04 -3.910131752490997314e-03 9.999647140502929688e-01
1.767394319176673889e-02 -8.869499899446964264e-03 6.393695715814828873e-03 6.912932731211185455e-03 -2.065022272290661931e-04 -1.659216941334307194e-03 9.999747276306152344e-01
1.920828409492969513e-02 -8.227379992604255676e-03 7.631995715200901031e-03 6.096599623560905457e-03 1.620210532564669847e-04 2.242805931018665433e-04 9.999814033508300781e-01
2.065720036625862122e-02 -8.894682861864566803e-03 7.783325854688882828e-03 5.345925688743591309e-03 1.513917959528043866e-04 3.381594084203243256e-03 9.999799728393554688e-01
2.154049277305603027e-02 -8.719373494386672974e-03 1.032748911529779434e-02 3.282382618635892868e-03 9.712222381494939327e-04 6.172106135636568069e-03 9.999750852584838867e-01
2.233106270432472229e-02 -1.142228487879037857e-02 1.025488693267107010e-02 2.313080942258238792e-03 -6.636647973209619522e-03 8.300816640257835388e-03 9.999408721923828125e-01
2.321268618106842041e-02 -1.234141830354928970e-02 1.187295187264680862e-02 5.862212274223566055e-04 -7.043809164315462112e-03 1.080346200615167618e-02 9.999166727066040039e-01
2.555380389094352722e-02 -1.266838796436786652e-02 1.082781050354242325e-02 -8.915086509659886360e-04 -7.734139449894428253e-03 1.264705788344144821e-02 9.998897314071655273e-01
2.829922363162040710e-02 -1.152798719704151154e-02 1.001594308763742447e-02 -1.665673335082828999e-03 -8.766739629209041595e-03 1.538780704140663147e-02 9.998418092727661133e-01
2.916279807686805725e-02 -1.373108103871345520e-02 9.489588439464569092e-03 -2.411140827462077141e-03 -9.002691134810447693e-03 1.741547882556915283e-02 9.998049139976501465e-01
2.977468445897102356e-02 -1.668808236718177795e-02 8.961647748947143555e-03 -2.518570050597190857e-03 -9.418726898729801178e-03 1.876436173915863037e-02 9.997764229774475098e-01
2.433729171752929688e-02 -1.470877602696418762e-02 7.025918457657098770e-03 -3.158593317493796349e-03 -9.780718013644218445e-03 1.993383280932903290e-02 9.997484683990478516e-01
1.890930160880088806e-02 -1.156619843095541000e-02 6.202830001711845398e-03 -4.704745020717382431e-03 -9.120387025177478790e-03 2.083710767328739166e-02 9.997302293777465820e-01
1.488250959664583206e-02 -8.398923091590404510e-03 1.068518962711095810e-03 -3.269375534728169441e-03 -1.007180102169513702e-02 1.998942717909812927e-02 9.997441172599792480e-01
1.205547992140054703e-02 4.390880640130490065e-04 1.229956396855413914e-03 -2.856642240658402443e-03 -9.066905826330184937e-03 1.749525219202041626e-02 9.998017549514770508e-01
9.154271334409713745e-03 2.138822805136442184e-03 2.124909777194261551e-03 -3.421708708629012108e-03 -8.391433395445346832e-03 1.859383285045623779e-02 9.997860789299011230e-01
8.781176991760730743e-03 -4.423745907843112946e-03 9.928494691848754883e-04 -3.438822925090789795e-03 -8.364347741007804871e-03 2.092643640935420990e-02 9.997401237487792969e-01
9.436991065740585327e-03 -1.738778664730489254e-03 3.641324583441019058e-03 -3.131226869300007820e-03 -6.111809983849525452e-03 2.075883559882640839e-02 9.997609257698059082e-01
1.073613390326499939e-02 7.050536223687231541e-04 9.112899424508213997e-04 -2.651445800438523293e-03 -6.500001996755599976e-03 1.861382275819778442e-02 9.998021125793457031e-01
1.135918870568275452e-02 -1.454612705856561661e-03 1.572590263094753027e-04 -2.746027894318103790e-03 -5.824593361467123032e-03 1.882038079202175140e-02 9.998021721839904785e-01
1.192007493227720261e-02 2.821894362568855286e-03 -5.063084536232054234e-04 -2.138020470738410950e-03 -4.933512769639492035e-03 1.611256413161754608e-02 9.998556971549987793e-01
1.313707605004310608e-02 4.006455419585108757e-04 4.229614860378205776e-04 -1.695724087767302990e-03 -3.431810298934578896e-03 1.548444200307130814e-02 9.998728036880493164e-01
1.141045428812503815e-02 6.002410780638456345e-03 -6.036278791725635529e-03 -1.344604068435728550e-03 -2.623333595693111420e-03 1.304144226014614105e-02 9.999105930328369141e-01
1.226473506540060043e-02 -6.056259851902723312e-03 -1.713390578515827656e-03 -6.830016500316560268e-04 -9.361919364891946316e-04 1.094643399119377136e-02 9.999394416809082031e-01
9.242094121873378754e-03 -1.069378666579723358e-02 9.534173295833170414e-04 2.687850501388311386e-04 1.424588845111429691e-03 8.413412608206272125e-03 9.999635815620422363e-01
1.663106977939605713e-01 -5.894496571272611618e-03 5.320414528250694275e-02 -4.113585129380226135e-02 1.080547831952571869e-02 3.211279213428497314e-02 9.985789060592651367e-01
1.469028592109680176e-01 -1.350841112434864044e-02 5.953836441040039062e-02 -3.964117541909217834e-02 1.489893905818462372e-02 2.816465124487876892e-02 9.987058639526367188e-01
1.290480345487594604e-01 -4.241978004574775696e-02 4.563185200095176697e-02 -4.071623459458351135e-02 1.327618304640054703e-02 3.649244830012321472e-02 9.984158873558044434e-01
1.133371442556381226e-01 -3.938813880085945129e-02 4.281402006745338440e-02 -4.153866320848464966e-02 1.354944892227649689e-02 3.478487581014633179e-02 9.984392523765563965e-01
9.806835651397705078e-02 -3.515907377004623413e-02 3.946426883339881897e-02 -3.876139968633651733e-02 1.419115904718637466e-02 3.175655007362365723e-02 9.986429214477539062e-01
8.296535909175872803e-02 -2.768521755933761597e-02 3.797008469700813293e-02 -3.631132096052169800e-02 1.408852357417345047e-02 2.567857131361961365e-02 9.989112019538879395e-01
6.955190002918243408e-02 -2.023127675056457520e-02 3.215584903955459595e-02 -3.206892311573028564e-02 1.498427335172891617e-02 2.032051235437393188e-02 9.991667270660400391e-01
5.650449171662330627e-02 -1.342621818184852600e-02 2.487450279295444489e-02 -2.712172456085681915e-02 1.418305095285177231e-02 1.277964655309915543e-02 9.994497895240783691e-01
4.227837175130844116e-02 -1.182393450289964676e-02 1.721081696450710297e-02 -2.328698523342609406e-02 1.208952628076076508e-02 8.611667901277542114e-03 9.996186494827270508e-01
2.717094868421554565e-02 -9.376173838973045349e-03 1.273318752646446228e-02 -1.915421523153781891e-02 6.060168612748384476e-03 5.149259697645902634e-03 9.997848868370056152e-01
1.464551780372858047e-02 -4.958930425345897675e-03 6.738298572599887848e-03 -1.479057315737009048e-02 -3.673227038234472275e-04 6.979058525757864118e-05 9.998905658721923828e-01
1.083379983901977539e-02 -3.210923750884830952e-04 5.605124402791261673e-03 -8.822231553494930267e-03 -9.676695481175556779e-05 -5.162684246897697449e-03 9.999477267265319824e-01
1.174827013164758682e-02 -3.458080755081027746e-04 7.121892645955085754e-03 -5.183481611311435699e-03 6.793617503717541695e-04 -8.869009092450141907e-03 9.999470114707946777e-01
1.332421321421861649e-02 -2.922449028119444847e-03 7.316369097679853439e-03 -1.564263715408742428e-03 9.057985735125839710e-04 -1.195794809609651566e-02 9.999268651008605957e-01
1.498710829764604568e-02 -3.513919888064265251e-03 7.717938162386417389e-03 1.572200446389615536e-03 1.041554613038897514e-03 -1.490540523082017899e-02 9.998871088027954102e-01
1.617816463112831116e-02 -7.431027013808488846e-03 6.648995913565158844e-03 5.045748781412839890e-03 1.528151915408670902e-03 -1.706203259527683258e-02 9.998405575752258301e-01
1.723007671535015106e-02 -9.161621332168579102e-03 7.152142468839883804e-03 7.133084349334239960e-03 2.206823090091347694e-03 -1.806163601577281952e-02 9.998089671134948730e-01
1.761489361524581909e-02 -1.110152527689933777e-02 8.766551502048969269e-03 9.303675964474678040e-03 2.565434668213129044e-03 -1.890593394637107849e-02 9.997746944427490234e-01
1.877453923225402832e-02 -1.222328748553991318e-02 9.747211821377277374e-03 1.055154949426651001e-02 2.542625181376934052e-03 -1.979963295161724091e-02 9.997450709342956543e-01
2.084303274750709534e-02 -1.287180371582508087e-02 9.656133130192756653e-03 1.181462313979864120e-02 2.428397536277770996e-03 -2.001504041254520416e-02 9.997268915176391602e-01
2.187366411089897156e-02 -1.418272871524095535e-02 1.103199832141399384e-02 1.291420869529247284e-02 2.120222197845578194e-03 -1.871680095791816711e-02 9.997391700744628906e-01
2.450300566852092743e-02 -1.273126620799303055e-02 1.268333196640014648e-02 1.365709770470857620e-02 2.138805110007524490e-03 -1.724409312009811401e-02 9.997557401657104492e-01
2.688585035502910614e-02 -1.385511085391044617e-02 1.221511047333478928e-02 1.442426349967718124e-02 1.660135691054165363e-03 -1.488136686384677887e-02 9.997838139533996582e-01
2.891940437257289886e-02 -1.631229184567928314e-02 1.105256564915180206e-02 1.492542494088411331e-02 1.130781485699117184e-03 -1.201059017330408096e-02 9.998158216476440430e-01
3.225902467966079712e-02 -1.318307779729366302e-02 1.385144330561161041e-02 1.411424670368432999e-02 9.855866665020585060e-04 -9.365259669721126556e-03 9.998560547828674316e-01
3.527530655264854431e-02 -1.243674848228693008e-02 1.466318406164646149e-02 1.382962428033351898e-02 8.447854779660701752e-04 -5.677663255482912064e-03 9.998878836631774902e-01
3.702217340469360352e-02 -1.646261103451251984e-02 1.446555834263563156e-02 1.308523863554000854e-02 -2.526149910409003496e-04 -1.857074094004929066e-03 9.999126195907592773e-01
4.035828635096549988e-02 -1.414265297353267670e-02 1.705341972410678864e-02 1.118966005742549896e-02 1.435507554560899734e-03 2.863539149984717369e-03 9.999322891235351562e-01
4.290762916207313538e-02 -1.392322592437267303e-02 1.969763450324535370e-02 8.989853784441947937e-03 1.346948789432644844e-03 8.142124861478805542e-03 9.999255537986755371e-01
4.416653886437416077e-02 -1.956409402191638947e-02 2.061958238482475281e-02 5.837108008563518524e-03 -5.924555473029613495e-03 1.324655488133430481e-02 9.998776912689208984e-01
4.732299968600273132e-02 -2.360992506146430969e-02 1.822758652269840240e-02 3.079436952248215675e-03 -1.396557968109846115e-02 1.724018529057502747e-02 9.997491240501403809e-01
4.905606061220169067e-02 -2.775382809340953827e-02 1.859045587480068207e-02 6.151614361442625523e-04 -1.507912855595350266e-02 2.216665819287300110e-02 9.996404051780700684e-01
5.360679700970649719e-02 -2.725733630359172821e-02 1.759950630366802216e-02 -1.455689314752817154e-03 -1.670905761420726776e-02 2.646941505372524261e-02 9.995089173316955566e-01
5.646849051117897034e-02 -2.875641919672489166e-02 1.755516976118087769e-02 -2.402572892606258392e-03 -1.683232188224792480e-02 2.980943769216537476e-02 9.994109869003295898e-01
5.887388810515403748e-02 -3.168813511729240417e-02 1.659196801483631134e-02 -3.020665142685174942e-03 -1.780511252582073212e-02 3.201644122600555420e-02 9.993241429328918457e-01
5.369110405445098877e-02 -3.182774037122726440e-02 1.648305729031562805e-02 -4.463804420083761215e-03 -1.767159812152385712e-02 3.355545923113822937e-02 9.992706179618835449e-01
4.231140390038490295e-02 -2.743812091648578644e-02 1.368402317166328430e-02 -7.398378569632768631e-03 -1.802347786724567413e-02 3.730076551437377930e-02 9.991141557693481445e-01
3.291476517915725708e-02 -2.159955166280269623e-02 7.130262907594442368e-03 -6.557865999639034271e-03 -1.878978125751018524e-02 3.819935023784637451e-02 9.990719556808471680e-01
2.213572338223457336e-02 1.856281049549579620e-02 -2.732175344135612249e-04 -4.729056265205144882e-03 -2.013775333762168884e-02 2.058392763137817383e-02 9.995741248130798340e-01
1.996099203824996948e-02 3.426585579290986061e-03 4.431498702615499496e-03 -5.381739698350429535e-03 -1.667746156454086304e-02 3.345220908522605896e-02 9.992866516113281250e-01
1.820642314851284027e-02 -1.235814299434423447e-03 6.842618342489004135e-03 -6.266957614570856094e-03 -1.454050652682781219e-02 3.969442844390869141e-02 9.990863800048828125e-01
1.991219073534011841e-02 2.485591976437717676e-04 2.935363212600350380e-03 -5.920269060879945755e-03 -1.567020826041698456e-02 3.722619637846946716e-02 9.991664290428161621e-01
1.924198679625988007e-02 3.232517745345830917e-03 7.874905131757259369e-03 -5.554202012717723846e-03 -1.145710423588752747e-02 3.652729839086532593e-02 9.992515444755554199e-01
2.050071954727172852e-02 8.508912287652492523e-03 -1.300751464441418648e-03 -6.016954313963651657e-03 -1.331206690520048141e-02 3.371430560946464539e-02 9.993247389793395996e-01
2.356203086674213409e-02 2.310574287548661232e-03 1.022292417474091053e-03 -4.975342657417058945e-03 -1.072192285209894180e-02 3.287906944751739502e-02 9.993894696235656738e-01
2.257099561393260956e-02 1.162845548242330551e-02 -6.383028230629861355e-04 -3.847175976261496544e-03 -8.546483702957630157e-03 2.944693341851234436e-02 9.995223879814147949e-01
2.700895629823207855e-02 3.372220322489738464e-03 2.892119344323873520e-03 -2.767726778984069824e-03 -4.751980770379304886e-03 2.737611345946788788e-02 9.996100664138793945e-01
2.776838280260562897e-02 1.220557722263038158e-03 1.541563775390386581e-03 -1.494018244557082653e-03 -2.291186712682247162e-03 2.142158895730972290e-02 9.997667670249938965e-01
2.074666507542133331e-02 -1.821874640882015228e-02 2.663488266989588737e-03 -1.318749855272471905e-04 1.746745663695037365e-03 1.968657039105892181e-02 9.998046755790710449e-01
