0.000000000000000000e+00 0.000000000000000000e+00 0.000000000000000000e+00 0.000000000000000000e+00 0.000000000000000000e+00 0.000000000000000000e+00 1.000000000000000000e+00
8.737901598215103149e-02 4.380103666335344315e-03 2.591283246874809265e-02 -2.327839900218129851e-02 5.475618698275789425e-03 1.971612986164009498e-02 9.995195885839582850e-01
1.662344043951153594e-01 3.411683836004058938e-03 5.326196594214740315e-02 -4.776469915642381908e-02 1.238682568789300359e-02 4.085901691357534532e-02 9.979457103473766688e-01
2.369913419818786560e-01 4.110309966787821165e-03 7.992144574325066309e-02 -7.219229938311499950e-02 1.985815671713451677e-02 5.938763826133817286e-02 9.954230427026072858e-01
2.996681741663927978e-01 1.755603199771265180e-03 1.053657762246445612e-01 -9.636029506778311104e-02 2.851101894073426735e-02 7.880140910204577742e-02 9.918125595378104453e-01
3.548001260877102769e-01 6.141683473927491213e-04 1.282703530876511400e-01 -1.185083877188870538e-01 3.636219319671417372e-02 9.549318046644875158e-02 9.876814291210486152e-01
4.024465342242280474e-01 -2.205934546568341474e-03 1.481246105243108901e-01 -1.382209620733172439e-01 4.332460719450345610e-02 1.098940898563735696e-01 9.833317004295182295e-01
4.427494125200541752e-01 -4.128321538569172666e-03 1.647954144573231250e-01 -1.558171971249525112e-01 4.989361057215910972e-02 1.213513482487315193e-01 9.790329304892723128e-01
4.755096095104462406e-01 -4.982487387020088573e-03 1.787008154025966633e-01 -1.717835330611935107e-01 5.625300881408504261e-02 1.301821106318012400e-01 9.748736507054777123e-01
5.012466946414195768e-01 -5.259553861736946702e-03 1.886448138707925715e-01 -1.854105385679244711e-01 6.190958795081207694e-02 1.359916629683138034e-01 9.712344736009040913e-01
5.193957230037403727e-01 -5.643977206944253075e-03 1.960188555644113151e-01 -1.969077501570092037e-01 6.749780218013461119e-02 1.399216833672640992e-01 9.680357984871362786e-01
5.305769483023116129e-01 -6.686011209475997696e-03 2.001686632035014624e-01 -2.049461637449842555e-01 6.607383581624147462e-02 1.420694746150376608e-01 9.661509108671116897e-01
5.355851362626027345e-01 -4.208674959533257459e-03 2.016645424549249888e-01 -2.104676141900994613e-01 6.496273642382779934e-02 1.417503651769899398e-01 9.650855196435420558e-01
5.408992268567452966e-01 -9.854413180736226567e-04 2.033154946236924165e-01 -2.138849174068913339e-01 6.404071605561940939e-02 1.384048453936478629e-01 9.648814059585205660e-01
5.473533307156208672e-01 1.769867121452171291e-03 2.054105689200895757e-01 -2.156253409200939719e-01 6.321590170326847613e-02 1.337233083718094850e-01 9.652085468555663406e-01
5.537046912082373984e-01 6.412383981461626178e-03 2.075835644073671937e-01 -2.154557333520708828e-01 6.232406256192926652e-02 1.267172215159508009e-01 9.662490796698206541e-01
5.621449801740877605e-01 7.577472320807302625e-03 2.106767863015528985e-01 -2.145750015031026581e-01 6.158506617421970891e-02 1.187819138924221946e-01 9.674997184941779294e-01
5.714322068768153962e-01 6.118403767982561782e-03 2.139204708383978526e-01 -2.119283521454800034e-01 6.100090884455540430e-02 1.101071612918930326e-01 9.691448166859690794e-01
5.814137650654916945e-01 6.452598238374053496e-03 2.181459232717504748e-01 -2.088556311332762094e-01 6.085398261590430763e-02 1.004588841179472475e-01 9.708677205188568360e-01
5.917215190990365858e-01 4.993572891325653851e-03 2.236006910227784916e-01 -2.049472063263689525e-01 6.067302779040981836e-02 9.068372194624511884e-02 9.726725496752425260e-01
6.025480223516385125e-01 1.665697158179850132e-03 2.293113366415941712e-01 -2.006510675068479965e-01 6.041445630773092240e-02 8.080030726177429845e-02 9.744539768115303424e-01
6.146563952950748755e-01 -9.845921525436108351e-04 2.350367721498331786e-01 -1.957535038534881644e-01 6.025531591081170757e-02 7.128059247428594758e-02 9.762012803567127195e-01
6.278958324267934765e-01 -4.774387450091129026e-03 2.400660005647271278e-01 -1.894430988610135147e-01 5.968419657787610993e-02 6.218558428095465052e-02 9.781012534908776201e-01
6.423297521241029262e-01 -6.418413578609415138e-03 2.461067091483685465e-01 -1.828332764234985031e-01 5.956113717627557064e-02 5.374207355095582395e-02 9.798654262198259746e-01
6.574651593025588880e-01 -1.106367410532843598e-02 2.519978749951122809e-01 -1.756356235233538787e-01 5.918883156909635068e-02 4.645425101911752203e-02 9.815756784524057865e-01
6.733386157360503610e-01 -1.658662725326181739e-02 2.587392524455207621e-01 -1.685915753548356544e-01 5.911425759451656436e-02 4.070163943013507812e-02 9.830695610261377393e-01
6.914593788133027719e-01 -1.901538470623524366e-02 2.652256840432909990e-01 -1.615388820830754302e-01 5.922224418684247926e-02 3.633735506708057200e-02 9.844173464519776484e-01
7.104373579978890962e-01 -2.441130436131386597e-02 2.717553087234589881e-01 -1.548203438979803281e-01 5.900063157046177287e-02 3.432703269758818204e-02 9.855816766842697696e-01
7.309801275187629566e-01 -2.891607057695836508e-02 2.790076890062160309e-01 -1.488010929741537258e-01 5.940321916789255419e-02 3.416265290712967168e-02 9.864899418790520347e-01
7.530331730498991405e-01 -3.405231983792422756e-02 2.863355534888625820e-01 -1.433287064352572471e-01 6.023719237854900654e-02 3.715778511551944691e-02 9.871411558491797189e-01
7.762662729218506863e-01 -3.821249390563694059e-02 2.958009302131954232e-01 -1.397492597917914248e-01 6.220103155202907907e-02 4.291267407868323142e-02 9.872991838672442455e-01
8.006452711759243224e-01 -4.475799061980512139e-02 3.056563133235205565e-01 -1.366561751212225506e-01 5.690428898806783320e-02 5.188911512150291838e-02 9.876206313296151951e-01
8.262056199448671867e-01 -5.127890196671739537e-02 3.173290455516600828e-01 -1.350855616322526320e-01 5.144971368169121151e-02 6.348373389216406537e-02 9.874586743411998269e-01
8.540970487782534315e-01 -5.757481622345327066e-02 3.279665306170853611e-01 -1.348093119789592897e-01 4.545873481962164203e-02 7.705581778114788116e-02 9.868243783867712837e-01
8.845282733388929453e-01 -6.185489669980821087e-02 3.374365435926974244e-01 -1.350566709614773320e-01 3.874637940743434761e-02 9.348624724298768007e-02 9.856564996427716885e-01
9.162531760947971726e-01 -6.718058761844933335e-02 3.471438206713554075e-01 -1.358904635543372597e-01 3.199192699897174946e-02 1.119429861865429837e-01 9.838592716265468496e-01
9.493332041413377054e-01 -7.407396016433395736e-02 3.573187023652663052e-01 -1.366833278745319957e-01 2.498603316405517694e-02 1.317399358392499498e-01 9.814978121895832075e-01
9.767911457187078428e-01 -7.966371345798163583e-02 3.658528392858370060e-01 -1.379625217933830861e-01 1.768850460546382217e-02 1.526875955758791592e-01 9.784375082459224604e-01
9.982726309642279139e-01 -8.298457380857608701e-02 3.734245901854191252e-01 -1.407674531733328627e-01 1.091638716834489493e-02 1.743757014590083532e-01 9.745042182355924121e-01
1.015097077699521844e+00 -8.523041945902150307e-02 3.756755684465338252e-01 -1.419429633970167859e-01 3.342342682204952134e-03 1.952643328504725384e-01 9.704189117097460349e-01
1.026005959840606829e+00 -7.994476031130828830e-02 3.759890728444732488e-01 -1.428580448484053078e-01 -3.531489009698955250e-03 2.134998760157281739e-01 9.664351558944522802e-01
1.033300869824154145e+00 -7.371777562331513489e-02 3.769374600251241825e-01 -1.444084339290028496e-01 -9.714764880022198207e-03 2.326106313930729752e-01 9.617401529084738110e-01
1.043011745634417231e+00 -7.325347724321575049e-02 3.787116261103967707e-01 -1.459358174330903646e-01 -1.553452205990985512e-02 2.538504477609715426e-01 9.560446464397257538e-01
1.051686082694549995e+00 -6.908337515128584738e-02 3.822761066408320030e-01 -1.476655139161183183e-01 -1.913937738092988741e-02 2.744794240184175171e-01 9.499945399968763304e-01
1.060325937056906698e+00 -6.260954141413910268e-02 3.824618874243072009e-01 -1.487272904952428865e-01 -2.328970389256011450e-02 2.930172140510893808e-01 9.441814947478470721e-01
1.070496394621277547e+00 -5.734400810962150125e-02 3.825499131424509591e-01 -1.500222275786459447e-01 -2.679009847315406978e-02 3.115314150830398310e-01 9.379359249290425415e-01
1.078531987657227464e+00 -4.826908725004810941e-02 3.807107072301388340e-01 -1.509006226354424884e-01 -2.966236998175259335e-02 3.272818827321756219e-01 9.323281155958902389e-01
1.088525545377107440e+00 -3.972697243224663360e-02 3.804221609556845407e-01 -1.517985323697415012e-01 -3.107653741081183030e-02 3.421443901021790079e-01 9.267840475075922457e-01
1.094467173277484884e+00 -2.963253483872502550e-02 3.723312122192071194e-01 -1.525388448734125435e-01 -3.198540028481499514e-02 3.545568393059232992e-01 9.219535143784087783e-01
1.107809888248834973e+00 -2.618935327689007192e-02 3.719385612057989343e-01 -1.531774918062859259e-01 -3.141899445181126072e-02 3.647484208229096470e-01 9.178823956797329542e-01
1.121470590538807155e+00 -2.701224283534957651e-02 3.755978572220872169e-01 -1.537091537506700689e-01 -2.872346020315690376e-02 3.722478805403011681e-01 9.148660963881348751e-01
