0.000000000000000000e+00 0.000000000000000000e+00 0.000000000000000000e+00 -9.819247736957137374e-14 1.816371488980172977e-13 3.615286021940722350e-12 1.000000119209289551e+00
9.084989875555038452e-02 5.613848567008972168e-03 1.379139255732297897e-03 -1.193101983517408371e-02 9.298992226831614971e-04 4.207731690257787704e-03 9.999195337295532227e-01
1.748366504907608032e-01 1.318765990436077118e-02 -2.104422892443835735e-04 -2.177802287042140961e-02 1.256849383935332298e-03 6.058088503777980804e-03 9.997437596321105957e-01
2.450478076934814453e-01 3.678501024842262268e-02 -2.107323706150054932e-02 -3.148991242051124573e-02 -3.763861022889614105e-03 1.264795660972595215e-03 9.994962811470031738e-01
3.081972599029541016e-01 5.012061446905136108e-02 -4.347290098667144775e-02 -4.536987096071243286e-02 -9.409797377884387970e-03 -1.035635592415928841e-03 9.989253878593444824e-01
3.647744059562683105e-01 5.976296588778495789e-02 -6.342465430498123169e-02 -5.996764823794364929e-02 -1.430939231067895889e-02 -4.116423893719911575e-03 9.980893135070800781e-01
4.164569377899169922e-01 6.395632773637771606e-02 -7.505340874195098877e-02 -7.411223649978637695e-02 -1.674001291394233704e-02 -6.026916671544313431e-03 9.970912337303161621e-01
4.603071510791778564e-01 6.980665773153305054e-02 -8.353327959775924683e-02 -8.726550638675689697e-02 -1.807479187846183777e-02 -9.775498881936073303e-03 9.959731101989746094e-01
4.969110488891601562e-01 7.430481910705566406e-02 -8.915594965219497681e-02 -9.961607307195663452e-02 -1.844811066985130310e-02 -1.366350799798965454e-02 9.947611093521118164e-01
5.258892178535461426e-01 7.842153310775756836e-02 -9.142258763313293457e-02 -1.095109954476356506e-01 -1.752713322639465332e-02 -1.815091446042060852e-02 9.936653375625610352e-01
5.470063090324401855e-01 8.170858025550842285e-02 -9.360273182392120361e-02 -1.181877180933952332e-01 -1.617221534252166748e-02 -2.237882651388645172e-02 9.926073551177978516e-01
5.602496862411499023e-01 8.353941142559051514e-02 -9.412521868944168091e-02 -1.265099644660949707e-01 -1.698941923677921295e-02 -2.501296997070312500e-02 9.915044307708740234e-01
5.658358335494995117e-01 8.453527837991714478e-02 -9.479410946369171143e-02 -1.327602565288543701e-01 -1.771415211260318756e-02 -2.731041982769966125e-02 9.906134605407714844e-01
5.717257857322692871e-01 8.661086112260818481e-02 -9.414335340261459351e-02 -1.356316208839416504e-01 -1.846920140087604523e-02 -3.241738304495811462e-02 9.900565743446350098e-01
5.784084200859069824e-01 8.808531612157821655e-02 -9.218684583902359009e-02 -1.362921297550201416e-01 -1.952965185046195984e-02 -3.896925598382949829e-02 9.897093176841735840e-01
5.857508182525634766e-01 8.665346354246139526e-02 -8.951459825038909912e-02 -1.349449157714843750e-01 -2.063579484820365906e-02 -4.694755375385284424e-02 9.895251393318176270e-01
5.936239361763000488e-01 8.451543003320693970e-02 -8.618742227554321289e-02 -1.323567032814025879e-01 -2.166999876499176025e-02 -5.558369308710098267e-02 9.894052743911743164e-01
6.022862195968627930e-01 8.141748607158660889e-02 -8.265224099159240723e-02 -1.288408339023590088e-01 -2.274169959127902985e-02 -6.544223427772521973e-02 9.892422556877136230e-01
6.116838455200195312e-01 7.777482271194458008e-02 -7.839686423540115356e-02 -1.243397295475006104e-01 -2.373814024031162262e-02 -7.599983364343643188e-02 9.890400767326354980e-01
6.217713952064514160e-01 7.284867763519287109e-02 -7.388599216938018799e-02 -1.187031865119934082e-01 -2.521603368222713470e-02 -8.698250353336334229e-02 9.887911081314086914e-01
6.329756975173950195e-01 6.725479662418365479e-02 -6.935933232307434082e-02 -1.119711175560951233e-01 -2.657230384647846222e-02 -9.873636066913604736e-02 9.884369969367980957e-01
6.450408101081848145e-01 6.073557212948799133e-02 -6.430672854185104370e-02 -1.045555546879768372e-01 -2.798957191407680511e-02 -1.105228662490844727e-01 9.879623055458068848e-01
6.580297350883483887e-01 5.288342386484146118e-02 -5.929478630423545837e-02 -9.540762007236480713e-02 -2.999603934586048126e-02 -1.215226352214813232e-01 9.875373244285583496e-01
6.723254323005676270e-01 4.450635612010955811e-02 -5.384150519967079163e-02 -8.600229024887084961e-02 -3.167128935456275940e-02 -1.321778893470764160e-01 9.869800209999084473e-01
6.878126859664916992e-01 3.536603227257728577e-02 -4.780385270714759827e-02 -7.564245909452438354e-02 -3.359932452440261841e-02 -1.418059021234512329e-01 9.864280819892883301e-01
7.042905688285827637e-01 2.501901984214782715e-02 -4.099493846297264099e-02 -6.518950313329696655e-02 -3.547671437263488770e-02 -1.494687944650650024e-01 9.859771132469177246e-01
7.210991978645324707e-01 1.202851813286542892e-02 -3.417417034506797791e-02 -5.459896102547645569e-02 -3.768552094697952271e-02 -1.540165543556213379e-01 9.858385324478149414e-01
7.389211058616638184e-01 -2.310096751898527145e-03 -2.660050615668296814e-02 -4.456223919987678528e-02 -3.947221860289573669e-02 -1.562269628047943115e-01 9.859256744384765625e-01
7.576429247856140137e-01 -1.857379451394081116e-02 -1.883420720696449280e-02 -3.550411015748977661e-02 -4.150366038084030151e-02 -1.565494388341903687e-01 9.861588478088378906e-01
7.776177525520324707e-01 -3.572361543774604797e-02 -9.503333829343318939e-03 -2.833348698914051056e-02 -4.267220571637153625e-02 -1.550923585891723633e-01 9.865712523460388184e-01
7.993389964103698730e-01 -5.276590213179588318e-02 2.247133292257785797e-03 -2.387644164264202118e-02 -4.310549050569534302e-02 -1.523358672857284546e-01 9.870996475219726562e-01
8.225188255310058594e-01 -6.957031041383743286e-02 1.655154302716255188e-02 -2.330084145069122314e-02 -4.588978737592697144e-02 -1.499153524637222290e-01 9.873583912849426270e-01
8.478839397430419922e-01 -8.645369112491607666e-02 3.180618211627006531e-02 -2.296495251357555389e-02 -4.821029305458068848e-02 -1.465781778097152710e-01 9.877567291259765625e-01
8.761913776397705078e-01 -1.023119464516639709e-01 4.747425019741058350e-02 -2.278999984264373779e-02 -5.106261745095252991e-02 -1.429944634437561035e-01 9.881426692008972168e-01
9.057461023330688477e-01 -1.197708025574684143e-01 6.357549875974655151e-02 -2.273788489401340485e-02 -5.367257446050643921e-02 -1.392079293727874756e-01 9.885461330413818359e-01
9.370493292808532715e-01 -1.373783051967620850e-01 8.028995990753173828e-02 -2.308736927807331085e-02 -5.664054676890373230e-02 -1.356647908687591553e-01 9.888650178909301758e-01
9.699361324310302734e-01 -1.555717587471008301e-01 9.779809415340423584e-02 -2.398232929408550262e-02 -5.994720757007598877e-02 -1.312899738550186157e-01 9.892391562461853027e-01
1.000923752784729004e+00 -1.623962074518203735e-01 1.130975186824798584e-01 -2.467305772006511688e-02 -6.214440241456031799e-02 -1.282156258821487427e-01 9.894897937774658203e-01
1.027768254280090332e+00 -1.630754172801971436e-01 1.227596998214721680e-01 -2.540796436369419098e-02 -6.607020646333694458e-02 -1.238397806882858276e-01 9.897741675376892090e-01
1.049050211906433105e+00 -1.614906936883926392e-01 1.281441152095794678e-01 -2.822594903409481049e-02 -7.204421609640121460e-02 -1.168985739350318909e-01 9.901251196861267090e-01
1.063774704933166504e+00 -1.588677763938903809e-01 1.319647878408432007e-01 -3.185894712805747986e-02 -7.832235097885131836e-02 -1.065121144056320190e-01 9.907098412513732910e-01
1.072251558303833008e+00 -1.567388474941253662e-01 1.346168518066406250e-01 -3.505576029419898987e-02 -8.335065096616744995e-02 -9.330770373344421387e-02 9.915228486061096191e-01
1.080164790153503418e+00 -1.547800302505493164e-01 1.371408998966217041e-01 -3.840887919068336487e-02 -8.798899501562118530e-02 -7.944225519895553589e-02 9.922055602073669434e-01
1.087339401245117188e+00 -1.526436954736709595e-01 1.393954902887344360e-01 -4.145855084061622620e-02 -9.214997291564941406e-02 -6.603897362947463989e-02 9.926875233650207520e-01
1.093783617019653320e+00 -1.506949067115783691e-01 1.415614783763885498e-01 -4.434381797909736633e-02 -9.576447308063507080e-02 -5.263402312994003296e-02 9.930219054222106934e-01
1.099484086036682129e+00 -1.489657610654830933e-01 1.435321420431137085e-01 -4.744055122137069702e-02 -9.903009980916976929e-02 -3.921193629503250122e-02 9.931791424751281738e-01
1.104340672492980957e+00 -1.472794711589813232e-01 1.452040970325469971e-01 -5.045841261744499207e-02 -1.015163809061050415e-01 -2.638126723468303680e-02 9.932031035423278809e-01
1.108393549919128418e+00 -1.458494663238525391e-01 1.467328965663909912e-01 -5.304019898176193237e-02 -1.030153706669807434e-01 -1.512912847101688385e-02 9.931493997573852539e-01
1.111572623252868652e+00 -1.446509510278701782e-01 1.477594077587127686e-01 -5.553136765956878662e-02 -1.038178876042366028e-01 -4.723152611404657364e-03 9.930336475372314453e-01
1.116882920265197754e+00 -1.435387134552001953e-01 1.495356410741806030e-01 -5.643488094210624695e-02 -1.038494780659675598e-01 1.517077442258596420e-03 9.929895401000976562e-01
1.125244736671447754e+00 -1.423538029193878174e-01 1.521185189485549927e-01 -5.541370809078216553e-02 -1.032859459519386292e-01 2.391758142039179802e-03 9.931040406227111816e-01
1.295331239700317383e+00 -1.299505680799484253e-01 1.847183108329772949e-01 -8.479862660169601440e-02 -1.012343093752861023e-01 7.029301486909389496e-03 9.912171959877014160e-01
1.451175093650817871e+00 -9.411568939685821533e-02 1.907666623592376709e-01 -1.005393341183662415e-01 -1.053441837430000305e-01 1.234178431332111359e-03 9.893396496772766113e-01
1.591597318649291992e+00 -6.290412694215774536e-02 1.750281602144241333e-01 -1.220094338059425354e-01 -1.146742701530456543e-01 -6.086779758334159851e-03 9.858633279800415039e-01
1.717968106269836426e+00 -4.625392332673072815e-02 1.535535901784896851e-01 -1.486010551452636719e-01 -1.254137754440307617e-01 -1.418203115463256836e-02 9.808099269866943359e-01
1.831354498863220215e+00 -3.972923010587692261e-02 1.479495316743850708e-01 -1.752110123634338379e-01 -1.317091733217239380e-01 -2.127848565578460693e-02 9.754491448402404785e-01
1.929290413856506348e+00 -3.443625569343566895e-02 1.477079540491104126e-01 -2.004190683364868164e-01 -1.357203125953674316e-01 -3.007632121443748474e-02 9.697977900505065918e-01
2.011365175247192383e+00 -2.848041802644729614e-02 1.514268219470977783e-01 -2.234277874231338501e-01 -1.377083659172058105e-01 -4.058022052049636841e-02 9.640901088714599609e-01
2.077482700347900391e+00 -2.324759028851985931e-02 1.577059030532836914e-01 -2.432272434234619141e-01 -1.374462395906448364e-01 -5.162440985441207886e-02 9.587929844856262207e-01
2.127663373947143555e+00 -1.846087351441383362e-02 1.641495972871780396e-01 -2.596522271633148193e-01 -1.356769502162933350e-01 -6.254865974187850952e-02 9.540755748748779297e-01
2.162290334701538086e+00 -1.596804708242416382e-02 1.677246689796447754e-01 -2.749671339988708496e-01 -1.355887204408645630e-01 -7.108457386493682861e-02 9.491869807243347168e-01
2.181157588958740234e+00 -1.453220378607511520e-02 1.701945215463638306e-01 -2.886489033699035645e-01 -1.372999846935272217e-01 -7.718702405691146851e-02 9.443901777267456055e-01
2.192663908004760742e+00 -1.205265056341886520e-02 1.720939129590988159e-01 -2.961513400077819824e-01 -1.393746882677078247e-01 -8.516698330640792847e-02 9.410715699195861816e-01
2.204654455184936523e+00 -8.483450859785079956e-03 1.765650063753128052e-01 -2.983502149581909180e-01 -1.427043527364730835e-01 -9.647134691476821899e-02 9.387843012809753418e-01
2.217223405838012695e+00 -7.595320232212543488e-03 1.845000833272933960e-01 -2.961823344230651855e-01 -1.471968591213226318e-01 -1.102296188473701477e-01 9.372612833976745605e-01
2.229793310165405273e+00 -9.883807972073554993e-03 1.952557563781738281e-01 -2.903425693511962891e-01 -1.520828753709793091e-01 -1.251841634511947632e-01 9.364299178123474121e-01
2.243088960647583008e+00 -1.384623814374208450e-02 2.077551633119583130e-01 -2.822025418281555176e-01 -1.573708206415176392e-01 -1.418690234422683716e-01 9.356651902198791504e-01
2.256977319717407227e+00 -1.941131800413131714e-02 2.221799492835998535e-01 -2.719248533248901367e-01 -1.631322503089904785e-01 -1.601218879222869873e-01 9.347758293151855469e-01
2.271438837051391602e+00 -2.682090550661087036e-02 2.384998500347137451e-01 -2.592102289199829102e-01 -1.697073131799697876e-01 -1.792014092206954956e-01 9.337539672851562500e-01
2.286772727966308594e+00 -3.672227263450622559e-02 2.561760246753692627e-01 -2.441540062427520752e-01 -1.770121604204177856e-01 -1.989779472351074219e-01 9.324502348899841309e-01
2.303208589553833008e+00 -4.857097193598747253e-02 2.753979265689849854e-01 -2.273864597082138062e-01 -1.841037720441818237e-01 -2.193481624126434326e-01 9.307457804679870605e-01
2.319838523864746094e+00 -6.335823237895965576e-02 2.963929772377014160e-01 -2.084935754537582397e-01 -1.921438574790954590e-01 -2.381915450096130371e-01 9.289112091064453125e-01
2.337386846542358398e+00 -8.082178980112075806e-02 3.188489675521850586e-01 -1.881064623594284058e-01 -1.998583078384399414e-01 -2.553471624851226807e-01 9.270763397216796875e-01
2.356000900268554688e+00 -1.004281342029571533e-01 3.432472348213195801e-01 -1.664462387561798096e-01 -2.078816741704940796e-01 -2.707604765892028809e-01 9.250782132148742676e-01
2.375256061553955078e+00 -1.224528923630714417e-01 3.698933422565460205e-01 -1.439996063709259033e-01 -2.157294601202011108e-01 -2.832778096199035645e-01 9.232977628707885742e-01
2.393710136413574219e+00 -1.489255279302597046e-01 3.981628119945526123e-01 -1.221396848559379578e-01 -2.237104475498199463e-01 -2.907296717166900635e-01 9.222319722175598145e-01
2.411502361297607422e+00 -1.802856475114822388e-01 4.273740947246551514e-01 -1.014987900853157043e-01 -2.312039285898208618e-01 -2.927454113960266113e-01 9.222488403320312500e-01
2.429486513137817383e+00 -2.150724083185195923e-01 4.585869312286376953e-01 -8.300860226154327393e-02 -2.379669398069381714e-01 -2.913488447666168213e-01 9.228202104568481445e-01
2.447819948196411133e+00 -2.534411549568176270e-01 4.917325675487518311e-01 -6.817095726728439331e-02 -2.433334141969680786e-01 -2.867276072502136230e-01 9.240826964378356934e-01
2.467369318008422852e+00 -2.920647263526916504e-01 5.302054286003112793e-01 -5.804584547877311707e-02 -2.459610551595687866e-01 -2.805134356021881104e-01 9.259839057922363281e-01
2.488032102584838867e+00 -3.304313421249389648e-01 5.742784142494201660e-01 -5.516544729471206665e-02 -2.493495792150497437e-01 -2.744491696357727051e-01 9.270702600479125977e-01
2.510602951049804688e+00 -3.687086403369903564e-01 6.231620907783508301e-01 -5.607008188962936401e-02 -2.542761564254760742e-01 -2.684945762157440186e-01 9.274213910102844238e-01
2.537563085556030273e+00 -4.066455364227294922e-01 6.755651831626892090e-01 -5.759478360414505005e-02 -2.589851319789886475e-01 -2.617204785346984863e-01 9.279612302780151367e-01
2.568010807037353516e+00 -4.452623128890991211e-01 7.307607531547546387e-01 -5.937708914279937744e-02 -2.639708518981933594e-01 -2.542505860328674316e-01 9.285206198692321777e-01
2.600014925003051758e+00 -4.855609834194183350e-01 7.887911200523376465e-01 -6.159283220767974854e-02 -2.689444720745086670e-01 -2.473413050174713135e-01 9.288151264190673828e-01
2.634423017501831055e+00 -5.267028212547302246e-01 8.494791388511657715e-01 -6.505545228719711304e-02 -2.746428549289703369e-01 -2.395702451467514038e-01 9.289485216140747070e-01
2.671709299087524414e+00 -5.567214488983154297e-01 9.088665246963500977e-01 -6.851717829704284668e-02 -2.796161770820617676e-01 -2.329211980104446411e-01 9.289067983627319336e-01
2.710860013961791992e+00 -5.697935223579406738e-01 9.570489525794982910e-01 -7.211003452539443970e-02 -2.848620414733886719e-01 -2.254453599452972412e-01 9.288855195045471191e-01
2.747336149215698242e+00 -5.746576189994812012e-01 9.915876984596252441e-01 -7.927646487951278687e-02 -2.934114933013916016e-01 -2.141343057155609131e-01 9.283164739608764648e-01
2.776172399520874023e+00 -5.743249654769897461e-01 1.015440225601196289e+00 -9.014129638671875000e-02 -3.037602305412292480e-01 -1.983213573694229126e-01 9.275090098381042480e-01
2.794658422470092773e+00 -5.711300969123840332e-01 1.031208872795104980e+00 -1.023704484105110168e-01 -3.126569092273712158e-01 -1.764074116945266724e-01 9.277103543281555176e-01
2.807646036148071289e+00 -5.676417350769042969e-01 1.042685031890869141e+00 -1.144364997744560242e-01 -3.194912374019622803e-01 -1.511827856302261353e-01 9.284252524375915527e-01
2.819469928741455078e+00 -5.638440251350402832e-01 1.053308606147766113e+00 -1.266395300626754761e-01 -3.255206048488616943e-01 -1.257905513048171997e-01 9.285340905189514160e-01
2.830140113830566406e+00 -5.594348311424255371e-01 1.062715888023376465e+00 -1.378827095031738281e-01 -3.302167057991027832e-01 -1.006494686007499695e-01 9.283398985862731934e-01
2.839425086975097656e+00 -5.551943182945251465e-01 1.071307182312011719e+00 -1.498201936483383179e-01 -3.339793682098388672e-01 -7.536571472883224487e-02 9.275407195091247559e-01
2.847507476806640625e+00 -5.509213805198669434e-01 1.078583359718322754e+00 -1.613553315401077271e-01 -3.365330100059509277e-01 -5.058918893337249756e-02 9.263642430305480957e-01
2.854180097579956055e+00 -5.468171238899230957e-01 1.084713220596313477e+00 -1.725013405084609985e-01 -3.374544084072113037e-01 -2.790503948926925659e-02 9.249807000160217285e-01
2.859658718109130859e+00 -5.433167219161987305e-01 1.089629769325256348e+00 -1.823585480451583862e-01 -3.368863165378570557e-01 -7.592248730361461639e-03 9.236857295036315918e-01
2.865921735763549805e+00 -5.396419167518615723e-01 1.095116496086120605e+00 -1.897434145212173462e-01 -3.355315625667572021e-01 8.235952816903591156e-03 9.226853251457214355e-01
2.876190423965454102e+00 -5.350919961929321289e-01 1.104366779327392578e+00 -1.911623328924179077e-01 -3.338961303234100342e-01 1.496476121246814728e-02 9.229011535644531250e-01
