-4.452462308108806610e-03 9.506114125251770020e-01 -2.659993059933185577e-02
-1.281594578176736832e-02 8.747073411941528320e-01 -2.080080658197402954e-02
-1.981476321816444397e-02 7.977954149246215820e-01 -1.518061943352222443e-02
-2.651318907737731934e-02 7.200458049774169922e-01 -1.231354102492332458e-02
-3.146551549434661865e-02 6.416457295417785645e-01 -9.144515730440616608e-03
-3.500908985733985901e-02 5.627255439758300781e-01 -6.597170606255531311e-03
-3.708927333354949951e-02 4.836319983005523682e-01 -4.170094151049852371e-03
-3.756423294544219971e-02 4.036764204502105713e-01 -1.963812392204999924e-03
-3.650093451142311096e-02 3.248685002326965332e-01 1.544927945360541344e-04
-3.424317017197608948e-02 2.429075986146926880e-01 2.256297040730714798e-03
-3.015251271426677704e-02 1.676152497529983521e-01 4.344044718891382217e-03
-2.554306946694850922e-02 7.500310987234115601e-02 8.030453696846961975e-03
-2.158600091934204102e-02 3.282668069005012512e-02 8.312611840665340424e-03
-1.783464662730693817e-02 5.501344799995422363e-02 4.829224199056625366e-03
-1.467467565089464188e-02 5.629974976181983948e-02 2.844269853085279465e-03
-1.189981773495674133e-02 6.731382012367248535e-02 4.373277770355343819e-04
-9.698573499917984009e-03 7.509884238243103027e-02 -1.631305087357759476e-03
-8.141000755131244659e-03 8.505645394325256348e-02 -3.722609020769596100e-03
-7.108768448233604431e-03 9.497111290693283081e-02 -5.711637437343597412e-03
-6.649972870945930481e-03 1.057382598519325256e-01 -7.666387595236301422e-03
-6.639833562076091766e-03 1.170436963438987732e-01 -9.602263569831848145e-03
-7.034503854811191559e-03 1.290237307548522949e-01 -1.141444128006696701e-02
-7.932733744382858276e-03 1.417519897222518921e-01 -1.338211633265018463e-02
-8.928151801228523254e-03 1.552670449018478394e-01 -1.476981863379478455e-02
-1.012240350246429443e-02 1.694827824831008911e-01 -1.591684110462665558e-02
-1.177116390317678452e-02 1.845195144414901733e-01 -1.759668812155723572e-02
-1.355558075010776520e-02 2.003058940172195435e-01 -1.892281509935855865e-02
-1.557523384690284729e-02 2.169875353574752808e-01 -2.018821798264980316e-02
-1.771872490644454956e-02 2.342883646488189697e-01 -2.114918082952499390e-02
-2.022763341665267944e-02 2.526852786540985107e-01 -2.200112864375114441e-02
-2.294285595417022705e-02 2.710478305816650391e-01 -2.221994660794734955e-02
-2.607899159193038940e-02 2.907215356826782227e-01 -2.219895273447036743e-02
-2.949336357414722443e-02 3.090170323848724365e-01 -2.220141887664794922e-02
-3.278763219714164734e-02 3.292853534221649170e-01 -2.185181714594364166e-02
-3.602042794227600098e-02 3.415003418922424316e-01 -2.076749131083488464e-02
-3.918113186955451965e-02 3.696950674057006836e-01 -2.038582228124141693e-02
-4.214270785450935364e-02 3.507233560085296631e-01 -1.685996912419795990e-02
-4.489796236157417297e-02 2.719233632087707520e-01 -9.458646178245544434e-03
-4.720237478613853455e-02 2.100931107997894287e-01 -3.026367165148258209e-03
-4.882831126451492310e-02 1.443389356136322021e-01 3.681233152747154236e-03
-4.982646927237510681e-02 6.857848167419433594e-02 1.095210947096347809e-02
-4.983488470315933228e-02 2.538247965276241302e-02 1.606434769928455353e-02
-4.882549867033958435e-02 2.797460556030273438e-02 1.812617294490337372e-02
-4.676068574190139771e-02 1.397154014557600021e-02 2.095125615596771240e-02
-4.354598745703697205e-02 6.979868747293949127e-03 2.302470989525318146e-02
-3.908153623342514038e-02 -4.911053925752639771e-03 2.504307776689529419e-02
-3.337882086634635925e-02 -1.189305633306503296e-02 2.638799697160720825e-02
-2.645606733858585358e-02 -2.858810871839523315e-02 2.796027250587940216e-02
-1.822336018085479736e-02 -2.040548250079154968e-02 2.762831375002861023e-02
-8.860359899699687958e-03 1.995138637721538544e-02 2.499074861407279968e-02
1.788621768355369568e-03 4.919311031699180603e-02 2.275342121720314026e-02
