0.000000000000000000e+00 0.000000000000000000e+00 0.000000000000000000e+00 0.000000000000000000e+00 0.000000000000000000e+00 0.000000000000000000e+00 1.000000000000000000e+00
8.641953766345977783e-02 2.717985073104500771e-03 2.915526553988456726e-02 -2.548104457674661705e-02 5.523533086191419195e-03 2.369250241074114666e-02 9.993792434701856964e-01
1.641198783665106797e-01 1.143008146327239433e-03 5.960624395799844766e-02 -5.214890380455323299e-02 1.246915142421620160e-02 4.876664127483228833e-02 9.973699548279540972e-01
2.338067949819850888e-01 1.913060329964967089e-03 8.894736314307344349e-02 -7.866609795035754693e-02 2.020277943759387143e-02 7.130167534718027944e-02 9.941426275082192454e-01
2.957000200906451659e-01 3.905185293824661036e-04 1.163015997202019036e-01 -1.048104140633783904e-01 2.900200556284043829e-02 9.463592424694003413e-02 9.895542949323820059e-01
3.501982318478475964e-01 -1.853236114532537393e-05 1.406989759182545874e-01 -1.287511682852251760e-01 3.696539720355331710e-02 1.148585723143347309e-01 9.843089984556099292e-01
3.974290758558203240e-01 -1.355553684095586395e-03 1.616700186272463091e-01 -1.500628981427265529e-01 4.395039879520371007e-02 1.324042835189058187e-01 9.787842432081717003e-01
4.373541626542911120e-01 -1.681186777159898380e-03 1.793282993893130228e-01 -1.690100487173135380e-01 5.044376116473107269e-02 1.467338925557730989e-01 9.733243011286411006e-01
4.697121839773232832e-01 -8.587468777545318940e-04 1.941472883954781237e-01 -1.862384521749413657e-01 5.676532426858856006e-02 1.580060106268425246e-01 9.680532203850955586e-01
4.951596209976750207e-01 4.452261807412118827e-04 2.047343194569812841e-01 -2.010049806930523653e-01 6.243875189694819000e-02 1.657072926942915747e-01 9.634518634296502793e-01
5.130222594502366062e-01 1.287523215425931487e-03 2.127423271330626808e-01 -2.135619130296539103e-01 6.801830394828585480e-02 1.711107326089834346e-01 9.594195832987412187e-01
5.242191430539229202e-01 9.958636068667697707e-04 2.169697704813229322e-01 -2.221230730062632996e-01 6.651566069896958089e-02 1.746811349307237360e-01 9.569344326647193366e-01
5.290975605720344976e-01 3.639157003429070898e-03 2.186040415243956370e-01 -2.279533117182509228e-01 6.531893889115500396e-02 1.753636461600504293e-01 9.555199189468882581e-01
5.344832377814793256e-01 6.684573507532852628e-03 2.203574248834146709e-01 -2.316780282993892159e-01 6.436565160835197585e-02 1.729315713918880559e-01 9.551319415202654817e-01
5.408683402787706207e-01 9.524225891746014583e-03 2.225490816780596182e-01 -2.336303194164898456e-01 6.350260355911101218e-02 1.689046920996732926e-01 9.554347168578697369e-01
5.479200332049732891e-01 1.270898607848313169e-02 2.251463092157743595e-01 -2.336249828538126405e-01 6.267761591204110139e-02 1.628084864206189863e-01 9.565481067879260113e-01
5.562795003276338468e-01 1.436391010751028249e-02 2.282357202230198279e-01 -2.329382428946417394e-01 6.202406553613732526e-02 1.555916746353409597e-01 9.579582564369367725e-01
5.656424025260891053e-01 1.369362419902826235e-02 2.315204915638274519e-01 -2.304833681315382743e-01 6.154720535337966647e-02 1.476602599178012398e-01 9.598363434299298502e-01
5.755289572977493329e-01 1.484745555591767026e-02 2.358242524928430284e-01 -2.277164233280617178e-01 6.160594218494735985e-02 1.388281981137608756e-01 9.618090610108984695e-01
5.859077707388995471e-01 1.419673385997046768e-02 2.413005491419909498e-01 -2.240715925114192264e-01 6.153901503981452220e-02 1.298214812145273289e-01 9.639249213878600120e-01
5.970477182096670665e-01 1.197292608482990531e-02 2.469446322154946194e-01 -2.199733590574053377e-01 6.133968392545231102e-02 1.206459407679206508e-01 9.660712817681472719e-01
6.093204495231017148e-01 1.053495045196437864e-02 2.527523553912007781e-01 -2.153136200823515534e-01 6.132578650913993179e-02 1.118475700510388471e-01 9.681783482343252478e-01
6.229340879348731486e-01 8.086733994404383952e-03 2.576117216058245174e-01 -2.091401440143444423e-01 6.088748732970364341e-02 1.034711928902924544e-01 9.704879320682943122e-01
6.375387373539279645e-01 7.875689359372264539e-03 2.634590040037215752e-01 -2.026771734077839060e-01 6.097078868691477999e-02 9.576698738585208426e-02 9.726423856862113082e-01
6.531634940877534268e-01 5.088482005895797813e-03 2.692437525963029543e-01 -1.956564161412124025e-01 6.086925035654123378e-02 8.922316654976326922e-02 9.747064828627346467e-01
6.696306417795835353e-01 1.518625214601905700e-03 2.758773745914901432e-01 -1.887539493879507313e-01 6.099576437247509336e-02 8.417874641341152597e-02 9.765067342170943299e-01
6.879358716566442711e-01 1.277184554177094623e-03 2.822957070852835648e-01 -1.818794609538198492e-01 6.137500673833101716e-02 8.061337663400602871e-02 9.780871401560711220e-01
7.074607556247175522e-01 -1.633223533567326226e-03 2.887937129634391975e-01 -1.752504294580531918e-01 6.138298174723005873e-02 7.937024735600058112e-02 9.793976620154013490e-01
7.284378736768225560e-01 -3.489272113055902173e-03 2.959638559606631580e-01 -1.693253436464488837e-01 6.209186251335084561e-02 8.000701825816528001e-02 9.803430040746313745e-01
7.509506563336201257e-01 -5.944692492815895415e-03 3.032823942255228888e-01 -1.639418729263032448e-01 6.313719594614540520e-02 8.392090824404867255e-02 9.808639242774543909e-01
7.745650075554381120e-01 -7.371711034833286838e-03 3.126099542577017165e-01 -1.604456951811952525e-01 6.520312332963476565e-02 9.070526776932225088e-02 9.807029550301042953e-01
7.996124180376115165e-01 -1.071588633850117760e-02 3.223952113587039148e-01 -1.569953857822651011e-01 5.992710790157026318e-02 1.012801332019506589e-01 9.805628614220642802e-01
8.258224181824739274e-01 -1.367133688599776048e-02 3.340745795652617645e-01 -1.550640906556371712e-01 5.438848948322724114e-02 1.146225139349655864e-01 9.797237872482743581e-01
8.543409651237464653e-01 -1.592771645475089121e-02 3.446730558169644465e-01 -1.544968559097585625e-01 4.823946047031660300e-02 1.302061601248078182e-01 9.781871149392047382e-01
8.850932246208045306e-01 -1.546995724318069379e-02 3.540618072904186953e-01 -1.543654195086029968e-01 4.130330200638901439e-02 1.489728098662766453e-01 9.758444837287589824e-01
9.172609990030932137e-01 -1.580810824991764341e-02 3.637666250040628158e-01 -1.548618539960348595e-01 3.427033826043045933e-02 1.697993436257136113e-01 9.726312420422774663e-01
9.510153656173419012e-01 -1.741018927224970494e-02 3.739357487360325805e-01 -1.553381911574921448e-01 2.700502788464293619e-02 1.920778168931264740e-01 9.686314506015375470e-01
9.790094439736962695e-01 -1.849688162640536135e-02 3.824894629322646011e-01 -1.563146915672915804e-01 1.946896037735966478e-02 2.155434572584712105e-01 9.637051908208821294e-01
1.000791762439956711e+00 -1.820779704557254353e-02 3.899232241909109109e-01 -1.587976001024938855e-01 1.223897184099948139e-02 2.398494147325242187e-01 9.576564039479030788e-01
1.017711183334303326e+00 -1.764998608452969867e-02 3.924912499845355507e-01 -1.597889958119920739e-01 4.629301960296750701e-03 2.634898981404757423e-01 9.513249286961198425e-01
1.029267373424249676e+00 -1.513670101534089936e-02 3.951704391246039227e-01 -1.611012424865392034e-01 -1.646101813152934168e-03 2.870043559926850341e-01 9.442839507581064495e-01
1.035587593485774116e+00 -7.987703510667312767e-03 3.965258542369179406e-01 -1.624327694856715076e-01 -7.815892349395888589e-03 3.086846804468840189e-01 9.371596850491396014e-01
1.044769619390248039e+00 -5.852557426708970660e-03 3.994916393136733745e-01 -1.637308983591110600e-01 -1.347986704589173267e-02 3.325420398028391400e-01 9.286690895419694725e-01
1.052321319653444442e+00 -1.277848492145855150e-04 4.034334901450513100e-01 -1.654031118871396311e-01 -1.714753899734175815e-02 3.551949363308989360e-01 9.198827804069785730e-01
1.059585438787376654e+00 7.829387099947411610e-03 4.041463189886561613e-01 -1.661580411318344108e-01 -2.132416907301825162e-02 3.757125847727959544e-01 9.114696038946782375e-01
1.068746432050261541e+00 1.456357145895790552e-02 4.055242843934753760e-01 -1.673776259759745255e-01 -2.477249773332187294e-02 3.961959603239839089e-01 9.024410311492133685e-01
1.075168272708368233e+00 2.493372723936908286e-02 4.042883806086929876e-01 -1.680147234264379730e-01 -2.757428724905998732e-02 4.135343687302668880e-01 8.944272118364375856e-01
1.083283722322264886e+00 3.527549955818196081e-02 4.046191716880613853e-01 -1.688696201498597338e-01 -2.894687673626778965e-02 4.297909291193902082e-01 8.865240475950715293e-01
1.087441751140126200e+00 4.623031638322935843e-02 3.965341938183726822e-01 -1.694574827757700519e-01 -2.986692958434416720e-02 4.432380154033992992e-01 8.797341585670976905e-01
1.099623697444563897e+00 5.266199416122197691e-02 3.960132182387047228e-01 -1.701007499789273514e-01 -2.941889691615172386e-02 4.541976676172816418e-01 8.740164426896467331e-01
1.113045961597787681e+00 5.519376034147301102e-02 3.997702578271620788e-01 -1.709077126392278823e-01 -2.674755035363170566e-02 4.620483255846290493e-01 8.698197900340894906e-01
