2.616429710388183594e+01 -2.226403045654296875e+01 -9.312875270843505859e-01 -9.828075766563415527e-02 1.950348913669586182e-01 7.394629120826721191e-01 6.367863416671752930e-01
2.616370582580566406e+01 -2.217281341552734375e+01 -9.335820078849792480e-01 -1.150440126657485962e-01 1.832592636346817017e-01 7.594122886657714844e-01 6.135743260383605957e-01
2.616240882873535156e+01 -2.208923721313476562e+01 -9.352539181709289551e-01 -1.317150443792343140e-01 1.714168787002563477e-01 7.774054408073425293e-01 5.906835794448852539e-01
2.616044616699218750e+01 -2.201338768005371094e+01 -9.365648031234741211e-01 -1.481148302555084229e-01 1.596852838993072510e-01 7.933976054191589355e-01 5.684015750885009766e-01
2.615793418884277344e+01 -2.194534873962402344e+01 -9.375811219215393066e-01 -1.640758812427520752e-01 1.482434272766113281e-01 8.073757886886596680e-01 5.470312833786010742e-01
2.615503120422363281e+01 -2.188517189025878906e+01 -9.383323192596435547e-01 -1.794421374797821045e-01 1.372693777084350586e-01 8.193557858467102051e-01 5.268851518630981445e-01
2.615187072753906250e+01 -2.183289909362792969e+01 -9.388512372970581055e-01 -1.940709650516510010e-01 1.269402354955673218e-01 8.293762803077697754e-01 5.082815885543823242e-01
2.614861106872558594e+01 -2.178856086730957031e+01 -9.391562342643737793e-01 -2.078244388103485107e-01 1.174262389540672302e-01 8.374948501586914062e-01 4.915420114994049072e-01
2.614540672302246094e+01 -2.175219726562500000e+01 -9.392611384391784668e-01 -2.205977439880371094e-01 1.089066565036773682e-01 8.437737822532653809e-01 4.769818186759948730e-01
2.614239883422851562e+01 -2.172378730773925781e+01 -9.391703009605407715e-01 -2.322063148021697998e-01 1.015075221657752991e-01 8.482973575592041016e-01 4.649260640144348145e-01
2.613971900939941406e+01 -2.170341873168945312e+01 -9.388865232467651367e-01 -2.427959442138671875e-01 9.553115069866180420e-02 8.510637879371643066e-01 4.556329548358917236e-01
2.613752746582031250e+01 -2.169101524353027344e+01 -9.383413195610046387e-01 -2.468535900115966797e-01 8.807578682899475098e-02 8.535133600234985352e-01 4.503409564495086670e-01
2.613577842712402344e+01 -2.168676376342773438e+01 -9.375276565551757812e-01 -2.498859167098999023e-01 8.211386948823928833e-02 8.544831871986389160e-01 4.479483366012573242e-01
2.613443565368652344e+01 -2.168216323852539062e+01 -9.369685649871826172e-01 -2.523162662982940674e-01 7.769198715686798096e-02 8.541027307510375977e-01 4.480994045734405518e-01
2.613345909118652344e+01 -2.167672157287597656e+01 -9.366768598556518555e-01 -2.541525661945343018e-01 7.464529573917388916e-02 8.525699973106384277e-01 4.504909217357635498e-01
2.613279533386230469e+01 -2.167053222656250000e+01 -9.366252422332763672e-01 -2.554756402969360352e-01 7.286860793828964233e-02 8.500398397445678711e-01 4.547928869724273682e-01
2.613240432739257812e+01 -2.166345024108886719e+01 -9.368053674697875977e-01 -2.563174962997436523e-01 7.224487513303756714e-02 8.466646075248718262e-01 4.606751799583435059e-01
2.613221359252929688e+01 -2.165546035766601562e+01 -9.372074007987976074e-01 -2.567009627819061279e-01 7.266462594270706177e-02 8.425920605659484863e-01 4.678057134151458740e-01
2.613216590881347656e+01 -2.164648246765136719e+01 -9.378238916397094727e-01 -2.566362321376800537e-01 7.401969283819198608e-02 8.379731178283691406e-01 4.758549630641937256e-01
2.613220787048339844e+01 -2.163646507263183594e+01 -9.386454224586486816e-01 -2.561279237270355225e-01 7.620410621166229248e-02 8.329642415046691895e-01 4.844986498355865479e-01
2.613228607177734375e+01 -2.162534523010253906e+01 -9.396734237670898438e-01 -2.551791369915008545e-01 7.911202311515808105e-02 8.277306556701660156e-01 4.934189915657043457e-01
2.613235473632812500e+01 -2.161305999755859375e+01 -9.408996701240539551e-01 -2.537959516048431396e-01 8.263912051916122437e-02 8.224469423294067383e-01 5.023080706596374512e-01
2.613237190246582031e+01 -2.159953880310058594e+01 -9.423192739486694336e-01 -2.519910931587219238e-01 8.668007701635360718e-02 8.172976374626159668e-01 5.108664035797119141e-01
2.613229751586914062e+01 -2.158470153808593750e+01 -9.439317584037780762e-01 -2.497869431972503662e-01 9.112988412380218506e-02 8.124747276306152344e-01 5.188047885894775391e-01
2.613212966918945312e+01 -2.156847953796386719e+01 -9.456574916839599609e-01 -2.472185045480728149e-01 9.588394314050674438e-02 8.081767559051513672e-01 5.258428454399108887e-01
2.613182258605957031e+01 -2.155079269409179688e+01 -9.475454688072204590e-01 -2.443354129791259766e-01 1.008371934294700623e-01 8.046050071716308594e-01 5.317078828811645508e-01
2.613134956359863281e+01 -2.153156661987304688e+01 -9.495895504951477051e-01 -2.412058711051940918e-01 1.058854758739471436e-01 8.019595742225646973e-01 5.361329317092895508e-01
2.613069152832031250e+01 -2.151071548461914062e+01 -9.517736434936523438e-01 -2.379089146852493286e-01 1.109190955758094788e-01 8.004373311996459961e-01 5.388559103012084961e-01
2.612982940673828125e+01 -2.148816680908203125e+01 -9.540781974792480469e-01 -2.345681339502334595e-01 1.158418506383895874e-01 8.002178668975830078e-01 5.396099090576171875e-01
2.612874031066894531e+01 -2.146383476257324219e+01 -9.564756155014038086e-01 -2.312305569648742676e-01 1.204882562160491943e-01 8.014889359474182129e-01 5.381447076797485352e-01
2.612738609313964844e+01 -2.143765258789062500e+01 -9.589441418647766113e-01 -2.283165156841278076e-01 1.249198615550994873e-01 8.043249249458312988e-01 5.341327190399169922e-01
2.612575149536132812e+01 -2.140959548950195312e+01 -9.614131450653076172e-01 -2.197894901037216187e-01 1.249000579118728638e-01 8.103659152984619141e-01 5.285545587539672852e-01
2.612378120422363281e+01 -2.137958717346191406e+01 -9.639028906822204590e-01 -2.106179594993591309e-01 1.238914951682090759e-01 8.181642889976501465e-01 5.204503536224365234e-01
2.612147521972656250e+01 -2.134773445129394531e+01 -9.663708806037902832e-01 -2.011681050062179565e-01 1.221819519996643066e-01 8.273476958274841309e-01 5.099706649780273438e-01
2.611884498596191406e+01 -2.131406974792480469e+01 -9.687864780426025391e-01 -1.914409399032592773e-01 1.198076978325843811e-01 8.376267552375793457e-01 4.973427057266235352e-01
2.611589241027832031e+01 -2.127882957458496094e+01 -9.711068272590637207e-01 -1.815388351678848267e-01 1.168732419610023499e-01 8.486932516098022461e-01 4.827802479267120361e-01
2.611262702941894531e+01 -2.124176979064941406e+01 -9.733203053474426270e-01 -1.715420782566070557e-01 1.134682521224021912e-01 8.602540493011474609e-01 4.665128886699676514e-01
2.610907745361328125e+01 -2.121089744567871094e+01 -9.749128818511962891e-01 -1.615433394908905029e-01 1.096901074051856995e-01 8.720315098762512207e-01 4.487828612327575684e-01
2.610526466369628906e+01 -2.118667984008789062e+01 -9.758402109146118164e-01 -1.516392379999160767e-01 1.056385710835456848e-01 8.837701082229614258e-01 4.298485219478607178e-01
2.610124969482421875e+01 -2.116911125183105469e+01 -9.760972261428833008e-01 -1.419330239295959473e-01 1.014175042510032654e-01 8.952400088310241699e-01 4.099847972393035889e-01
2.609709739685058594e+01 -2.115823554992675781e+01 -9.756850004196166992e-01 -1.325341165065765381e-01 9.713463485240936279e-02 9.062418937683105469e-01 3.894841372966766357e-01
2.609289169311523438e+01 -2.115435218811035156e+01 -9.745890498161315918e-01 -1.235573440790176392e-01 9.290062636137008667e-02 9.166086912155151367e-01 3.686522543430328369e-01
2.608873558044433594e+01 -2.115151977539062500e+01 -9.732001423835754395e-01 -1.151218488812446594e-01 8.882927894592285156e-02 9.262057542800903320e-01 3.478103578090667725e-01
2.608472824096679688e+01 -2.114950180053710938e+01 -9.715543389320373535e-01 -1.073513552546501160e-01 8.503691852092742920e-02 9.349323511123657227e-01 3.272906839847564697e-01
2.608097648620605469e+01 -2.114845275878906250e+01 -9.696699380874633789e-01 -1.003723219037055969e-01 8.164144307374954224e-02 9.427181482315063477e-01 3.074341714382171631e-01
2.607760429382324219e+01 -2.114834594726562500e+01 -9.675855040550231934e-01 -9.431385993957519531e-02 7.876215875148773193e-02 9.495222568511962891e-01 2.885870635509490967e-01
2.607473945617675781e+01 -2.114926338195800781e+01 -9.653294682502746582e-01 -8.930698782205581665e-02 7.651922851800918579e-02 9.553263187408447266e-01 2.710982263088226318e-01
2.607249832153320312e+01 -2.115113449096679688e+01 -9.629436135292053223e-01 -8.548329770565032959e-02 7.503329962491989136e-02 9.601296186447143555e-01 2.553175091743469238e-01
2.607101440429687500e+01 -2.115415382385253906e+01 -9.604524970054626465e-01 -8.297494053840637207e-02 7.442513853311538696e-02 9.639410972595214844e-01 2.415921688079833984e-01
2.607040786743164062e+01 -2.115405654907226562e+01 -9.581531882286071777e-01 -8.191391825675964355e-02 7.481563091278076172e-02 9.667695760726928711e-01 2.302649319171905518e-01
2.607080650329589844e+01 -2.115065383911132812e+01 -9.560868144035339355e-01 -8.243181556463241577e-02 7.632581144571304321e-02 9.686139822006225586e-01 2.216726690530776978e-01
