0.000000000000000000e+00 0.000000000000000000e+00 0.000000000000000000e+00 0.000000000000000000e+00 0.000000000000000000e+00 0.000000000000000000e+00 1.000000000000000000e+00
8.668525516986846924e-02 3.338984213769435883e-03 2.828906849026679993e-02 -2.483065970113173399e-02 5.452998813114243171e-03 2.245010448757521829e-02 9.994246824804997598e-01
1.647365299638069436e-01 2.027051158111197078e-03 5.784175193634392281e-02 -5.088755085442973197e-02 1.232351583015606905e-02 4.634226317781375143e-02 9.975524962472802626e-01
2.346743979259032498e-01 2.693772369437216589e-03 8.658216130484491790e-02 -7.682974867740778591e-02 1.993257895119505962e-02 6.770177881632366557e-02 9.945432877253892467e-01
2.967235217803306790e-01 7.114552122183615337e-04 1.135510375405749256e-01 -1.024677287565212702e-01 2.862961221561862932e-02 8.993841328228487086e-02 9.902483484884627707e-01
3.513221255754581662e-01 -1.489843843121597955e-05 1.377154681810136838e-01 -1.259950271663636268e-01 3.654195476339473780e-02 1.092134153807738789e-01 9.853234842285470974e-01
3.986191040892010928e-01 -1.865008774434623665e-03 1.584976161438717002e-01 -1.468745765133249170e-01 4.347874188197071998e-02 1.258972979705860473e-01 9.801465850280242087e-01
4.385931916776703576e-01 -2.784146216494738299e-03 1.760236183911353391e-01 -1.654595621737275368e-01 4.995681624955534972e-02 1.394403095435673146e-01 9.750301789533903918e-01
4.710133180631941863e-01 -2.521298339476707971e-03 1.907268985400011885e-01 -1.823204675953980780e-01 5.625715182819508720e-02 1.500016602509628705e-01 9.700999339686244838e-01
4.965022003369739534e-01 -1.676621727449583744e-03 2.012606942581295355e-01 -1.967547368620328196e-01 6.190434665888653459e-02 1.571215616262334469e-01 9.657992753461882574e-01
5.144143957072929707e-01 -1.223859452187865595e-03 2.091891106932354527e-01 -2.089851576554751234e-01 6.746203062004045570e-02 1.620536728981286645e-01 9.620356986123556053e-01
5.255679590732811324e-01 -1.753560208736054627e-03 2.135069764331357367e-01 -2.173788981278268195e-01 6.602762019782140723e-02 1.651840949743469678e-01 9.597400600096102075e-01
5.304558587224978972e-01 9.127706248079835941e-04 2.150741116875762582e-01 -2.230718650962963678e-01 6.481631363765173737e-02 1.655208077906363540e-01 9.584574328978937574e-01
5.357491537056694453e-01 4.138031778355579990e-03 2.167867568481533502e-01 -2.266516623217614823e-01 6.385026376585960228e-02 1.627314441813180745e-01 9.581600309230576817e-01
5.421167164463657206e-01 6.991820998073793036e-03 2.190108420565364811e-01 -2.285274143253937518e-01 6.301234391196372520e-02 1.584932093390639674e-01 9.584803430482410347e-01
5.490728465381136125e-01 1.031990584174364428e-02 2.216849325086022726e-01 -2.284604675923090356e-01 6.221689754853302473e-02 1.521718218212158302e-01 9.595720968486687319e-01
5.574399675839024626e-01 1.165327751935933166e-02 2.249063189814947128e-01 -2.277464243173394354e-01 6.157742551416672122e-02 1.447789978558730595e-01 9.609260266313753851e-01
5.667009301603833649e-01 1.036297960137270643e-02 2.282934484049981005e-01 -2.252416776078714211e-01 6.111128397228800246e-02 1.366971668983102961e-01 9.627281455331123672e-01
5.766097678253856440e-01 1.096329705247108162e-02 2.326583296629616826e-01 -2.223901768202411200e-01 6.113709620086658914e-02 1.276807813666452074e-01 9.646255661092499878e-01
5.869351589305346062e-01 9.799883997404952585e-03 2.381506675837261888e-01 -2.187099864642228775e-01 6.104088324584076852e-02 1.185101339286942362e-01 9.666412470764891296e-01
5.979266124892365086e-01 6.991011888913986790e-03 2.438249614667080400e-01 -2.145533571446494869e-01 6.078230804707708546e-02 1.091695271626800245e-01 9.686869372018533930e-01
6.100841726051472458e-01 4.916639464135702520e-03 2.496822703955103862e-01 -2.098817279082889897e-01 6.074782344900846176e-02 1.002292051580380844e-01 9.706768095869124924e-01
6.234773513506155496e-01 1.725650094113450553e-03 2.547199984369625803e-01 -2.037345317446331017e-01 6.028266770290874321e-02 9.169676393764093769e-02 9.728565896537785251e-01
6.379850345917152943e-01 7.439440102794316750e-04 2.607278614309306297e-01 -1.973006302710710591e-01 6.035214208187260343e-02 8.386733959420115958e-02 9.748827363278922409e-01
6.533790141632641602e-01 -3.084756005424952718e-03 2.665357283290107904e-01 -1.902373176102369612e-01 6.011809448273234407e-02 7.718768403266605682e-02 9.768508786595323512e-01
6.696077693353855720e-01 -7.586894118250744543e-03 2.731895978438426686e-01 -1.833254165760216658e-01 6.016115796774251095e-02 7.199211523202711516e-02 9.785650525405180655e-01
6.878597911011768984e-01 -8.969332767554103608e-03 2.796151138755295640e-01 -1.764056117837103921e-01 6.042360529571864231e-02 6.827947654501800856e-02 9.800856907112869276e-01
7.071719701262959568e-01 -1.312312020499700575e-02 2.860727801086047073e-01 -1.697727819482583722e-01 6.032585613023290494e-02 6.686761067458640850e-02 9.813596263523253205e-01
7.279875579779517825e-01 -1.646262031325748665e-02 2.931759022284739502e-01 -1.638302891211156909e-01 6.085775967723577179e-02 6.734596426815162018e-02 9.823036651414633891e-01
7.503516930079147107e-01 -2.021679132129352435e-02 3.003985896653496579e-01 -1.584226108896532870e-01 6.178686432848038562e-02 7.105696630330723962e-02 9.828710837618177543e-01
7.738974674994283376e-01 -2.291051204773323149e-02 3.096190877898708504e-01 -1.549122544361333509e-01 6.378224251473689488e-02 7.759358021962618757e-02 9.828088599895742350e-01
7.987772255074709893e-01 -2.768870723853205512e-02 3.192354354340857792e-01 -1.516482628085813467e-01 5.844475784609599184e-02 8.778519693828693016e-02 9.827923350667510105e-01
8.248831330878240164e-01 -3.224771651720725885e-02 3.306285700284206097e-01 -1.499578985971088130e-01 5.283471457484076317e-02 1.007333796957470412e-01 9.821272360540699298e-01
8.532876389496213410e-01 -3.632992638760102616e-02 3.409845346303404523e-01 -1.495699144252000679e-01 4.661963855208196145e-02 1.158415587142031522e-01 9.808344321417225009e-01
8.840299583367192682e-01 -3.790371889631521940e-02 3.502846871167198395e-01 -1.496903007363640792e-01 3.975955909773331437e-02 1.339769662934199579e-01 9.788064996865430967e-01
9.161264561260397121e-01 -4.012858745151996059e-02 3.599763482526790459e-01 -1.505059603208050434e-01 3.286941409703254824e-02 1.541732740764704679e-01 9.759601216675667379e-01
9.497419132394018249e-01 -4.359741062211230922e-02 3.701401766577729902e-01 -1.512918021814057545e-01 2.569719118666343935e-02 1.757592477635543937e-01 9.723986485919280387e-01
9.776314656613274146e-01 -4.633850234203888002e-02 3.786651210871549988e-01 -1.525707305483741671e-01 1.823049005862286548e-02 1.985317919810015153e-01 9.679746634003237871e-01
9.993554259117024552e-01 -4.734269480921562967e-02 3.862066692592902029e-01 -1.554105200289908340e-01 1.119497283513922956e-02 2.221116920056645794e-01 9.624908514484280531e-01
1.016282252034932165e+00 -4.780606918781170334e-02 3.887444901143627396e-01 -1.566642927759945847e-01 3.620044207884108144e-03 2.449780747800082148e-01 9.567805064517206359e-01
1.028062707120483310e+00 -4.577125941236170892e-02 3.907744137315659616e-01 -1.578870762366838543e-01 -2.835308079326332321e-03 2.674308386001118532e-01 9.505495140975918078e-01
1.034687435745821116e+00 -3.885780642946853186e-02 3.918733363082114729e-01 -1.594073028189608443e-01 -9.062216052986869774e-03 2.881841452286505456e-01 9.441700516787350228e-01
1.044117763859754078e+00 -3.750806002560175961e-02 3.945022920587295534e-01 -1.609679377573755010e-01 -1.481643825063154452e-02 3.112805337641833536e-01 9.364690200274583542e-01
1.052161678342324880e+00 -3.234141102669439716e-02 3.982359987592126171e-01 -1.627658825900015482e-01 -1.849104165477895648e-02 3.333475072187287447e-01 9.284636709501770113e-01
1.059851164087818542e+00 -2.477296756718777235e-02 3.986633231375094066e-01 -1.637600045897886214e-01 -2.267849858178122222e-02 3.531588718752632916e-01 9.208404627375036400e-01
1.069454353485670861e+00 -1.855542696045786588e-02 3.992043983514925176e-01 -1.650858303740029287e-01 -2.620386817813935912e-02 3.730663896318222039e-01 9.126234134785858876e-01
1.076281498360855959e+00 -8.492447956144275056e-03 3.976442090530554752e-01 -1.659301315972319668e-01 -2.905052959884655422e-02 3.898409592692781422e-01 9.053437383856811627e-01
1.085020186111504081e+00 1.333222670995316828e-03 3.975271000169736113e-01 -1.668893906026882035e-01 -3.049381513517025397e-02 4.056031376579067316e-01 8.981671076502559803e-01
1.089963636203432173e+00 1.200573882210389902e-02 3.895068903474828703e-01 -1.676879573163242987e-01 -3.139236614857649627e-02 4.187225364760786550e-01 8.919454612058470566e-01
1.102699534749178145e+00 1.727262514382433070e-02 3.891994608558138058e-01 -1.684260359940699114e-01 -3.086452599699415419e-02 4.294852034165524413e-01 8.866918920800773707e-01
1.116320004027453905e+00 1.860659376964416203e-02 3.928581130719122072e-01 -1.691699174935035743e-01 -2.822134048753130453e-02 4.372990840229457055e-01 8.828106286565770011e-01
