-4.452462308108806610e-03 9.506114125251770020e-01 -2.659993059933185577e-02
-1.231355406343936920e-02 8.747316598892211914e-01 -2.100185491144657135e-02
-1.882212422788143158e-02 7.978432774543762207e-01 -1.557118073105812073e-02
-2.504440769553184509e-02 7.201159596443176270e-01 -1.288415305316448212e-02
-2.953629568219184875e-02 6.417367458343505859e-01 -9.886544197797775269e-03
-3.263482823967933655e-02 5.628361105918884277e-01 -7.502540014684200287e-03
-3.428515419363975525e-02 4.837607145309448242e-01 -5.231375806033611298e-03
-3.434491530060768127e-02 4.038219153881072998e-01 -3.174006473273038864e-03
-3.288083523511886597e-02 3.250296115875244141e-01 -1.197383739054203033e-03
-3.023670800030231476e-02 2.430832684040069580e-01 7.699851412326097488e-04
-2.577462233603000641e-02 1.678041666746139526e-01 2.729636617004871368e-03
-2.080903574824333191e-02 7.520379871129989624e-02 6.293012760579586029e-03
-1.651063747704029083e-02 3.303790092468261719e-02 6.456992123275995255e-03
-1.243213843554258347e-02 5.523422732949256897e-02 2.860045526176691055e-03
-8.959487080574035645e-03 5.652876198291778564e-02 7.660528644919395447e-04
-5.886400584131479263e-03 6.754964590072631836e-02 -1.745800604112446308e-03
-3.401860594749450684e-03 7.533980160951614380e-02 -3.915297798812389374e-03
-1.576535403728485107e-03 8.530083298683166504e-02 -6.103372666984796524e-03
-2.917652018368244171e-04 9.521718323230743408e-02 -8.185097947716712952e-03
4.048622213304042816e-04 1.059843674302101135e-01 -1.022858824580907822e-02
6.377170793712139130e-04 1.172882243990898132e-01 -1.224935706704854965e-02
4.505710676312446594e-04 1.292650550603866577e-01 -1.414265297353267670e-02
-2.550813369452953339e-04 1.419884860515594482e-01 -1.618794538080692291e-02
-1.072566956281661987e-03 1.554969847202301025e-01 -1.764987781643867493e-02
-2.103869803249835968e-03 1.697046756744384766e-01 -1.886763609945774078e-02
-3.604306839406490326e-03 1.847318261861801147e-01 -2.061478234827518463e-02
-5.254538729786872864e-03 2.005068212747573853e-01 -2.200471237301826477e-02
-7.154652848839759827e-03 2.171754539012908936e-01 -2.333030290901660919e-02
-9.193034842610359192e-03 2.344616055488586426e-01 -2.434788271784782410e-02
-1.160993240773677826e-02 2.528421282768249512e-01 -2.525304257869720459e-02
-1.424612570554018021e-02 2.711865901947021484e-01 -2.552139945328235626e-02
-1.731649413704872131e-02 2.908408343791961670e-01 -2.554597891867160797e-02
-2.067789249122142792e-02 3.091155290603637695e-01 -2.559011057019233704e-02
-2.393146045506000519e-02 3.293617367744445801e-01 -2.527872845530509949e-02
-2.713572606444358826e-02 3.415531814098358154e-01 -2.422967180609703064e-02
-3.027926757931709290e-02 3.697229027748107910e-01 -2.388063445687294006e-02
-3.323445469141006470e-02 3.507247269153594971e-01 -2.038535289466381073e-02
-3.599328175187110901e-02 2.718968391418457031e-01 -1.301337219774723053e-02
-3.831015899777412415e-02 2.100371569395065308e-01 -6.609764881432056427e-03
-3.994368389248847961e-02 1.442651897668838501e-01 6.984639912843704224e-05
-4.094053059816360474e-02 6.850025057792663574e-02 7.314368616789579391e-03
-4.094988480210304260e-02 2.529988624155521393e-02 1.240187138319015503e-02
-3.994455933570861816e-02 2.788691408932209015e-02 1.444199588149785995e-02
-3.788578510284423828e-02 1.387801952660083771e-02 1.724785193800926208e-02
-3.467841818928718567e-02 6.880940869450569153e-03 1.930524967610836029e-02
-3.022182546555995941e-02 -5.014262162148952484e-03 2.131305076181888580e-02
-2.452656999230384827e-02 -1.199890393763780594e-02 2.265067398548126221e-02
-1.760969683527946472e-02 -2.869467996060848236e-02 2.421878278255462646e-02
-9.380297735333442688e-03 -2.051179483532905579e-02 2.388568967580795288e-02
-1.843832433223724365e-05 1.984542421996593475e-02 2.124812640249729156e-02
1.063056010752916336e-02 4.908714815974235535e-02 1.901079714298248291e-02
