0.000000000000000000e+00 0.000000000000000000e+00 0.000000000000000000e+00 0.000000000000000000e+00 0.000000000000000000e+00 0.000000000000000000e+00 1.000000000000000000e+00
8.675059676170349121e-02 3.455720609053969383e-03 2.807395718991756439e-02 -2.470227268446650165e-02 5.438882714041959159e-03 2.213471074094324961e-02 9.994349758035586673e-01
1.648845057523937729e-01 2.164033727808325862e-03 5.740838367012413707e-02 -5.062979401860553952e-02 1.228665492068511944e-02 4.572822428694155172e-02 9.975944023359677448e-01
2.349246303852358664e-01 2.818574299511064293e-03 8.589896185723867872e-02 -7.644049365552912922e-02 1.984323870765268907e-02 6.676644399466624691e-02 9.946382954439253465e-01
2.970336401780911961e-01 7.762855255934140997e-04 1.127251466967549715e-01 -1.019494940638283886e-01 2.850161978158496576e-02 8.869695688878224960e-02 9.904174918531200023e-01
3.516752033620859641e-01 3.214780561463202735e-06 1.367908335312106594e-01 -1.253597884471023827e-01 3.638836925574744779e-02 1.076734449966289808e-01 9.855796463330414037e-01
3.989984474953364724e-01 -1.983743043757047082e-03 1.575004346698423707e-01 -1.461281300681392947e-01 4.330805981892912881e-02 1.241158014223080336e-01 9.804928604507057166e-01
4.389989768831852879e-01 -3.025689079022313675e-03 1.749591110400681160e-01 -1.646379696082619359e-01 4.977423298312141919e-02 1.374419428881301641e-01 9.754622376234495240e-01
4.714391588022383561e-01 -2.918637018429264159e-03 1.896200542138499756e-01 -1.814192782067224063e-01 5.606579403991698851e-02 1.478171391469987050e-01 9.706151480417056776e-01
4.969441883896551504e-01 -2.201458673892281274e-03 2.001241853421485695e-01 -1.957874965500389641e-01 6.170355203279906386e-02 1.547938438006415118e-01 9.663843923525600177e-01
5.148741770784774907e-01 -1.843730901768936888e-03 2.080171585521001232e-01 -2.079518120912902390e-01 6.725375972263598900e-02 1.596121108832910251e-01 9.626821644294126790e-01
5.260203828446983199e-01 -2.434804235147301418e-03 2.123460428509527098e-01 -2.163162629799981473e-01 6.582851542173311088e-02 1.626449458283470983e-01 9.604272499904575877e-01
5.309098596249716140e-01 2.285672888886298645e-04 2.139132908603970651e-01 -2.219887582179231322e-01 6.461820006985553866e-02 1.629086979894341092e-01 9.591695551694621180e-01
5.362108050364436940e-01 3.444253706077765684e-03 2.156202685574129807e-01 -2.255541740426536823e-01 6.364994543671452509e-02 1.600693223198218496e-01 9.588804988474385338e-01
5.425773222200387380e-01 6.302239894689309029e-03 2.178419569613145867e-01 -2.274149289099239302e-01 6.280704251678953520e-02 1.557875511982227401e-01 9.592017329065088971e-01
5.494877974769279971e-01 9.727308399881234510e-03 2.205119577804016684e-01 -2.273273902492190524e-01 6.198712527176536424e-02 1.494148846267771835e-01 9.602890430464093852e-01
5.578546440552191177e-01 1.102723781476455493e-02 2.237476953715455963e-01 -2.266009806600706722e-01 6.133713157741218364e-02 1.419740505957576282e-01 9.616304491909472008e-01
5.671069617025313869e-01 9.713833001712201404e-03 2.271495381032802852e-01 -2.240815816138179151e-01 6.086059086519223643e-02 1.338524379709956913e-01 9.634142193834437373e-01
5.770152597617770329e-01 1.028212427684405995e-02 2.315199286829149328e-01 -2.212054340373073302e-01 6.086072231881163586e-02 1.247934366138092194e-01 9.652930780904388497e-01
5.873282220408152510e-01 9.086429308234705154e-03 2.370286632770129687e-01 -2.175091898272818181e-01 6.074572088054838032e-02 1.155859181240708605e-01 9.672846557589951377e-01
5.982880548842729462e-01 6.199207870208797364e-03 2.427247522331116847e-01 -2.133343080745636333e-01 6.047483835918520539e-02 1.062135075810435314e-01 9.693038521181627232e-01
6.104202897180915910e-01 4.028016644443438432e-03 2.485994561127907454e-01 -2.086487336727829711e-01 6.042416049370117476e-02 9.723754633621412014e-02 9.712669490659547877e-01
6.237806164042422052e-01 7.416496074717105619e-04 2.536630353281758565e-01 -2.024948352587097600e-01 5.993442476312034473e-02 8.867676994787621059e-02 9.734167334155876539e-01
6.382615131489641769e-01 -3.814112301986178830e-04 2.597106304667774479e-01 -1.960594177916996084e-01 5.997926714939746939e-02 8.082314750314734120e-02 9.754131488938855288e-01
6.536170509901786385e-01 -4.306838542852316383e-03 2.655555709310116752e-01 -1.889991609236880143e-01 5.972392170730481814e-02 7.410499179729759800e-02 9.773539893696470138e-01
6.697962551789199415e-01 -8.953039014298683207e-03 2.722310392181010452e-01 -1.820764755815815761e-01 5.974026021374533729e-02 6.887865411667906668e-02 9.790480015588911566e-01
6.880244696223515311e-01 -1.050637890634700811e-02 2.786850335669150414e-01 -1.751416695319399086e-01 5.997103412980141213e-02 6.512994280511526235e-02 9.805544152208837128e-01
7.072860156302637202e-01 -1.483706217526471402e-02 2.851776168351666252e-01 -1.685111255053628743e-01 5.985113808119399414e-02 6.368235275763393932e-02 9.818179056212785749e-01
7.280606052703875175e-01 -1.837214444368870728e-02 2.923060774614316126e-01 -1.625656860558556960e-01 6.035490111041418027e-02 6.411588169269334669e-02 9.827608240787326643e-01
7.503837299170703634e-01 -2.231078670372822065e-02 2.995573319172012972e-01 -1.571636088072486392e-01 6.126639708900408210e-02 6.777476108144676881e-02 9.833374855128668157e-01
7.738941852957468281e-01 -2.523216125742707566e-02 3.087986150349222303e-01 -1.536476924883447004e-01 6.324676255276116821e-02 7.424708573019007940e-02 9.833003630021579511e-01
7.987212692409777492e-01 -3.023089110599790075e-02 3.184389568552335459e-01 -1.504273032054774806e-01 5.790816771846820504e-02 8.432786584531035134e-02 9.833143350952392447e-01
8.247701405252501061e-01 -3.503686067034210427e-02 3.298610971803341285e-01 -1.487876531673059388e-01 5.230146487334356997e-02 9.715585327645565039e-02 9.826940170832382249e-01
8.531244009256876426e-01 -3.941921215341828710e-02 3.402320760115609688e-01 -1.484429669082063252e-01 4.607849228943348974e-02 1.121347675426263985e-01 9.814617934652285491e-01
8.838348605073500508e-01 -4.134334461789612031e-02 3.495715188466732015e-01 -1.486256324605797208e-01 3.922543952437426706e-02 1.301136124386264303e-01 9.795112220531131397e-01
9.158970827570793727e-01 -4.391813724737023139e-02 3.592899491796855416e-01 -1.494908955297953312e-01 3.234229989599658045e-02 1.501472673504173627e-01 9.767610997057261102e-01
9.494614719182215001e-01 -4.777784078410621249e-02 3.694815947109673648e-01 -1.503208396267223523e-01 2.517137073181667517e-02 1.715616460199192728e-01 9.733122052477994890e-01
9.773047483076880981e-01 -5.084973111749047786e-02 3.780449374210256286e-01 -1.516609850120221592e-01 1.771675229801950024e-02 1.941657873371076815e-01 9.690122338448338146e-01
9.990019565961532066e-01 -5.211925158839386674e-02 3.856234128919730497e-01 -1.545596651067223937e-01 1.070099545900200615e-02 2.175727656496269646e-01 9.636694922357231796e-01
1.015920062327557050e+00 -5.280534419356422426e-02 3.881689325754342779e-01 -1.558641535652442178e-01 3.122230569418752311e-03 2.402531995568566170e-01 9.581101280188799585e-01
1.027722846898856623e+00 -5.069769322641590192e-02 3.899833907749998829e-01 -1.570529543904441161e-01 -3.419818343026246980e-03 2.623080456678743011e-01 9.521119490572702571e-01
1.034441145671010975e+00 -4.387893985291917154e-02 3.911056892051466005e-01 -1.586332432756124566e-01 -9.640586307477879563e-03 2.828972335379964509e-01 9.458920173466189851e-01
1.043912669909575319e+00 -4.270709402146229822e-02 3.936711026509930877e-01 -1.602467195072945216e-01 -1.541483095574793308e-02 3.058088012069932748e-01 9.383839027701283975e-01
1.052026924819590814e+00 -3.761821578437306995e-02 3.973591325196362822e-01 -1.620726525878206370e-01 -1.909113985165700189e-02 3.277192182231670192e-01 9.305740688787261794e-01
1.059831873833457339e+00 -3.016870236949720230e-02 3.977829903345516116e-01 -1.631166382332571163e-01 -2.327505322480420344e-02 3.473989480929228768e-01 9.231279462202376385e-01
1.069534541472733302e+00 -2.410421501102694153e-02 3.982850107207726031e-01 -1.644854821451089411e-01 -2.681023227757922678e-02 3.671821557826446814e-01 9.150972637285736955e-01
1.076486722786001549e+00 -1.413086151436645198e-02 3.967016486298560185e-01 -1.653687814182716043e-01 -2.966227101523897375e-02 3.838419573728628631e-01 9.079860503171971464e-01
1.085375686570082765e+00 -4.441203935993114083e-03 3.965636135949121566e-01 -1.663511881572742879e-01 -3.111127969101683960e-02 3.995056506960590337e-01 9.009742535370081074e-01
1.090543840309228685e+00 6.183522949234585356e-03 3.886219876647502014e-01 -1.671819058776060352e-01 -3.199857924220581712e-02 4.125567903091089117e-01 8.948872532578936445e-01
1.103372410360671685e+00 1.122197614891126682e-02 3.883400622855421869e-01 -1.679264476582524868e-01 -3.146611545852353448e-02 4.232700939376423666e-01 8.897488518300264992e-01
1.117005872861328575e+00 1.233916595821173308e-02 3.920228547333157176e-01 -1.686616466468931763e-01 -2.881660636611463322e-02 4.310559035043291520e-01 8.859535316267808103e-01
