-4.452462308108806610e-03 9.506114125251770020e-01 -2.659993059933185577e-02
-1.259271614253520966e-02 8.747197389602661133e-01 -2.088147774338722229e-02
-1.937401108443737030e-02 7.978198528289794922e-01 -1.533789373934268951e-02
-2.586127072572708130e-02 7.200815081596374512e-01 -1.254419051110744476e-02
-3.060961142182350159e-02 6.416921019554138184e-01 -9.445535950362682343e-03
-3.395619243383407593e-02 5.627819299697875977e-01 -6.965856067836284637e-03
-3.584625199437141418e-02 4.836977124214172363e-01 -4.603982437402009964e-03
-3.613771870732307434e-02 4.037507474422454834e-01 -2.460568211972713470e-03
-3.489728644490242004e-02 3.249508738517761230e-01 -4.027280956506729126e-04
-3.246863558888435364e-02 2.429974824190139771e-01 1.641096314415335655e-03
-2.821352332830429077e-02 1.677120029926300049e-01 3.673084778711199760e-03
-2.344621531665325165e-02 7.510601729154586792e-02 7.305481005460023880e-03
-1.933766715228557587e-02 3.293517231941223145e-02 7.535374257713556290e-03
-1.544092781841754913e-02 5.512706562876701355e-02 4.001370165497064590e-03
-1.214186847209930420e-02 5.641784518957138062e-02 1.967385178431868553e-03
-9.234311059117317200e-03 6.743563711643218994e-02 -4.871615674346685410e-04
-6.907019764184951782e-03 7.522353529930114746e-02 -2.602006308734416962e-03
-5.230478476732969284e-03 8.518319576978683472e-02 -4.738038871437311172e-03
-4.086152650415897369e-03 9.509908407926559448e-02 -6.770274601876735687e-03
-3.521849401295185089e-03 1.058667004108428955e-01 -8.766775950789451599e-03
-3.412986639887094498e-03 1.171718761324882507e-01 -1.074299681931734085e-02
-3.715760540217161179e-03 1.291508972644805908e-01 -1.259413454681634903e-02
-4.528805147856473923e-03 1.418774276971817017e-01 -1.459943596273660660e-02
-5.445623770356178284e-03 1.553899943828582764e-01 -1.602349057793617249e-02
-6.568272598087787628e-03 1.696026325225830078e-01 -1.720537990331649780e-02
-8.152196183800697327e-03 1.846356242895126343e-01 -1.891865767538547516e-02
-9.878208860754966736e-03 2.004173845052719116e-01 -2.027674950659275055e-02
-1.184622850269079208e-02 2.170937061309814453e-01 -2.157252654433250427e-02
-1.394480839371681213e-02 2.343884706497192383e-01 -2.256225980818271637e-02
-1.641486771404743195e-02 2.527785301208496094e-01 -2.344143204391002655e-02
-1.909729652106761932e-02 2.711334526538848877e-01 -2.368578873574733734e-02
-2.220682613551616669e-02 2.907989919185638428e-01 -2.368840016424655914e-02
-2.560046315193176270e-02 3.090857863426208496e-01 -2.371251955628395081e-02
-2.887957356870174408e-02 3.293448686599731445e-01 -2.338291145861148834e-02
-3.210269659757614136e-02 3.415499925613403320e-01 -2.231717109680175781e-02
-3.525888547301292419e-02 3.697341978549957275e-01 -2.195282280445098877e-02
-3.822077810764312744e-02 3.507512807846069336e-01 -1.844336465001106262e-02
-4.098085314035415649e-02 2.719394862651824951e-01 -1.105793751776218414e-02
-4.329408705234527588e-02 2.100967913866043091e-01 -4.641229286789894104e-03
-4.492460936307907104e-02 1.443355083465576172e-01 2.051249146461486816e-03
-4.592166095972061157e-02 6.857383996248245239e-02 9.307892993092536926e-03
-4.593011736869812012e-02 2.537653408944606781e-02 1.440690085291862488e-02
-4.492227733135223389e-02 2.796695940196514130e-02 1.645711064338684082e-02
-4.285997152328491211e-02 1.396180503070354462e-02 1.927182637155056000e-02
-3.964847698807716370e-02 6.968118250370025635e-03 2.133648097515106201e-02
-3.518753871321678162e-02 -4.924509674310684204e-03 2.334898710250854492e-02
-2.948820777237415314e-02 -1.190764456987380981e-02 2.468996867537498474e-02
-2.256808616220951080e-02 -2.860317751765251160e-02 2.625995874404907227e-02
-1.433677785098552704e-02 -2.042053826153278351e-02 2.592717111110687256e-02
-4.974184092134237289e-03 1.993651501834392548e-02 2.328950539231300354e-02
5.674804560840129852e-03 4.917823895812034607e-02 2.105217799544334412e-02
