0.000000000000000000e+00 0.000000000000000000e+00 0.000000000000000000e+00 0.000000000000000000e+00 0.000000000000000000e+00 0.000000000000000000e+00 1.000000000000000000e+00
8.726675063371658325e-02 3.017762210220098495e-03 2.688752859830856323e-02 -2.381710652416690541e-02 6.056720653006756987e-03 1.881411802651938858e-02 9.995209305135296374e-01
1.651444936225807958e-01 1.474571374349562024e-03 5.785322434531642299e-02 -4.928072143106431574e-02 1.377563441617970022e-02 3.927417392397980489e-02 9.979174222621102208e-01
2.350071538883287958e-01 1.892727252297480298e-03 8.828523267256657703e-02 -7.421014796361685706e-02 2.211361092456833044e-02 5.721565428395592595e-02 9.953543143303060781e-01
2.965541362994910668e-01 -2.145034677993088411e-03 1.180940322431640599e-01 -9.851137257394423918e-02 3.199686145765037043e-02 7.558082073284200231e-02 9.917455570194440018e-01
3.508602043405456006e-01 -6.729948791645897627e-03 1.449469377961667416e-01 -1.206119175101738467e-01 4.069027539759314388e-02 9.132709695679748496e-02 9.876519772693368449e-01
3.979039080206144274e-01 -1.187579471717093924e-02 1.687155019301715686e-01 -1.405243792649021051e-01 4.865918262023539304e-02 1.047474796172959965e-01 9.833174199071064159e-01
4.381241198762175770e-01 -1.552091719595600355e-02 1.888416451935210905e-01 -1.583088198309450523e-01 5.611904386242715093e-02 1.153098256382739661e-01 9.790263605189449825e-01
4.712888440384229161e-01 -1.769893048196036558e-02 2.056684730527457428e-01 -1.741469991185957411e-01 6.318083390643744468e-02 1.233582874044027028e-01 9.749172979558459184e-01
4.982489657036444086e-01 -1.934061378437776715e-02 2.172010269524316528e-01 -1.875884521095293189e-01 6.910905341385077671e-02 1.285959964715481241e-01 9.713380364542932854e-01
5.178879659861392870e-01 -2.063702650212884473e-02 2.257336596527749761e-01 -1.991046738514628545e-01 7.497251634116469665e-02 1.322712325515676968e-01 9.681119623696763377e-01
5.308132512583539908e-01 -2.230130013440993417e-02 2.290777012089068310e-01 -2.073013486532909455e-01 7.327309651125868406e-02 1.337919250001972094e-01 9.663109877150937166e-01
5.362790866387578959e-01 -2.113382069727958237e-02 2.300099405300548849e-01 -2.134175827217107690e-01 7.210501868051377716e-02 1.331646726141402504e-01 9.651533409950324716e-01
5.420053520611759490e-01 -1.889964674785675480e-02 2.312694179469669542e-01 -2.172887289166647862e-01 7.098028340939430136e-02 1.296592640036038080e-01 9.648501867704363244e-01
5.484950693914866227e-01 -1.671810327531278104e-02 2.328305877255749945e-01 -2.192724033615388035e-01 6.995972431952954262e-02 1.243219942983855575e-01 9.651783730642032877e-01
5.555981316613035625e-01 -1.372889242154702594e-02 2.344532346060213823e-01 -2.193394708602417476e-01 6.888973433861565743e-02 1.166826904300260481e-01 9.661933299187667190e-01
5.640286620178792676e-01 -1.241880231486853711e-02 2.367263778003932118e-01 -2.185341217467891561e-01 6.785116766120977139e-02 1.077543766464601482e-01 9.674854267599604096e-01
5.735103819884133092e-01 -1.266717759499539492e-02 2.393705113673182394e-01 -2.160058079058345959e-01 6.710562595882618719e-02 9.809642497629680880e-02 9.691312693967166769e-01
5.838505954529409347e-01 -1.205672247539526371e-02 2.428825753657787023e-01 -2.128802789233589787e-01 6.676335588909358687e-02 8.741174325737037509e-02 9.708675647567215350e-01
5.944029456475747875e-01 -1.369368821578687695e-02 2.485586781175205817e-01 -2.087563992317329475e-01 6.681466683014025687e-02 7.678619744016419724e-02 9.726563863764319251e-01
6.057247148438292816e-01 -1.706028185841328496e-02 2.547074683437455800e-01 -2.043026789757871053e-01 6.692982432351372857e-02 6.613147299520431843e-02 9.743754113578732001e-01
6.187217661356820830e-01 -2.014688121006961291e-02 2.606313049950941263e-01 -1.992359832712311540e-01 6.683038671793015140e-02 5.586769923868688953e-02 9.760724986202885534e-01
6.332857100283184604e-01 -2.446856488964779808e-02 2.655949028420200309e-01 -1.926707336249943725e-01 6.623526799451871783e-02 4.589818033089477362e-02 9.779489939257637321e-01
6.494066712559346533e-01 -2.705460953366289542e-02 2.717350656157124789e-01 -1.859062531998363632e-01 6.597994756852330889e-02 3.651515898752949463e-02 9.796694109260372096e-01
6.662201433822706464e-01 -3.247274734368459093e-02 2.786593881772729264e-01 -1.787740871133398912e-01 6.602140309923211492e-02 2.849204999261813545e-02 9.812589888489271495e-01
6.839529994819653069e-01 -3.918859957268521627e-02 2.867052200773128612e-01 -1.715391479064322100e-01 6.634568420273004308e-02 2.197910748131909342e-02 9.826950136016420201e-01
7.045399768295368403e-01 -4.353843777922374730e-02 2.941019097589679943e-01 -1.645722813055938705e-01 6.662696537662467222e-02 1.691400706542756094e-02 9.839668328127555430e-01
7.261837319487450815e-01 -5.050151371521333782e-02 3.020963665907425710e-01 -1.579471440210340472e-01 6.674001518825327384e-02 1.419814923971025010e-02 9.850872462002729923e-01
7.497127134533050352e-01 -5.675057549618668651e-02 3.111619968908341249e-01 -1.519815459798886104e-01 6.765260244473121631e-02 1.334765100528421955e-02 9.859749364343189937e-01
7.749990924588198160e-01 -6.359966094384375546e-02 3.208704162218922740e-01 -1.466748543263685922e-01 6.905230294347855513e-02 1.536229767463680347e-02 9.866520492943278153e-01
8.015690935385221261e-01 -6.914897442035472519e-02 3.335930592204645051e-01 -1.434226773278323708e-01 7.171673243243624485e-02 2.016762479977354111e-02 9.868535417311254943e-01
8.290532259222397338e-01 -7.590416920531685430e-02 3.485313349616654399e-01 -1.411300975852943229e-01 6.867838885631909196e-02 2.760481554578766636e-02 9.872201115345801137e-01
8.574318775649952817e-01 -8.199860358922830827e-02 3.663533984860678494e-01 -1.400378489971523532e-01 6.612001973533244981e-02 3.744220774180297834e-02 9.872262278312249340e-01
8.885511552345118913e-01 -8.646055541119136711e-02 3.839497816416594933e-01 -1.403200325071768673e-01 6.321337320019966566e-02 4.873388599815119127e-02 9.868836640057206955e-01
9.234707387402590895e-01 -8.951819914790913602e-02 3.983569244090164330e-01 -1.417547518011985364e-01 5.861363757025900983e-02 6.320896723294328057e-02 9.861412973270654581e-01
9.601066802787912025e-01 -9.451309221670242677e-02 4.127118136494219436e-01 -1.435646258087588945e-01 5.380198233171040734e-02 7.977286829145253944e-02 9.849521990422296369e-01
9.979530967587532109e-01 -1.021989891775425818e-01 4.274297871757957168e-01 -1.453482686746600250e-01 4.917500149595065151e-02 9.736427691198783207e-02 9.833493263345217672e-01
1.029975293944025205e+00 -1.082779124660181863e-01 4.400547042326649616e-01 -1.471834001546681592e-01 4.449323252653889643e-02 1.157943828381583773e-01 9.812996789367558481e-01
1.056147102799009696e+00 -1.123114132423489175e-01 4.505885979761898863e-01 -1.502491875393698051e-01 3.983935378593222998e-02 1.350082232525799952e-01 9.785758975101829238e-01
1.077637900009390082e+00 -1.145616587005922199e-01 4.546401637032902454e-01 -1.521179923484418661e-01 3.463779685352166848e-02 1.542392916356273291e-01 9.756385500526070231e-01
1.093028836815359339e+00 -1.141409312190065084e-01 4.562039912199199465e-01 -1.537702388068162007e-01 2.941367987098411282e-02 1.739902061154166846e-01 9.722226891353940026e-01
1.101158227341602514e+00 -1.108856859175771786e-01 4.535149488455090805e-01 -1.553069283513435761e-01 2.284207866450366914e-02 1.939773998575217706e-01 9.683649961625371283e-01
1.109055974110142895e+00 -1.101652846138994474e-01 4.503855733620854562e-01 -1.566300968608423938e-01 1.740937983348288601e-02 2.144355443645808712e-01 9.639405186857966656e-01
1.116563019190316197e+00 -1.082584220464974517e-01 4.514963415131791891e-01 -1.584845944603957280e-01 1.379508311748437084e-02 2.342512448453975271e-01 9.590717821356685713e-01
1.121786103314498684e+00 -1.065007425538437996e-01 4.470580916887448297e-01 -1.599563006198986836e-01 8.640143507011340332e-03 2.531059661940117111e-01 9.540842204382014025e-01
1.125308244790119261e+00 -1.042216288528696189e-01 4.423926275122485041e-01 -1.611762501012876103e-01 4.027835407667149613e-03 2.705473048085893506e-01 9.491101879160417365e-01
1.127703198893240444e+00 -1.024727009151511214e-01 4.378563142155298404e-01 -1.618988513398525175e-01 -2.464891902533592003e-04 2.867043320464224831e-01 9.442400791979390640e-01
1.130227309887154474e+00 -1.011501489451471225e-01 4.343228446943344090e-01 -1.625684904897458649e-01 -2.848992952499059070e-03 3.012466699208355969e-01 9.395817223640788862e-01
1.131237857691917315e+00 -9.956308320258262790e-02 4.312197006289021362e-01 -1.628389859917946103e-01 -4.319378318703592616e-03 3.133447729884996646e-01 9.355639266522035591e-01
1.135862122872488111e+00 -9.794182900301520722e-02 4.280535636516504816e-01 -1.634395678010778508e-01 -5.005325060879414929e-03 3.220567711311378423e-01 9.324923005401265508e-01
1.144550253914327076e+00 -9.750665172333428110e-02 4.294697625921392037e-01 -1.640091561153862454e-01 -2.026502824832206780e-03 3.283136316341813687e-01 9.302188179561812209e-01
1.268581189902565187e+00 1.988539707583918126e-02 4.685261501685936691e-01 -2.087667306127455880e-01 2.789227593470258205e-04 3.552749700185835469e-01 9.111509589906900963e-01
1.377476515041257565e+00 1.295533464605229668e-01 5.100326722189880702e-01 -2.524622616920546014e-01 5.139276582558106703e-03 3.782508468459753748e-01 8.905968173746429128e-01
1.481259915793929016e+00 2.216732468524978961e-01 5.510593812471322739e-01 -2.960037506892932435e-01 1.150612377563312375e-02 4.045468768011142857e-01 8.652116580143812685e-01
1.569160189630167901e+00 3.095100334339743187e-01 5.866427255404674801e-01 -3.393684966687490756e-01 1.757380580676517687e-02 4.287132589382879333e-01 8.370932602934824107e-01
1.641816400527193132e+00 3.921313321532206020e-01 6.153706398390305088e-01 -3.792459786271901723e-01 2.447925783797486043e-02 4.488041119433537340e-01 8.087942400472102333e-01
1.701409183037265072e+00 4.664914322311434214e-01 6.385820213712223303e-01 -4.151501117853686473e-01 3.040805945904009183e-02 4.639246357867388149e-01 7.819844416065276915e-01
1.748559714179349411e+00 5.322072826484471886e-01 6.541948560324503115e-01 -4.472815342346527223e-01 3.688062362002892530e-02 4.740389865109272405e-01 7.575394960012222789e-01
1.783473864467057801e+00 5.884228254858555607e-01 6.618863851832537115e-01 -4.745116326932469208e-01 4.170012055436468634e-02 4.783411745618863509e-01 7.377598058333725284e-01
1.811047540650088994e+00 6.308933904607121335e-01 6.661895768248359273e-01 -4.972147427324031255e-01 4.423131490356111556e-02 4.799554970450441438e-01 7.214317786511047492e-01
1.830480496819965275e+00 6.598355689700321491e-01 6.678401366823544238e-01 -5.137564624128886370e-01 4.200850584396268600e-02 4.815042961946133238e-01 7.088322760088467955e-01
1.841631041540172431e+00 6.752198741921006109e-01 6.660709201681983549e-01 -5.240867747728975568e-01 3.405888465336149445e-02 4.821541781015998840e-01 7.012135148608318325e-01
1.846288813485174485e+00 6.856661359714675275e-01 6.627054771062520500e-01 -5.308633215432748687e-01 2.657947973137755882e-02 4.787800513583813089e-01 6.987469695952296389e-01
1.850766681553863702e+00 6.978097368581923643e-01 6.597086188439768017e-01 -5.351672604691626312e-01 1.943407563540055019e-02 4.722763241102524434e-01 7.001238416959079114e-01
1.856112413830823593e+00 7.114362971174571504e-01 6.569735006762382756e-01 -5.369221412379101555e-01 1.252898827414069237e-02 4.626916221490354197e-01 7.053184397805137840e-01
1.862318248046668900e+00 7.266206411364892759e-01 6.538362488947145890e-01 -5.363540123685129890e-01 5.416516246821477878e-03 4.506796118336715562e-01 7.135705446873464863e-01
1.872390467512123013e+00 7.422983144252541798e-01 6.526218384431575759e-01 -5.333575236125873698e-01 -9.160030472383898269e-04 4.366160291204882471e-01 7.244966225313427266e-01
1.884254715394049207e+00 7.593562562113490566e-01 6.530595033162904794e-01 -5.289831042543799988e-01 -6.238713059354401499e-03 4.211803888859469991e-01 7.367123141977777179e-01
1.897762153795192086e+00 7.776253109492123894e-01 6.568235777895751193e-01 -5.228369719443554109e-01 -1.053567111916303700e-02 4.046804545094470074e-01 7.501761327449397720e-01
1.913891258808892104e+00 7.956633275962931018e-01 6.645756655754376796e-01 -5.156465576519944083e-01 -1.452345582975490476e-02 3.875417439673609077e-01 7.640085689932712976e-01
1.933108632441727925e+00 8.142073511949265985e-01 6.727500885503807648e-01 -5.073197319654563220e-01 -1.833425841685298527e-02 3.701734490313327020e-01 7.779859652712567408e-01
1.955175874812561831e+00 8.331125559480576648e-01 6.823227817843285914e-01 -4.973417865929283810e-01 -2.153217586243023896e-02 3.539074193926111667e-01 7.917935660322366065e-01
1.979294233259145885e+00 8.540060918373367782e-01 6.922710477174645050e-01 -4.864794016315749370e-01 -2.367992654943971639e-02 3.387422819140828434e-01 8.050035523588935371e-01
2.006286992704859884e+00 8.755910153734343115e-01 7.037444618305568333e-01 -4.748310767838829216e-01 -2.469660975447793977e-02 3.253948249946874705e-01 8.173394238953423097e-01
2.036876244674276748e+00 8.961919103367428363e-01 7.180892839606398681e-01 -4.628054699275146455e-01 -2.439642348373875780e-02 3.145338307742911454e-01 8.284228273199768511e-01
2.069831877830043521e+00 9.197467711204121432e-01 7.322178630693840784e-01 -4.511774176173827811e-01 -2.332420298042246418e-02 3.060821313874810268e-01 8.379789067946367132e-01
2.105845248922361357e+00 9.453516525255416525e-01 7.463859894969095965e-01 -4.397433045838031185e-01 -2.096850509544863350e-02 3.007129766926310843e-01 8.460247357592068917e-01
2.145186773159744931e+00 9.713530907360609090e-01 7.632373620561145877e-01 -4.288109713601218065e-01 -1.742747214803864672e-02 2.988549662103934801e-01 8.523515373524603866e-01
2.186839793367334028e+00 1.000861976733019354e+00 7.805911776079793585e-01 -4.201304220424189606e-01 -1.120199155204376802e-02 3.004274127396678873e-01 8.562174452405627578e-01
2.230321471470249062e+00 1.033906090347639140e+00 7.998669913329126135e-01 -4.136825173957129342e-01 -3.154999447973447745e-03 3.062425715033846307e-01 8.573635799231403842e-01
2.275090537925614331e+00 1.069862284376515316e+00 8.231961580239435250e-01 -4.083701008744518024e-01 6.180725894572199064e-04 3.180338458155982928e-01 8.556213833313215389e-01
2.320786022137411919e+00 1.109741461087089709e+00 8.493835588003925130e-01 -4.039693061013268083e-01 -4.922532771597986972e-04 3.349132644698812888e-01 8.512588693792570993e-01
2.368237551192346579e+00 1.152619300866320806e+00 8.780539841259481504e-01 -4.013474350036308480e-01 -1.177899537727474140e-03 3.552171494900095983e-01 8.442390808751260023e-01
2.418987656049089274e+00 1.200305391358562845e+00 9.028599183430243702e-01 -3.996122151350635088e-01 -2.888478762623699746e-03 3.789619552302735395e-01 8.346793220712572792e-01
2.472878258844442456e+00 1.251728954015783879e+00 9.244742470436871917e-01 -3.980763017179182461e-01 -4.433883807939268881e-03 4.063855560534093692e-01 8.224149673468522659e-01
2.528490263887090528e+00 1.306567969295601150e+00 9.459123352075163860e-01 -3.965331242729395189e-01 -5.736310948726694968e-03 4.355453287927636419e-01 8.081020001570621281e-01
2.580422870264991619e+00 1.358906690886814150e+00 9.654549945967808577e-01 -3.953784845436493778e-01 -6.857137635123901516e-03 4.658716866404917223e-01 7.915758998416789760e-01
2.622287293917285211e+00 1.403955201201872116e+00 9.810505405192038175e-01 -3.954285210794283856e-01 -8.848695879981018780e-03 4.983115441372277243e-01 7.715203109949415605e-01
2.656111123416563302e+00 1.440720301074029708e+00 9.882168891562372881e-01 -3.941604935008282684e-01 -9.903041048585834588e-03 5.308904380250221156e-01 7.501298407307722682e-01
2.679602770284833735e+00 1.469808289339361140e+00 9.866011387622819484e-01 -3.908096264868967662e-01 -1.163508609095087291e-02 5.627585042953923145e-01 7.283099109994598530e-01
2.690451724079019336e+00 1.491237772834431707e+00 9.817354425923104921e-01 -3.879047310484837197e-01 -1.262905630143023802e-02 5.943237748833567480e-01 7.043789301047667095e-01
2.697083195807186584e+00 1.507427780400678152e+00 9.791949271635446150e-01 -3.843739780366226544e-01 -1.131714000480387242e-02 6.269834917879451019e-01 6.775103455858142443e-01
2.703790460249210881e+00 1.520111800801945190e+00 9.713712080310741293e-01 -3.787297627589795712e-01 -1.123652490512404983e-02 6.582466399187012485e-01 6.504989380039933877e-01
2.705965052153086248e+00 1.534172677654297878e+00 9.669713714959734530e-01 -3.755712170952472673e-01 -9.234214825095756612e-03 6.861794750314716973e-01 6.229114850536090486e-01
2.708222620167259009e+00 1.540640250234349029e+00 9.555226478089098308e-01 -3.698376000466341851e-01 -9.537626169927558573e-03 7.124299279450112543e-01 5.962992378387333980e-01
2.709394490895573160e+00 1.544055658646068530e+00 9.444101295103702887e-01 -3.641484046019359266e-01 -9.198928397457572376e-03 7.360578883784272275e-01 5.705524551678784473e-01
2.709900964842415938e+00 1.546210291775294898e+00 9.347124863323374999e-01 -3.589169088251521478e-01 -7.955213787291404853e-03 7.564973591405377285e-01 5.466508142739643361e-01
2.710436582415250761e+00 1.547812881447505839e+00 9.267383635916911500e-01 -3.548414506747114561e-01 -4.718602142511418157e-03 7.737768595485505774e-01 5.247234045705122529e-01
2.711455948368613811e+00 1.551358819284867963e+00 9.184185139244446239e-01 -3.524355140254243346e-01 -1.549679474718818279e-03 7.865601643131293619e-01 5.070600702706371532e-01
2.713964365941907708e+00 1.563900944214390965e+00 9.114818153818979862e-01 -3.528678147054465364e-01 3.364602169048013826e-03 7.942992521583170928e-01 4.945317814033642900e-01
