0.000000000000000000e+00 0.000000000000000000e+00 0.000000000000000000e+00 0.000000000000000000e+00 0.000000000000000000e+00 0.000000000000000000e+00 1.000000000000000000e+00
8.772375434637069702e-02 4.793021362274885178e-03 2.508189342916011810e-02 -2.275116610330030209e-02 5.423809067770011746e-03 1.904424868872631876e-02 9.995450381688751884e-01
1.671955263614949838e-01 4.117520962258913557e-03 5.172734102408049067e-02 -4.674964205309128235e-02 1.229170467064377888e-02 3.953257379937019644e-02 9.980483758681214512e-01
2.387811665151168827e-01 5.056143118427528990e-03 7.783649076034604430e-02 -7.069606287115756671e-02 1.967725842113584450e-02 5.737589010088932351e-02 9.956519871072803118e-01
3.024576675535772252e-01 2.845966876063384717e-03 1.030022824646122381e-01 -9.438108577250664544e-02 2.831900943677884488e-02 7.608546430276516559e-02 9.922203618525246016e-01
3.587802092574975954e-01 1.800726568292874020e-03 1.257603072324894322e-01 -1.160729518411260514e-01 3.611633718239033036e-02 9.210393137133866814e-02 9.883013436525113216e-01
4.077672818719274006e-01 -1.111984531505205622e-03 1.456680237942787337e-01 -1.354028964119458334e-01 4.307777013495760893e-02 1.059012857794105755e-01 9.841723827834852889e-01
4.495616259033692885e-01 -3.183657485668694390e-03 1.625486392430971483e-01 -1.526573449274185035e-01 4.963367676525921174e-02 1.168097963244015408e-01 9.800957630013125144e-01
4.839655606445310565e-01 -4.311322358394899940e-03 1.767923267333480486e-01 -1.683443908713579407e-01 5.599600099571192674e-02 1.252096593689749626e-01 9.761389015582490059e-01
5.114724892835333936e-01 -4.860690266295531609e-03 1.870690074721464424e-01 -1.817125523909857432e-01 6.163927455264019140e-02 1.306859545721736904e-01 9.726779165858230325e-01
5.314442260853288191e-01 -5.476846680542874282e-03 1.948745812582665105e-01 -1.929872893826877489e-01 6.721338183215808115e-02 1.343788612946047178e-01 9.696290987158814323e-01
5.440738875114952133e-01 -6.776268298461090266e-03 1.993263919249831373e-01 -2.009018288023134147e-01 6.573725403791978728e-02 1.362628145947404334e-01 9.678582096434162896e-01
5.490209390995741678e-01 -4.429590511911938797e-03 2.007848922636164823e-01 -2.063883787923154467e-01 6.467881970947096659e-02 1.357842654821904971e-01 9.668418281331913056e-01
5.542191197100722055e-01 -1.303876261182519009e-03 2.023901225192425157e-01 -2.097622374973753534e-01 6.378158736245537197e-02 1.323275264722759137e-01 9.666546118295558099e-01
5.604357207425376686e-01 1.305125189533813852e-03 2.043547625262308598e-01 -2.114725421191932242e-01 6.298517072607835721e-02 1.275134558785130101e-01 9.669811532642047514e-01
5.663033014066108928e-01 6.245615113737025374e-03 2.061393949760400301e-01 -2.112789706440934556e-01 6.206138776385546757e-02 1.202872284130142438e-01 9.680085554338412335e-01
5.745450195669706828e-01 7.488928005951208007e-03 2.090524015509178379e-01 -2.103305545954556044e-01 6.128576387039242485e-02 1.121701716570294022e-01 9.692383429997099009e-01
5.838140419558435212e-01 6.296575613945049749e-03 2.121539579020816357e-01 -2.076331083276409806e-01 6.067267336655231963e-02 1.032789423648225180e-01 9.708453940235600710e-01
5.939309507245145170e-01 6.697388649313417569e-03 2.162909594823494985e-01 -2.044628357631799731e-01 6.047677167822683442e-02 9.340362853168240886e-02 9.725293162965186200e-01
6.045695922335861949e-01 5.229702044071255461e-03 2.218510937748205680e-01 -2.004551277534946940e-01 6.029888480905025439e-02 8.339381571338887189e-02 9.742829454264690936e-01
6.159542854653182742e-01 1.740329513619671628e-03 2.278123893012219403e-01 -1.960904302673078803e-01 6.007392718609047555e-02 7.332925219763128388e-02 9.759930774355720651e-01
6.289673993358135817e-01 -1.095235172989209721e-03 2.338257674335423864e-01 -1.910678103459582111e-01 5.990813701272658387e-02 6.362331632767813383e-02 9.776789762435998954e-01
6.434296954295638526e-01 -5.250002785188357182e-03 2.392111756721670424e-01 -1.846515840062534219e-01 5.930992059255027482e-02 5.432583555337495984e-02 9.795074422559097993e-01
6.594780034830082238e-01 -7.051534174832447058e-03 2.458051801144957305e-01 -1.779093262486830251e-01 5.916409495962560161e-02 4.565904051250180978e-02 9.812049396129362000e-01
6.764871064270467915e-01 -1.222522215889600486e-02 2.524322958607604361e-01 -1.706394545721065803e-01 5.881876618526003103e-02 3.815564820466822715e-02 9.828360370874987817e-01
6.945161277316572734e-01 -1.862172887968206042e-02 2.600697931133869045e-01 -1.635163861338136126e-01 5.874396697433884040e-02 3.221312506080518945e-02 9.842631011999140034e-01
7.153491343291410454e-01 -2.145008429575074801e-02 2.675157229917684565e-01 -1.563895859245730546e-01 5.884508986248899315e-02 2.761909426334780218e-02 9.855540261423968440e-01
7.373375492100356920e-01 -2.780594773468817935e-02 2.750629438217062628e-01 -1.496105885581969219e-01 5.862128638616765502e-02 2.540961525125737253e-02 9.866785535454208889e-01
7.613123219113125950e-01 -3.306191595728324994e-02 2.835737722200892819e-01 -1.435445110387679191e-01 5.904977906861257064e-02 2.502840436605116917e-02 9.875635047517088427e-01
7.871723550480771436e-01 -3.917496578855922396e-02 2.922024265650171038e-01 -1.380198040785800273e-01 5.988382387014058034e-02 2.779494974992363643e-02 9.882266451018204556e-01
8.144652490692722013e-01 -4.428288640822813232e-02 3.034998769024457310e-01 -1.344047032662978036e-01 6.187801580052228884e-02 3.332644891978495116e-02 9.884309964296372764e-01
8.431234836204591909e-01 -5.227138094396533569e-02 3.152919002814602578e-01 -1.313138103914019139e-01 5.660722951118981466e-02 4.194991596812890772e-02 9.888339139197367400e-01
8.731514265567994482e-01 -6.024807764485522188e-02 3.292493617708915910e-01 -1.297039872084977397e-01 5.121442956173197919e-02 5.316035631874802686e-02 9.888012613376603310e-01
9.059344442723948898e-01 -6.804964236231514363e-02 3.419914343077040120e-01 -1.293947159781628220e-01 4.532025191831701855e-02 6.628603817739400772e-02 9.883366042931608364e-01
9.417021953311521809e-01 -7.364245933453852921e-02 3.532021882965876158e-01 -1.295908279094688809e-01 3.862808385413656759e-02 8.226033443286256963e-02 9.873942099478251189e-01
9.790235271338206813e-01 -8.065978309847966765e-02 3.646511807694477469e-01 -1.303528954236671256e-01 3.186317237818490217e-02 1.002338795594388682e-01 9.858732323626239191e-01
1.017587776466311489e+00 -8.963471427407172787e-02 3.764956984506602766e-01 -1.310484850172468907e-01 2.487003708747773448e-02 1.195756082238807888e-01 9.838238916329694606e-01
1.050221053552740091e+00 -9.700945541666526617e-02 3.866172244313439976e-01 -1.322223716655381853e-01 1.759290383350637851e-02 1.400397303128063931e-01 9.811200783287240546e-01
1.076737944037555517e+00 -1.017669710659067361e-01 3.959132590135970853e-01 -1.348769412007774782e-01 1.082935659279978674e-02 1.612181944097008102e-01 9.775989103714181061e-01
1.098291233080965101e+00 -1.051355112094099348e-01 3.986412364897647942e-01 -1.359515944333622162e-01 3.239249391554409590e-03 1.816202400526514826e-01 9.739203045617352839e-01
1.111540268887550420e+00 -9.713787015808343639e-02 3.985755094380205033e-01 -1.367111767904428676e-01 -3.639265687107147689e-03 1.987359365032783098e-01 9.704642380984451755e-01
1.118642504049348396e+00 -9.141861033462780894e-02 3.994489392575350517e-01 -1.382054831308523468e-01 -9.835229182957757471e-03 2.174996690579854008e-01 9.661761778574098347e-01
1.127056472689621724e+00 -9.110954060287410061e-02 4.007890845075053887e-01 -1.396256899459031309e-01 -1.566149887941769431e-02 2.382858189370668511e-01 9.609782789706913242e-01
1.133760850803698483e+00 -8.811134468062553626e-02 4.034886752412675248e-01 -1.412722241293098147e-01 -1.927286782977659374e-02 2.585270892572408830e-01 9.554237067266818650e-01
1.139554254692606072e+00 -8.404981307191948525e-02 4.035810812296230510e-01 -1.422759735784003832e-01 -2.345373157653739965e-02 2.767434224605349047e-01 9.500634441669061347e-01
1.145190343100811914e+00 -8.129285802479101208e-02 4.035709477925345512e-01 -1.434956271499812919e-01 -2.697222320484749317e-02 2.949196560757996743e-01 9.443007469150670463e-01
1.148950155988999633e+00 -7.747714380204417939e-02 4.027482570521167538e-01 -1.443159673423871359e-01 -2.986355998283811777e-02 3.104773028071463603e-01 9.390872769858944480e-01
1.152495993443957589e+00 -7.464567287339177182e-02 4.026237914686219277e-01 -1.451385823753638671e-01 -3.128515141619402778e-02 3.251212780533209723e-01 9.339444232736285878e-01
1.154158641657393014e+00 -7.217774543126281861e-02 4.005466719790306551e-01 -1.457860258926851615e-01 -3.223070251575360645e-02 3.373852113014423892e-01 9.294508247695729697e-01
1.159833760479798581e+00 -7.083697606290907667e-02 4.003675687924011517e-01 -1.463663751568330951e-01 -3.167741230151198406e-02 3.474089246078284621e-01 9.256783809056802204e-01
1.168319527398615554e+00 -7.166111810263718629e-02 4.026016633838868097e-01 -1.468083628079802916e-01 -2.897285032451865985e-02 3.548300584328815122e-01 9.228778403376209916e-01
