-4.452462308108806610e-03 9.506114125251770020e-01 -2.659993059933185577e-02
-1.287485752254724503e-02 8.747045993804931641e-01 -2.077318727970123291e-02
-1.993148028850555420e-02 7.977899909019470215e-01 -1.512667536735534668e-02
-2.668627165257930756e-02 7.200376987457275391e-01 -1.223427988588809967e-02
-3.169317543506622314e-02 6.416349411010742188e-01 -9.040864184498786926e-03
-3.528961911797523499e-02 5.627122521400451660e-01 -6.469975225627422333e-03
-3.742099180817604065e-02 4.836161732673645020e-01 -4.020122811198234558e-03
-3.794565051794052124e-02 4.036580920219421387e-01 -1.791798626072704792e-03
-3.693063557147979736e-02 3.248476684093475342e-01 3.478275611996650696e-04
-3.471978381276130676e-02 2.428842484951019287e-01 2.470214152708649635e-03
-3.067460842430591583e-02 1.675893962383270264e-01 4.577898420393466949e-03
-2.610908634960651398e-02 7.497480511665344238e-02 8.283707313239574432e-03
-2.219447866082191467e-02 3.279594331979751587e-02 8.584789000451564789e-03
-1.848419569432735443e-02 5.498025938868522644e-02 5.119862500578165054e-03
-1.536386646330356598e-02 5.626413598656654358e-02 3.152932971715927124e-03
-1.262719184160232544e-02 6.727585196495056152e-02 7.636537193320691586e-04
-1.046250481158494949e-02 7.505862414836883545e-02 -1.287677674554288387e-03
-8.939635939896106720e-03 8.501409739255905151e-02 -3.362097311764955521e-03
-7.940427400171756744e-03 9.492671489715576172e-02 -5.334611050784587860e-03
-7.512891665101051331e-03 1.056919023394584656e-01 -7.273284718394279480e-03
-7.532199844717979431e-03 1.169954761862754822e-01 -9.193517267704010010e-03
-7.954473607242107391e-03 1.289737373590469360e-01 -1.099048741161823273e-02
-8.878528140485286713e-03 1.417003124952316284e-01 -1.294338144361972809e-02
-9.898012503981590271e-03 1.552137732505798340e-01 -1.431670133024454117e-02
-1.111442223191261292e-02 1.694280058145523071e-01 -1.544979121536016464e-02
-1.278349757194519043e-02 1.844633370637893677e-01 -1.711616292595863342e-02
-1.458653714507818222e-02 2.002483755350112915e-01 -1.842924393713474274e-02
-1.662298664450645447e-02 2.169288098812103271e-01 -1.968209072947502136e-02
-1.878148131072521210e-02 2.342285066843032837e-01 -2.063101530075073242e-02
-2.130372822284698486e-02 2.526243925094604492e-01 -2.147145196795463562e-02
-2.403062395751476288e-02 2.709860503673553467e-01 -2.167932316660881042e-02
-2.717674151062965393e-02 2.906589210033416748e-01 -2.164801210165023804e-02
-3.059946186840534210e-02 3.089536130428314209e-01 -2.164088748395442963e-02
-3.390051051974296570e-02 3.292211294174194336e-01 -2.128241769969463348e-02
-3.713851794600486755e-02 3.414354026317596436e-01 -2.018975839018821716e-02
-4.030304029583930969e-02 3.696294724941253662e-01 -1.980015635490417480e-02
-4.326711967587471008e-02 3.506571650505065918e-01 -1.626668870449066162e-02
-4.602360725402832031e-02 2.718566954135894775e-01 -8.857915177941322327e-03
-4.832829162478446960e-02 2.100261002779006958e-01 -2.418279647827148438e-03
-4.995491355657577515e-02 1.442709416151046753e-01 4.296244122087955475e-03
-5.095437914133071899e-02 6.850892305374145508e-02 1.157344505190849304e-02
-5.096358805894851685e-02 2.531153149902820587e-02 1.669156178832054138e-02
-4.995448887348175049e-02 2.790250256657600403e-02 1.875858195126056671e-02
-4.788957536220550537e-02 1.389853656291961670e-02 2.158830501139163971e-02
-4.467452317476272583e-02 6.906195543706417084e-03 2.366571128368377686e-02
-4.020953550934791565e-02 -4.985180683434009552e-03 2.568674832582473755e-02
-3.450624272227287292e-02 -1.196749974042177200e-02 2.703342959284782410e-02
-2.758295461535453796e-02 -2.866268716752529144e-02 2.860670723021030426e-02
-1.934994012117385864e-02 -2.048005536198616028e-02 2.827514335513114929e-02
-9.986883029341697693e-03 1.987676881253719330e-02 2.563766203820705414e-02
6.620967760682106018e-04 4.911848902702331543e-02 2.340033650398254395e-02
