0.000000000000000000e+00 0.000000000000000000e+00 0.000000000000000000e+00 2.331774638826555890e-14 -2.341085224982775159e-14 -8.560440225603704878e-15 9.999999403953552246e-01
7.963693141937255859e-02 -2.599980868399143219e-02 3.646300733089447021e-02 -2.529925853013992310e-02 1.395615469664335251e-02 2.853817865252494812e-02 9.991750121116638184e-01
1.516948640346527100e-01 -5.053172260522842407e-02 7.159033417701721191e-02 -5.064525455236434937e-02 2.982941642403602600e-02 5.685600638389587402e-02 9.966506361961364746e-01
2.185377329587936401e-01 -7.031808793544769287e-02 1.023887917399406433e-01 -7.551568746566772461e-02 4.534360021352767944e-02 8.384848386049270630e-02 9.925777912139892578e-01
2.789837718009948730e-01 -8.588667958974838257e-02 1.306514889001846313e-01 -1.013495773077011108e-01 6.146015226840972900e-02 1.123035997152328491e-01 9.865792393684387207e-01
3.334611952304840088e-01 -9.661911427974700928e-02 1.553556472063064575e-01 -1.252421140670776367e-01 7.632981985807418823e-02 1.374147981405258179e-01 9.795944094657897949e-01
3.813510835170745850e-01 -1.036778390407562256e-01 1.768510788679122925e-01 -1.473201811313629150e-01 9.025089442729949951e-02 1.597143858671188354e-01 9.719273447990417480e-01
4.225987195968627930e-01 -1.076818257570266724e-01 1.947301924228668213e-01 -1.672058254480361938e-01 1.029793992638587952e-01 1.785002946853637695e-01 9.641446471214294434e-01
4.569225013256072998e-01 -1.090966910123825073e-01 2.091676890850067139e-01 -1.848786324262619019e-01 1.151082739233970642e-01 1.940170675516128540e-01 9.565182328224182129e-01
4.843746721744537354e-01 -1.090487316250801086e-01 2.196137905120849609e-01 -1.996333152055740356e-01 1.251175999641418457e-01 2.049140185117721558e-01 9.500012397766113281e-01
5.044224858283996582e-01 -1.084751933813095093e-01 2.272321283817291260e-01 -2.122301310300827026e-01 1.338242441415786743e-01 2.132150381803512573e-01 9.442397356033325195e-01
5.171101689338684082e-01 -1.075026020407676697e-01 2.315977662801742554e-01 -2.209287136793136597e-01 1.343902647495269775e-01 2.171624004840850830e-01 9.412599205970764160e-01
5.225842595100402832e-01 -1.069533824920654297e-01 2.329102009534835815e-01 -2.270307391881942749e-01 1.337815225124359131e-01 2.181054502725601196e-01 9.396752119064331055e-01
5.285947322845458984e-01 -1.063023507595062256e-01 2.345753461122512817e-01 -2.312502115964889526e-01 1.331038773059844971e-01 2.161460667848587036e-01 9.391951560974121094e-01
5.353648066520690918e-01 -1.058002337813377380e-01 2.363553494215011597e-01 -2.338965684175491333e-01 1.325549185276031494e-01 2.126661241054534912e-01 9.394118189811706543e-01
5.429745316505432129e-01 -1.054277122020721436e-01 2.383533269166946411e-01 -2.353983074426651001e-01 1.325023472309112549e-01 2.075298577547073364e-01 9.401925206184387207e-01
5.515008568763732910e-01 -1.056548058986663818e-01 2.406478077173233032e-01 -2.356112301349639893e-01 1.327733248472213745e-01 2.018085420131683350e-01 9.413457512855529785e-01
5.610423684120178223e-01 -1.064208745956420898e-01 2.429626286029815674e-01 -2.344679534435272217e-01 1.334481537342071533e-01 1.951930373907089233e-01 9.429294466972351074e-01
5.715402960777282715e-01 -1.074495241045951843e-01 2.458544224500656128e-01 -2.326106727123260498e-01 1.344717592000961304e-01 1.881447881460189819e-01 9.446750879287719727e-01
5.830816030502319336e-01 -1.088419109582901001e-01 2.491912543773651123e-01 -2.300058305263519287e-01 1.354295611381530762e-01 1.804497390985488892e-01 9.466752409934997559e-01
5.958226919174194336e-01 -1.107694730162620544e-01 2.525532841682434082e-01 -2.266281545162200928e-01 1.364357620477676392e-01 1.726302206516265869e-01 9.488012194633483887e-01
6.097963452339172363e-01 -1.128385215997695923e-01 2.562920153141021729e-01 -2.226473838090896606e-01 1.377243697643280029e-01 1.649326086044311523e-01 9.509244561195373535e-01
6.251206994056701660e-01 -1.151423379778862000e-01 2.602007687091827393e-01 -2.175275534391403198e-01 1.389906704425811768e-01 1.579152047634124756e-01 9.531139135360717773e-01
6.419371962547302246e-01 -1.170835271477699280e-01 2.644268572330474854e-01 -2.123852074146270752e-01 1.405000984668731689e-01 1.514908969402313232e-01 9.550931453704833984e-01
6.602067351341247559e-01 -1.200558170676231384e-01 2.686045467853546143e-01 -2.065387815237045288e-01 1.418421268463134766e-01 1.462229341268539429e-01 9.569960236549377441e-01
6.800107359886169434e-01 -1.231843903660774231e-01 2.733305096626281738e-01 -2.007356882095336914e-01 1.430110484361648560e-01 1.419342607259750366e-01 9.587010145187377930e-01
7.016632556915283203e-01 -1.260600686073303223e-01 2.778542339801788330e-01 -1.951478570699691772e-01 1.441780775785446167e-01 1.390638500452041626e-01 9.600995182991027832e-01
7.251684069633483887e-01 -1.290544569492340088e-01 2.822555899620056152e-01 -1.896095126867294312e-01 1.450573205947875977e-01 1.376252174377441406e-01 9.612835049629211426e-01
7.505589723587036133e-01 -1.320446431636810303e-01 2.868660092353820801e-01 -1.844838410615921021e-01 1.463513821363449097e-01 1.380040347576141357e-01 9.620300531387329102e-01
7.779809832572937012e-01 -1.348944902420043945e-01 2.913972735404968262e-01 -1.800240576267242432e-01 1.476573348045349121e-01 1.412959992885589600e-01 9.621974825859069824e-01
8.074305653572082520e-01 -1.366507112979888916e-01 2.967808246612548828e-01 -1.769636720418930054e-01 1.494161635637283325e-01 1.476415842771530151e-01 9.615408182144165039e-01
8.390807509422302246e-01 -1.371141225099563599e-01 3.015170395374298096e-01 -1.740775704383850098e-01 1.446765810251235962e-01 1.575565487146377563e-01 9.612188339233398438e-01
8.726723790168762207e-01 -1.369086354970932007e-01 3.071583509445190430e-01 -1.721156388521194458e-01 1.400542110204696655e-01 1.711270213127136230e-01 9.599356651306152344e-01
9.081639647483825684e-01 -1.356287598609924316e-01 3.132272362709045410e-01 -1.714905053377151489e-01 1.350832879543304443e-01 1.879783868789672852e-01 9.576050043106079102e-01
9.454028606414794922e-01 -1.330417245626449585e-01 3.198178112506866455e-01 -1.711518019437789917e-01 1.303653866052627563e-01 2.077690958976745605e-01 9.542242884635925293e-01
9.842640161514282227e-01 -1.289610713720321655e-01 3.266054093837738037e-01 -1.708786189556121826e-01 1.257101446390151978e-01 2.305376082658767700e-01 9.496577382087707520e-01
1.024694800376892090e+00 -1.239391863346099854e-01 3.336421549320220947e-01 -1.709728240966796875e-01 1.212946325540542603e-01 2.550390064716339111e-01 9.439337849617004395e-01
1.058683276176452637e+00 -1.172577142715454102e-01 3.383996188640594482e-01 -1.711901277303695679e-01 1.159612461924552917e-01 2.807879745960235596e-01 9.372326731681823730e-01
1.086112499237060547e+00 -1.103472784161567688e-01 3.420197069644927979e-01 -1.717375367879867554e-01 1.112831830978393555e-01 3.074640333652496338e-01 9.292942881584167480e-01
1.106715202331542969e+00 -1.023980006575584412e-01 3.424254059791564941e-01 -1.714739054441452026e-01 1.060899049043655396e-01 3.329543471336364746e-01 9.211313724517822266e-01
1.119450569152832031e+00 -9.351967275142669678e-02 3.426117897033691406e-01 -1.713741719722747803e-01 1.023173555731773376e-01 3.571199178695678711e-01 9.124841094017028809e-01
1.125491738319396973e+00 -8.663662523031234741e-02 3.429286479949951172e-01 -1.718131303787231445e-01 9.948617964982986450e-02 3.829864859580993652e-01 9.021662473678588867e-01
1.131198883056640625e+00 -8.030690997838973999e-02 3.427236676216125488e-01 -1.712865978479385376e-01 9.656894952058792114e-02 4.087771177291870117e-01 8.911995291709899902e-01
1.135874152183532715e+00 -7.402135431766510010e-02 3.427605628967285156e-01 -1.712778508663177490e-01 9.465000033378601074e-02 4.333165287971496582e-01 8.797397017478942871e-01
1.139720201492309570e+00 -6.809515506029129028e-02 3.428435921669006348e-01 -1.712332367897033691e-01 9.284500777721405029e-02 4.562531411647796631e-01 8.682695031166076660e-01
1.143255949020385742e+00 -6.289664655923843384e-02 3.426391184329986572e-01 -1.713485419750213623e-01 9.139348566532135010e-02 4.783154726028442383e-01 8.564468026161193848e-01
1.145302057266235352e+00 -5.787151679396629333e-02 3.424020707607269287e-01 -1.711144745349884033e-01 9.042517840862274170e-02 4.973658621311187744e-01 8.456773757934570312e-01
1.147255301475524902e+00 -5.377932637929916382e-02 3.422077596187591553e-01 -1.713217794895172119e-01 9.054712951183319092e-02 5.144182443618774414e-01 8.353585004806518555e-01
1.147987723350524902e+00 -5.020486563444137573e-02 3.420037925243377686e-01 -1.715342104434967041e-01 9.154500067234039307e-02 5.286731123924255371e-01 8.262566924095153809e-01
1.151937723159790039e+00 -4.601045697927474976e-02 3.428368866443634033e-01 -1.722517311573028564e-01 9.379101544618606567e-02 5.395769476890563965e-01 8.187729716300964355e-01
1.158896088600158691e+00 -4.070775583386421204e-02 3.437546789646148682e-01 -1.741092354059219360e-01 9.749386459589004517e-02 5.471037030220031738e-01 8.129320144653320312e-01
1.261028170585632324e+00 9.924733638763427734e-02 3.655160963535308838e-01 -2.252857983112335205e-01 1.039092838764190674e-01 5.910345911979675293e-01 7.675462365150451660e-01
1.344446539878845215e+00 2.350770682096481323e-01 3.796484172344207764e-01 -2.760497629642486572e-01 1.108596920967102051e-01 6.296579241752624512e-01 7.176611423492431641e-01
1.407681465148925781e+00 3.651371300220489502e-01 3.847443759441375732e-01 -3.254339098930358887e-01 1.166230514645576477e-01 6.647674441337585449e-01 6.622506976127624512e-01
1.451737284660339355e+00 4.866284430027008057e-01 3.821205198764801025e-01 -3.723233938217163086e-01 1.213009655475616455e-01 6.942626237869262695e-01 6.038714647293090820e-01
1.479434251785278320e+00 5.965083241462707520e-01 3.726451098918914795e-01 -4.140935838222503662e-01 1.248267069458961487e-01 7.163315415382385254e-01 5.475525856018066406e-01
1.494434833526611328e+00 6.924053430557250977e-01 3.585648834705352783e-01 -4.512383043766021729e-01 1.269007325172424316e-01 7.317191958427429199e-01 4.948405027389526367e-01
1.500068306922912598e+00 7.728188037872314453e-01 3.416107892990112305e-01 -4.840033352375030518e-01 1.283614486455917358e-01 7.412044405937194824e-01 4.470794200897216797e-01
1.499835133552551270e+00 8.369042277336120605e-01 3.234078586101531982e-01 -5.121234059333801270e-01 1.289243400096893311e-01 7.453154325485229492e-01 4.069557785987854004e-01
1.497025370597839355e+00 8.848479986190795898e-01 3.067924380302429199e-01 -5.356264710426330566e-01 1.280276030302047729e-01 7.460759282112121582e-01 3.742777705192565918e-01
1.493558049201965332e+00 9.170773029327392578e-01 2.938594222068786621e-01 -5.507516264915466309e-01 1.231243163347244263e-01 7.469276785850524902e-01 3.515850901603698730e-01
1.491087913513183594e+00 9.341527223587036133e-01 2.857064604759216309e-01 -5.576823949813842773e-01 1.142832413315773010e-01 7.485750317573547363e-01 3.399486541748046875e-01
1.489432334899902344e+00 9.445222616195678711e-01 2.800605297088623047e-01 -5.626107454299926758e-01 1.059005409479141235e-01 7.480756640434265137e-01 3.356144726276397705e-01
1.487708210945129395e+00 9.561856389045715332e-01 2.739372253417968750e-01 -5.664824843406677246e-01 9.834315627813339233e-02 7.457067370414733887e-01 3.366713523864746094e-01
1.486230492591857910e+00 9.693713188171386719e-01 2.671776115894317627e-01 -5.699008703231811523e-01 9.194801002740859985e-02 7.416408061981201172e-01 3.416539430618286133e-01
1.485390663146972656e+00 9.844368100166320801e-01 2.600189745426177979e-01 -5.728331208229064941e-01 8.696784824132919312e-02 7.363176345825195312e-01 3.494783043861389160e-01
1.485784173011779785e+00 1.001458406448364258e+00 2.523495256900787354e-01 -5.750328898429870605e-01 8.383756875991821289e-02 7.299343943595886230e-01 3.598668575286865234e-01
1.487050771713256836e+00 1.020577669143676758e+00 2.443010360002517700e-01 -5.767377018928527832e-01 8.194846659898757935e-02 7.226539850234985352e-01 3.720609247684478760e-01
1.488956570625305176e+00 1.042030334472656250e+00 2.361444234848022461e-01 -5.777951478958129883e-01 8.092647790908813477e-02 7.146824598312377930e-01 3.857883214950561523e-01
1.492093086242675781e+00 1.065702438354492188e+00 2.274609953165054321e-01 -5.780888795852661133e-01 8.067256957292556763e-02 7.062299847602844238e-01 4.006797671318054199e-01
1.496400237083435059e+00 1.091673135757446289e+00 2.181348055601119995e-01 -5.776608586311340332e-01 8.150124549865722656e-02 6.974325776100158691e-01 4.162368774414062500e-01
1.501627802848815918e+00 1.120063424110412598e+00 2.080020159482955933e-01 -5.760629773139953613e-01 8.402936905622482300e-02 6.888993978500366211e-01 4.318657815456390381e-01
1.507510423660278320e+00 1.150992870330810547e+00 1.967786401510238647e-01 -5.736817717552185059e-01 8.774774521589279175e-02 6.808087825775146484e-01 4.468657076358795166e-01
1.514925599098205566e+00 1.184464454650878906e+00 1.844975501298904419e-01 -5.705080628395080566e-01 9.257417172193527222e-02 6.735458970069885254e-01 4.607455134391784668e-01
1.524314880371093750e+00 1.220643997192382812e+00 1.715070903301239014e-01 -5.663356781005859375e-01 9.840601682662963867e-02 6.675496697425842285e-01 4.732414782047271729e-01
1.534644365310668945e+00 1.259648084640502930e+00 1.569294780492782593e-01 -5.617259740829467773e-01 1.046590209007263184e-01 6.628859043121337891e-01 4.838312864303588867e-01
1.546132087707519531e+00 1.301298141479492188e+00 1.399997770786285400e-01 -5.566405057907104492e-01 1.117443218827247620e-01 6.598887443542480469e-01 4.921497702598571777e-01
1.558807730674743652e+00 1.345892786979675293e+00 1.210670322179794312e-01 -5.514191985130310059e-01 1.196586042642593384e-01 6.586558222770690918e-01 4.977862834930419922e-01
1.572403788566589355e+00 1.393543958663940430e+00 9.982058405876159668e-02 -5.464233756065368652e-01 1.287529617547988892e-01 6.599298119544982910e-01 4.993363320827484131e-01
1.585350036621093750e+00 1.444710969924926758e+00 7.597804069519042969e-02 -5.420155525207519531e-01 1.388883441686630249e-01 6.644693017005920410e-01 4.953883588314056396e-01
1.596567511558532715e+00 1.499116539955139160e+00 4.849045723676681519e-02 -5.339601039886474609e-01 1.461698114871978760e-01 6.755783557891845703e-01 4.869443178176879883e-01
1.605399727821350098e+00 1.556978821754455566e+00 1.786098070442676544e-02 -5.217152833938598633e-01 1.507303267717361450e-01 6.932643055915832520e-01 4.737912714481353760e-01
1.611084580421447754e+00 1.618562221527099609e+00 -1.511352695524692535e-02 -5.090224742889404297e-01 1.560867875814437866e-01 7.148112654685974121e-01 4.534069597721099854e-01
1.612417459487915039e+00 1.683342099189758301e+00 -5.070352181792259216e-02 -4.956211745738983154e-01 1.617819666862487793e-01 7.386855483055114746e-01 4.272350668907165527e-01
1.608358740806579590e+00 1.750578045845031738e+00 -8.915627002716064453e-02 -4.806907474994659424e-01 1.692097038030624390e-01 7.643446326255798340e-01 3.950718343257904053e-01
1.598485469818115234e+00 1.819570302963256836e+00 -1.304140239953994751e-01 -4.643062353134155273e-01 1.775469332933425903e-01 7.904844880104064941e-01 3.578142225742340088e-01
1.582978129386901855e+00 1.882118821144104004e+00 -1.712239980697631836e-01 -4.461179375648498535e-01 1.855484396219253540e-01 8.163227438926696777e-01 3.164928257465362549e-01
1.563560843467712402e+00 1.930995702743530273e+00 -2.067096829414367676e-01 -4.263257980346679688e-01 1.928817480802536011e-01 8.410121202468872070e-01 2.715539336204528809e-01
1.542476415634155273e+00 1.965583920478820801e+00 -2.368126213550567627e-01 -4.052121639251708984e-01 2.004596143960952759e-01 8.629232048988342285e-01 2.257931977510452271e-01
1.520486593246459961e+00 1.985452175140380859e+00 -2.596661150455474854e-01 -3.840141296386718750e-01 2.075043022632598877e-01 8.812361359596252441e-01 1.813777387142181396e-01
1.501250147819519043e+00 1.993985533714294434e+00 -2.722255885601043701e-01 -3.640017211437225342e-01 2.148456871509552002e-01 8.962628245353698730e-01 1.343758106231689453e-01
1.485743284225463867e+00 1.997452497482299805e+00 -2.799752950668334961e-01 -3.427447974681854248e-01 2.228016257286071777e-01 9.087025523185729980e-01 8.452841639518737793e-02
1.470843315124511719e+00 1.999242544174194336e+00 -2.864463627338409424e-01 -3.211769163608551025e-01 2.305225282907485962e-01 9.178650379180908203e-01 3.505042940378189087e-02
1.456703186035156250e+00 1.999551415443420410e+00 -2.911106646060943604e-01 -3.008567988872528076e-01 2.369459420442581177e-01 9.236743450164794922e-01 -1.294403150677680969e-02
1.443903207778930664e+00 1.998872160911560059e+00 -2.948122322559356689e-01 -2.808885276317596436e-01 2.423619776964187622e-01 9.267501831054687500e-01 -5.913003161549568176e-02
1.432667613029479980e+00 1.996838450431823730e+00 -2.972916066646575928e-01 -2.625017762184143066e-01 2.473353743553161621e-01 9.270823597908020020e-01 -1.021577641367912292e-01
1.423188924789428711e+00 1.994113922119140625e+00 -2.985861003398895264e-01 -2.467301487922668457e-01 2.514968812465667725e-01 9.252547621726989746e-01 -1.406311392784118652e-01
1.415594935417175293e+00 1.991187095642089844e+00 -2.990421056747436523e-01 -2.343492358922958374e-01 2.551262676715850830e-01 9.216095209121704102e-01 -1.750055104494094849e-01
1.406660556793212891e+00 1.989691138267517090e+00 -2.999198436737060547e-01 -2.260448187589645386e-01 2.584271728992462158e-01 9.168131947517395020e-01 -2.038939744234085083e-01
1.392635822296142578e+00 1.990810871124267578e+00 -3.036306798458099365e-01 -2.233283668756484985e-01 2.599527835845947266e-01 9.116693735122680664e-01 -2.267329394817352295e-01
