8.510282635688781738e-02 3.230375424027442932e-02 7.842718623578548431e-03 -1.280910801142454147e-02 2.266128140036016703e-04 -8.577450353186577559e-05 9.999179244041442871e-01
7.706712186336517334e-02 3.289468213915824890e-02 -2.190260915085673332e-03 -1.407436840236186981e-02 -2.623422536998987198e-03 -2.443125704303383827e-03 9.998944997787475586e-01
6.144256889820098877e-02 3.819660097360610962e-02 -2.393538691103458405e-02 -1.244500093162059784e-02 -8.333195000886917114e-03 -6.624609697610139847e-03 9.998658895492553711e-01
5.885444581508636475e-02 2.948567830026149750e-02 -1.896438002586364746e-02 -1.494172215461730957e-02 -7.344190031290054321e-03 -5.478699225932359695e-03 9.998463988304138184e-01
5.372466519474983215e-02 2.515092864632606506e-02 -1.312784850597381592e-02 -1.572987809777259827e-02 -5.428417585790157318e-03 -5.236255936324596405e-03 9.998478293418884277e-01
4.966145381331443787e-02 1.657291874289512634e-02 -7.975742220878601074e-03 -1.535513717681169510e-02 -3.481879364699125290e-03 -3.579392330721020699e-03 9.998696446418762207e-01
4.246884956955909729e-02 1.507862936705350876e-02 -2.246384508907794952e-03 -1.405842136591672897e-02 -8.555769454687833786e-04 -3.765888977795839310e-03 9.998937249183654785e-01
3.524320945143699646e-02 1.199028361588716507e-02 -1.390647375956177711e-03 -1.316860597580671310e-02 -6.543119525304064155e-05 -3.674781648442149162e-03 9.999065399169921875e-01
2.755462937057018280e-02 1.016034185886383057e-02 2.300407650182023644e-04 -1.021834276616573334e-02 9.104508208110928535e-04 -4.332322627305984497e-03 9.999380111694335938e-01
1.997536420822143555e-02 7.783308159559965134e-03 7.627491140738129616e-04 -8.675742894411087036e-03 1.822925754822790623e-03 -4.202086944133043289e-03 9.999518990516662598e-01
1.276797987520694733e-02 3.278800053521990776e-03 2.691389294341206551e-03 -7.504574954509735107e-03 -5.539325065910816193e-04 -2.562532899901270866e-03 9.999684095382690430e-01
5.042040720582008362e-03 2.446962287649512291e-03 8.352487930096685886e-04 -5.616730079054832458e-03 -4.373846750240772963e-04 -2.675501396879553795e-03 9.999805688858032227e-01
5.719210952520370483e-03 1.877572038210928440e-03 1.770107075572013855e-03 -2.881994238123297691e-03 -1.992484467336907983e-04 -4.799597896635532379e-03 9.999843239784240723e-01
6.373652722686529160e-03 -1.269970322027802467e-03 2.660178812220692635e-03 -5.851566093042492867e-04 -4.045708046760410070e-04 -5.771603435277938843e-03 9.999830722808837891e-01
6.955865304917097092e-03 -2.945883665233850479e-03 2.227009274065494537e-03 1.305807498283684254e-03 -4.109033616259694099e-04 -7.552263326942920685e-03 9.999705553054809570e-01
7.795709185302257538e-03 -2.758861519396305084e-03 3.094019368290901184e-03 2.237081062048673630e-03 -4.031891876365989447e-04 -8.765649981796741486e-03 9.999589920043945312e-01
8.850482292473316193e-03 -2.777114510536193848e-03 3.303439589217305183e-03 3.201920073479413986e-03 -2.881299587897956371e-04 -1.002397108823060989e-02 9.999445676803588867e-01
9.727135300636291504e-03 -2.901692176237702370e-03 4.073118325322866440e-03 3.825743915513157845e-03 3.387815741007216275e-05 -1.066278573125600815e-02 9.999358057975769043e-01
1.048955321311950684e-02 -4.159793723374605179e-03 4.349166527390480042e-03 4.785876721143722534e-03 -1.552360918140038848e-04 -1.086954399943351746e-02 9.999294877052307129e-01
1.173624116927385330e-02 -4.293706733733415604e-03 4.598777741193771362e-03 5.952761042863130569e-03 -4.020089909317903221e-05 -1.157178543508052826e-02 9.999153017997741699e-01
1.300180424004793167e-02 -4.548681434243917465e-03 4.879022948443889618e-03 6.805256474763154984e-03 -2.358467900194227695e-04 -1.201573666185140610e-02 9.999046325683593750e-01
1.477192807942628860e-02 -4.731305874884128571e-03 3.850664244964718819e-03 9.067635051906108856e-03 -8.435742347501218319e-04 -1.208202727138996124e-02 9.998855590820312500e-01
1.630453020334243774e-02 -4.044280387461185455e-03 4.699005279690027237e-03 9.143158793449401855e-03 -7.076151086948812008e-04 -1.216473896056413651e-02 9.998839497566223145e-01
1.768109202384948730e-02 -4.463880322873592377e-03 5.239089950919151306e-03 9.872855618596076965e-03 -6.820850539952516556e-04 -1.090989541262388229e-02 9.998915195465087891e-01
1.887950114905834198e-02 -5.558475386351346970e-03 6.079475861042737961e-03 9.731999598443508148e-03 -3.039995499420911074e-04 -8.630082011222839355e-03 9.999153614044189453e-01
2.018794044852256775e-02 -6.949464790523052216e-03 6.450398359447717667e-03 9.962602518498897552e-03 -5.466424627229571342e-04 -6.050432100892066956e-03 9.999319314956665039e-01
2.174475602805614471e-02 -7.227419875562191010e-03 7.468463387340307236e-03 9.205445647239685059e-03 -2.752485452219843864e-04 -3.841830417513847351e-03 9.999502301216125488e-01
2.327501773834228516e-02 -8.604654110968112946e-03 7.686529774218797684e-03 8.703561499714851379e-03 -9.084847988560795784e-04 -1.834328519180417061e-03 9.999600052833557129e-01
2.462117746472358704e-02 -9.427563287317752838e-03 9.245708584785461426e-03 7.383876014500856400e-03 -7.366248173639178276e-04 -1.358167646685615182e-04 9.999724626541137695e-01
2.587879076600074768e-02 -9.582341648638248444e-03 1.170864794403314590e-02 4.948080983012914658e-03 -3.933141415473073721e-04 1.474992837756872177e-03 9.999865889549255371e-01
2.660188265144824982e-02 -9.271962568163871765e-03 1.518330723047256470e-02 1.457649283111095428e-03 -2.481465227901935577e-03 1.216788426972925663e-03 9.999951124191284180e-01
2.836908772587776184e-02 -9.165168739855289459e-03 1.647150516510009766e-02 7.611932232975959778e-04 -2.168796025216579437e-03 2.614940516650676727e-03 9.999939203262329102e-01
3.031367622315883636e-02 -8.928402327001094818e-03 1.730074733495712280e-02 4.368979134596884251e-04 -2.979903714731335640e-03 3.723615780472755432e-03 9.999885559082031250e-01
3.258756175637245178e-02 -9.584553539752960205e-03 1.680712774395942688e-02 5.403904942795634270e-04 -2.928868867456912994e-03 3.536411793902516365e-03 9.999893307685852051e-01
3.460323065519332886e-02 -8.015722967684268951e-03 1.765130646526813507e-02 1.848764804890379310e-04 -3.135803388431668282e-03 2.967418637126684189e-03 9.999906420707702637e-01
3.601060435175895691e-02 -8.990700356662273407e-03 1.817819289863109589e-02 -2.539955894462764263e-04 -3.259997814893722534e-03 4.017496947199106216e-03 9.999865889549255371e-01
3.031247854232788086e-02 -3.469407325610518456e-03 1.705519855022430420e-02 -7.497477927245199680e-04 -2.566413488239049911e-03 4.588669165968894958e-03 9.999858736991882324e-01
2.517368085682392120e-02 3.258795011788606644e-03 1.295614615082740784e-02 -2.554192615207284689e-04 -3.085109870880842209e-03 5.175875499844551086e-03 9.999818205833435059e-01
1.998351700603961945e-02 1.795211108401417732e-03 8.987179957330226898e-03 -9.867979679256677628e-04 -5.007657222449779510e-03 8.836481720209121704e-03 9.999479055404663086e-01
1.496471371501684189e-02 -1.577091286890208721e-03 3.615749534219503403e-03 -1.860491931438446045e-03 -7.322453428059816360e-03 1.261212117969989777e-02 9.998919367790222168e-01
8.446290157735347748e-03 -2.505013952031731606e-03 2.509912243112921715e-03 -2.229507081210613251e-03 -7.035188376903533936e-03 1.509835105389356613e-02 9.998587965965270996e-01
8.058031089603900909e-03 -1.547912601381540298e-03 2.314841374754905701e-03 -2.057434758171439171e-03 -7.213382516056299210e-03 1.599531807005405426e-02 9.998439550399780273e-01
7.675027009099721909e-03 6.672585150226950645e-04 1.369079458527266979e-03 -1.926601515151560307e-03 -6.685225758701562881e-03 1.551043055951595306e-02 9.998555183410644531e-01
6.553038023412227631e-03 -2.097208285704255104e-03 1.651521422900259495e-03 -1.648677513003349304e-03 -5.668395198881626129e-03 1.495803892612457275e-02 9.998707175254821777e-01
5.696665029972791672e-03 -2.112788846716284752e-03 1.565415528602898121e-03 -1.749738468788564205e-03 -4.960853140801191330e-03 1.451317220926284790e-02 9.998808503150939941e-01
4.660133272409439087e-03 -2.454511821269989014e-03 1.277192146517336369e-03 -1.685355324298143387e-03 -3.954000305384397507e-03 1.349558960646390915e-02 9.998996853828430176e-01
3.976812586188316345e-03 -1.873352797701954842e-03 1.131900819018483162e-03 -1.461122883483767509e-03 -2.766686957329511642e-03 1.159164123237133026e-02 9.999279379844665527e-01
3.306118771433830261e-03 -1.482719671912491322e-03 2.015162317547947168e-04 -1.630347920581698418e-03 -1.865948899649083614e-03 1.015373971313238144e-02 9.999454021453857422e-01
5.321565549820661545e-03 -2.391160000115633011e-03 3.287756726422230713e-06 -4.201958072371780872e-04 -6.672820891253650188e-04 7.249624002724885941e-03 9.999734163284301758e-01
7.994779385626316071e-03 -3.517024917528033257e-03 1.180118881165981293e-03 1.125617185607552528e-03 2.755011955741792917e-04 2.749758772552013397e-03 9.999955296516418457e-01
1.721980720758438110e-01 3.194061294198036194e-02 4.194049630314111710e-03 -1.813194341957569122e-02 -1.885214238427579403e-03 3.885858226567506790e-03 9.998262524604797363e-01
1.380735486745834351e-01 8.034680038690567017e-02 9.387841448187828064e-03 -1.318533252924680710e-02 -3.539233235642313957e-03 -7.421247195452451706e-03 9.998792409896850586e-01
1.263560354709625244e-01 6.840192526578903198e-02 -1.719276420772075653e-02 -1.954006962478160858e-02 -8.027149364352226257e-03 -8.181893266737461090e-03 9.997433423995971680e-01
1.101727709174156189e-01 5.390995368361473083e-02 -4.078736156225204468e-02 -2.537890337407588959e-02 -1.082792691886425018e-02 -9.898001328110694885e-03 9.995702505111694336e-01
1.036199033260345459e-01 3.744091093540191650e-02 -2.813520841300487518e-02 -2.623888291418552399e-02 -7.392987143248319626e-03 -7.950653322041034698e-03 9.995967149734497070e-01
9.073437005281448364e-02 3.250308707356452942e-02 -1.817459054291248322e-02 -2.523604966700077057e-02 -4.386187996715307236e-03 -9.271827526390552521e-03 9.996289014816284180e-01
7.567238807678222656e-02 3.152089193463325500e-02 -8.101257495582103729e-03 -2.320514619350433350e-02 -1.174445846118032932e-03 -1.038661878556013107e-02 9.996760487556457520e-01
6.113139912486076355e-02 2.641010656952857971e-02 -1.950142788700759411e-03 -1.972582004964351654e-02 1.486954279243946075e-03 -1.042293291538953781e-02 9.997500181198120117e-01
4.609753191471099854e-02 2.131188847124576569e-02 1.842322410084307194e-03 -1.667588949203491211e-02 3.226502100005745888e-03 -9.803054854273796082e-03 9.998076558113098145e-01
3.205337375402450562e-02 1.374305225908756256e-02 -1.312849228270351887e-03 -1.565246656537055969e-02 8.677800360601395369e-05 -7.133734878152608871e-03 9.998520612716674805e-01
1.796832494437694550e-02 6.360215134918689728e-03 -9.102339390665292740e-04 -1.396608632057905197e-02 -2.433111891150474548e-03 -4.839518573135137558e-03 9.998878240585327148e-01
9.762333706021308899e-03 6.512837950140237808e-03 2.103624632582068443e-03 -8.017239160835742950e-03 -8.147538173943758011e-04 -7.234003860503435135e-03 9.999413490295410156e-01
1.167001668363809586e-02 4.644264001399278641e-03 4.329088609665632248e-03 -3.708309726789593697e-03 -2.540229179430752993e-04 -1.015225704759359360e-02 9.999415278434753418e-01
1.368714123964309692e-02 2.341034123674035072e-03 5.377972498536109924e-03 -3.536311851348727942e-04 -6.344416760839521885e-04 -1.388124749064445496e-02 9.999033808708190918e-01
1.487447228282690048e-02 -2.689713612198829651e-03 7.101727183908224106e-03 2.344260690733790398e-03 -5.952403807896189392e-05 -1.549402996897697449e-02 9.998772144317626953e-01
1.669398695230484009e-02 -2.255202969536185265e-03 8.058456704020500183e-03 3.780187573283910751e-03 1.384232928103301674e-05 -1.815292425453662872e-02 9.998281002044677734e-01
1.844200678169727325e-02 -3.141373395919799805e-03 9.052588604390621185e-03 5.067490972578525543e-03 3.617410256993025541e-04 -2.014517411589622498e-02 9.997841715812683105e-01
2.059139683842658997e-02 -2.443270990625023842e-03 1.002009492367506027e-02 6.920708809047937393e-03 9.639593190513551235e-05 -2.202439121901988983e-02 9.997334480285644531e-01
2.346691675484180450e-02 -2.535105450078845024e-03 9.406908415257930756e-03 8.918236941099166870e-03 -4.470743006095290184e-04 -2.380244806408882141e-02 9.996768236160278320e-01
2.616289630532264709e-02 -2.679332625120878220e-03 9.398587048053741455e-03 9.909463115036487579e-03 -2.802552771754562855e-04 -2.489434368908405304e-02 9.996409416198730469e-01
2.863276004791259766e-02 -5.074825137853622437e-03 9.508819319307804108e-03 1.220027264207601547e-02 -1.280180877074599266e-03 -2.408653125166893005e-02 9.996346235275268555e-01
3.146886080503463745e-02 -6.682354491204023361e-03 9.069737978279590607e-03 1.377500128000974655e-02 -1.645419280976057053e-03 -2.339659444987773895e-02 9.996299743652343750e-01
3.471332415938377380e-02 -5.943673197180032730e-03 9.263629093766212463e-03 1.573894359171390533e-02 -2.293093828484416008e-03 -2.245444059371948242e-02 9.996213316917419434e-01
3.812939301133155823e-02 -4.705686122179031372e-03 9.480439126491546631e-03 1.737869344651699066e-02 -2.008171519264578819e-03 -2.058597840368747711e-02 9.996350407600402832e-01
4.104411974549293518e-02 -8.942338638007640839e-03 8.714172989130020142e-03 1.905562914907932281e-02 -2.304188907146453857e-03 -1.529816631227731705e-02 9.996986985206604004e-01
4.346506297588348389e-02 -1.425631623715162277e-02 7.800924591720104218e-03 2.036522701382637024e-02 -3.396098734810948372e-03 -9.892205707728862762e-03 9.997379183769226074e-01
4.631075263023376465e-02 -1.657629944384098053e-02 9.398925118148326874e-03 1.928352378308773041e-02 -3.183010965585708618e-03 -5.713146179914474487e-03 9.997926950454711914e-01
4.866486415266990662e-02 -1.996311731636524200e-02 1.183675415813922882e-02 1.657134294509887695e-02 -2.429539570584893227e-03 -6.575857987627387047e-04 9.998595118522644043e-01
5.165344849228858948e-02 -1.820049993693828583e-02 1.883587427437305450e-02 1.175808906555175781e-02 -1.367201766697689891e-04 1.119357999414205551e-03 9.999302625656127930e-01
5.361332371830940247e-02 -1.792692393064498901e-02 2.540873177349567413e-02 5.145700182765722275e-03 -2.169591607525944710e-03 2.750198123976588249e-03 9.999806284904479980e-01
5.650391057133674622e-02 -1.585720106959342957e-02 3.033254295587539673e-02 2.280617132782936096e-03 -4.667824134230613708e-03 2.556247636675834656e-03 9.999832510948181152e-01
6.064100563526153564e-02 -1.478407438844442368e-02 3.187866881489753723e-02 1.546701183542609215e-03 -4.645687993615865707e-03 4.346334375441074371e-03 9.999785423278808594e-01
6.510761380195617676e-02 -1.474728807806968689e-02 3.175510093569755554e-02 1.600382965989410877e-03 -5.570281762629747391e-03 5.434757564216852188e-03 9.999684095382690430e-01
6.880399584770202637e-02 -1.724196597933769226e-02 3.137648478150367737e-02 1.195745775476098061e-03 -5.881911609321832657e-03 5.622426513582468033e-03 9.999662041664123535e-01
7.290349155664443970e-02 -1.864814758300781250e-02 2.994880266487598419e-02 4.187957674730569124e-04 -7.572141010314226151e-03 6.821733899414539337e-03 9.999479651451110840e-01
6.998021155595779419e-02 -9.682475589215755463e-03 2.876234799623489380e-02 -2.522232243791222572e-04 -6.871348712593317032e-03 6.245239172130823135e-03 9.999568462371826172e-01
5.775091052055358887e-02 5.625678459182381630e-04 2.626281045377254486e-02 4.258445551386103034e-05 -6.656644865870475769e-03 9.093816392123699188e-03 9.999365210533142090e-01
4.772773757576942444e-02 6.528574973344802856e-03 1.505064498633146286e-02 -9.997347369790077209e-04 -1.122539304196834564e-02 1.497185137122869492e-02 9.998244047164916992e-01
3.465659171342849731e-02 1.313741132616996765e-02 5.187335889786481857e-03 -1.866921898908913136e-03 -1.625410653650760651e-02 1.872849836945533752e-02 9.996907114982604980e-01
1.758939400315284729e-02 1.683525182306766510e-02 2.790189813822507858e-03 -1.824231818318367004e-03 -1.508908811956644058e-02 2.385790646076202393e-02 9.995998144149780273e-01
8.556163869798183441e-03 1.539898291230201721e-02 1.486748806200921535e-03 -7.996230269782245159e-04 -1.342129055410623550e-02 2.728425897657871246e-02 9.995372891426086426e-01
9.503654204308986664e-03 1.320910546928644180e-02 1.510777277871966362e-03 -1.141918706707656384e-03 -1.280060224235057831e-02 2.781871147453784943e-02 9.995303750038146973e-01
5.506030749529600143e-03 1.383394282311201096e-02 3.183246881235390902e-04 -4.853371647186577320e-04 -1.133516617119312286e-02 2.741126716136932373e-02 9.995598793029785156e-01
8.287606760859489441e-03 1.033546496182680130e-02 1.578958705067634583e-03 -1.371914520859718323e-03 -1.057042274624109268e-02 2.788390219211578369e-02 9.995543360710144043e-01
6.793105509132146835e-03 9.452238678932189941e-03 1.017478527501225471e-03 -1.097310101613402367e-03 -9.172206744551658630e-03 2.749276347458362579e-02 9.995793104171752930e-01
7.549175992608070374e-03 6.284446921199560165e-03 1.568097621202468872e-03 -1.665735850110650063e-03 -7.249842397868633270e-03 2.602462284266948700e-02 9.996336102485656738e-01
7.702799048274755478e-03 2.336759818717837334e-03 1.283841091208159924e-03 -1.293576322495937347e-03 -4.999063909053802490e-03 2.371868863701820374e-02 9.997053146362304688e-01
9.050031192600727081e-03 -1.632470957702025771e-04 9.502529865130782127e-04 -8.072323980741202831e-04 -2.991712419316172600e-03 1.885197125375270844e-02 9.998174905776977539e-01
1.423055212944746017e-02 -2.957283752039074898e-03 -6.787534803152084351e-04 5.405681440606713295e-04 -5.919469404034316540e-04 9.955014102160930634e-03 9.999501109123229980e-01
