0.000000000000000000e+00 0.000000000000000000e+00 0.000000000000000000e+00 -1.028344076559051246e-14 -3.921862834488365479e-14 -1.995244247599003984e-12 9.999998807907104492e-01
8.946201950311660767e-02 1.788344606757164001e-02 3.910887520760297775e-03 -1.107171736657619476e-02 -1.538079231977462769e-04 2.131737535819411278e-03 9.999363422393798828e-01
1.678321063518524170e-01 4.595986753702163696e-02 8.067606016993522644e-03 -1.987234503030776978e-02 -1.486090011894702911e-03 1.674080383963882923e-03 9.998000264167785645e-01
2.299281209707260132e-01 8.997876942157745361e-02 4.925909452140331268e-04 -2.774699218571186066e-02 -5.784949287772178650e-03 -4.302322398871183395e-03 9.995889663696289062e-01
2.904500365257263184e-01 1.165931597352027893e-01 -1.799520663917064667e-02 -4.056144505739212036e-02 -1.144195627421140671e-02 -8.236031979322433472e-03 9.990775585174560547e-01
3.434861600399017334e-01 1.391622871160507202e-01 -3.672785684466362000e-02 -5.416201800107955933e-02 -1.660305075347423553e-02 -1.340730208903551102e-02 9.983041286468505859e-01
3.942452669143676758e-01 1.519690454006195068e-01 -4.693424329161643982e-02 -6.769464164972305298e-02 -1.961449906229972839e-02 -1.692493632435798645e-02 9.973696470260620117e-01
4.363145232200622559e-01 1.667503267526626587e-01 -5.262447521090507507e-02 -8.003516495227813721e-02 -2.090116776525974274e-02 -2.213618159294128418e-02 9.963270425796508789e-01
4.715195596218109131e-01 1.787876188755035400e-01 -5.546252056956291199e-02 -9.143733233213424683e-02 -2.098776958882808685e-02 -2.714229002594947815e-02 9.952195286750793457e-01
4.989650845527648926e-01 1.891124397516250610e-01 -5.547111853957176208e-02 -1.002465337514877319e-01 -1.991510763764381409e-02 -3.250799700617790222e-02 9.942320585250854492e-01
5.189732313156127930e-01 1.969627439975738525e-01 -5.619476735591888428e-02 -1.081302985548973083e-01 -1.840884797275066376e-02 -3.734035044908523560e-02 9.932646155357360840e-01
5.320231914520263672e-01 1.998282223939895630e-01 -5.632158368825912476e-02 -1.158411800861358643e-01 -1.966037787497043610e-02 -3.982144966721534729e-02 9.922742843627929688e-01
5.371386408805847168e-01 2.022270560264587402e-01 -5.671222135424613953e-02 -1.215073242783546448e-01 -2.050556614995002747e-02 -4.237946495413780212e-02 9.914733171463012695e-01
5.425783395767211914e-01 2.051654756069183350e-01 -5.533836409449577332e-02 -1.240325272083282471e-01 -2.098913677036762238e-02 -4.697062447667121887e-02 9.909434318542480469e-01
5.490567684173583984e-01 2.064364552497863770e-01 -5.279982835054397583e-02 -1.248666048049926758e-01 -2.200336754322052002e-02 -5.278189480304718018e-02 9.905241727828979492e-01
5.559018850326538086e-01 2.055677026510238647e-01 -4.951369762420654297e-02 -1.238638535141944885e-01 -2.322311140596866608e-02 -6.022746115922927856e-02 9.901974201202392578e-01
5.633484125137329102e-01 2.040272206068038940e-01 -4.488932713866233826e-02 -1.219929456710815430e-01 -2.441440522670745850e-02 -6.844595819711685181e-02 9.898669123649597168e-01
5.717368125915527344e-01 2.023803293704986572e-01 -4.015766084194183350e-02 -1.193454042077064514e-01 -2.580763958394527435e-02 -7.808075845241546631e-02 9.894412755966186523e-01
5.809190273284912109e-01 2.005881816148757935e-01 -3.444515913724899292e-02 -1.160070896148681641e-01 -2.705780789256095886e-02 -8.849231153726577759e-02 9.889282584190368652e-01
5.910892486572265625e-01 1.981730908155441284e-01 -2.856075763702392578e-02 -1.115825697779655457e-01 -2.895224653184413910e-02 -9.952502697706222534e-02 9.883348941802978516e-01
6.026985645294189453e-01 1.953044682741165161e-01 -2.281884104013442993e-02 -1.062542051076889038e-01 -3.089945949614048004e-02 -1.114392504096031189e-01 9.875912070274353027e-01
6.151725053787231445e-01 1.914462149143218994e-01 -1.634671911597251892e-02 -1.004467308521270752e-01 -3.309063240885734558e-02 -1.233900412917137146e-01 9.867067933082580566e-01
6.286677122116088867e-01 1.855359822511672974e-01 -1.018399000167846680e-02 -9.290225803852081299e-02 -3.603309020400047302e-02 -1.347387433052062988e-01 9.858581423759460449e-01
6.434155106544494629e-01 1.790904998779296875e-01 -3.444160567596554756e-03 -8.519338071346282959e-02 -3.899698331952095032e-02 -1.459234356880187988e-01 9.848489165306091309e-01
6.597419977188110352e-01 1.724086105823516846e-01 3.458389546722173691e-03 -7.624576985836029053e-02 -4.232862591743469238e-02 -1.563326716423034668e-01 9.838469624519348145e-01
6.771387457847595215e-01 1.643866598606109619e-01 1.101123914122581482e-02 -6.703075766563415527e-02 -4.510833695530891418e-02 -1.648893058300018311e-01 9.829972386360168457e-01
6.944882273674011230e-01 1.524474918842315674e-01 1.833311095833778381e-02 -5.700740590691566467e-02 -4.856926575303077698e-02 -1.702618598937988281e-01 9.825485944747924805e-01
7.125911712646484375e-01 1.389195024967193604e-01 2.657945081591606140e-02 -4.733347892761230469e-02 -5.174782872200012207e-02 -1.736098974943161011e-01 9.823141694068908691e-01
7.310513257980346680e-01 1.229158118367195129e-01 3.543268889188766479e-02 -3.858194872736930847e-02 -5.489309132099151611e-02 -1.744914501905441284e-01 9.823699593544006348e-01
7.502815127372741699e-01 1.061639785766601562e-01 4.677103832364082336e-02 -3.143583610653877258e-02 -5.679671838879585266e-02 -1.739150136709213257e-01 9.826185703277587891e-01
7.706004977226257324e-01 8.967816084623336792e-02 6.152361631393432617e-02 -2.713877335190773010e-02 -5.739435181021690369e-02 -1.723314374685287476e-01 9.829908013343811035e-01
7.914355397224426270e-01 7.349392026662826538e-02 7.961215078830718994e-02 -2.647282555699348450e-02 -5.997998639941215515e-02 -1.710956394672393799e-01 9.830704927444458008e-01
8.142083883285522461e-01 5.749909207224845886e-02 9.925533831119537354e-02 -2.602020278573036194e-02 -6.213707476854324341e-02 -1.691969931125640869e-01 9.832773208618164062e-01
8.390532732009887695e-01 4.140897095203399658e-02 1.197633296251296997e-01 -2.606214582920074463e-02 -6.490615010261535645e-02 -1.661996841430664062e-01 9.836083650588989258e-01
8.656331300735473633e-01 2.374738454818725586e-02 1.402053236961364746e-01 -2.593205869197845459e-02 -6.767644733190536499e-02 -1.632443666458129883e-01 9.839199185371398926e-01
8.937256336212158203e-01 5.220822989940643311e-03 1.611609309911727905e-01 -2.633067779242992401e-02 -7.092852890491485596e-02 -1.601724624633789062e-01 9.841852784156799316e-01
9.240611791610717773e-01 -1.366799231618642807e-02 1.819031238555908203e-01 -2.724767662584781647e-02 -7.462269812822341919e-02 -1.566190123558044434e-01 9.844589233398437500e-01
9.509167075157165527e-01 -2.425466105341911316e-02 2.018232941627502441e-01 -2.824674360454082489e-02 -7.726534456014633179e-02 -1.530478447675704956e-01 9.847885370254516602e-01
9.747371673583984375e-01 -2.858463674783706665e-02 2.169295400381088257e-01 -2.928475663065910339e-02 -8.082820475101470947e-02 -1.473441421985626221e-01 9.853420257568359375e-01
9.948343038558959961e-01 -3.016352280974388123e-02 2.255952954292297363e-01 -3.182680904865264893e-02 -8.712612092494964600e-02 -1.387029290199279785e-01 9.859804511070251465e-01
1.009297013282775879e+00 -2.807805314660072327e-02 2.293658703565597534e-01 -3.516617044806480408e-02 -9.485510736703872681e-02 -1.276993155479431152e-01 9.866400957107543945e-01
1.015601873397827148e+00 -2.317004278302192688e-02 2.313871830701828003e-01 -3.823329880833625793e-02 -1.009374335408210754e-01 -1.141304224729537964e-01 9.875848889350891113e-01
1.021838307380676270e+00 -1.963260397315025330e-02 2.334335893392562866e-01 -4.123970493674278259e-02 -1.070286184549331665e-01 -9.964274615049362183e-02 9.883902668952941895e-01
1.027364373207092285e+00 -1.436997298151254654e-02 2.344421148300170898e-01 -4.406084492802619934e-02 -1.124688908457756042e-01 -8.552989363670349121e-02 9.889863133430480957e-01
1.031634688377380371e+00 -1.092985179275274277e-02 2.357588112354278564e-01 -4.671636968851089478e-02 -1.171831935644149780e-01 -7.149050384759902954e-02 9.894315004348754883e-01
1.036360383033752441e+00 -7.939898408949375153e-03 2.374408543109893799e-01 -4.961564764380455017e-02 -1.214274242520332336e-01 -5.738886818289756775e-02 9.896970391273498535e-01
1.039933085441589355e+00 -5.473607219755649567e-03 2.387179583311080933e-01 -5.236141756176948547e-02 -1.247839629650115967e-01 -4.388192668557167053e-02 9.898288846015930176e-01
1.043825030326843262e+00 -4.461600445210933685e-03 2.405050843954086304e-01 -5.489908903837203979e-02 -1.270122528076171875e-01 -3.169160708785057068e-02 9.898734688758850098e-01
1.047015190124511719e+00 -4.474802874028682709e-03 2.419275045394897461e-01 -5.720102787017822266e-02 -1.283814758062362671e-01 -2.080769836902618408e-02 9.898551702499389648e-01
1.052434325218200684e+00 -5.662715993821620941e-03 2.432510703802108765e-01 -5.843826755881309509e-02 -1.287656277418136597e-01 -1.338399387896060944e-02 9.898612499237060547e-01
1.060242891311645508e+00 -8.485491387546062469e-03 2.460371255874633789e-01 -5.781396478414535522e-02 -1.283759623765945435e-01 -1.069235615432262421e-02 9.899812340736389160e-01
1.216188549995422363e+00 -3.114632144570350647e-02 3.174858391284942627e-01 -8.130709826946258545e-02 -1.259021610021591187e-01 -3.237009746953845024e-03 9.886997342109680176e-01
1.349709033966064453e+00 5.159652978181838989e-02 3.480468690395355225e-01 -9.341072291135787964e-02 -1.299469321966171265e-01 -1.194630097597837448e-02 9.870387315750122070e-01
1.479407429695129395e+00 1.156491935253143311e-01 3.520293533802032471e-01 -1.117062345147132874e-01 -1.383675336837768555e-01 -2.180842868983745575e-02 9.838192462921142578e-01
1.600142598152160645e+00 1.576294749975204468e-01 3.328298926353454590e-01 -1.354930549860000610e-01 -1.495129764080047607e-01 -3.383897244930267334e-02 9.788475036621093750e-01
1.710866928100585938e+00 1.831960827112197876e-01 3.287129104137420654e-01 -1.601837277412414551e-01 -1.568786501884460449e-01 -4.452915862202644348e-02 9.735231399536132812e-01
1.806519150733947754e+00 2.046734839677810669e-01 3.316916823387145996e-01 -1.834329366683959961e-01 -1.614519506692886353e-01 -5.679537355899810791e-02 9.680185317993164062e-01
1.885454773902893066e+00 2.270056009292602539e-01 3.391720652580261230e-01 -2.042262852191925049e-01 -1.631238311529159546e-01 -7.036250084638595581e-02 9.626688361167907715e-01
1.948621273040771484e+00 2.459311187267303467e-01 3.486664593219757080e-01 -2.213598042726516724e-01 -1.623922884464263916e-01 -8.390016853809356689e-02 9.579088091850280762e-01
1.996091723442077637e+00 2.615904211997985840e-01 3.578275442123413086e-01 -2.354285866022109985e-01 -1.600412577390670776e-01 -9.669672697782516479e-02 9.537346363067626953e-01
2.029815435409545898e+00 2.694261074066162109e-01 3.622256815433502197e-01 -2.491719424724578857e-01 -1.601007431745529175e-01 -1.060115694999694824e-01 9.492325782775878906e-01
2.048474550247192383e+00 2.722094655036926270e-01 3.650930821895599365e-01 -2.618841826915740967e-01 -1.621176898479461670e-01 -1.122232303023338318e-01 9.447435140609741211e-01
2.058891296386718750e+00 2.775412797927856445e-01 3.673760294914245605e-01 -2.683617472648620605e-01 -1.638726741075515747e-01 -1.201372817158699036e-01 9.416446089744567871e-01
2.069999933242797852e+00 2.821269631385803223e-01 3.730387687683105469e-01 -2.702047824859619141e-01 -1.663812547922134399e-01 -1.302295923233032227e-01 9.393332004547119141e-01
2.081945657730102539e+00 2.848918139934539795e-01 3.814883232116699219e-01 -2.682839035987854004e-01 -1.706658750772476196e-01 -1.431435495615005493e-01 9.372335672378540039e-01
2.092649698257446289e+00 2.839888930320739746e-01 3.942761421203613281e-01 -2.634180486202239990e-01 -1.751930564641952515e-01 -1.572314351797103882e-01 9.355193972587585449e-01
2.104648113250732422e+00 2.832035422325134277e-01 4.085638821125030518e-01 -2.566539049148559570e-01 -1.805261671543121338e-01 -1.735282093286514282e-01 9.335025548934936523e-01
2.117223501205444336e+00 2.813042700290679932e-01 4.250006973743438721e-01 -2.481684833765029907e-01 -1.861992031335830688e-01 -1.914743632078170776e-01 9.311711788177490234e-01
2.131258010864257812e+00 2.792469263076782227e-01 4.431441128253936768e-01 -2.375385910272598267e-01 -1.928507089614868164e-01 -2.106670737266540527e-01 9.284412860870361328e-01
2.147245407104492188e+00 2.751066386699676514e-01 4.624541401863098145e-01 -2.246856391429901123e-01 -2.007362693548202515e-01 -2.308721095323562622e-01 9.251590371131896973e-01
2.164608478546142578e+00 2.689455449581146240e-01 4.834437966346740723e-01 -2.105046361684799194e-01 -2.088046669960021973e-01 -2.517682611942291260e-01 9.212497472763061523e-01
2.181663990020751953e+00 2.588864564895629883e-01 5.067661404609680176e-01 -1.944811493158340454e-01 -2.180497050285339355e-01 -2.710490226745605469e-01 9.171497821807861328e-01
2.198956251144409180e+00 2.450221925973892212e-01 5.317855477333068848e-01 -1.771198213100433350e-01 -2.277620136737823486e-01 -2.890832722187042236e-01 9.127889871597290039e-01
2.217746496200561523e+00 2.291410714387893677e-01 5.586345195770263672e-01 -1.582350432872772217e-01 -2.382958829402923584e-01 -3.054791092872619629e-01 9.082176089286804199e-01
2.238276481628417969e+00 2.113725543022155762e-01 5.874213576316833496e-01 -1.381015479564666748e-01 -2.485990524291992188e-01 -3.196050822734832764e-01 9.038688540458679199e-01
2.256934642791748047e+00 1.872629523277282715e-01 6.176059842109680176e-01 -1.177694797515869141e-01 -2.588098049163818359e-01 -3.282809257507324219e-01 9.007659554481506348e-01
2.272874116897583008e+00 1.563995033502578735e-01 6.483743190765380859e-01 -9.794898331165313721e-02 -2.696515619754791260e-01 -3.314347863197326660e-01 8.988019227981567383e-01
2.287578821182250977e+00 1.219728663563728333e-01 6.816366910934448242e-01 -8.011101186275482178e-02 -2.794073820114135742e-01 -3.309894800186157227e-01 8.977525234222412109e-01
2.299914121627807617e+00 8.378939330577850342e-02 7.176472544670104980e-01 -6.584321707487106323e-02 -2.870868742465972900e-01 -3.267084956169128418e-01 8.980574607849121094e-01
2.311756134033203125e+00 4.703525826334953308e-02 7.608101367950439453e-01 -5.564519762992858887e-02 -2.909573912620544434e-01 -3.222958743572235107e-01 8.990954756736755371e-01
2.321801185607910156e+00 1.091590989381074905e-02 8.101645112037658691e-01 -5.251708999276161194e-02 -2.944078147411346436e-01 -3.181990087032318115e-01 8.996195197105407715e-01
2.332445383071899414e+00 -2.369558438658714294e-02 8.654180169105529785e-01 -5.270239710807800293e-02 -2.991935908794403076e-01 -3.149774372577667236e-01 8.991633653640747070e-01
2.345263004302978516e+00 -5.887090787291526794e-02 9.246680140495300293e-01 -5.407420545816421509e-02 -3.036225140094757080e-01 -3.103550374507904053e-01 8.992046117782592773e-01
2.360835075378417969e+00 -9.581992775201797485e-02 9.867739081382751465e-01 -5.601231008768081665e-02 -3.088245391845703125e-01 -3.046711683273315430e-01 8.992582559585571289e-01
2.377340793609619141e+00 -1.360087096691131592e-01 1.051024913787841797e+00 -5.846352875232696533e-02 -3.141528367996215820e-01 -2.989061474800109863e-01 8.991912603378295898e-01
2.396244525909423828e+00 -1.789349764585494995e-01 1.117051959037780762e+00 -6.249032914638519287e-02 -3.206716775894165039e-01 -2.921822965145111084e-01 8.988292217254638672e-01
2.418880462646484375e+00 -2.122198492288589478e-01 1.181843876838684082e+00 -6.672470271587371826e-02 -3.263700306415557861e-01 -2.862077355384826660e-01 8.983960747718811035e-01
2.440783023834228516e+00 -2.308828681707382202e-01 1.238387584686279297e+00 -7.155533879995346069e-02 -3.317350447177886963e-01 -2.775616645812988281e-01 8.987720012664794922e-01
2.465842247009277344e+00 -2.422664910554885864e-01 1.280690312385559082e+00 -8.052373677492141724e-02 -3.404170572757720947e-01 -2.635850608348846436e-01 8.989744186401367188e-01
2.491642475128173828e+00 -2.439671903848648071e-01 1.307746529579162598e+00 -9.283698350191116333e-02 -3.529236316680908203e-01 -2.459937930107116699e-01 8.979494571685791016e-01
2.509620904922485352e+00 -2.351280003786087036e-01 1.321861743927001953e+00 -1.065697371959686279e-01 -3.636679947376251221e-01 -2.237151563167572021e-01 8.979643583297729492e-01
2.521538019180297852e+00 -2.238681763410568237e-01 1.328476071357727051e+00 -1.201634183526039124e-01 -3.724649846553802490e-01 -1.979718208312988281e-01 8.986866474151611328e-01
2.532602787017822266e+00 -2.140578329563140869e-01 1.335433721542358398e+00 -1.340288668870925903e-01 -3.802249133586883545e-01 -1.717657148838043213e-01 8.988669514656066895e-01
2.541670799255371094e+00 -2.025579363107681274e-01 1.338139295578002930e+00 -1.467755734920501709e-01 -3.864891231060028076e-01 -1.457163244485855103e-01 8.988045454025268555e-01
2.549980878829956055e+00 -1.937428563833236694e-01 1.343728065490722656e+00 -1.602603495121002197e-01 -3.915250003337860107e-01 -1.195679530501365662e-01 8.981805443763732910e-01
2.557036876678466797e+00 -1.852648258209228516e-01 1.347583293914794922e+00 -1.730393320322036743e-01 -3.950614035129547119e-01 -9.378387778997421265e-02 8.973228931427001953e-01
2.562952756881713867e+00 -1.791025549173355103e-01 1.352679371833801270e+00 -1.854318678379058838e-01 -3.967626094818115234e-01 -6.980058550834655762e-02 8.962824344635009766e-01
2.567911863327026367e+00 -1.762817800045013428e-01 1.358501315116882324e+00 -1.962962746620178223e-01 -3.966377675533294678e-01 -4.810763150453567505e-02 8.954505920410156250e-01
2.573375940322875977e+00 -1.754318326711654663e-01 1.365729928016662598e+00 -2.046046108007431030e-01 -3.955049216747283936e-01 -3.095076046884059906e-02 8.948490023612976074e-01
2.582956552505493164e+00 -1.768861562013626099e-01 1.376584053039550781e+00 -2.080662548542022705e-01 -3.939947783946990967e-01 -2.170607075095176697e-02 8.949889540672302246e-01
