2.616429710388183594e+01 -2.226403045654296875e+01 -9.312875270843505859e-01 -9.828075766563415527e-02 1.950348913669586182e-01 7.394629120826721191e-01 6.367863416671752930e-01
2.616371536254882812e+01 -2.217280960083007812e+01 -9.335792660713195801e-01 -1.150443106889724731e-01 1.832592189311981201e-01 7.594123482704162598e-01 6.135741472244262695e-01
2.616253852844238281e+01 -2.208922004699707031e+01 -9.352114200592041016e-01 -1.317157149314880371e-01 1.714167892932891846e-01 7.774057388305664062e-01 5.906830430030822754e-01
2.616080474853515625e+01 -2.201333618164062500e+01 -9.364442229270935059e-01 -1.481157243251800537e-01 1.596851795911788940e-01 7.933979630470275879e-01 5.684009194374084473e-01
2.615862083435058594e+01 -2.194525146484375000e+01 -9.373549222946166992e-01 -1.640769541263580322e-01 1.482433378696441650e-01 8.073761463165283203e-01 5.470305085182189941e-01
2.615614891052246094e+01 -2.188500976562500000e+01 -9.379698634147644043e-01 -1.794433146715164185e-01 1.372693032026290894e-01 8.193561434745788574e-01 5.268841981887817383e-01
2.615351104736328125e+01 -2.183266258239746094e+01 -9.383225440979003906e-01 -1.940722018480300903e-01 1.269401460886001587e-01 8.293766379356384277e-01 5.082806348800659180e-01
2.615086174011230469e+01 -2.178823471069335938e+01 -9.384339451789855957e-01 -2.078257054090499878e-01 1.174261420965194702e-01 8.374952673912048340e-01 4.915409386157989502e-01
2.614834976196289062e+01 -2.175176620483398438e+01 -9.383165836334228516e-01 -2.205990701913833618e-01 1.089065447449684143e-01 8.437741994857788086e-01 4.769806265830993652e-01
2.614611434936523438e+01 -2.172324371337890625e+01 -9.379797577857971191e-01 -2.322077006101608276e-01 1.015073955059051514e-01 8.482978343963623047e-01 4.649248123168945312e-01
2.614428138732910156e+01 -2.170274543762207031e+01 -9.374271035194396973e-01 -2.427973449230194092e-01 9.553099423646926880e-02 8.510642051696777344e-01 4.556316137313842773e-01
2.614300537109375000e+01 -2.169020271301269531e+01 -9.365900158882141113e-01 -2.468550205230712891e-01 8.807562291622161865e-02 8.535138368606567383e-01 4.503396451473236084e-01
2.614223861694335938e+01 -2.168580245971679688e+01 -9.354642629623413086e-01 -2.498873025178909302e-01 8.211369812488555908e-02 8.544836640357971191e-01 4.479469954967498779e-01
2.614194297790527344e+01 -2.168103790283203125e+01 -9.345749616622924805e-01 -2.523176074028015137e-01 7.769177854061126709e-02 8.541030883789062500e-01 4.480979740619659424e-01
2.614207267761230469e+01 -2.167542266845703125e+01 -9.339303374290466309e-01 -2.541538476943969727e-01 7.464504987001419067e-02 8.525703549385070801e-01 4.504894316196441650e-01
2.614257049560546875e+01 -2.166904830932617188e+01 -9.335070252418518066e-01 -2.554768919944763184e-01 7.286833226680755615e-02 8.500402569770812988e-01 4.547913074493408203e-01
2.614338493347167969e+01 -2.166177940368652344e+01 -9.332973361015319824e-01 -2.563187777996063232e-01 7.224457710981369019e-02 8.466651439666748047e-01 4.606736004352569580e-01
2.614444923400878906e+01 -2.165358924865722656e+01 -9.332915544509887695e-01 -2.567021548748016357e-01 7.266430556774139404e-02 8.425925970077514648e-01 4.678041040897369385e-01
2.614570236206054688e+01 -2.164440536499023438e+01 -9.334838986396789551e-01 -2.566374540328979492e-01 7.401937246322631836e-02 8.379737138748168945e-01 4.758534729480743408e-01
2.614708328247070312e+01 -2.163417053222656250e+01 -9.338673353195190430e-01 -2.561290860176086426e-01 7.620376348495483398e-02 8.329647183418273926e-01 4.844971597194671631e-01
2.614853668212890625e+01 -2.162282943725585938e+01 -9.344419240951538086e-01 -2.551803290843963623e-01 7.911166548728942871e-02 8.277312517166137695e-01 4.934175312519073486e-01
2.615001678466796875e+01 -2.161030960083007812e+01 -9.351984262466430664e-01 -2.537970244884490967e-01 8.263874799013137817e-02 8.224475383758544922e-01 5.023065805435180664e-01
2.615147399902343750e+01 -2.159654808044433594e+01 -9.361385107040405273e-01 -2.519921660423278809e-01 8.667968958616256714e-02 8.172982335090637207e-01 5.108649730682373047e-01
2.615286445617675781e+01 -2.158146667480468750e+01 -9.372521042823791504e-01 -2.497879862785339355e-01 9.112947434186935425e-02 8.124753832817077637e-01 5.188033580780029297e-01
2.615418434143066406e+01 -2.156499290466308594e+01 -9.384704828262329102e-01 -2.472195476293563843e-01 9.588353335857391357e-02 8.081775307655334473e-01 5.258415341377258301e-01
2.615538787841796875e+01 -2.154704666137695312e+01 -9.398409724235534668e-01 -2.443363815546035767e-01 1.008367761969566345e-01 8.046056628227233887e-01 5.317065119743347168e-01
2.615644454956054688e+01 -2.152755355834960938e+01 -9.413552284240722656e-01 -2.412067651748657227e-01 1.058850511908531189e-01 8.019602894783020020e-01 5.361315608024597168e-01
2.615733718872070312e+01 -2.150642395019531250e+01 -9.429978728294372559e-01 -2.379097640514373779e-01 1.109186783432960510e-01 8.004380464553833008e-01 5.388545393943786621e-01
2.615803527832031250e+01 -2.148359298706054688e+01 -9.447470903396606445e-01 -2.345689386129379272e-01 1.158414483070373535e-01 8.002186417579650879e-01 5.396085977554321289e-01
2.615851593017578125e+01 -2.145897483825683594e+01 -9.465834498405456543e-01 -2.312313020229339600e-01 1.204878315329551697e-01 8.014897108078002930e-01 5.381433963775634766e-01
2.615874099731445312e+01 -2.143249702453613281e+01 -9.484784603118896484e-01 -2.283171415328979492e-01 1.249194219708442688e-01 8.043256998062133789e-01 5.341314077377319336e-01
2.615869140625000000e+01 -2.140413665771484375e+01 -9.503653645515441895e-01 -2.197900265455245972e-01 1.248996481299400330e-01 8.103666305541992188e-01 5.285532474517822266e-01
2.615831375122070312e+01 -2.137381553649902344e+01 -9.522598981857299805e-01 -2.106184661388397217e-01 1.238911524415016174e-01 8.181651234626770020e-01 5.204491615295410156e-01
2.615760612487792969e+01 -2.134164619445800781e+01 -9.541259407997131348e-01 -2.011685073375701904e-01 1.221816316246986389e-01 8.273484110832214355e-01 5.099695324897766113e-01
2.615657615661621094e+01 -2.130766105651855469e+01 -9.559290409088134766e-01 -1.914413571357727051e-01 1.198074370622634888e-01 8.376274704933166504e-01 4.973416924476623535e-01
2.615522766113281250e+01 -2.127208900451660156e+01 -9.576278924942016602e-01 -1.815391927957534790e-01 1.168730035424232483e-01 8.486937284469604492e-01 4.827792346477508545e-01
2.615357208251953125e+01 -2.123469352722167969e+01 -9.592123031616210938e-01 -1.715424209833145142e-01 1.134680733084678650e-01 8.602544665336608887e-01 4.665119647979736328e-01
2.615163421630859375e+01 -2.120347595214843750e+01 -9.601661562919616699e-01 -1.615436673164367676e-01 1.096899583935737610e-01 8.720318675041198730e-01 4.487819969654083252e-01
2.614943313598632812e+01 -2.117890930175781250e+01 -9.604485630989074707e-01 -1.516395360231399536e-01 1.056384518742561340e-01 8.837704062461853027e-01 4.298477172851562500e-01
2.614704132080078125e+01 -2.116098213195800781e+01 -9.600566029548645020e-01 -1.419333666563034058e-01 1.014173626899719238e-01 8.952404856681823730e-01 4.099837541580200195e-01
2.614451026916503906e+01 -2.114973831176757812e+01 -9.589873552322387695e-01 -1.325345337390899658e-01 9.713444113731384277e-02 9.062425494194030762e-01 3.894826769828796387e-01
2.614192008972167969e+01 -2.114549255371093750e+01 -9.572303295135498047e-01 -1.235577315092086792e-01 9.290044754743576050e-02 9.166092276573181152e-01 3.686507046222686768e-01
2.613937759399414062e+01 -2.114228820800781250e+01 -9.551727175712585449e-01 -1.151222288608551025e-01 8.882912993431091309e-02 9.262062907218933105e-01 3.478088974952697754e-01
2.613698005676269531e+01 -2.113990020751953125e+01 -9.528528451919555664e-01 -1.073517352342605591e-01 8.503678441047668457e-02 9.349328279495239258e-01 3.272893130779266357e-01
2.613484191894531250e+01 -2.113846969604492188e+01 -9.502913355827331543e-01 -1.003727689385414124e-01 8.164133876562118530e-02 9.427186250686645508e-01 3.074327111244201660e-01
2.613307762145996094e+01 -2.113798332214355469e+01 -9.475237131118774414e-01 -9.431442618370056152e-02 7.876212149858474731e-02 9.495226144790649414e-01 2.885855138301849365e-01
2.613182258605957031e+01 -2.113851737976074219e+01 -9.445831179618835449e-01 -8.930768072605133057e-02 7.651925086975097656e-02 9.553265571594238281e-01 2.710965871810913086e-01
2.613118553161621094e+01 -2.114000701904296875e+01 -9.415100216865539551e-01 -8.548406511545181274e-02 7.503335922956466675e-02 9.601299762725830078e-01 2.553158402442932129e-01
2.613130569458007812e+01 -2.114264297485351562e+01 -9.383302927017211914e-01 -8.297580480575561523e-02 7.442526519298553467e-02 9.639413952827453613e-01 2.415904849767684937e-01
2.613230323791503906e+01 -2.114216423034667969e+01 -9.353424310684204102e-01 -8.191484212875366211e-02 7.481582462787628174e-02 9.667699337005615234e-01 2.302633225917816162e-01
2.613430213928222656e+01 -2.113837623596191406e+01 -9.325875639915466309e-01 -8.243273943662643433e-02 7.632600516080856323e-02 9.686142206192016602e-01 2.216710895299911499e-01
