0.000000000000000000e+00 0.000000000000000000e+00 0.000000000000000000e+00 0.000000000000000000e+00 0.000000000000000000e+00 0.000000000000000000e+00 1.000000000000000000e+00
8.463743329048156738e-02 -3.793481038883328438e-03 3.388018906116485596e-02 -2.673677262867819177e-02 6.420024209125146757e-03 2.453996923065381378e-02 9.993206283214187691e-01
1.604747519595389194e-01 -1.046119686019042136e-02 6.810485551664721693e-02 -5.418417031745424023e-02 1.402332159424900596e-02 4.975493176955339547e-02 9.971919919970678725e-01
2.293854881880562913e-01 -1.409093388343859651e-02 9.902243091252582730e-02 -8.106132186294646991e-02 2.190833225819175181e-02 7.296184788931019127e-02 9.937935680150449258e-01
2.909208080429915855e-01 -1.920186622891102007e-02 1.267465440336521809e-01 -1.072067486955650961e-01 3.061878092340849372e-02 9.649105115394102095e-02 9.890696033829458056e-01
3.451580963320535766e-01 -2.331273630361234417e-02 1.513813267787680883e-01 -1.312704935010407525e-01 3.836611358482255180e-02 1.167970117478861203e-01 9.836943412011445176e-01
3.922330752756779115e-01 -2.713244928424015170e-02 1.723975307572203075e-01 -1.526667560840982152e-01 4.510203128135618911e-02 1.343903363272196949e-01 9.780582323475993656e-01
4.320425142868998258e-01 -2.970957520352619091e-02 1.901316934271966019e-01 -1.718363194548367112e-01 5.139205167951942793e-02 1.488042314489224915e-01 9.724651341016193884e-01
4.641722513129650785e-01 -3.080217819218034059e-02 2.054224255019456158e-01 -1.892250420753886220e-01 5.750081814089712251e-02 1.603206392086077847e-01 9.670495499241175130e-01
4.893609991314211149e-01 -3.092879980256570821e-02 2.166860152639191461e-01 -2.042451614159533635e-01 6.306759536977105118e-02 1.679808147959692133e-01 9.623350966856234479e-01
5.070335061205968330e-01 -3.137137699993628598e-02 2.251357559727092394e-01 -2.170256893177197888e-01 6.847074056659659125e-02 1.731950419724834211e-01 9.582354018186659550e-01
5.180798756984855702e-01 -3.246497032820108708e-02 2.296199844847282567e-01 -2.256215322919651600e-01 6.694182292863536110e-02 1.765657024800270092e-01 9.557396451005637505e-01
5.233478840933398768e-01 -3.099201459066533090e-02 2.315002212751272881e-01 -2.314312843864601010e-01 6.570169713473901496e-02 1.771532366823898030e-01 9.543267670634631994e-01
5.290384212287880805e-01 -2.941347897834116140e-02 2.340458938435791836e-01 -2.354228059190041078e-01 6.480915823935484710e-02 1.749221910796363577e-01 9.538228884491231074e-01
5.356810997528037577e-01 -2.806386161803383142e-02 2.368189555942950553e-01 -2.375108890225670344e-01 6.406190420036113331e-02 1.710837364935778038e-01 9.540518880717807626e-01
5.432940128951312397e-01 -2.865602963087128183e-02 2.397012381741680243e-01 -2.375308914774244273e-01 6.352292884204585599e-02 1.654789273757930335e-01 9.550710118623774170e-01
5.515910112833709578e-01 -2.886099087163013222e-02 2.433456499962384778e-01 -2.370809964169394712e-01 6.308326696770254205e-02 1.586468856551914997e-01 9.563703614387791818e-01
5.605371870362045872e-01 -3.121306522157339669e-02 2.469975823827931516e-01 -2.347108299817336763e-01 6.274389689599128850e-02 1.508753978874402546e-01 9.582330843818207544e-01
5.703263469405085440e-01 -3.200323065613473739e-02 2.515960190375529648e-01 -2.319834781921211453e-01 6.297754367953273258e-02 1.423505543551443764e-01 9.601842607087253123e-01
5.805941131679869249e-01 -3.409860623999363266e-02 2.569172408795755702e-01 -2.283841565940862572e-01 6.278274698783965768e-02 1.334824951861643405e-01 9.623312460771209498e-01
5.914278631799252395e-01 -3.740026126648516441e-02 2.626293661670358048e-01 -2.242212778880052770e-01 6.246703668182231051e-02 1.241897602831174147e-01 9.645722322933020232e-01
6.034444318062850421e-01 -4.018201181126422605e-02 2.684843880897319623e-01 -2.195322106686042607e-01 6.238031339954099724e-02 1.153471151301322384e-01 9.667519578517990153e-01
6.165680087777035689e-01 -4.424785214141076922e-02 2.736009323137420512e-01 -2.133330081566996717e-01 6.194533698537023347e-02 1.068140294725588579e-01 9.691452759851939547e-01
6.310005423139229963e-01 -4.671277150695681002e-02 2.793591595720296139e-01 -2.068077951782255341e-01 6.204001938168551139e-02 9.907493869892558536e-02 9.713731149102518003e-01
6.462471459994955092e-01 -5.118406559952257129e-02 2.850961909203319489e-01 -1.996320165968075433e-01 6.187188404851404200e-02 9.259478788975414321e-02 9.735220250047919022e-01
6.623626420198632792e-01 -5.607046801078947873e-02 2.917542364709946878e-01 -1.925897792601070913e-01 6.187571259340148705e-02 8.749206179213907253e-02 9.754105352306599030e-01
6.804542009469688457e-01 -5.901178598843170864e-02 2.981086729976344940e-01 -1.856910310576671830e-01 6.202100367326165986e-02 8.430697041238581491e-02 9.770182039388962680e-01
6.996935448285408476e-01 -6.367057736232180354e-02 3.044378903540977954e-01 -1.789058921348326836e-01 6.183687374095627604e-02 8.319670081366851988e-02 9.783901020447342001e-01
7.205150088356992999e-01 -6.751172351299276897e-02 3.112648661058952104e-01 -1.727552662353011026e-01 6.213175369394808439e-02 8.416375318265921501e-02 9.793935500201608191e-01
7.428536216494273647e-01 -7.176231705831470631e-02 3.182887078003800996e-01 -1.670923278457701333e-01 6.268414436661778888e-02 8.847912808706086263e-02 9.799603542557526747e-01
7.664930655528761072e-01 -7.479263980804698453e-02 3.271583797439450159e-01 -1.631080214757810454e-01 6.424837044813139220e-02 9.564199462250079498e-02 9.798574024263149163e-01
7.915516736362109285e-01 -7.916850060398471223e-02 3.364978430624635530e-01 -1.593961276308166197e-01 5.831379296088016334e-02 1.065582055939824357e-01 9.797130829316338385e-01
8.179106556147074381e-01 -8.302472698192289724e-02 3.475630989989110797e-01 -1.572496322239379241e-01 5.208130818784976329e-02 1.201919218909960341e-01 9.788329747280825055e-01
8.464603290399163038e-01 -8.646748208328149110e-02 3.577508390908635261e-01 -1.562367211620407093e-01 4.491472123183989223e-02 1.360845821695282620e-01 9.772685103250517979e-01
8.771262367213414901e-01 -8.740254976629066586e-02 3.673834643946340961e-01 -1.556928098533779392e-01 3.773849474004928317e-02 1.549742451163873824e-01 9.748428274985260211e-01
9.091032646816092910e-01 -8.824814108499923204e-02 3.776702590485381816e-01 -1.559810469220721807e-01 3.058640747292802609e-02 1.756959599186832532e-01 9.715273101396825206e-01
9.425554960092072943e-01 -9.035884502096906690e-02 3.887078474552259633e-01 -1.563182976220980624e-01 2.294398440831297084e-02 1.975815246610035103e-01 9.674707770887106539e-01
9.702972575492713192e-01 -9.194888717351733243e-02 3.979750939391428766e-01 -1.571792666194428978e-01 1.488771137483102525e-02 2.206430112863176085e-01 9.624914003592445200e-01
9.918903820178598396e-01 -9.223779813875535027e-02 4.059417286094602062e-01 -1.594772423580047838e-01 7.160831749879453985e-03 2.446589580446595635e-01 9.563773972167251003e-01
1.008638317397497097e+00 -9.213127832578030252e-02 4.095009463089496204e-01 -1.607257996852555493e-01 -6.769718694113858277e-04 2.679923954910571338e-01 9.499193834129230352e-01
1.020104872141449626e+00 -9.101742857054301306e-02 4.132848120857221530e-01 -1.628508134119923956e-01 -7.008166401692894794e-03 2.921315757077242448e-01 9.423850808715409366e-01
1.026950276787961691e+00 -8.470955924634186729e-02 4.157831547371707570e-01 -1.644584270968539597e-01 -1.313972982323068778e-02 3.134810903470418020e-01 9.351525967732919886e-01
1.036142184424671653e+00 -8.346560740349535934e-02 4.191928109190778962e-01 -1.658909886535698264e-01 -1.898821523659754984e-02 3.369467472949841391e-01 9.265994372181540761e-01
1.044111985141190413e+00 -7.871166601989179612e-02 4.235770687010802504e-01 -1.677591385821386449e-01 -2.278426210181961134e-02 3.594148343745702245e-01 9.176920647222327476e-01
1.051460221454835642e+00 -7.108218644220511140e-02 4.256714884817037192e-01 -1.685146477418453803e-01 -2.674751495828110726e-02 3.793352687198588424e-01 9.093910808036500537e-01
1.060829158709271969e+00 -6.495982113345846742e-02 4.281028388645104488e-01 -1.696026277488210110e-01 -3.014763618003687279e-02 3.994670273022098428e-01 9.004177712549806811e-01
1.067137572732452355e+00 -5.454958484655404727e-02 4.295652144327224975e-01 -1.703018089387040579e-01 -3.250350350651797643e-02 4.161501646000235199e-01 8.926140580538602931e-01
1.075064201975218570e+00 -4.423449445261230795e-02 4.314860666971153114e-01 -1.710987281199654875e-01 -3.368666922001331554e-02 4.317551688222853179e-01 8.849733938078768736e-01
1.081835848325268801e+00 -3.251212491192107673e-02 4.270821008055771806e-01 -1.719848804882444793e-01 -3.415655354800841564e-02 4.446998682511249523e-01 8.783487678084364036e-01
1.094355184184575780e+00 -2.705789838388364746e-02 4.289676612570735292e-01 -1.727899554828288831e-01 -3.332372487121416232e-02 4.556710901675194436e-01 8.725806657441443903e-01
1.107727255910514463e+00 -2.527307389708020186e-02 4.332902187416373674e-01 -1.734959326061100149e-01 -3.067027310930547576e-02 4.636514370726064760e-01 8.683235805948400499e-01
