0.000000000000000000e+00 0.000000000000000000e+00 0.000000000000000000e+00 0.000000000000000000e+00 0.000000000000000000e+00 0.000000000000000000e+00 1.000000000000000000e+00
8.648125082254409790e-02 2.838048851117491722e-03 2.896020188927650452e-02 -2.532968616449484539e-02 5.467745596849938813e-03 2.347374119165554496e-02 9.993885601863589097e-01
1.642671428949247225e-01 1.313576804926128681e-03 5.919454031977634811e-02 -5.186663029703635075e-02 1.236742125334885402e-02 4.834468819756759794e-02 9.974064821707611106e-01
2.340120365350739640e-01 2.090435587013060852e-03 8.839738652899674365e-02 -7.826485823781566264e-02 2.004393818963550594e-02 7.068840531693663942e-02 9.942213042681258273e-01
2.959362883155511326e-01 4.535796966963346992e-04 1.156747068340829021e-01 -1.043030501257188741e-01 2.880742347202292289e-02 9.385394107908817674e-02 9.896880537984170667e-01
3.504547636969561064e-01 -2.237137526555103492e-05 1.400255600953780877e-01 -1.281680323062046878e-01 3.674260560556424915e-02 1.139316743172842650e-01 9.845011477978733438e-01
3.977034775276144796e-01 -1.462985282185599954e-03 1.609494331293413738e-01 -1.493801174307062551e-01 4.369935577438949920e-02 1.313415255161926865e-01 9.790430789788420185e-01
4.376441498021502174e-01 -1.904209786114696799e-03 1.785699156808451815e-01 -1.682486412730128111e-01 5.016296977876098795e-02 1.455429322771759904e-01 9.736494882846298271e-01
4.700105157671164435e-01 -1.186173147481482757e-03 1.933760977360747535e-01 -1.853982425097700781e-01 5.645902913014030217e-02 1.566937184328417720e-01 9.684456351843709898e-01
4.954625563644747821e-01 3.885083550824027995e-05 2.039614823969819191e-01 -2.000998208176680282e-01 6.211691665167327209e-02 1.642932401890793703e-01 9.639031494930389021e-01
5.133323463321116664e-01 8.015566093466418643e-04 2.119615073807714911e-01 -2.125863900915782312e-01 6.768653659634019104e-02 1.696138721073073286e-01 9.599253585046024773e-01
5.245186280705101955e-01 4.715322334112015921e-04 2.162141216506117958e-01 -2.211125566755530181e-01 6.619240241614561537e-02 1.730944525384501553e-01 9.574790408375494222e-01
5.294189582434287722e-01 3.086192951174173468e-03 2.178287747523500184e-01 -2.269154183871556207e-01 6.499147399625493371e-02 1.737160397107026799e-01 9.560900787860973082e-01
5.347710033925702211e-01 6.196838497391799275e-03 2.195705952671291039e-01 -2.306064590985036078e-01 6.403171196397870746e-02 1.712041604837598319e-01 9.557247178544998611e-01
5.411515285239517636e-01 9.035069229016276168e-03 2.217773723374766026e-01 -2.325431671232252029e-01 6.317357081254698636e-02 1.671343588162806093e-01 9.560328872367115371e-01
5.481942287459826701e-01 1.221624576037271676e-02 2.244032332473800684e-01 -2.325253215014086994e-01 6.236499726005272776e-02 1.609982578940698794e-01 9.571426972674945688e-01
5.565518416239461086e-01 1.380476134063145927e-02 2.275322670074948206e-01 -2.318372216639861538e-01 6.171993740844715359e-02 1.537489211434075742e-01 9.585423419049673432e-01
5.658932182421726464e-01 1.296737729670359614e-02 2.308398952575104746e-01 -2.293686518258476470e-01 6.124500090139144842e-02 1.457952286146440013e-01 9.604076336313582818e-01
5.757858238596021971e-01 1.398956360003704089e-02 2.351629865745932801e-01 -2.265825539975096226e-01 6.130048564188478322e-02 1.369350643524896993e-01 9.623675934043157687e-01
5.861500194125812691e-01 1.325366405966155181e-02 2.406561576087520582e-01 -2.229406056961305282e-01 6.123875009947268855e-02 1.278956892096526354e-01 9.644635786278736855e-01
5.972624429767201537e-01 1.088593383897619449e-02 2.462959557901887586e-01 -2.188288792165722640e-01 6.101788701599639153e-02 1.186949540842591744e-01 9.665931134452890872e-01
6.094990681527369114e-01 9.282334795199406047e-03 2.521364047991619395e-01 -2.141774182892029199e-01 6.101031543738259094e-02 1.098763169588084787e-01 9.686758848432072133e-01
6.230653846330229673e-01 6.651096145095682435e-03 2.570323245046828298e-01 -2.080086040245344436e-01 6.056717737298399074e-02 1.014822868514178855e-01 9.709610615942538825e-01
6.376514786860896233e-01 6.250201200535441919e-03 2.629158757952602121e-01 -2.015533163690528262e-01 6.065243382592885868e-02 9.377062816132955558e-02 9.730902384804079874e-01
6.532322181340255440e-01 3.217345742168046564e-03 2.686957731219399292e-01 -1.945202879871342494e-01 6.052170991156975016e-02 8.721066366748041199e-02 9.751375699528040952e-01
6.696497893133915857e-01 -5.664549571939101608e-04 2.753336901406754911e-01 -1.876244138142285633e-01 6.063723279401390942e-02 8.214772662722695518e-02 9.769196263510782074e-01
6.879506054905346613e-01 -1.074161302534618143e-03 2.817490681813145104e-01 -1.807339791411501639e-01 6.099156806141706882e-02 7.856974222872382951e-02 9.784896795650569468e-01
7.074327057252526307e-01 -4.286410732134799013e-03 2.882332694759829339e-01 -1.741023945763340297e-01 6.097500441955847755e-02 7.730076900714046018e-02 9.797933435932936197e-01
7.283824007533654665e-01 -6.476583288506622405e-03 2.953892994335911015e-01 -1.681693367050310361e-01 6.164633524322459673e-02 7.791856029268021122e-02 9.807382431134139544e-01
7.508657405238893245e-01 -9.273498268641013759e-03 3.026757388272814375e-01 -1.627796555265593192e-01 6.266295818382898453e-02 8.179762458878850340e-02 9.812671838138367075e-01
7.744784677654789062e-01 -1.100266928444973771e-02 3.119561718946246565e-01 -1.592758285320430012e-01 6.470927803279905022e-02 8.854433827517632638e-02 9.811237536321890662e-01
7.994997576769891090e-01 -1.468541196821529851e-02 3.216865354923224007e-01 -1.558559783477649341e-01 5.940679821722153614e-02 9.905376398892860867e-02 9.810036178212926394e-01
8.257000852180786943e-01 -1.799617685103598388e-02 3.332920543984556616e-01 -1.539787753305942031e-01 5.383530041123550658e-02 1.123280990631451148e-01 9.801911524484305804e-01
8.542088836411732000e-01 -2.068656185721089516e-02 3.438152052683639548e-01 -1.534441552669028319e-01 4.765450581973897787e-02 1.278404277128541711e-01 9.786933964892670090e-01
8.849741813289246917e-01 -2.067837177492680423e-02 3.531723494246258865e-01 -1.533661544068478377e-01 4.072834301755420133e-02 1.464946336544045991e-01 9.764012223814354519e-01
9.171403850128966306e-01 -2.143494849473583791e-02 3.628587513834400369e-01 -1.539367295123593438e-01 3.371950470331988581e-02 1.672134475209352544e-01 9.732451599046177959e-01
9.508745374534507411e-01 -2.341843343443717612e-02 3.730277194551354647e-01 -1.544886230575339137e-01 2.647123686367269108e-02 1.893707438776316421e-01 9.693148406621694413e-01
9.788566726569776222e-01 -2.487393533230709136e-02 3.815656993278816467e-01 -1.555276611452144631e-01 1.893958047075878018e-02 2.127192956148474257e-01 9.644702899433522658e-01
1.000632701049868345e+00 -2.483564204817492044e-02 3.890233737430747185e-01 -1.580959715327209802e-01 1.174875483725433718e-02 2.368852549629744675e-01 9.585160439585901360e-01
1.017562218484322045e+00 -2.448674079799361900e-02 3.915615698661266131e-01 -1.591418997554347181e-01 4.127213099460472212e-03 2.604004983452581912e-01 9.522858826611910743e-01
1.029185732936658937e+00 -2.216027660129852792e-02 3.941153242360905806e-01 -1.604507072246272870e-01 -2.188653655736694150e-03 2.837879294690346388e-01 9.453651101209364915e-01
1.035587895263007985e+00 -1.506828051759441338e-02 3.953827625539063639e-01 -1.618263410780972078e-01 -8.397066790096057928e-03 3.052960457944944861e-01 9.383688235575837755e-01
1.044849464496200309e+00 -1.317252828173912961e-02 3.982626569166962116e-01 -1.631891472177361690e-01 -1.408990725256926979e-02 3.290406342905908832e-01 9.300016331865270658e-01
1.052540321383607091e+00 -7.599247708722235359e-03 4.021522128468740798e-01 -1.648825514958778549e-01 -1.777860653578223343e-02 3.516014935365731620e-01 9.213436140250313988e-01
1.059920521602086607e+00 2.556666178288469898e-04 4.028041984807022580e-01 -1.656996309372792131e-01 -2.196186473406000830e-02 3.719960265824044932e-01 9.130609317080407017e-01
1.069158363177556303e+00 6.921652149345371499e-03 4.039868795226784215e-01 -1.669515858992088042e-01 -2.542613298289799276e-02 3.923744730284600135e-01 9.041697587526987823e-01
1.075655035355265410e+00 1.723203787355662847e-02 4.026464136696998319e-01 -1.676326750204585603e-01 -2.825011975458720237e-02 4.096017263442007783e-01 8.962854694656090526e-01
1.083947502157383669e+00 2.743586191082745401e-02 4.028443838530961774e-01 -1.685111368357614658e-01 -2.965225622691257737e-02 4.257558187940823080e-01 8.885137721082061457e-01
1.088435020606763226e+00 3.827134586778763170e-02 3.947747778144702346e-01 -1.691567288597242424e-01 -3.057681639293651291e-02 4.391557611540892747e-01 8.818124952765882263e-01
1.100751528238514299e+00 4.443960681827506531e-02 3.942326177725792302e-01 -1.698151302694594078e-01 -3.012452388815357179e-02 4.500827563730355751e-01 8.761739821563577779e-01
1.114223468267794726e+00 4.674216088907907907e-02 3.979592032099856236e-01 -1.706135166249721780e-01 -2.745617257354290505e-02 4.579375320941848071e-01 8.720266069518518570e-01
