2.616429710388183594e+01 -2.226403045654296875e+01 -9.312875270843505859e-01 -9.828075766563415527e-02 1.950348913669586182e-01 7.394629120826721191e-01 6.367863416671752930e-01
2.616372680664062500e+01 -2.217281532287597656e+01 -9.335692524909973145e-01 -1.150443628430366516e-01 1.832592189311981201e-01 7.594124078750610352e-01 6.135740876197814941e-01
2.616293525695800781e+01 -2.208936309814453125e+01 -9.348081946372985840e-01 -1.317157000303268433e-01 1.714167743921279907e-01 7.774057984352111816e-01 5.906829237937927246e-01
2.616194725036621094e+01 -2.201375961303710938e+01 -9.352792501449584961e-01 -1.481156945228576660e-01 1.596851944923400879e-01 7.933980226516723633e-01 5.684008598327636719e-01
2.616086769104003906e+01 -2.194608306884765625e+01 -9.350619912147521973e-01 -1.640770137310028076e-01 1.482433974742889404e-01 8.073760867118835449e-01 5.470306277275085449e-01
2.615983772277832031e+01 -2.188638305664062500e+01 -9.341989755630493164e-01 -1.794434338808059692e-01 1.372693926095962524e-01 8.193559646606445312e-01 5.268844366073608398e-01
2.615898513793945312e+01 -2.183469581604003906e+01 -9.327348470687866211e-01 -1.940723508596420288e-01 1.269402354955673218e-01 8.293764591217041016e-01 5.082808136940002441e-01
2.615844345092773438e+01 -2.179105758666992188e+01 -9.307001829147338867e-01 -2.078258544206619263e-01 1.174262315034866333e-01 8.374951481819152832e-01 4.915410280227661133e-01
2.615835189819335938e+01 -2.175550270080566406e+01 -9.281180500984191895e-01 -2.205992490053176880e-01 1.089065819978713989e-01 8.437741994857788086e-01 4.769805371761322021e-01
2.615883636474609375e+01 -2.172800445556640625e+01 -9.250065088272094727e-01 -2.322079241275787354e-01 1.015073806047439575e-01 8.482978940010070801e-01 4.649244844913482666e-01
2.616001510620117188e+01 -2.170865249633789062e+01 -9.213795065879821777e-01 -2.427976429462432861e-01 9.553096443414688110e-02 8.510643243789672852e-01 4.556311964988708496e-01
2.616202545166015625e+01 -2.169737052917480469e+01 -9.171820878982543945e-01 -2.468553632497787476e-01 8.807561546564102173e-02 8.535139560699462891e-01 4.503391385078430176e-01
2.616481018066406250e+01 -2.169434356689453125e+01 -9.124143719673156738e-01 -2.498877048492431641e-01 8.211370557546615601e-02 8.544838428497314453e-01 4.479464590549468994e-01
2.616832160949707031e+01 -2.169105339050292969e+01 -9.076185822486877441e-01 -2.523180246353149414e-01 7.769177109003067017e-02 8.541033267974853516e-01 4.480973780155181885e-01
2.617250251770019531e+01 -2.168702125549316406e+01 -9.028098583221435547e-01 -2.541542649269104004e-01 7.464503496885299683e-02 8.525706529617309570e-01 4.504888355731964111e-01
2.617728042602539062e+01 -2.168233489990234375e+01 -8.979747891426086426e-01 -2.554773390293121338e-01 7.286831736564636230e-02 8.500405550003051758e-01 4.547907114028930664e-01
2.618260192871093750e+01 -2.167684364318847656e+01 -8.931154608726501465e-01 -2.563192248344421387e-01 7.224458456039428711e-02 8.466653227806091309e-01 4.606729745864868164e-01
2.618838119506835938e+01 -2.167052650451660156e+01 -8.882359266281127930e-01 -2.567026615142822266e-01 7.266431301832199097e-02 8.425927758216857910e-01 4.678035378456115723e-01
2.619454956054687500e+01 -2.166330528259277344e+01 -8.833314180374145508e-01 -2.566379606723785400e-01 7.401939481496810913e-02 8.379737734794616699e-01 4.758529067039489746e-01
2.620103645324707031e+01 -2.165512275695800781e+01 -8.784145116806030273e-01 -2.561295926570892334e-01 7.620380073785781860e-02 8.329647779464721680e-01 4.844966828823089600e-01
2.620777320861816406e+01 -2.164591217041015625e+01 -8.734881281852722168e-01 -2.551808357238769531e-01 7.911171019077301025e-02 8.277311921119689941e-01 4.934171140193939209e-01
2.621470832824707031e+01 -2.163560485839843750e+01 -8.685581684112548828e-01 -2.537975311279296875e-01 8.263881504535675049e-02 8.224475383758544922e-01 5.023062229156494141e-01
2.622178077697753906e+01 -2.162413024902343750e+01 -8.636298179626464844e-01 -2.519926726818084717e-01 8.667977154254913330e-02 8.172982335090637207e-01 5.108646750450134277e-01
2.622894096374511719e+01 -2.161140441894531250e+01 -8.587077260017395020e-01 -2.497884631156921387e-01 9.112956374883651733e-02 8.124754428863525391e-01 5.188031196594238281e-01
2.623617362976074219e+01 -2.159735679626464844e+01 -8.537263274192810059e-01 -2.472200244665145874e-01 9.588363766670227051e-02 8.081774711608886719e-01 5.258412361145019531e-01
2.624342346191406250e+01 -2.158190536499023438e+01 -8.487433195114135742e-01 -2.443368881940841675e-01 1.008368954062461853e-01 8.046056032180786133e-01 5.317062139511108398e-01
2.625065612792968750e+01 -2.156496620178222656e+01 -8.437600135803222656e-01 -2.412073165178298950e-01 1.058851480484008789e-01 8.019602894783020020e-01 5.361312627792358398e-01
2.625783538818359375e+01 -2.154645729064941406e+01 -8.387708067893981934e-01 -2.379104346036911011e-01 1.109187975525856018e-01 8.004381060600280762e-01 5.388542413711547852e-01
2.626493263244628906e+01 -2.152629852294921875e+01 -8.337637186050415039e-01 -2.345696389675140381e-01 1.158415451645851135e-01 8.002186417579650879e-01 5.396081805229187012e-01
2.627192115783691406e+01 -2.150440979003906250e+01 -8.287242054939270020e-01 -2.312320619821548462e-01 1.204879283905029297e-01 8.014897704124450684e-01 5.381429791450500488e-01
2.627874374389648438e+01 -2.148071670532226562e+01 -8.236330747604370117e-01 -2.283179312944412231e-01 1.249195113778114319e-01 8.043258190155029297e-01 5.341309309005737305e-01
2.628538131713867188e+01 -2.145519638061523438e+01 -8.184312582015991211e-01 -2.197909206151962280e-01 1.248997375369071960e-01 8.103667497634887695e-01 5.285527110099792480e-01
2.629177093505859375e+01 -2.142776489257812500e+01 -8.131425976753234863e-01 -2.106194198131561279e-01 1.238912269473075867e-01 8.181651830673217773e-01 5.204485654830932617e-01
2.629790687561035156e+01 -2.139853096008300781e+01 -8.077385425567626953e-01 -2.011695951223373413e-01 1.221817359328269958e-01 8.273484706878662109e-01 5.099688768386840820e-01
2.630378913879394531e+01 -2.136753273010253906e+01 -8.021907806396484375e-01 -1.914426237344741821e-01 1.198075488209724426e-01 8.376275300979614258e-01 4.973409473896026611e-01
2.630941772460937500e+01 -2.133498954772949219e+01 -7.964689135551452637e-01 -1.815406531095504761e-01 1.168731600046157837e-01 8.486937880516052246e-01 4.827783703804016113e-01
2.631480216979980469e+01 -2.130066490173339844e+01 -7.905688285827636719e-01 -1.715441197156906128e-01 1.134682744741439819e-01 8.602546453475952148e-01 4.665110111236572266e-01
2.631995201110839844e+01 -2.127256584167480469e+01 -7.839803099632263184e-01 -1.615455448627471924e-01 1.096902340650558472e-01 8.720321059226989746e-01 4.487809240818023682e-01
2.632488822937011719e+01 -2.125116157531738281e+01 -7.766684889793395996e-01 -1.516415476799011230e-01 1.056387946009635925e-01 8.837706446647644043e-01 4.298466145992279053e-01
2.632967948913574219e+01 -2.123643684387207031e+01 -7.686380743980407715e-01 -1.419355869293212891e-01 1.014178171753883362e-01 8.952406644821166992e-01 4.099825322628021240e-01
2.633436965942382812e+01 -2.122843933105468750e+01 -7.598907351493835449e-01 -1.325369477272033691e-01 9.713504463434219360e-02 9.062425494194030762e-01 3.894815742969512939e-01
2.633904075622558594e+01 -2.122747611999511719e+01 -7.504270672798156738e-01 -1.235602274537086487e-01 9.290120005607604980e-02 9.166091680526733398e-01 3.686499297618865967e-01
2.634379196166992188e+01 -2.122759246826171875e+01 -7.406364679336547852e-01 -1.151247844099998474e-01 8.883004635572433472e-02 9.262060523033142090e-01 3.478085100650787354e-01
2.634872055053710938e+01 -2.122854614257812500e+01 -7.305598855018615723e-01 -1.073542982339859009e-01 8.503782749176025391e-02 9.349324703216552734e-01 3.272891938686370850e-01
2.635393524169921875e+01 -2.123048782348632812e+01 -7.202234268188476562e-01 -1.003754138946533203e-01 8.164250850677490234e-02 9.427182674407958984e-01 3.074328005313873291e-01
2.635955047607421875e+01 -2.123338890075683594e+01 -7.096651196479797363e-01 -9.431722760200500488e-02 7.876344025135040283e-02 9.495221972465515137e-01 2.885856926441192627e-01
2.636568641662597656e+01 -2.123732566833496094e+01 -6.989220976829528809e-01 -8.931064605712890625e-02 7.652069628238677979e-02 9.553261995315551758e-01 2.710967957973480225e-01
2.637245941162109375e+01 -2.124222946166992188e+01 -6.880384683609008789e-01 -8.548718690872192383e-02 7.503493875265121460e-02 9.601295590400695801e-01 2.553159594535827637e-01
2.637999153137207031e+01 -2.124828910827636719e+01 -6.770413517951965332e-01 -8.297920972108840942e-02 7.442700117826461792e-02 9.639410376548767090e-01 2.415904551744461060e-01
2.638839530944824219e+01 -2.125123214721679688e+01 -6.662344336509704590e-01 -8.191850036382675171e-02 7.481776922941207886e-02 9.667693376541137695e-01 2.302635461091995239e-01
2.639779472351074219e+01 -2.125086402893066406e+01 -6.556606292724609375e-01 -8.243642747402191162e-02 7.632805407047271729e-02 9.686136245727539062e-01 2.216716110706329346e-01
