0.000000000000000000e+00 0.000000000000000000e+00 0.000000000000000000e+00 0.000000000000000000e+00 0.000000000000000000e+00 0.000000000000000000e+00 1.000000000000000000e+00
8.316048979759216309e-02 -1.042937953025102615e-02 3.607374802231788635e-02 -2.565954867143153961e-02 7.724564588798960713e-03 2.576397988216503135e-02 9.993088291436853510e-01
1.589000252518658618e-01 -1.969062532664620641e-02 6.990917709068916741e-02 -5.075890097552856334e-02 1.556206878797869800e-02 5.014724825723575197e-02 9.973297395941935761e-01
2.275754961233463491e-01 -2.760797396471632859e-02 1.005482970243507801e-01 -7.533285502414892310e-02 2.317045209599269406e-02 7.255132574604365725e-02 9.942456417988813078e-01
2.887480197396445902e-01 -3.457482624642722185e-02 1.286681929529756852e-01 -9.901132271702232923e-02 3.077878952510100519e-02 9.332571875288513119e-02 9.902220631295045594e-01
3.424988475487254491e-01 -4.024606076327365972e-02 1.540481118085776924e-01 -1.215360651048104923e-01 3.810244820597779442e-02 1.118042890763350505e-01 9.855338600290125539e-01
3.886624955250023161e-01 -4.560431448806718385e-02 1.766872831915685393e-01 -1.424317444897335028e-01 4.501332049995301898e-02 1.281465602053328823e-01 9.804414608974474366e-01
4.273448499536487422e-01 -5.000394099786379526e-02 1.964420778918665733e-01 -1.615361524169667273e-01 5.159236323937149010e-02 1.420263833266434406e-01 9.752296170424955557e-01
4.581873206622874006e-01 -5.423744950750276905e-02 2.137087962743655922e-01 -1.788616052445004823e-01 5.788308512346127671e-02 1.536009701531963478e-01 9.700849532870549075e-01
4.811304329799284130e-01 -5.791247438811244347e-02 2.285905053364616635e-01 -1.938943729658218484e-01 6.376516290267902898e-02 1.622329925705653653e-01 9.654115351775037768e-01
4.963989807329186044e-01 -6.100426040385961701e-02 2.404742657865558131e-01 -2.065460816704677571e-01 6.951753611361820295e-02 1.683090475686951082e-01 9.613418189311161433e-01
5.038122522668985193e-01 -6.389183131511100289e-02 2.494203190309270679e-01 -2.156809784055891133e-01 6.859739644726403629e-02 1.723724373621207395e-01 9.586781814522048473e-01
5.039314602038890145e-01 -6.573553102986638697e-02 2.549015012514266876e-01 -2.223660013262962476e-01 6.749728365408036446e-02 1.735038065411857455e-01 9.570234622354840681e-01
5.043702990147096443e-01 -6.861097441621782922e-02 2.606368018869623659e-01 -2.271394067367703551e-01 6.646831935886933496e-02 1.721064256115577562e-01 9.562264536667497428e-01
5.054758906720662193e-01 -7.235926390944366626e-02 2.668307109528240129e-01 -2.299979130548704120e-01 6.564927473237722189e-02 1.687517782217078377e-01 9.561976626537678214e-01
5.072781241610317959e-01 -7.718074259280324756e-02 2.731647430398452814e-01 -2.307773471778711560e-01 6.491633993920298273e-02 1.632420452310955894e-01 9.570160497646896802e-01
5.095822678827766072e-01 -8.157757322477561523e-02 2.807491166877266187e-01 -2.307662631645733264e-01 6.467953761266038992e-02 1.564334462243089918e-01 9.581712091801014575e-01
5.119865350658532321e-01 -8.733872687982877081e-02 2.884906641126835369e-01 -2.289007770687318255e-01 6.430585848713028796e-02 1.484913448759503929e-01 9.599059908754062898e-01
5.156625864875774568e-01 -9.275045341097548635e-02 2.971392185267981434e-01 -2.263363608584101905e-01 6.440012237748846124e-02 1.399756218616985126e-01 9.617854757042064717e-01
5.195231333526816320e-01 -9.881091045430449860e-02 3.064397587832392023e-01 -2.226843292436179456e-01 6.399747542455810900e-02 1.307844548409698993e-01 9.639561395730374960e-01
5.244881453947397576e-01 -1.051537053577898673e-01 3.162385872280812360e-01 -2.182587475064446669e-01 6.404688220332363513e-02 1.213281342268547058e-01 9.661990477442947700e-01
5.312767495162905584e-01 -1.112398161374924116e-01 3.264018277855302297e-01 -2.133050063985196809e-01 6.420739333399777538e-02 1.120857102384754528e-01 9.684085803249150581e-01
5.387035306529170953e-01 -1.187413956499297624e-01 3.365756953924854411e-01 -2.071070528620304052e-01 6.430289920844553531e-02 1.032504617673497133e-01 9.707271233220083895e-01
5.474245610779064908e-01 -1.257154229636897602e-01 3.476589094338899955e-01 -2.007082226970733352e-01 6.459269355118402167e-02 9.512664034943592306e-02 9.728797025210330629e-01
5.569093803175146906e-01 -1.334478306940445336e-01 3.593042071224713530e-01 -1.939210998924049689e-01 6.476603548413720213e-02 8.812511190888726309e-02 9.749020116479572007e-01
5.675823699796515021e-01 -1.413998983531004894e-01 3.715829560339393156e-01 -1.871307435343119718e-01 6.500021204825390253e-02 8.244143922384071510e-02 9.767089977862799532e-01
5.799036213218574654e-01 -1.495853273739639333e-01 3.841336635885814754e-01 -1.804673984921178476e-01 6.533040094162330391e-02 7.862097716321739260e-02 9.782546696766618588e-01
5.935832692321191262e-01 -1.581517163168373596e-01 3.972256417533562289e-01 -1.740767507712791540e-01 6.557677027660256674e-02 7.684587591925907957e-02 9.795364635352813432e-01
6.088795405106816050e-01 -1.667284501157390852e-01 4.109135594070201791e-01 -1.681811112389420548e-01 6.595800305650956208e-02 7.712387940584443380e-02 9.805185173573340851e-01
6.259482912999098092e-01 -1.752247469046689654e-01 4.251573710071034351e-01 -1.627096507362577604e-01 6.665280781038686320e-02 8.025029028235584894e-02 9.811436508880206908e-01
6.449072834895578366e-01 -1.833526134310700939e-01 4.400292132025434566e-01 -1.584832406792587023e-01 6.777527107354196223e-02 8.599486461195067488e-02 9.812718574967287388e-01
6.650302757238792939e-01 -1.922280047379406054e-01 4.558595675184977658e-01 -1.547423952255045643e-01 6.206275759836307054e-02 9.594541678310378185e-02 9.813243511894917948e-01
6.865188275889848590e-01 -2.012266216450088741e-01 4.728705456235905435e-01 -1.518886152868182127e-01 5.557517998166680573e-02 1.089698286887290368e-01 9.807990744040326891e-01
7.099390601662036726e-01 -2.100121979880268386e-01 4.903357333755960501e-01 -1.499677488909381962e-01 4.856358097361919424e-02 1.240517056552556813e-01 9.796746537599231308e-01
7.352176186877078523e-01 -2.179365781890686138e-01 5.085636865107916460e-01 -1.488652904857828418e-01 4.156299633331386051e-02 1.416678012013024845e-01 9.777739394804755291e-01
7.619439606689546451e-01 -2.251346176467804994e-01 5.276150490936107884e-01 -1.485261684213454170e-01 3.452248894712620086e-02 1.613042258981197408e-01 9.750533943115001767e-01
7.894731302347132162e-01 -2.340931426151942885e-01 5.477948591184438332e-01 -1.482925907020370415e-01 2.685635158293021504e-02 1.824920632227233219e-01 9.715887457063537846e-01
8.107860609207308000e-01 -2.418182230218634821e-01 5.663447218412027695e-01 -1.486952441538204051e-01 1.919531683291160820e-02 2.047132320493887103e-01 9.672712943128277674e-01
8.267948527708643969e-01 -2.466313452428158248e-01 5.821676871685742549e-01 -1.499664620894749778e-01 1.194110697336561375e-02 2.280037588164252338e-01 9.619676481972758708e-01
8.358793662287968829e-01 -2.512332358452832870e-01 5.959323866379797607e-01 -1.509170465260983862e-01 4.817390983035323669e-03 2.516393160658426664e-01 9.559699223416346925e-01
8.366553454007502610e-01 -2.532355900161902817e-01 6.078667320798131213e-01 -1.529802858198842375e-01 -2.239609844157023407e-03 2.757933544220444455e-01 9.489626135706554777e-01
8.304220932574249980e-01 -2.534390779834876928e-01 6.152149055986787518e-01 -1.544475334514632814e-01 -9.005992870408329604e-03 2.984437226040365654e-01 9.418047546818938409e-01
8.245217145956392768e-01 -2.543157388426782184e-01 6.230940763042785990e-01 -1.565800354923315707e-01 -1.455212662864992755e-02 3.212767099093661871e-01 9.338373540213611435e-01
8.189475212395086468e-01 -2.554698888334707707e-01 6.316343157245318807e-01 -1.586975615645438709e-01 -1.946127843167508309e-02 3.432327749616480017e-01 9.255417898654815234e-01
8.125233544200251012e-01 -2.580114201428206355e-01 6.399326795498898601e-01 -1.602244960806573637e-01 -2.369727713180354300e-02 3.635553364143402355e-01 9.173843618009267509e-01
8.062349342690106058e-01 -2.615604918865352957e-01 6.488226559817585892e-01 -1.616860706591143060e-01 -2.698952844207441748e-02 3.827187247866107866e-01 9.092060039435511110e-01
7.980539342901702415e-01 -2.659339678863144596e-01 6.568383625015188354e-01 -1.625873032065126012e-01 -2.961244810687197956e-02 4.003487706076447883e-01 9.013375248074934065e-01
7.893742126512233170e-01 -2.707212920614108231e-01 6.654793206070414024e-01 -1.636449025006010694e-01 -3.068126016734781802e-02 4.158451636858735978e-01 8.940647661099174748e-01
7.781598337666708609e-01 -2.751594022984352184e-01 6.730427164020941211e-01 -1.643542310787602378e-01 -2.993066786460134299e-02 4.287249533509372434e-01 8.878551437154176273e-01
7.741085995528235175e-01 -2.736019490747443328e-01 6.861270416198876898e-01 -1.647752027721799961e-01 -2.905233175426335385e-02 4.385386046280881911e-01 8.829999925378689829e-01
7.813851929922983608e-01 -2.759643858063110522e-01 6.980498110680780632e-01 -1.654148492431970763e-01 -2.629517598875605669e-02 4.459491244028007118e-01 8.792473314227038372e-01
