0.000000000000000000e+00 0.000000000000000000e+00 0.000000000000000000e+00 -1.260804394914716298e-12 1.351729492227171647e-12 -1.776737828043661871e-12 1.000000000000000000e+00
8.734840899705886841e-02 8.929491741582751274e-04 2.682211622595787048e-02 -2.250051498413085938e-02 5.250527057796716690e-03 1.713308133184909821e-02 9.995863437652587891e-01
1.651318967342376709e-01 -1.781009254045784473e-03 5.831602960824966431e-02 -4.482486471533775330e-02 1.224642433226108551e-02 3.320791944861412048e-02 9.983678460121154785e-01
2.349041253328323364e-01 -6.928468588739633560e-03 8.808565139770507812e-02 -6.638970226049423218e-02 1.988869346678256989e-02 4.866010323166847229e-02 9.964080452919006348e-01
2.964345216751098633e-01 -1.873135380446910858e-02 1.161214858293533325e-01 -8.880132436752319336e-02 2.806457318365573883e-02 6.689583510160446167e-02 9.934040904045104980e-01
3.507622182369232178e-01 -2.583438716828823090e-02 1.422923505306243896e-01 -1.099345162510871887e-01 3.605138137936592102e-02 8.236170560121536255e-02 9.898642897605895996e-01
3.976451456546783447e-01 -3.278239071369171143e-02 1.659414917230606079e-01 -1.291492134332656860e-01 4.374554008245468140e-02 9.618272632360458374e-02 9.859796762466430664e-01
4.377121925354003906e-01 -3.758728131651878357e-02 1.861604303121566772e-01 -1.465916484594345093e-01 5.116344988346099854e-02 1.071957722306251526e-01 9.820399284362792969e-01
4.708740711212158203e-01 -3.931917622685432434e-02 2.030431032180786133e-01 -1.618211567401885986e-01 5.878258496522903442e-02 1.153675988316535950e-01 9.782887697219848633e-01
4.977335333824157715e-01 -4.000140354037284851e-02 2.148614227771759033e-01 -1.746321171522140503e-01 6.453748047351837158e-02 1.200923770666122437e-01 9.751494526863098145e-01
5.171748399734497070e-01 -4.105648770928382874e-02 2.239317297935485840e-01 -1.857328563928604126e-01 7.010620087385177612e-02 1.237396597862243652e-01 9.722535610198974609e-01
5.299692749977111816e-01 -4.230619966983795166e-02 2.279527634382247925e-01 -1.940352618694305420e-01 6.863280385732650757e-02 1.253478527069091797e-01 9.705296754837036133e-01
5.354754924774169922e-01 -4.114498570561408997e-02 2.290266007184982300e-01 -2.000925093889236450e-01 6.739215552806854248e-02 1.245350614190101624e-01 9.694907069206237793e-01
5.410886406898498535e-01 -3.883254900574684143e-02 2.305895984172821045e-01 -2.038050442934036255e-01 6.623002141714096069e-02 1.209551692008972168e-01 9.692507982254028320e-01
5.475751757621765137e-01 -3.720150515437126160e-02 2.327804118394851685e-01 -2.059661895036697388e-01 6.531805545091629028e-02 1.158049702644348145e-01 9.694847464561462402e-01
5.545910596847534180e-01 -3.446272760629653931e-02 2.350855469703674316e-01 -2.061930000782012939e-01 6.431490927934646606e-02 1.084417626261711121e-01 9.703548550605773926e-01
5.629098415374755859e-01 -3.300089761614799500e-02 2.378029525279998779e-01 -2.053181678056716919e-01 6.329303234815597534e-02 9.971666336059570312e-02 9.715426564216613770e-01
5.722481608390808105e-01 -3.344548121094703674e-02 2.409352213144302368e-01 -2.026718705892562866e-01 6.266951560974121094e-02 9.024751186370849609e-02 9.730632901191711426e-01
5.824108719825744629e-01 -3.342591226100921631e-02 2.450357079505920410e-01 -1.994687169790267944e-01 6.244314834475517273e-02 7.999911904335021973e-02 9.746350049972534180e-01
5.927680134773254395e-01 -3.568527474999427795e-02 2.509970963001251221e-01 -1.951110363006591797e-01 6.242166459560394287e-02 6.959595531225204468e-02 9.763154387474060059e-01
6.040381789207458496e-01 -3.934384509921073914e-02 2.570198178291320801e-01 -1.904992014169692993e-01 6.234978884458541870e-02 5.883306637406349182e-02 9.779372215270996094e-01
6.167628765106201172e-01 -4.306338727474212646e-02 2.632097601890563965e-01 -1.852828115224838257e-01 6.215578690171241760e-02 4.843894392251968384e-02 9.795206189155578613e-01
6.307055354118347168e-01 -4.812992364168167114e-02 2.691604793071746826e-01 -1.789860129356384277e-01 6.167237460613250732e-02 3.867828100919723511e-02 9.811547398567199707e-01
6.463618874549865723e-01 -5.168086662888526917e-02 2.760677039623260498e-01 -1.725789010524749756e-01 6.152610853314399719e-02 2.966619655489921570e-02 9.826245903968811035e-01
6.628648638725280762e-01 -5.803363770246505737e-02 2.829953432083129883e-01 -1.655887514352798462e-01 6.135987862944602966e-02 2.212136797606945038e-02 9.840356111526489258e-01
6.804195642471313477e-01 -6.547914445400238037e-02 2.908354699611663818e-01 -1.586567163467407227e-01 6.130221486091613770e-02 1.607908308506011963e-02 9.852976799011230469e-01
7.008602619171142578e-01 -7.033763825893402100e-02 2.985123693943023682e-01 -1.520096957683563232e-01 6.142995879054069519e-02 1.146797183901071548e-02 9.864015579223632812e-01
7.222025990486145020e-01 -7.807524502277374268e-02 3.066205680370330811e-01 -1.453296840190887451e-01 6.125048175454139709e-02 9.068712592124938965e-03 9.874439835548400879e-01
7.454053759574890137e-01 -8.503243327140808105e-02 3.159937262535095215e-01 -1.394209861755371094e-01 6.194726377725601196e-02 8.553529158234596252e-03 9.882566928863525391e-01
7.706495523452758789e-01 -9.207616001367568970e-02 3.257233202457427979e-01 -1.341800242662429810e-01 6.328284740447998047e-02 1.077578403055667877e-02 9.888756275177001953e-01
7.970080971717834473e-01 -9.874083101749420166e-02 3.383514285087585449e-01 -1.306393891572952271e-01 6.546603143215179443e-02 1.573196984827518463e-02 9.891411066055297852e-01
8.246980309486389160e-01 -1.066180244088172913e-01 3.523796200752258301e-01 -1.284070163965225220e-01 6.144700571894645691e-02 2.298207208514213562e-02 9.895492196083068848e-01
8.533768057823181152e-01 -1.145523041486740112e-01 3.689025044441223145e-01 -1.275187879800796509e-01 5.780144408345222473e-02 3.255382925271987915e-02 9.896152019500732422e-01
8.843377828598022461e-01 -1.224599331617355347e-01 3.855945765972137451e-01 -1.276685446500778198e-01 5.383422970771789551e-02 4.370944574475288391e-02 9.893897771835327148e-01
9.187877178192138672e-01 -1.288669705390930176e-01 4.000387191772460938e-01 -1.286430954933166504e-01 4.870431125164031982e-02 5.743066966533660889e-02 9.888278841972351074e-01
9.548079967498779297e-01 -1.363084316253662109e-01 4.148726463317871094e-01 -1.298480331897735596e-01 4.349545389413833618e-02 7.297617197036743164e-02 9.878876805305480957e-01
9.923092722892761230e-01 -1.453281641006469727e-01 4.297434091567993164e-01 -1.312131285667419434e-01 3.833660855889320374e-02 8.927570283412933350e-02 9.865815639495849609e-01
1.023929476737976074e+00 -1.528754085302352905e-01 4.425329267978668213e-01 -1.332900375127792358e-01 3.283577784895896912e-02 1.068475991487503052e-01 9.847534298896789551e-01
1.049872398376464844e+00 -1.587408483028411865e-01 4.528759121894836426e-01 -1.365039050579071045e-01 2.738622017204761505e-02 1.257431060075759888e-01 9.822450876235961914e-01
1.071321964263916016e+00 -1.622978895902633667e-01 4.567057192325592041e-01 -1.381436884403228760e-01 2.142493985593318939e-02 1.444128155708312988e-01 9.795928597450256348e-01
1.086748600006103516e+00 -1.621412783861160278e-01 4.585934877395629883e-01 -1.400863975286483765e-01 1.554613094776868820e-02 1.629337221384048462e-01 9.765177369117736816e-01
1.095266580581665039e+00 -1.589119583368301392e-01 4.594392478466033936e-01 -1.422327160835266113e-01 1.011770218610763550e-02 1.824364960193634033e-01 9.728229641914367676e-01
1.103850007057189941e+00 -1.591736376285552979e-01 4.598615467548370361e-01 -1.437383294105529785e-01 4.752984270453453064e-03 2.029987424612045288e-01 9.685598015785217285e-01
1.111301541328430176e+00 -1.568296402692794800e-01 4.614728391170501709e-01 -1.456747800111770630e-01 8.281782502308487892e-04 2.222631275653839111e-01 9.640422463417053223e-01
1.117690205574035645e+00 -1.545260697603225708e-01 4.606163203716278076e-01 -1.474827975034713745e-01 -3.403493668884038925e-03 2.405527383089065552e-01 9.593600034713745117e-01
1.123440265655517578e+00 -1.528969854116439819e-01 4.580534398555755615e-01 -1.489424407482147217e-01 -7.910315878689289093e-03 2.579564452171325684e-01 9.545742869377136230e-01
1.126781344413757324e+00 -1.510929167270660400e-01 4.542751610279083252e-01 -1.500114798545837402e-01 -1.213258877396583557e-02 2.738146483898162842e-01 9.499343037605285645e-01
1.130257964134216309e+00 -1.496193110942840576e-01 4.515849053859710693e-01 -1.508688628673553467e-01 -1.469925884157419205e-02 2.882581353187561035e-01 9.454786181449890137e-01
1.132139444351196289e+00 -1.481385678052902222e-01 4.490214586257934570e-01 -1.514731794595718384e-01 -1.595840230584144592e-02 3.005667328834533691e-01 9.415204524993896484e-01
1.137540578842163086e+00 -1.464195996522903442e-01 4.470978975296020508e-01 -1.521136611700057983e-01 -1.618530228734016418e-02 3.092793226242065430e-01 9.385871887207031250e-01
1.146333456039428711e+00 -1.465832144021987915e-01 4.494594633579254150e-01 -1.526658385992050171e-01 -1.293613016605377197e-02 3.159270882606506348e-01 9.363310933113098145e-01
1.269437789916992188e+00 -2.899885177612304688e-02 4.894836843013763428e-01 -1.992353498935699463e-01 -1.115214079618453979e-02 3.486891686916351318e-01 9.157493114471435547e-01
1.379459142684936523e+00 7.751004397869110107e-02 5.359510779380798340e-01 -2.430461943149566650e-01 -6.451480556279420853e-03 3.712945580482482910e-01 8.961179256439208984e-01
1.485035419464111328e+00 1.658029407262802124e-01 5.806533694267272949e-01 -2.867152988910675049e-01 -4.183928249403834343e-04 3.975756168365478516e-01 8.716237545013427734e-01
1.574511051177978516e+00 2.503480315208435059e-01 6.200761198997497559e-01 -3.301534354686737061e-01 5.390516482293605804e-03 4.215587973594665527e-01 8.445459604263305664e-01
1.648423433303833008e+00 3.304927051067352295e-01 6.523919105529785156e-01 -3.700811564922332764e-01 1.205765642225742340e-02 4.415375888347625732e-01 8.172755241394042969e-01
1.708908677101135254e+00 4.031675457954406738e-01 6.784567832946777344e-01 -4.061080515384674072e-01 1.783403754234313965e-02 4.566265940666198730e-01 7.913598418235778809e-01
1.756749749183654785e+00 4.677764773368835449e-01 6.964130401611328125e-01 -4.383412897586822510e-01 2.417466416954994202e-02 4.666701257228851318e-01 7.677835226058959961e-01
1.792156934738159180e+00 5.233970284461975098e-01 7.059541344642639160e-01 -4.657125473022460938e-01 2.890551276504993439e-02 4.709054231643676758e-01 7.486817836761474609e-01
1.820131659507751465e+00 5.654305219650268555e-01 7.117137312889099121e-01 -4.885573983192443848e-01 3.140020743012428284e-02 4.724740087985992432e-01 7.328670620918273926e-01
1.839801192283630371e+00 5.941101312637329102e-01 7.146472334861755371e-01 -5.052723884582519531e-01 2.913776971399784088e-02 4.739302694797515869e-01 7.205837965011596680e-01
1.851012349128723145e+00 6.095243692398071289e-01 7.137227654457092285e-01 -5.157146453857421875e-01 2.121580578386783600e-02 4.744549989700317383e-01 7.130784392356872559e-01
1.855404853820800781e+00 6.202197074890136719e-01 7.108139395713806152e-01 -5.224421024322509766e-01 1.377109531313180923e-02 4.708608686923980713e-01 7.107424139976501465e-01
1.859826326370239258e+00 6.325174570083618164e-01 7.084233760833740234e-01 -5.266681909561157227e-01 6.714049261063337326e-03 4.642198383808135986e-01 7.120923995971679688e-01
1.865164399147033691e+00 6.462849378585815430e-01 7.064996957778930664e-01 -5.282933712005615234e-01 -3.733424091478809714e-05 4.545497298240661621e-01 7.171406745910644531e-01
1.871305108070373535e+00 6.616412997245788574e-01 7.041770815849304199e-01 -5.275030732154846191e-01 -7.014949806034564972e-03 4.424392879009246826e-01 7.252163887023925781e-01
1.881324410438537598e+00 6.773996353149414062e-01 7.041494250297546387e-01 -5.242269039154052734e-01 -1.314297318458557129e-02 4.283909499645233154e-01 7.358631491661071777e-01
1.893276572227478027e+00 6.942923069000244141e-01 7.060763835906982422e-01 -5.195447802543640137e-01 -1.824653334915637970e-02 4.130519628524780273e-01 7.477489113807678223e-01
1.906785130500793457e+00 7.121489644050598145e-01 7.114648222923278809e-01 -5.131674408912658691e-01 -2.240293473005294800e-02 3.966984152793884277e-01 7.607809901237487793e-01
1.922856092453002930e+00 7.296100854873657227e-01 7.205445766448974609e-01 -5.056593418121337891e-01 -2.627357095479965210e-02 3.797231018543243408e-01 7.742278575897216797e-01
1.941925764083862305e+00 7.475442886352539062e-01 7.302771806716918945e-01 -4.970162808895111084e-01 -2.995582483708858490e-02 3.625276386737823486e-01 7.878141999244689941e-01
1.963778376579284668e+00 7.657147645950317383e-01 7.416043877601623535e-01 -4.867972433567047119e-01 -3.304702043533325195e-02 3.464716970920562744e-01 8.011827468872070312e-01
1.987721204757690430e+00 7.859108448028564453e-01 7.532688975334167480e-01 -4.756839871406555176e-01 -3.515138104557991028e-02 3.315166532993316650e-01 8.139938116073608398e-01
2.014646530151367188e+00 8.065468072891235352e-01 7.665104269981384277e-01 -4.638038575649261475e-01 -3.614009544253349304e-02 3.184602558612823486e-01 8.259316682815551758e-01
2.045188665390014648e+00 8.260015845298767090e-01 7.824655175209045410e-01 -4.514287710189819336e-01 -3.595136851072311401e-02 3.079639375209808350e-01 8.367065787315368652e-01
2.078092098236083984e+00 8.485418558120727539e-01 7.982711195945739746e-01 -4.395235478878021240e-01 -3.495550155639648438e-02 2.998725771903991699e-01 8.459749817848205566e-01
2.114081621170043945e+00 8.731236457824707031e-01 8.142021894454956055e-01 -4.278647303581237793e-01 -3.271369263529777527e-02 2.948590219020843506e-01 8.537679910659790039e-01
2.153429508209228516e+00 8.977974653244018555e-01 8.329309225082397461e-01 -4.167520701885223389e-01 -2.942509762942790985e-02 2.933587729930877686e-01 8.598794341087341309e-01
2.195040464401245117e+00 9.262433648109436035e-01 8.520688414573669434e-01 -4.079536795616149902e-01 -2.345102839171886444e-02 2.953212559223175049e-01 8.636024594306945801e-01
2.238657474517822266e+00 9.580381512641906738e-01 8.730636835098266602e-01 -4.014176428318023682e-01 -1.572702080011367798e-02 3.015115261077880859e-01 8.647007942199707031e-01
2.283848524093627930e+00 9.923415184020996094e-01 8.980116844177246094e-01 -3.960068821907043457e-01 -1.242536026984453201e-02 3.136627674102783203e-01 8.629252314567565918e-01
2.330571651458740234e+00 1.030157566070556641e+00 9.254176020622253418e-01 -3.914981186389923096e-01 -1.443760842084884644e-02 3.309211432933807373e-01 8.584939837455749512e-01
2.379054307937622070e+00 1.070861697196960449e+00 9.554970264434814453e-01 -3.888129591941833496e-01 -1.594568230211734772e-02 3.517368137836456299e-01 8.513820767402648926e-01
2.430723905563354492e+00 1.116594552993774414e+00 9.820231795310974121e-01 -3.871121704578399658e-01 -1.841790415346622467e-02 3.759524226188659668e-01 8.417035341262817383e-01
2.484985589981079102e+00 1.166491389274597168e+00 1.006142020225524902e+00 -3.856698572635650635e-01 -2.075974456965923309e-02 4.038074314594268799e-01 8.293174505233764648e-01
2.541297912597656250e+00 1.219555497169494629e+00 1.030073881149291992e+00 -3.842058479785919189e-01 -2.298975363373756409e-02 4.334329068660736084e-01 8.148578405380249023e-01
2.593704462051391602e+00 1.270454406738281250e+00 1.052007913589477539e+00 -3.831840455532073975e-01 -2.504272945225238800e-02 4.641741812229156494e-01 7.981761693954467773e-01
2.635805845260620117e+00 1.314466238021850586e+00 1.069774627685546875e+00 -3.834427297115325928e-01 -2.793878689408302307e-02 4.968972206115722656e-01 7.780001759529113770e-01
2.669836044311523438e+00 1.350722312927246094e+00 1.078407406806945801e+00 -3.823478817939758301e-01 -2.995719760656356812e-02 5.300251245498657227e-01 7.562976479530334473e-01
2.693407535552978516e+00 1.379790425300598145e+00 1.078419446945190430e+00 -3.795028924942016602e-01 -3.252487629652023315e-02 5.620880126953125000e-01 7.341503500938415527e-01
2.703862190246582031e+00 1.401587724685668945e+00 1.074397087097167969e+00 -3.771828711032867432e-01 -3.435612097382545471e-02 5.936166048049926758e-01 7.100507616996765137e-01
2.709962844848632812e+00 1.418128252029418945e+00 1.073080062866210938e+00 -3.747701346874237061e-01 -3.368913382291793823e-02 6.261186003684997559e-01 6.829259395599365234e-01
2.716410160064697266e+00 1.432401180267333984e+00 1.068410634994506836e+00 -3.705490231513977051e-01 -3.385826200246810913e-02 6.573374271392822266e-01 6.553279161453247070e-01
2.718208074569702148e+00 1.446821451187133789e+00 1.065152168273925781e+00 -3.684903681278228760e-01 -3.196524828672409058e-02 6.850280761718750000e-01 6.276381611824035645e-01
2.721476554870605469e+00 1.457329988479614258e+00 1.057609558105468750e+00 -3.642341494560241699e-01 -3.183253854513168335e-02 7.111228108406066895e-01 6.005202531814575195e-01
2.724389553070068359e+00 1.464116334915161133e+00 1.048555016517639160e+00 -3.596081137657165527e-01 -3.138707578182220459e-02 7.348483204841613770e-01 5.741907358169555664e-01
2.725804328918457031e+00 1.468345522880554199e+00 1.039663672447204590e+00 -3.552564680576324463e-01 -3.013134934008121490e-02 7.553014755249023438e-01 5.499134063720703125e-01
2.726960897445678711e+00 1.472069144248962402e+00 1.032505631446838379e+00 -3.522238731384277344e-01 -2.690452337265014648e-02 7.725489139556884766e-01 5.276198983192443848e-01
2.727773904800415039e+00 1.477576851844787598e+00 1.025305867195129395e+00 -3.508523702621459961e-01 -2.323212474584579468e-02 7.851377725601196289e-01 5.098250508308410645e-01
2.730661392211914062e+00 1.491129875183105469e+00 1.020868182182312012e+00 -3.521315753459930420e-01 -1.757860369980335236e-02 7.930670380592346191e-01 4.967284202575683594e-01
