8.189615607261657715e-02 -2.150620706379413605e-02 3.432252630591392517e-02 -2.528522536158561707e-02 1.220146380364894867e-02 2.883545681834220886e-02 9.991897940635681152e-01
7.188370078802108765e-02 -2.631312422454357147e-02 3.415480628609657288e-02 -2.531699463725090027e-02 1.389947254210710526e-02 2.891931310296058655e-02 9.991644024848937988e-01
6.425631791353225708e-02 -2.676187828183174133e-02 3.101614862680435181e-02 -2.486540004611015320e-02 1.349086780101060867e-02 2.730955369770526886e-02 9.992266297340393066e-01
5.597139149904251099e-02 -2.668986096978187561e-02 2.911620773375034332e-02 -2.598514035344123840e-02 1.479845680296421051e-02 2.919960394501686096e-02 9.991261959075927734e-01
4.888835176825523376e-02 -2.470715530216693878e-02 2.628184296190738678e-02 -2.427259460091590881e-02 1.358603965491056442e-02 2.616536244750022888e-02 9.992705583572387695e-01
4.174387454986572266e-02 -2.263083681464195251e-02 2.344842441380023956e-02 -2.255416475236415863e-02 1.280380040407180786e-02 2.345190942287445068e-02 9.993885159492492676e-01
3.507095575332641602e-02 -1.989286206662654877e-02 2.025626599788665771e-02 -2.009383961558341980e-02 1.197688095271587372e-02 1.989039592444896698e-02 9.995284676551818848e-01
2.873628400266170502e-02 -1.645601540803909302e-02 1.706489175558090210e-02 -1.803949661552906036e-02 1.153395790606737137e-02 1.673340238630771637e-02 9.996306896209716797e-01
2.275973372161388397e-02 -1.299332734197378159e-02 1.325560454279184341e-02 -1.502552255988121033e-02 9.988454170525074005e-03 1.184709090739488602e-02 9.997670054435729980e-01
1.631488464772701263e-02 -9.704411029815673828e-03 9.991290979087352753e-03 -1.256755925714969635e-02 9.009928442537784576e-03 9.024573490023612976e-03 9.998397231101989746e-01
1.035414449870586395e-02 -5.855306982994079590e-03 6.286693736910820007e-03 -9.595864452421665192e-03 1.442481530830264091e-03 3.343836171552538872e-03 9.999473094940185547e-01
4.614585079252719879e-03 -2.365991007536649704e-03 2.283666050061583519e-03 -6.623301655054092407e-03 5.209828959777951241e-04 2.971967915073037148e-04 9.999778866767883301e-01
4.909715615212917328e-03 -2.754700602963566780e-03 2.770243911072611809e-03 -4.313692450523376465e-03 5.378022324293851852e-04 -2.557253697887063026e-03 9.999873042106628418e-01
5.530363880097866058e-03 -3.222581930458545685e-03 2.888401970267295837e-03 -2.417929936200380325e-03 6.062434404157102108e-04 -3.898006398230791092e-03 9.999892711639404297e-01
6.198213435709476471e-03 -3.722888650372624397e-03 3.121555550023913383e-03 -1.071018981747329235e-03 1.116677070967853069e-03 -5.473250988870859146e-03 9.999838471412658691e-01
6.797701120376586914e-03 -4.605710040777921677e-03 3.245927859097719193e-03 2.052594936685636640e-04 1.202135463245213032e-03 -5.971375387161970139e-03 9.999814033508300781e-01
7.578935008496046066e-03 -5.370970349758863449e-03 3.266276791691780090e-03 1.757054589688777924e-03 1.354262582026422024e-03 -6.605766247957944870e-03 9.999757409095764160e-01
8.269410580396652222e-03 -6.092949304729700089e-03 3.757670987397432327e-03 2.654257696121931076e-03 1.706289825960993767e-03 -6.933251861482858658e-03 9.999709725379943848e-01
9.015579707920551300e-03 -6.827566307038068771e-03 4.284102935343980789e-03 3.357226960361003876e-03 1.553418813273310661e-03 -7.710598409175872803e-03 9.999634027481079102e-01
1.005673315376043320e-02 -7.595233619213104248e-03 4.300994798541069031e-03 4.007871728390455246e-03 1.386127900332212448e-03 -7.659723516553640366e-03 9.999616742134094238e-01
1.118588447570800781e-02 -8.083992637693881989e-03 4.802848212420940399e-03 4.574776161462068558e-03 1.550409011542797089e-03 -7.282831240445375443e-03 9.999617934226989746e-01
1.243720389902591705e-02 -8.584865368902683258e-03 5.199878942221403122e-03 5.579985212534666061e-03 1.270931330509483814e-03 -6.539570167660713196e-03 9.999622702598571777e-01
1.392739266157150269e-02 -8.580630645155906677e-03 6.056002806872129440e-03 5.710946861654520035e-03 1.428329385817050934e-03 -5.796898622065782547e-03 9.999658465385437012e-01
1.515910867601633072e-02 -9.681873023509979248e-03 6.038050167262554169e-03 6.296691950410604477e-03 1.047528698109090328e-03 -4.619440995156764984e-03 9.999689459800720215e-01
1.647723466157913208e-02 -1.016548089683055878e-02 7.032495923340320587e-03 6.199872586876153946e-03 9.025763138197362423e-04 -3.567592706531286240e-03 9.999740123748779297e-01
1.835723035037517548e-02 -1.010778918862342834e-02 7.635464426130056381e-03 5.709393415600061417e-03 6.516490830108523369e-04 -2.197126625105738640e-03 9.999810457229614258e-01
2.003900334239006042e-02 -1.063336804509162903e-02 8.137429133057594299e-03 5.385491065680980682e-03 1.958210632437840104e-04 -7.965652039274573326e-04 9.999851584434509277e-01
2.181981876492500305e-02 -1.080312114208936691e-02 9.057443588972091675e-03 4.855743143707513809e-03 4.269435012247413397e-04 1.075180363841354847e-03 9.999875426292419434e-01
2.376277558505535126e-02 -1.104588434100151062e-02 9.689338505268096924e-03 3.879491006955504417e-03 1.862354110926389694e-04 4.020639229565858841e-03 9.999843835830688477e-01
2.534065209329128265e-02 -1.124457735568284988e-02 1.140334550291299820e-02 1.969831995666027069e-03 5.608070059679448605e-04 6.927080452442169189e-03 9.999738931655883789e-01
2.771008946001529694e-02 -1.075001712888479233e-02 1.186381932348012924e-02 4.234689695294946432e-04 -6.228534970432519913e-03 9.459802880883216858e-03 9.999357461929321289e-01
2.932142838835716248e-02 -1.167632918804883957e-02 1.280753873288631439e-02 -1.074243104085326195e-03 -6.607828661799430847e-03 1.255674473941326141e-02 9.998987317085266113e-01
3.113568015396595001e-02 -1.218505576252937317e-02 1.341808587312698364e-02 -3.089892677962779999e-03 -6.878172513097524643e-03 1.561271958053112030e-02 9.998496770858764648e-01
3.311137109994888306e-02 -1.271475944668054581e-02 1.335157547146081924e-02 -3.983128815889358521e-03 -7.466868963092565536e-03 1.944421604275703430e-02 9.997751116752624512e-01
3.467753529548645020e-02 -1.371058449149131775e-02 1.351637579500675201e-02 -4.865107592195272446e-03 -7.824437692761421204e-03 2.273519895970821381e-02 9.996990561485290527e-01
3.583708032965660095e-02 -1.533684134483337402e-02 1.373055297881364822e-02 -5.489598494023084641e-03 -7.869126275181770325e-03 2.479160949587821960e-02 9.996466040611267090e-01
3.084123507142066956e-02 -1.228758506476879120e-02 1.093600876629352570e-02 -5.858866032212972641e-03 -8.598296903073787689e-03 2.593714557588100433e-02 9.996094107627868652e-01
2.501808479428291321e-02 -1.023514755070209503e-02 9.029551409184932709e-03 -6.688339635729789734e-03 -7.663025520741939545e-03 2.726856060326099396e-02 9.995763897895812988e-01
2.033879794180393219e-02 -6.519694346934556961e-03 5.211533512920141220e-03 -6.231745239347219467e-03 -8.087263442575931549e-03 2.669117413461208344e-02 9.995915889739990234e-01
1.471776608377695084e-02 -1.917455228976905346e-03 4.383411258459091187e-03 -5.606374237686395645e-03 -6.807738915085792542e-03 2.564788609743118286e-02 9.996321201324462891e-01
8.510072715580463409e-03 4.350297676865011454e-04 3.362138988450169563e-03 -6.505068391561508179e-03 -5.952802952378988266e-03 2.798443846404552460e-02 9.995694756507873535e-01
8.088489063084125519e-03 -1.126895876950584352e-04 2.692591166123747826e-03 -5.867126397788524628e-03 -5.990999285131692886e-03 2.827834337949752808e-02 9.995648860931396484e-01
7.358320988714694977e-03 3.212579758837819099e-04 2.641508355736732483e-03 -5.596058443188667297e-03 -4.571807105094194412e-03 2.747824601829051971e-02 9.995962977409362793e-01
6.604563910514116287e-03 3.579104668460786343e-04 2.513909013941884041e-03 -5.091734230518341064e-03 -4.138135351240634918e-03 2.590539678931236267e-02 9.996428489685058594e-01
5.947766825556755066e-03 -2.059295802609995008e-04 1.986973686143755913e-03 -5.238241050392389297e-03 -3.539222525432705879e-03 2.520275302231311798e-02 9.996623992919921875e-01
5.089107435196638107e-03 5.777799524366855621e-04 1.771961571648716927e-03 -4.280573688447475433e-03 -3.149701282382011414e-03 2.203779853880405426e-02 9.997429847717285156e-01
4.312033299356698990e-03 1.124126356444321573e-04 1.414007740095257759e-03 -3.741757012903690338e-03 -1.632607076317071915e-03 2.034303359687328339e-02 9.997847080230712891e-01
3.375690896064043045e-03 5.777583573944866657e-04 1.200164784677326679e-03 -3.216597484424710274e-03 -4.908461705781519413e-04 1.724000647664070129e-02 9.998461008071899414e-01
5.048403982073068619e-03 -1.872775726951658726e-03 2.245672978460788727e-03 -2.199954586103558540e-03 1.254874514415860176e-03 1.329250726848840714e-02 9.999084472656250000e-01
7.122997194528579712e-03 -4.533655475825071335e-03 2.527351491153240204e-03 -1.380922738462686539e-03 3.072186838835477829e-03 1.006307825446128845e-02 9.999436736106872559e-01
1.561484932899475098e-01 -4.169999808073043823e-02 6.759238988161087036e-02 -5.066303163766860962e-02 2.599307894706726074e-02 5.751802027225494385e-02 9.967192411422729492e-01
1.389685869216918945e-01 -4.733441770076751709e-02 6.368069350719451904e-02 -5.031571164727210999e-02 2.819456905126571655e-02 5.606752261519432068e-02 9.967596530914306641e-01
1.225704327225685120e-01 -4.896965250372886658e-02 5.931881442666053772e-02 -5.019093304872512817e-02 2.755335345864295959e-02 5.628537386655807495e-02 9.967716336250305176e-01
1.067814156413078308e-01 -4.811207950115203857e-02 5.468903481960296631e-02 -4.952210187911987305e-02 2.744806371629238129e-02 5.463921278715133667e-02 9.968995451927185059e-01
9.221682697534561157e-02 -4.453142359852790833e-02 4.943183436989784241e-02 -4.583470895886421204e-02 2.612833119928836823e-02 4.912481456995010376e-02 9.973982572555541992e-01
7.801904529333114624e-02 -4.037825390696525574e-02 4.361327365040779114e-02 -4.211762174963951111e-02 2.456538937985897064e-02 4.309026896953582764e-02 9.978806972503662109e-01
6.476979702711105347e-02 -3.470950946211814880e-02 3.722404688596725464e-02 -3.752589970827102661e-02 2.360382676124572754e-02 3.691494837403297424e-02 9.983345866203308105e-01
5.218161642551422119e-02 -2.830895036458969116e-02 3.023287653923034668e-02 -3.195160254836082458e-02 2.197746187448501587e-02 2.902358770370483398e-02 9.988261461257934570e-01
3.945170715451240540e-02 -2.211463823914527893e-02 2.317496947944164276e-02 -2.692602947354316711e-02 1.909280940890312195e-02 2.157444320619106293e-02 9.992222189903259277e-01
2.689912915229797363e-02 -1.520785689353942871e-02 1.622256636619567871e-02 -2.184542082250118256e-02 1.037360262125730515e-02 1.267929654568433762e-02 9.996271133422851562e-01
1.494508236646652222e-02 -8.157842792570590973e-03 8.616013452410697937e-03 -1.621916703879833221e-02 1.968886470422148705e-03 3.793277777731418610e-03 9.998593330383300781e-01
9.517533704638481140e-03 -5.081165116280317307e-03 5.073828157037496567e-03 -1.082597672939300537e-02 1.184669788926839828e-03 -2.164162229746580124e-03 9.999383687973022461e-01
1.045086048543453217e-02 -5.922901909798383713e-03 5.674348678439855576e-03 -6.823225878179073334e-03 1.290204818360507488e-03 -6.434309296309947968e-03 9.999551773071289062e-01
1.172869745641946793e-02 -6.936422083526849747e-03 6.005377508699893951e-03 -3.517277538776397705e-03 1.890174229629337788e-03 -9.438254870474338531e-03 9.999474883079528809e-01
1.297576259821653366e-02 -8.367875590920448303e-03 6.366103421896696091e-03 -7.981759263202548027e-04 2.239267574623227119e-03 -1.132888346910476685e-02 9.999330043792724609e-01
1.430828217417001724e-02 -1.009461749345064163e-02 6.487343925982713699e-03 2.184383571147918701e-03 2.782461233437061310e-03 -1.259906496852636337e-02 9.999143481254577637e-01
1.574031449854373932e-02 -1.163604483008384705e-02 6.983574014157056808e-03 4.210082348436117172e-03 3.114691935479640961e-03 -1.354385726153850555e-02 9.998945593833923340e-01
1.716466248035430908e-02 -1.309155207127332687e-02 8.022668771445751190e-03 5.981959868222475052e-03 3.292953828349709511e-03 -1.430819928646087646e-02 9.998742938041687012e-01
1.895856857299804688e-02 -1.458970829844474792e-02 8.563064970076084137e-03 7.306475192308425903e-03 3.181952284649014473e-03 -1.489141769707202911e-02 9.998573660850524902e-01
2.110107429325580597e-02 -1.587915606796741486e-02 9.088811464607715607e-03 8.512699045240879059e-03 3.128459677100181580e-03 -1.489756163209676743e-02 9.998478889465332031e-01
2.352822013199329376e-02 -1.687555760145187378e-02 9.881538338959217072e-03 1.029536128044128418e-02 2.848572563380002975e-03 -1.371049042791128159e-02 9.998489618301391602e-01
2.630115859210491180e-02 -1.735871471464633942e-02 1.114122383296489716e-02 1.121236756443977356e-02 2.848790958523750305e-03 -1.214237138628959656e-02 9.998593330383300781e-01
2.902373485267162323e-02 -1.843345165252685547e-02 1.199949812144041061e-02 1.187666319310665131e-02 2.543377922847867012e-03 -1.032147835940122604e-02 9.998729825019836426e-01
3.153370320796966553e-02 -2.009135857224464417e-02 1.295515242964029312e-02 1.214324310421943665e-02 1.848759711720049381e-03 -7.914874702692031860e-03 9.998932480812072754e-01
3.476010635495185852e-02 -2.048987150192260742e-02 1.457470841705799103e-02 1.172892283648252487e-02 1.288297818973660469e-03 -5.523947533220052719e-03 9.999151229858398438e-01
3.837152197957038879e-02 -2.091002650558948517e-02 1.561108045279979706e-02 1.124073471873998642e-02 8.852380560711026192e-04 -2.641015686094760895e-03 9.999329447746276855e-01
4.185272380709648132e-02 -2.158403769135475159e-02 1.703753136098384857e-02 1.038939040154218674e-02 7.638891111128032207e-04 5.525334272533655167e-04 9.999455809593200684e-01
4.556911438703536987e-02 -2.209062688052654266e-02 1.850307360291481018e-02 8.709241636097431183e-03 7.367489743046462536e-04 5.319891963154077530e-03 9.999476671218872070e-01
4.925500974059104919e-02 -2.221775799989700317e-02 2.084326744079589844e-02 5.945636425167322159e-03 7.281288853846490383e-04 1.122545637190341949e-02 9.999190568923950195e-01
5.328024178743362427e-02 -2.180253341794013977e-02 2.296153642237186432e-02 2.578809158876538277e-03 -5.990507081151008606e-03 1.644241809844970703e-02 9.998435378074645996e-01
5.702601745724678040e-02 -2.212892286479473114e-02 2.495095692574977875e-02 -7.066301186569035053e-04 -1.279789675027132034e-02 2.196297422051429749e-02 9.996766448020935059e-01
6.062492728233337402e-02 -2.305552363395690918e-02 2.655581012368202209e-02 -4.493385553359985352e-03 -1.355343405157327652e-02 2.968681976199150085e-02 9.994572401046752930e-01
6.434487551450729370e-02 -2.391429431736469269e-02 2.743563801050186157e-02 -7.208726368844509125e-03 -1.473520044237375259e-02 3.523715585470199585e-02 9.992443323135375977e-01
6.803156435489654541e-02 -2.499954029917716980e-02 2.761319465935230255e-02 -8.701566606760025024e-03 -1.542587671428918839e-02 4.233221337199211121e-02 9.989466071128845215e-01
7.088917493820190430e-02 -2.734962105751037598e-02 2.804149501025676727e-02 -9.885111823678016663e-03 -1.572021655738353729e-02 4.712772741913795471e-02 9.987162351608276367e-01
6.706967949867248535e-02 -2.595224231481552124e-02 2.542425692081451416e-02 -1.146064512431621552e-02 -1.613437756896018982e-02 5.051128938794136047e-02 9.985274076461791992e-01
5.620505288243293762e-02 -2.113286219537258148e-02 2.048446983098983765e-02 -1.295954640954732895e-02 -1.590175740420818329e-02 5.330497771501541138e-02 9.983675479888916016e-01
4.577076435089111328e-02 -1.542687322944402695e-02 1.463317777961492538e-02 -1.233583036810159683e-02 -1.541011594235897064e-02 5.390274524688720703e-02 9.983510375022888184e-01
3.531970083713531494e-02 -7.196029648184776306e-03 1.006553974002599716e-02 -1.176322530955076218e-02 -1.452102418988943100e-02 5.130119249224662781e-02 9.985083937644958496e-01
2.320403046905994415e-02 -1.153319142758846283e-03 7.800027262419462204e-03 -1.252341270446777344e-02 -1.186894811689853668e-02 5.377221107482910156e-02 9.984041452407836914e-01
1.655345596373081207e-02 1.107231248170137405e-03 6.107712164521217346e-03 -1.226010266691446304e-02 -1.123531628400087357e-02 5.654574185609817505e-02 9.982615113258361816e-01
1.537432800978422165e-02 8.441644604317843914e-04 5.477206315845251083e-03 -1.163146458566188812e-02 -1.047355122864246368e-02 5.584921315312385559e-02 9.983165264129638672e-01
1.390132587403059006e-02 1.158265280537307262e-03 5.216049496084451675e-03 -1.153610087931156158e-02 -8.724539540708065033e-03 5.345301330089569092e-02 9.984655976295471191e-01
1.253958698362112045e-02 5.501633859239518642e-04 4.522772971540689468e-03 -1.122101396322250366e-02 -7.899205200374126434e-03 5.096814036369323730e-02 9.986060261726379395e-01
1.103066094219684601e-02 8.257558802142739296e-04 3.764174878597259521e-03 -9.936499409377574921e-03 -6.522076670080423355e-03 4.778398945927619934e-02 9.987869858741760254e-01
9.340118616819381714e-03 1.091253594495356083e-03 3.242622129619121552e-03 -8.560590445995330811e-03 -4.659022204577922821e-03 4.286320134997367859e-02 9.990333914756774902e-01
7.660695351660251617e-03 9.003568557091057301e-04 2.635319950059056282e-03 -7.064858917146921158e-03 -1.957221189513802528e-03 3.854613751173019409e-02 9.992299079895019531e-01
8.358372375369071960e-03 -1.008158084005117416e-03 3.457444021478295326e-03 -4.704307299107313156e-03 5.447734729386866093e-04 3.162820637226104736e-02 9.994884729385375977e-01
1.230015978217124939e-02 -6.156419869512319565e-03 4.745460581034421921e-03 -3.506811335682868958e-03 4.076017066836357117e-03 2.362137101590633392e-02 9.997065067291259766e-01
