0.000000000000000000e+00 0.000000000000000000e+00 0.000000000000000000e+00 0.000000000000000000e+00 0.000000000000000000e+00 0.000000000000000000e+00 1.000000000000000000e+00
8.335959166288375854e-02 -1.011014729738235474e-02 3.570317104458808899e-02 -2.553625558407974713e-02 7.038711878975019084e-03 2.543384244584214957e-02 9.993255104540610390e-01
1.594115819336655582e-01 -1.869050496899557490e-02 6.901319292672911110e-02 -5.062536080556825913e-02 1.448243053595597504e-02 4.987409284976875717e-02 9.973664857571111764e-01
2.281700326766097631e-01 -2.575828735677299086e-02 9.967396052039906307e-02 -7.505654903040945292e-02 2.187647999568492069e-02 7.199832505720592246e-02 9.943360474505592572e-01
2.895673087006784274e-01 -3.162652524192848674e-02 1.275537380852306280e-01 -9.846728803946613873e-02 2.924470686650512685e-02 9.268933898246350944e-02 9.903825658529328280e-01
3.435202680380642359e-01 -3.632348730907944412e-02 1.527027262439590305e-01 -1.206625040947276878e-01 3.634595407285500651e-02 1.110232422604733593e-01 9.857958061414625606e-01
3.899796780198849788e-01 -4.028962074714100006e-02 1.750212793589141225e-01 -1.413383847985513198e-01 4.300075238745110218e-02 1.273211456270572917e-01 9.807974929376928053e-01
4.289958548910166591e-01 -4.289917415323592220e-02 1.944342093011172945e-01 -1.602729663141239658e-01 4.943199349519980523e-02 1.411697019475711135e-01 9.756742128087614319e-01
4.603468507119056752e-01 -4.511530207142164239e-02 2.111531806410901213e-01 -1.773293501665124949e-01 5.564889343983295961e-02 1.526501096123974166e-01 9.706469215238708870e-01
4.841444861914175890e-01 -4.675547197331628851e-02 2.250218485933912771e-01 -1.923661086945992471e-01 6.135967783381261059e-02 1.612392913352141410e-01 9.660394200505205697e-01
5.004170958911186018e-01 -4.795346580349460486e-02 2.358698199130580819e-01 -2.051734996210959339e-01 6.708489314263264836e-02 1.672771390006733416e-01 9.619884671517756614e-01
5.099171999518427034e-01 -4.879585459083703863e-02 2.431061812676499068e-01 -2.142433124123794275e-01 6.596341921965544197e-02 1.712568943325259718e-01 9.593850668813861393e-01
5.134874387510846017e-01 -4.839215984899696704e-02 2.476390861177546476e-01 -2.207560075515674347e-01 6.455354664459368730e-02 1.725273344726992453e-01 9.577755183785195969e-01
5.173601104699215858e-01 -4.848601793081743633e-02 2.527721211456845363e-01 -2.255005137191196107e-01 6.356398849516153859e-02 1.712178371901466045e-01 9.569710496702230618e-01
5.222660941519773337e-01 -4.899651036370727269e-02 2.581857373620881635e-01 -2.283717403391638812e-01 6.272297244121881332e-02 1.680538980577030439e-01 9.569065076015580429e-01
5.279437271315761127e-01 -5.033745997431732927e-02 2.638937140650685076e-01 -2.289946732590892875e-01 6.216603346754064757e-02 1.629369428465991254e-01 9.576786395016229081e-01
5.341987546499323836e-01 -5.187617976906893497e-02 2.702710883961988442e-01 -2.289751206771497571e-01 6.179411100189258904e-02 1.565399288858073668e-01 9.587737650878840334e-01
5.410137132456456222e-01 -5.476356003886121565e-02 2.769135519868243245e-01 -2.270751142063646699e-01 6.150319858687040842e-02 1.489884706655307534e-01 9.604460862955799261e-01
5.489398452716841570e-01 -5.674044513565369013e-02 2.840455928591350543e-01 -2.244914542752160513e-01 6.158147259920287303e-02 1.404146392250180397e-01 9.623383179948828969e-01
5.566847206472913534e-01 -5.969815267650047802e-02 2.923763714811100645e-01 -2.208157191759828053e-01 6.128717286647538537e-02 1.311477296502379097e-01 9.645126093599899475e-01
5.652364776134797264e-01 -6.309172216895429786e-02 3.011085277696654017e-01 -2.164406909533216905e-01 6.117570098289770025e-02 1.215257916884315559e-01 9.667690742175195640e-01
5.749388910998693980e-01 -6.643137038541306605e-02 3.101155955489910410e-01 -2.114564570084299933e-01 6.116159881849139029e-02 1.122304811886637027e-01 9.689941923002268753e-01
5.856646860769111340e-01 -7.060055976347208440e-02 3.191992939862829393e-01 -2.051487079815887682e-01 6.113823950107351995e-02 1.032993245340507182e-01 9.713420472907590142e-01
5.978011850224741464e-01 -7.355081078863437427e-02 3.287665524215072077e-01 -1.987208119707998266e-01 6.122965771860140044e-02 9.519620979656528981e-02 9.734981507664497435e-01
6.109695479896763981e-01 -7.736977431756597579e-02 3.386344114606946731e-01 -1.919103013478733188e-01 6.133652816807844826e-02 8.821566169574572569e-02 9.755133333688661423e-01
6.251088330347502886e-01 -8.158823710875069690e-02 3.491320753338547078e-01 -1.850193628822672798e-01 6.156577306963261637e-02 8.252403840332347973e-02 9.773265953766864245e-01
6.408911498297482634e-01 -8.519765991912327252e-02 3.598196957944881924e-01 -1.783358670789994826e-01 6.186418877702853925e-02 7.864543143492577770e-02 9.788687536000707512e-01
6.578858922751746885e-01 -8.903789420626997964e-02 3.711487276817899694e-01 -1.719484734489938882e-01 6.223269721786271053e-02 7.679543250458287229e-02 9.801343149905448193e-01
6.762810007229914655e-01 -9.286840109834670898e-02 3.830584959175348247e-01 -1.660698587345112442e-01 6.272999853301909623e-02 7.707056360194677880e-02 9.810942245931453254e-01
6.961532690481549990e-01 -9.685736154515675600e-02 3.955323330991212805e-01 -1.607287934514553263e-01 6.356877239080976905e-02 8.025688542007533566e-02 9.816741304908842558e-01
7.175675741454998757e-01 -1.005562321093640549e-01 4.087392712897974234e-01 -1.566975191792674416e-01 6.467401530563185452e-02 8.604214246652563958e-02 9.817636726560420302e-01
7.401371327998238492e-01 -1.045067074761668047e-01 4.232070421780632641e-01 -1.528679660905274962e-01 5.885780141397448789e-02 9.572067395748604102e-02 9.818374085016230435e-01
7.639522082402845360e-01 -1.084619818744287367e-01 4.389964201862587845e-01 -1.500738615328887915e-01 5.223566891002470736e-02 1.083766689863717853e-01 9.813275541823678338e-01
7.896480390646257730e-01 -1.120633162383794651e-01 4.550426375264479684e-01 -1.482602405536624091e-01 4.508799180532683387e-02 1.233719612477840316e-01 9.801863767895410140e-01
8.170328865208471569e-01 -1.148554390133018493e-01 4.716659309936779287e-01 -1.470235693239125563e-01 3.778809307379286941e-02 1.408472482903100897e-01 9.783241705764764706e-01
8.456901047399654203e-01 -1.172534072782851489e-01 4.890462975381847377e-01 -1.464677011298585740e-01 3.038408618501757877e-02 1.603985983457294484e-01 9.756517357547010993e-01
8.753560595967597724e-01 -1.212359767211455136e-01 5.077386853983552051e-01 -1.463396540460870088e-01 2.282794543698620296e-02 1.813467936643432254e-01 9.722021039827365430e-01
8.994120548302062534e-01 -1.241386179385145644e-01 5.241976992787936718e-01 -1.465581570503546316e-01 1.502906617809216666e-02 2.035498950552039055e-01 9.679164602355068148e-01
9.179401747890300056e-01 -1.244853441621564527e-01 5.378506231613178201e-01 -1.479386127047933319e-01 7.467433416210145225e-03 2.264500037254161824e-01 9.626935130777161120e-01
9.321396771790746438e-01 -1.250835702212432510e-01 5.473999136663724174e-01 -1.493147981598966501e-01 1.936906354600997394e-04 2.500106388687227121e-01 9.566607204160000322e-01
9.400215971803850268e-01 -1.238004561928609526e-01 5.565251074472065129e-01 -1.515380994503644496e-01 -6.404234311384033110e-03 2.738109976678938517e-01 9.497487708620468982e-01
9.441568247818122872e-01 -1.183966456199296580e-01 5.633507368704657736e-01 -1.533309164144303904e-01 -1.291636869862477707e-02 2.964373191002626085e-01 9.425750438749167515e-01
9.486918114262784529e-01 -1.151900768024906735e-01 5.715248506867036671e-01 -1.547987194514775233e-01 -1.885889424461466291e-02 3.196339643896459748e-01 9.346206863603072623e-01
9.529384751824471200e-01 -1.098436324228312250e-01 5.791877983046946898e-01 -1.565136832858875504e-01 -2.368950073479573690e-02 3.415174201698916168e-01 9.264492032592628323e-01
9.568401995434260288e-01 -1.024544318762748568e-01 5.860265411089243814e-01 -1.576865761354753759e-01 -2.785786158627643477e-02 3.622087997909331780e-01 9.182394396934400183e-01
9.612652050360528388e-01 -9.489734075038359917e-02 5.934076997201388481e-01 -1.592030522676263771e-01 -3.110906587503676352e-02 3.813930372141383640e-01 9.100692090899620279e-01
9.642897373838166253e-01 -8.528575700554144601e-02 6.003917719969528166e-01 -1.602596581233206863e-01 -3.356197856190507034e-02 3.986852276512974358e-01 9.023527718280914822e-01
9.677636630150507902e-01 -7.409507226030098703e-02 6.063602406127096556e-01 -1.611725287876450696e-01 -3.505640754653298330e-02 4.143129926761027204e-01 8.950638012755844919e-01
9.702332473177704975e-01 -6.120957192793928525e-02 6.118855552034757617e-01 -1.619608979604517940e-01 -3.528348461836872119e-02 4.273990725898721976e-01 8.887371804950813248e-01
9.753658314718826050e-01 -5.056882952785378416e-02 6.189897015894858523e-01 -1.625790113550966420e-01 -3.417132537612244808e-02 4.368777294147735413e-01 8.840465118590936644e-01
9.850914576615711349e-01 -4.889782383908822944e-02 6.291534766057711447e-01 -1.633034769298521427e-01 -3.151621700154334099e-02 4.444273177372073946e-01 8.802403431662537692e-01
