0.000000000000000000e+00 0.000000000000000000e+00 0.000000000000000000e+00 0.000000000000000000e+00 0.000000000000000000e+00 0.000000000000000000e+00 1.000000000000000000e+00
9.098982810974121094e-02 7.092917803674936295e-03 4.251343198120594025e-03 -2.070862138571583078e-02 2.251384054381695698e-03 1.827756979458999495e-02 9.996159336027745645e-01
1.741545210665500498e-01 9.501363233977540984e-03 1.445093581729105757e-02 -4.287500302537185920e-02 6.660225236832568833e-03 3.786986515495120026e-02 9.983402470242872528e-01
2.492933685781402731e-01 1.385267007580497783e-02 2.637956775467587348e-02 -6.544804127271576510e-02 1.211260403241645224e-02 5.457134448189495529e-02 9.962890178450011236e-01
3.160050364328238492e-01 1.231508343981664762e-02 4.187435362788889670e-02 -8.772963748408316165e-02 1.991383552447328203e-02 7.061073859869138047e-02 9.934390134558652719e-01
3.753315500260223647e-01 8.424820406269229595e-03 5.438354016126847185e-02 -1.076265527215934381e-01 2.625289240297757482e-02 8.397194286139932073e-02 9.902908782786125075e-01
4.269251333552932515e-01 1.664424892237021530e-03 6.422902045314836383e-02 -1.255540003517036096e-01 3.193437059812646167e-02 9.529864535000921733e-02 9.869825516009080868e-01
4.709422179114430840e-01 -4.579013623220423018e-03 7.194460099043210877e-02 -1.415718159657465280e-01 3.739614961631813894e-02 1.042103528954946290e-01 9.837170077148362779e-01
5.073663647231361207e-01 -9.663411896831366338e-03 7.787885064507614474e-02 -1.560659167811004888e-01 4.274370390435671546e-02 1.112331286899615329e-01 9.805323026181512747e-01
5.362949004470822789e-01 -1.462136406734161967e-02 7.892847884828076144e-02 -1.684685399075729895e-01 4.674207169414416191e-02 1.160269851989653572e-01 9.777378321926533111e-01
5.573774555909424278e-01 -1.846745076887903667e-02 7.988264389576275881e-02 -1.791713959947688617e-01 5.106682365731306239e-02 1.192366441867443172e-01 9.752294156053344931e-01
5.702528769514985107e-01 -2.193248883201011704e-02 7.808473850199557087e-02 -1.874126102391485693e-01 4.804347380204143647e-02 1.207501145116608859e-01 9.736466237777453570e-01
5.755792281551981304e-01 -2.324456877842348557e-02 7.666492668029838142e-02 -1.938360102119705275e-01 4.690856400992972353e-02 1.202834551023182486e-01 9.725014540844038047e-01
5.817807676932952310e-01 -2.256564062201096843e-02 7.599567245339063082e-02 -1.979477433547472687e-01 4.608318320332811802e-02 1.167261802490640044e-01 9.721460949729082701e-01
5.886772951578562729e-01 -2.269863565962838489e-02 7.467922069250597372e-02 -2.001672288326153959e-01 4.497234859492550696e-02 1.113434860489772027e-01 9.723750287197779896e-01
5.958349285750527136e-01 -2.472105190127506583e-02 7.209078806696882225e-02 -2.008549849457698377e-01 4.343107627460394277e-02 1.035178623744243132e-01 9.731675440567744140e-01
6.043974773165187164e-01 -2.572315374068335353e-02 7.018398459924284072e-02 -2.000460795350867405e-01 4.172979980313762383e-02 9.476199999378444316e-02 9.742999298102252848e-01
6.135416504544228822e-01 -2.860357917500846309e-02 6.793823716081436037e-02 -1.978694742178186694e-01 3.990488267562767449e-02 8.450322805745440202e-02 9.757635348583580948e-01
6.240078875390653312e-01 -3.100146590527268209e-02 6.585609920570478781e-02 -1.942522327055044851e-01 3.801938593054470655e-02 7.312698055503914774e-02 9.774830132014027395e-01
6.356744720663377590e-01 -3.376765171465045956e-02 6.427847002708642066e-02 -1.893973489096431595e-01 3.623587207881932143e-02 6.126396358016673871e-02 9.793172788055638511e-01
6.483355749161682224e-01 -3.749829164875013304e-02 6.251699018523987350e-02 -1.838046835731769746e-01 3.437814840060850197e-02 4.926431988871612933e-02 9.811253783258347960e-01
6.623428037309516681e-01 -4.130424654231538290e-02 6.082745195209027927e-02 -1.772607191649661074e-01 3.272691589348346308e-02 3.783456581608619224e-02 9.828917193906600014e-01
6.774092334032280061e-01 -4.574846654355194109e-02 5.788223420144572584e-02 -1.695264292601557643e-01 3.079863853518348751e-02 2.686931227437426573e-02 9.846777511981178455e-01
6.945209229547504304e-01 -4.879126861622389011e-02 5.639696753406863577e-02 -1.612604260661865130e-01 2.912141872106475959e-02 1.627415008257234244e-02 9.863478950125631473e-01
7.126300028154478605e-01 -5.384163713711858507e-02 5.383760181689191404e-02 -1.524932142571104321e-01 2.706363251546353016e-02 6.559858333938821916e-03 9.879121153519889731e-01
7.320807889357157094e-01 -6.058398430470056384e-02 5.313056466241096454e-02 -1.437964224422011994e-01 2.522306505292023007e-02 -1.385732394095332519e-03 9.892848253298399674e-01
7.537492123975321201e-01 -6.586928365379068895e-02 5.315703878263184495e-02 -1.353246253657593157e-01 2.375113652023047237e-02 -7.770418234787019977e-03 9.904861179663603243e-01
7.766481861411572707e-01 -7.328313594490129534e-02 5.438980035970035487e-02 -1.273645717483679329e-01 2.227805859350701426e-02 -1.160907707520021821e-02 9.915377871256955133e-01
8.013573955543727978e-01 -8.050613884413256038e-02 5.787296652042115547e-02 -1.203915903170675178e-01 2.179639624620509364e-02 -1.351565744202688421e-02 9.923951375815560638e-01
8.277050251927061675e-01 -8.905881786870856187e-02 6.150869206020550400e-02 -1.141591470355138860e-01 2.149381736775162269e-02 -1.279756234800048624e-02 9.931474852009819498e-01
8.558061675624599740e-01 -9.589197584149826425e-02 6.939913562777934308e-02 -1.097513597889743509e-01 2.331007329563094740e-02 -9.230839649591968121e-03 9.936428287401800619e-01
8.845234060311962798e-01 -1.033293736690513165e-01 8.140611179111383044e-02 -1.067860913368271492e-01 1.958855604610252113e-02 -2.967158352258099981e-03 9.940846116605689398e-01
9.135100404320426470e-01 -1.087320947658734910e-01 9.845608163080721287e-02 -1.054863105312138505e-01 1.694659864104927638e-02 5.281343321373228351e-03 9.942623187558368159e-01
9.445533776149921401e-01 -1.117946644682325519e-01 1.164805961863570327e-01 -1.056791362048174476e-01 1.433188873182271623e-02 1.493052767902150295e-02 9.941848904905004058e-01
9.801953205647858658e-01 -1.149895335575511213e-01 1.289600609048612012e-01 -1.069157165541969046e-01 8.854305798278566328e-03 2.812196888416856888e-02 9.938308637231041409e-01
1.017853215199264083e+00 -1.201990734502822317e-01 1.402714568373785997e-01 -1.080684865697325719e-01 2.218885137712887402e-03 4.385170096902300807e-02 9.931733519790976183e-01
1.056343613706182571e+00 -1.289118920003024804e-01 1.525441534467950611e-01 -1.094480181145109504e-01 -3.949155702932635043e-03 6.068999378755997320e-02 9.921301629091343610e-01
1.088944545125537289e+00 -1.351211970981937294e-01 1.635162349544412586e-01 -1.113000887056786875e-01 -9.829916280292142969e-03 7.796362242171250845e-02 9.906751922698555646e-01
1.115558572344445665e+00 -1.396945437823825797e-01 1.726252168037388790e-01 -1.142663262013947079e-01 -1.531538622488701207e-02 9.591468587073055663e-02 9.886905575940018176e-01
1.137527476024355222e+00 -1.394883891281637478e-01 1.718140896244356730e-01 -1.157664162319749085e-01 -2.302836086349084252e-02 1.139616813106487936e-01 9.864484612292706567e-01
1.151034869566627705e+00 -1.374959355619083112e-01 1.645282176082794590e-01 -1.177355704122443475e-01 -3.180739098719669034e-02 1.321589697009186715e-01 9.836974291243637536e-01
1.157106232426975412e+00 -1.357612714787453656e-01 1.578916486900495408e-01 -1.205254087812485386e-01 -3.965879425037857620e-02 1.518317347636723158e-01 9.802285091729239230e-01
1.160423265274567184e+00 -1.329346106335136390e-01 1.505640520930341397e-01 -1.228303663169317272e-01 -4.738403671004964846e-02 1.713802097260848367e-01 9.763689250942760856e-01
1.164937490073807425e+00 -1.321606969441530000e-01 1.442198821135207976e-01 -1.255499616376175576e-01 -5.444533712936848457e-02 1.907733361886224666e-01 9.720485824263749297e-01
1.168953588106799391e+00 -1.310101569526365972e-01 1.385088997564838109e-01 -1.283105311862768050e-01 -6.123702011491285319e-02 2.093191345874234610e-01 9.674564252976530776e-01
1.171951282302110764e+00 -1.291653981922499250e-01 1.333149522219624905e-01 -1.302585120242519823e-01 -6.729556839845249328e-02 2.265261129650059935e-01 9.629070290864649717e-01
1.174455773216940502e+00 -1.282656303383073459e-01 1.285936563705163405e-01 -1.324326597868096811e-01 -7.220987113680096825e-02 2.427581290122267088e-01 9.582879608607638433e-01
1.176509577993655631e+00 -1.273862505132900280e-01 1.246421673056314489e-01 -1.338906408840079831e-01 -7.549857802361170656e-02 2.572318093168701192e-01 9.540466745792113290e-01
1.177808443534131833e+00 -1.261502762318426896e-01 1.214870438664911179e-01 -1.347538011938136104e-01 -7.728922146586893194e-02 2.695400425815853152e-01 9.503767435886334436e-01
1.182738752704207252e+00 -1.252689424432079091e-01 1.184950518318129142e-01 -1.358791619825164554e-01 -7.821140905678254651e-02 2.784413070134154067e-01 9.475707189339181991e-01
1.191459969534770513e+00 -1.249640158785846472e-01 1.172597320910716556e-01 -1.362458605384476995e-01 -7.737703309820863351e-02 2.840856588820717121e-01 9.459097201385531228e-01
1.327557591652822833e+00 -1.834468416929162238e-02 1.455391700092658613e-01 -1.791232793215022379e-01 -7.671854610009111453e-02 3.103133815031980935e-01 9.304486663698593452e-01
1.448331332534699811e+00 8.079279839075000080e-02 1.800863283316875563e-01 -2.213408112027413499e-01 -7.264096175037196290e-02 3.321771721778757902e-01 9.139966423658257844e-01
1.558916900108844317e+00 1.671881729902623959e-01 2.153982503640294033e-01 -2.653645629364119185e-01 -6.687538373434805117e-02 3.555203917971208605e-01 8.937083320661011188e-01
1.655746526193941026e+00 2.474272172622671850e-01 2.452922628264270766e-01 -3.085218003192172764e-01 -6.102741415793553476e-02 3.763781858205422770e-01 8.714524741415461406e-01
1.740517580644868723e+00 3.197926781976730415e-01 2.678223437717263677e-01 -3.481705193405890131e-01 -5.492384790817501916e-02 3.937093528369659534e-01 8.489720878107605007e-01
1.814214454356506412e+00 3.817623914611568692e-01 2.864776084557789648e-01 -3.831378099968475448e-01 -4.998285886169712838e-02 4.061538916437398283e-01 8.280979100767471568e-01
1.876231917302410235e+00 4.344393902000318608e-01 2.993023713321631418e-01 -4.141419803043515091e-01 -4.561637391319663115e-02 4.136583617116687539e-01 8.095012824984403332e-01
1.927056587424541112e+00 4.769833774347939648e-01 3.060260042544707404e-01 -4.403367153544839874e-01 -4.272106693058448645e-02 4.169895549559781700e-01 7.939761952406078072e-01
1.967582687719211076e+00 5.075353723309791176e-01 3.086307190917503829e-01 -4.625334673025398580e-01 -4.088815562314541963e-02 4.180465085534900704e-01 7.807868256067493906e-01
1.995934388084839251e+00 5.278598147875286362e-01 3.096851922541917213e-01 -4.786679012162738389e-01 -4.396581327202250117e-02 4.190016856044130322e-01 7.703126865560488978e-01
2.012400138264309302e+00 5.374769438812144751e-01 3.089561322161684664e-01 -4.896586216154960591e-01 -5.198010456291602549e-02 4.194469467457244694e-01 7.626249155862468987e-01
2.020976179850640708e+00 5.455131871881150341e-01 3.069522018621627657e-01 -4.970391165827839908e-01 -5.840170757490691783e-02 4.149932082339268247e-01 7.598170794728514865e-01
2.030424262121118151e+00 5.546330604459991376e-01 3.049369687792060080e-01 -5.011634604655209602e-01 -6.519624254696824994e-02 4.073935970792384453e-01 7.606675311269832651e-01
2.042314828455679798e+00 5.633080589311435515e-01 3.026787139818563621e-01 -5.019131360284933008e-01 -7.239001660294615281e-02 3.969310620869427875e-01 7.650415814377673485e-01
2.056447184490078239e+00 5.720085785767379249e-01 3.008088269630839751e-01 -4.997157925859472272e-01 -7.992476504775079815e-02 3.843624224336325557e-01 7.721150735435814427e-01
2.073320410055242924e+00 5.799537033330085523e-01 2.998690678008452681e-01 -4.946554011044646537e-01 -8.736520681320203430e-02 3.697084544442547083e-01 7.816642588151949678e-01
2.092205424463178698e+00 5.886291941623674751e-01 2.997374560804148547e-01 -4.874085024583397208e-01 -9.449779156149566706e-02 3.536822466256848707e-01 7.927244083180022827e-01
2.112855630566348619e+00 5.988136723626794611e-01 3.002096290648131327e-01 -4.775843659817571862e-01 -1.009825783114811221e-01 3.365776526535189106e-01 8.052522436985913856e-01
2.135353095780204491e+00 6.103561284641509932e-01 3.027093722268275888e-01 -4.660640448497887500e-01 -1.072072379011013016e-01 3.188325550153368049e-01 8.183133361385862559e-01
2.160947252187603418e+00 6.210973722036734479e-01 3.058036076684880755e-01 -4.530950725159983428e-01 -1.132662127079110542e-01 3.004965683876536509e-01 8.316113471494799292e-01
2.189042300545927411e+00 6.324633447058943814e-01 3.099856312501190758e-01 -4.385339356409257427e-01 -1.183949621834145260e-01 2.830182692510267994e-01 8.447314836627207724e-01
2.219420112999726857e+00 6.455587626087501141e-01 3.147711686801811792e-01 -4.227263230893655299e-01 -1.225946251344599974e-01 2.665647190676967981e-01 8.574475285426196303e-01
2.252742001621700574e+00 6.588072502664354957e-01 3.211183396383630040e-01 -4.061308014930984922e-01 -1.258286842804207661e-01 2.517090500995194380e-01 8.694063885139268200e-01
2.289611804822239804e+00 6.705056013647360258e-01 3.294633372227062651e-01 -3.891497248557110322e-01 -1.280373271805631263e-01 2.394212812398789081e-01 8.802535910648910944e-01
2.328166423012783870e+00 6.849606723237928740e-01 3.415096783208155240e-01 -3.733499660016518229e-01 -1.290966590942091152e-01 2.301834970449463669e-01 8.893589900515079805e-01
2.369102953501880826e+00 7.017076451034134355e-01 3.555470654667542973e-01 -3.585401159131881288e-01 -1.289316293035578931e-01 2.240416689376384940e-01 8.970122356053594759e-01
2.413326745851676947e+00 7.175037032261687431e-01 3.729407377817820501e-01 -3.446775959536445000e-01 -1.277644564952342687e-01 2.219367350014430085e-01 9.031155430846004029e-01
2.458693039635935218e+00 7.374594552094525524e-01 3.941673985492141763e-01 -3.336325360300670395e-01 -1.240082756857445595e-01 2.231043674582915692e-01 9.074886884609801863e-01
2.505348666908366440e+00 7.608544833300718846e-01 4.192682284262171377e-01 -3.257197344115478344e-01 -1.180458267759480762e-01 2.291865594634936998e-01 9.096402356739393680e-01
2.552067833067407587e+00 7.877199997996700009e-01 4.498775426509387110e-01 -3.200906492079149679e-01 -1.163697814300270611e-01 2.405305354784671446e-01 9.089252509211223074e-01
2.597566495711465251e+00 8.195846264360939770e-01 4.856367803911990078e-01 -3.168657223343659401e-01 -1.199321799821560092e-01 2.562721120859323132e-01 9.052828236420172869e-01
2.642599739285059979e+00 8.544812283162703803e-01 5.264581420739516959e-01 -3.165410686713172606e-01 -1.226397354277409951e-01 2.755019516457964945e-01 8.993664001829240195e-01
2.692299489149244884e+00 8.950255369050779120e-01 5.632136213486994558e-01 -3.169552893387822534e-01 -1.273056091192456829e-01 2.980108525829865407e-01 8.913597243479806087e-01
2.748172600662726506e+00 9.384263306978232189e-01 5.949992599232757362e-01 -3.171023406014409907e-01 -1.327770595422515243e-01 3.261562801301613468e-01 8.805898244790572038e-01
2.806541132178022924e+00 9.838666473503014931e-01 6.279825396219561595e-01 -3.173260046079254826e-01 -1.381353324894361023e-01 3.564554204195230502e-01 8.678492783721979409e-01
2.859418858563797183e+00 1.028275652822947750e+00 6.603868501506516830e-01 -3.190311372220696051e-01 -1.427400173151510965e-01 3.872301254069053789e-01 8.531689462920082345e-01
2.902006878774178400e+00 1.067041151211274297e+00 6.870085643741409287e-01 -3.223107264177992315e-01 -1.481059132431967740e-01 4.192925997227873736e-01 8.356878304224224507e-01
2.938198367291773749e+00 1.099139899581753177e+00 7.013935271740228128e-01 -3.249548157174380059e-01 -1.528387056426152024e-01 4.522986280432383377e-01 8.163765362072457066e-01
2.964305800341890507e+00 1.125085343492694179e+00 6.946248310663489800e-01 -3.243496904590417174e-01 -1.614594904820699228e-01 4.837848683109070569e-01 7.966682574483513468e-01
2.980444930818790361e+00 1.140719622936102295e+00 6.848424330768124735e-01 -3.258845840845009389e-01 -1.674883551927980885e-01 5.160734679259695312e-01 7.742190028885536091e-01
2.990277368506422118e+00 1.147459993418705082e+00 6.717872596237206562e-01 -3.274780628711347896e-01 -1.716154258580432079e-01 5.497814399700159393e-01 7.490304614701778219e-01
2.997143538482412772e+00 1.152158953759641502e+00 6.577210648194787845e-01 -3.282653291398023865e-01 -1.754609138134936019e-01 5.818157837034310109e-01 7.231498705261816262e-01
3.004961289195607232e+00 1.155646119017628592e+00 6.455342651758910755e-01 -3.299531862987979958e-01 -1.781469924277039596e-01 6.109409755412730236e-01 6.972414706146731200e-01
3.011007753553202271e+00 1.160202622492924052e+00 6.345489138398371365e-01 -3.310753452038348588e-01 -1.819699348811624207e-01 6.380020851409062832e-01 6.709913546040386922e-01
3.015900075866339236e+00 1.163982480097397021e+00 6.246340665181923102e-01 -3.324468245134706845e-01 -1.842148711058724242e-01 6.628398249471360026e-01 6.451258455513981804e-01
3.020826445468931087e+00 1.166674583093276318e+00 6.164226889039862156e-01 -3.338405995328787568e-01 -1.849486744305686436e-01 6.843786612575152306e-01 6.212650722077291965e-01
3.024246593420363727e+00 1.168612868076394307e+00 6.092821385642240850e-01 -3.350484885548637437e-01 -1.833754360255042959e-01 7.029946874035838400e-01 5.999286868136038953e-01
3.028069630295916248e+00 1.173088494206419474e+00 6.023405360515088347e-01 -3.363471451997344097e-01 -1.812099780842256758e-01 7.171354717557572034e-01 5.828809972098515368e-01
3.033985715466910538e+00 1.185236305198906548e+00 5.969418815337547146e-01 -3.383669264672489185e-01 -1.774749217570445459e-01 7.261091800735355317e-01 5.716431875159331266e-01
