0.000000000000000000e+00 0.000000000000000000e+00 0.000000000000000000e+00 0.000000000000000000e+00 0.000000000000000000e+00 0.000000000000000000e+00 1.000000000000000000e+00
8.334779739379882812e-02 -1.001473609358072281e-02 3.575755655765533447e-02 -2.549054321604138362e-02 6.973920155368706388e-03 2.552458656812655463e-02 9.993248181270911745e-01
1.592792679536054190e-01 -1.913064203116006390e-02 6.919999560875464417e-02 -5.055283592827944372e-02 1.456862119714741506e-02 5.019299480863528146e-02 9.973529111243235601e-01
2.281625035468419216e-01 -2.564270702583482803e-02 9.970333960815778995e-02 -7.510718617293483945e-02 2.205661591588637185e-02 7.235698888644577498e-02 9.943022088071663545e-01
2.896343493513693357e-01 -3.148399129559594639e-02 1.274240070974279604e-01 -9.859722592984421219e-02 2.949937409490945711e-02 9.324633622551158074e-02 9.903097973601324711e-01
3.436203889114737287e-01 -3.604187666899077991e-02 1.525275534929324273e-01 -1.208773136185110758e-01 3.657753235589132623e-02 1.116980473800275875e-01 9.856846886254321261e-01
3.901586353343758917e-01 -3.998223708054823161e-02 1.746858536294881026e-01 -1.416286501579156198e-01 4.314652702835895803e-02 1.281284554995449632e-01 9.806440748564889676e-01
4.292821936821678563e-01 -4.245034502585261216e-02 1.939001442992630830e-01 -1.606269055711494198e-01 4.948309042724805679e-02 1.420318093474120524e-01 9.754882808634381952e-01
4.607419953069217256e-01 -4.440890705165428248e-02 2.104459882124815606e-01 -1.777660669042988029e-01 5.572900585889681985e-02 1.536029637580384466e-01 9.704120943640913710e-01
4.847059325264364005e-01 -4.577835159120028502e-02 2.240552417445153821e-01 -1.929725566592891961e-01 6.157657033994474310e-02 1.621908052868261951e-01 9.657453396428884451e-01
5.011784121945130899e-01 -4.683415274277918233e-02 2.346124288658497092e-01 -2.059495916188337217e-01 6.739478839913079500e-02 1.682588605833164053e-01 9.616296917441121694e-01
5.110449503486472755e-01 -4.776347937774588076e-02 2.413291479034402331e-01 -2.150235614415789420e-01 6.622288384428286212e-02 1.721971233278662694e-01 9.590242689306321955e-01
5.152628273487672717e-01 -4.710947293374014716e-02 2.452328113080264882e-01 -2.214434336146468563e-01 6.477036693138851775e-02 1.734594969128386288e-01 9.574337617857821003e-01
5.196820609949727165e-01 -4.711602893540973308e-02 2.499045096373913866e-01 -2.261879381146288948e-01 6.369682277683874627e-02 1.720355447240575486e-01 9.566532824232014676e-01
5.251184642359444377e-01 -4.742783343864689222e-02 2.548019396478948262e-01 -2.290983401492386051e-01 6.287572671573121719e-02 1.688311679046696767e-01 9.565859241462723039e-01
5.313322390925445671e-01 -4.841198869985614134e-02 2.600014695024422950e-01 -2.297312745322466210e-01 6.238969361847703649e-02 1.637677158064522465e-01 9.573459160050348249e-01
5.381064324241244812e-01 -4.963671833758512980e-02 2.658984401225860106e-01 -2.297394890432808423e-01 6.206670941495828070e-02 1.573839741468185394e-01 9.584350658434221959e-01
5.454822991350009032e-01 -5.210208006392708785e-02 2.720969491424727882e-01 -2.278483053634191013e-01 6.181691351627771613e-02 1.499159434713598360e-01 9.600984474726700357e-01
5.538527653508251714e-01 -5.373039317116014985e-02 2.787963173110123427e-01 -2.253344340039657723e-01 6.194135476525140099e-02 1.414571442979557780e-01 9.619654555902851234e-01
5.621726721107638269e-01 -5.629207006156487780e-02 2.866925190725302386e-01 -2.217646612087027236e-01 6.165447569782538106e-02 1.323022441061897370e-01 9.641137261080156007e-01
5.711546083384924088e-01 -5.942287279790496590e-02 2.950843194729146912e-01 -2.174654921548371811e-01 6.152598535541799890e-02 1.227291475021570072e-01 9.663647702608435530e-01
5.812625692874788808e-01 -6.242107163751793586e-02 3.037594152770827227e-01 -2.125600502296185190e-01 6.153883357237826396e-02 1.135146388384368488e-01 9.685791778570880250e-01
5.925075629275226019e-01 -6.623971245363206861e-02 3.123563017614162662e-01 -2.062689199228882886e-01 6.149207760340746204e-02 1.046138600643969629e-01 9.709417064624880078e-01
6.051128167286176085e-01 -6.875222821862328471e-02 3.214296637230710796e-01 -1.998603089007440770e-01 6.157765148491735341e-02 9.653744560448968004e-02 9.731107703441892465e-01
6.187181597779507491e-01 -7.227284486027650556e-02 3.308032846487931611e-01 -1.930170593266760659e-01 6.166530626592370279e-02 8.953863841585882333e-02 9.751536479153664061e-01
6.332237124200735812e-01 -7.627549917963570569e-02 3.408771845283619095e-01 -1.860908056515661047e-01 6.189444313676807641e-02 8.384794215855582988e-02 9.769896686027522703e-01
6.494314839154973207e-01 -7.941846927995711847e-02 3.510636767910350620e-01 -1.794399744385899442e-01 6.220518854713936313e-02 8.002288545501960726e-02 9.785336723356767852e-01
6.668633902603027241e-01 -8.299586418586378522e-02 3.617989691342876624e-01 -1.730446627791352443e-01 6.255742717375145645e-02 7.822013972339819654e-02 9.798080029938049940e-01
6.857030836046245081e-01 -8.646144867664781741e-02 3.731105119515937818e-01 -1.671286842085982771e-01 6.310844253353853350e-02 7.847553883657054641e-02 9.807787299895953659e-01
7.059909057303640489e-01 -9.010609980044827216e-02 3.850074137227489368e-01 -1.617725562066656964e-01 6.399743925454672022e-02 8.172596841287924074e-02 9.813535723245718767e-01
7.277877582085808816e-01 -9.343587797263418204e-02 3.976757623942008824e-01 -1.577721691510222124e-01 6.513314145291349000e-02 8.754127449599195809e-02 9.814286228684556690e-01
7.507414067675205471e-01 -9.703002898699529533e-02 4.116227931280329044e-01 -1.538783178520448935e-01 5.925798197152318258e-02 9.725413504413621402e-02 9.815047570361055129e-01
7.748537677591214035e-01 -1.005232790101393686e-01 4.270661620516326140e-01 -1.510148264800649787e-01 5.267112503017480629e-02 1.098582432868620284e-01 9.809951279966563353e-01
8.009140466224189403e-01 -1.036384475454560083e-01 4.426187793837610962e-01 -1.492533447236872868e-01 4.549509628427617081e-02 1.248791877742674583e-01 9.798259150296627640e-01
8.286746175653170177e-01 -1.059281836218865513e-01 4.586863716565520166e-01 -1.480081052868274238e-01 3.828062443695055134e-02 1.425325314661922693e-01 9.779124050936052193e-01
8.575792872257451682e-01 -1.078427815931485984e-01 4.757133493996661411e-01 -1.474988050961549835e-01 3.105787788718089582e-02 1.622629755574532262e-01 9.751667741876733908e-01
8.877215311489966565e-01 -1.114087522395018903e-01 4.937151275906169201e-01 -1.473361079383742889e-01 2.357654447605442294e-02 1.833944739952720060e-01 9.716494659887061625e-01
9.123693828214647361e-01 -1.139264802656004411e-01 5.093407412651305144e-01 -1.475078605374332830e-01 1.580759497130538108e-02 2.059217414958256220e-01 9.672578701671125101e-01
9.314366946039601691e-01 -1.142243456648960875e-01 5.222311512417576740e-01 -1.489243027493572236e-01 8.211992529557544940e-03 2.291495215553203402e-01 9.618963624010022917e-01
9.462434430545597630e-01 -1.146591487366234452e-01 5.308185772158116045e-01 -1.503375028983660600e-01 1.028741883801838689e-03 2.529711532530364848e-01 9.557212839181979946e-01
9.551498896520663751e-01 -1.129306653344376715e-01 5.388639320860600934e-01 -1.526230443635920031e-01 -5.440595157029404563e-03 2.769637181227265210e-01 9.486662769895224390e-01
9.597133456381672367e-01 -1.069582415763917910e-01 5.448968014692184836e-01 -1.543328248500684952e-01 -1.183326491906648049e-02 2.993718133675565274e-01 9.414976741214893252e-01
9.649898044449437551e-01 -1.032670239683373264e-01 5.523933492845207738e-01 -1.557169712917199356e-01 -1.782220513913898921e-02 3.228483588581495534e-01 9.333828426954888791e-01
9.697102238926650353e-01 -9.772532789628148031e-02 5.596284463660464725e-01 -1.574423562059916459e-01 -2.248247064824628050e-02 3.448760609349160178e-01 9.250767241585275968e-01
9.740871088582498949e-01 -9.009033649346943895e-02 5.658847964236034533e-01 -1.584381316265316975e-01 -2.660884412701159871e-02 3.655193399742247551e-01 9.168341943698027352e-01
9.789866687815906854e-01 -8.243159416346132473e-02 5.728496929011658301e-01 -1.599033589496460239e-01 -2.986818037646960314e-02 3.847547652355133851e-01 9.085717243157990231e-01
9.824156519582029068e-01 -7.251717614716471361e-02 5.791942987875812188e-01 -1.607841515822479861e-01 -3.238943046736520587e-02 4.020317001950092783e-01 9.008162373271736412e-01
9.861535816584513503e-01 -6.116164606181721808e-02 5.846717086827770693e-01 -1.615793806328079119e-01 -3.388248347420588780e-02 4.176460267939295368e-01 8.934852418317734690e-01
9.892938521740604063e-01 -4.821464242076058115e-02 5.896894648014280316e-01 -1.622523853414899742e-01 -3.414804886335879447e-02 4.307375233536926973e-01 8.871151335564900764e-01
9.955380320111518744e-01 -3.822965403218837876e-02 5.968552138033687005e-01 -1.629740268809141135e-01 -3.298837023755416681e-02 4.402932691545986543e-01 8.823225437040840280e-01
1.005866403213928839e+00 -3.626412633656941886e-02 6.063496236279399820e-01 -1.638101744763887091e-01 -3.032210572404022211e-02 4.477973988091832891e-01 8.784783925983634667e-01
