8.756433427333831787e-02 2.592725213617086411e-03 2.594795823097229004e-02 -2.318986505270004272e-02 4.907337948679924011e-03 1.842755451798439026e-02 9.995492100715637207e-01
7.827123999595642090e-02 -6.603683810681104660e-03 2.926092967391014099e-02 -2.443989925086498260e-02 6.360879167914390564e-03 2.008286677300930023e-02 9.994792938232421875e-01
6.974115222692489624e-02 -8.209064602851867676e-03 2.959485538303852081e-02 -2.408829517662525177e-02 7.363409735262393951e-03 1.745391637086868286e-02 9.995303153991699219e-01
6.027810275554656982e-02 -1.518995873630046844e-02 2.878740057349205017e-02 -2.361448854207992554e-02 8.731507696211338043e-03 1.818462461233139038e-02 9.995176196098327637e-01
5.182966962456703186e-02 -1.756175048649311066e-02 2.639165520668029785e-02 -2.165279537439346313e-02 7.862110622227191925e-03 1.564367860555648804e-02 9.996122121810913086e-01
4.386616125702857971e-02 -1.919557712972164154e-02 2.262352965772151947e-02 -1.951854303479194641e-02 7.067948579788208008e-03 1.351494155824184418e-02 9.996931552886962891e-01
3.689791262149810791e-02 -1.719809509813785553e-02 1.946236751973628998e-02 -1.761247962713241577e-02 6.970908027142286301e-03 1.087317988276481628e-02 9.997614622116088867e-01
2.984360419213771820e-02 -1.476395223289728165e-02 1.670838333666324615e-02 -1.577114872634410858e-02 6.940116640180349350e-03 8.533899672329425812e-03 9.998151063919067383e-01
2.391409501433372498e-02 -1.212620362639427185e-02 1.198392268270254135e-02 -1.337139308452606201e-02 6.213251501321792603e-03 5.688299424946308136e-03 9.998751282691955566e-01
1.704937964677810669e-02 -9.445022791624069214e-03 8.960307575762271881e-03 -1.128140091896057129e-02 6.314706057310104370e-03 4.179938230663537979e-03 9.999076724052429199e-01
1.099165808409452438e-02 -6.571282166987657547e-03 4.125182982534170151e-03 -8.700904436409473419e-03 -9.332032641395926476e-04 9.041271987371146679e-04 9.999613165855407715e-01
5.151011049747467041e-03 -6.239443900994956493e-04 2.277107210829854012e-03 -6.075238808989524841e-03 -3.328132734168320894e-04 -1.066497992724180222e-03 9.999809265136718750e-01
5.483082029968500137e-03 4.006276139989495277e-04 3.023779951035976410e-03 -3.487982088699936867e-03 8.405584230786189437e-05 -3.932939842343330383e-03 9.999861717224121094e-01
6.206744816154241562e-03 -2.396818454144522548e-04 3.275927621871232986e-03 -1.507023349404335022e-03 2.503964351490139961e-04 -5.413886159658432007e-03 9.999842047691345215e-01
6.613513454794883728e-03 1.057702116668224335e-03 4.143014550209045410e-03 7.345580961555242538e-04 4.037095059175044298e-04 -7.464349735528230667e-03 9.999718070030212402e-01
7.634510751813650131e-03 -1.878357375971972942e-03 4.017881117761135101e-03 1.538938144221901894e-03 6.666772533208131790e-04 -8.524799719452857971e-03 9.999622702598571777e-01
8.316121995449066162e-03 -3.755166893824934959e-03 3.700939938426017761e-03 3.412910271435976028e-03 8.852373575791716576e-04 -9.045678190886974335e-03 9.999528527259826660e-01
9.035991504788398743e-03 -3.554026596248149872e-03 5.034584552049636841e-03 3.954362124204635620e-03 1.480356091633439064e-03 -9.788231924176216125e-03 9.999431967735290527e-01
8.767247200012207031e-03 -5.862110294401645660e-03 5.917848553508520126e-03 4.875839687883853912e-03 1.601287862285971642e-03 -9.793812409043312073e-03 9.999388456344604492e-01
9.246600791811943054e-03 -7.682999595999717712e-03 5.726770963519811630e-03 5.189116578549146652e-03 1.609907601960003376e-03 -9.794498793780803680e-03 9.999372959136962891e-01
1.105865649878978729e-02 -7.360264193266630173e-03 6.088917143642902374e-03 5.675791297107934952e-03 1.403134665451943874e-03 -9.453274309635162354e-03 9.999382495880126953e-01
1.268121320754289627e-02 -8.285081014037132263e-03 5.095781758427619934e-03 7.108848076313734055e-03 7.318833959288895130e-04 -9.103058837354183197e-03 9.999330043792724609e-01
1.430321298539638519e-02 -6.881923880428075790e-03 7.234076969325542450e-03 7.266970351338386536e-03 1.019406248815357685e-03 -8.362948894500732422e-03 9.999381303787231445e-01
1.500551402568817139e-02 -9.532493539154529572e-03 6.630343850702047348e-03 7.687137927860021591e-03 7.035434246063232422e-04 -7.078322581946849823e-03 9.999451637268066406e-01
1.597564667463302612e-02 -1.074408739805221558e-02 7.323628757148981094e-03 7.605974096804857254e-03 7.019670447334647179e-04 -5.581262987107038498e-03 9.999552369117736816e-01
1.895921491086483002e-02 -8.181054145097732544e-03 8.430548012256622314e-03 7.338285911828279495e-03 5.654306733049452305e-04 -4.127963446080684662e-03 9.999644160270690918e-01
2.010238729417324066e-02 -1.067229639738798141e-02 7.927420549094676971e-03 6.850010715425014496e-03 -4.241699934937059879e-05 -1.935674343258142471e-03 9.999746680259704590e-01
2.195831388235092163e-02 -1.000418514013290405e-02 9.622783400118350983e-03 6.026939023286104202e-03 4.041023203171789646e-04 -1.245184394065290689e-04 9.999817609786987305e-01
2.373663336038589478e-02 -1.084133703261613846e-02 9.980084374547004700e-03 5.224273540079593658e-03 3.987034724559634924e-04 2.808106597512960434e-03 9.999823570251464844e-01
2.478808164596557617e-02 -1.058414857834577560e-02 1.312068384140729904e-02 3.108539851382374763e-03 1.230700174346566200e-03 5.521012470126152039e-03 9.999791979789733887e-01
2.558570355176925659e-02 -1.307787187397480011e-02 1.408911682665348053e-02 2.003405010327696800e-03 -5.771403200924396515e-03 7.273691706359386444e-03 9.999548792839050293e-01
2.629818022251129150e-02 -1.367290969938039780e-02 1.678014360368251801e-02 4.842121270485222340e-04 -5.666164215654134750e-03 9.611432440578937531e-03 9.999376535415649414e-01
2.924974076449871063e-02 -1.345551200211048126e-02 1.616641506552696228e-02 -9.838502155616879463e-04 -6.261267233639955521e-03 1.122362911701202393e-02 9.999169111251831055e-01
3.299139067530632019e-02 -1.193996053189039230e-02 1.432821154594421387e-02 -2.078924793750047684e-03 -7.910756394267082214e-03 1.399170141667127609e-02 9.998686313629150391e-01
3.417605906724929810e-02 -1.497638970613479614e-02 1.345022860914468765e-02 -2.667448716238141060e-03 -8.179024793207645416e-03 1.604761742055416107e-02 9.998342394828796387e-01
3.466443344950675964e-02 -1.857419870793819427e-02 1.270508952438831329e-02 -2.765471814200282097e-03 -8.408739231526851654e-03 1.717153191566467285e-02 9.998133778572082520e-01
2.917537093162536621e-02 -1.619479805231094360e-02 1.040620263665914536e-02 -3.205186221748590469e-03 -8.666330017149448395e-03 1.829303801059722900e-02 9.997899532318115234e-01
2.357306703925132751e-02 -1.338049583137035370e-02 8.801615796983242035e-03 -4.542646929621696472e-03 -8.449411019682884216e-03 1.894370466470718384e-02 9.997745156288146973e-01
1.972969435155391693e-02 -9.309939108788967133e-03 2.719802549108862877e-03 -3.528245259076356888e-03 -9.027212858200073242e-03 1.884067431092262268e-02 9.997755289077758789e-01
1.468549575656652451e-02 -4.571063444018363953e-03 1.716131111606955528e-03 -3.467217320576310158e-03 -8.632157929241657257e-03 1.886308006942272186e-02 9.997788071632385254e-01
9.138922207057476044e-03 3.923964104615151882e-04 4.905961104668676853e-04 -3.637484274804592133e-03 -9.019200690090656281e-03 1.888194307684898376e-02 9.997743964195251465e-01
7.645135745406150818e-03 -3.667001379653811455e-03 8.895983919501304626e-04 -3.499909536913037300e-03 -8.041887544095516205e-03 2.022816985845565796e-02 9.997569322586059570e-01
7.263186853379011154e-03 -1.691594952717423439e-03 2.368602668866515160e-03 -3.349339589476585388e-03 -6.105280946940183640e-03 1.973453722894191742e-02 9.997810125350952148e-01
7.055705878883600235e-03 -4.944009124301373959e-04 -2.017086226260289550e-04 -3.217376535758376122e-03 -6.765877362340688705e-03 1.856539770960807800e-02 9.997995495796203613e-01
6.171296816319227219e-03 -9.682680247351527214e-04 -5.864731501787900925e-04 -3.008371684700250626e-03 -6.030916702002286911e-03 1.795828901231288910e-02 9.998160004615783691e-01
4.889976698905229568e-03 -5.545217209146358073e-05 -2.336182165890932083e-03 -2.685760380700230598e-03 -5.710094235837459564e-03 1.617813855409622192e-02 9.998492002487182617e-01
4.430055618286132812e-03 -1.983281108550727367e-04 -9.700313094072043896e-04 -1.939463079907000065e-03 -3.896610345691442490e-03 1.491141784936189651e-02 9.998793601989746094e-01
2.780633512884378433e-03 6.693429313600063324e-04 -2.233729232102632523e-03 -1.498698838986456394e-03 -3.206013003364205360e-03 1.272609736770391464e-02 9.999127388000488281e-01
5.350043997168540955e-03 -1.950346981175243855e-03 -1.268812920898199081e-03 -8.686725632287561893e-04 -1.279026386328041553e-03 9.880936704576015472e-03 9.999499917030334473e-01
6.118413992226123810e-03 -6.265083793550729752e-03 9.961762698367238045e-04 1.801081234589219093e-04 1.877142232842743397e-03 8.028987795114517212e-03 9.999659657478332520e-01
1.656219512224197388e-01 -6.071329582482576370e-03 5.676685273647308350e-02 -4.219844937324523926e-02 1.058121770620346069e-02 3.099887259304523468e-02 9.985721707344055176e-01
1.467429548501968384e-01 -1.588572561740875244e-02 6.182391196489334106e-02 -4.107645526528358459e-02 1.410667970776557922e-02 2.829123847186565399e-02 9.986557364463806152e-01
1.291574686765670776e-01 -3.934828937053680420e-02 5.206074565649032593e-02 -4.143959656357765198e-02 1.360303908586502075e-02 3.423697501420974731e-02 9.984616041183471680e-01
1.124532520771026611e-01 -3.960250318050384521e-02 4.993837326765060425e-02 -4.190723598003387451e-02 1.411916967481374741e-02 3.281366452574729919e-02 9.984827041625976562e-01
9.662140160799026489e-02 -3.757846355438232422e-02 4.671895131468772888e-02 -3.881214931607246399e-02 1.470914296805858612e-02 2.980881370604038239e-02 9.986934661865234375e-01
8.158084750175476074e-02 -3.381686657667160034e-02 4.266705736517906189e-02 -3.588377684354782104e-02 1.431443355977535248e-02 2.487391792237758636e-02 9.989438056945800781e-01
6.842187047004699707e-02 -2.761752903461456299e-02 3.662274777889251709e-02 -3.177436441183090210e-02 1.495892088860273361e-02 1.987419836223125458e-02 9.991855025291442871e-01
5.586662143468856812e-02 -2.028437517583370209e-02 3.009665198624134064e-02 -2.701115421950817108e-02 1.409759372472763062e-02 1.286282949149608612e-02 9.994529485702514648e-01
4.248285666108131409e-02 -1.758598722517490387e-02 2.164519019424915314e-02 -2.311833202838897705e-02 1.173107326030731201e-02 8.611297234892845154e-03 9.996268153190612793e-01
2.880938723683357239e-02 -1.337500661611557007e-02 1.446174643933773041e-02 -1.927730441093444824e-02 5.416985135525465012e-03 4.980625584721565247e-03 9.997870922088623047e-01
1.650983095169067383e-02 -6.510811392217874527e-03 7.012593559920787811e-03 -1.500175893306732178e-02 -9.660544455982744694e-04 -3.650012658908963203e-04 9.998869299888610840e-01
1.061404962092638016e-02 -1.073171588359400630e-04 5.429165437817573547e-03 -9.181264787912368774e-03 -3.671303566079586744e-04 -5.584525410085916519e-03 9.999421834945678711e-01
1.149216666817665100e-02 -4.916149773634970188e-04 6.647397764027118683e-03 -5.353560671210289001e-03 3.274995833635330200e-04 -9.176936931908130646e-03 9.999434947967529297e-01
1.276693306863307953e-02 -1.838900032453238964e-03 7.440750021487474442e-03 -1.575981616042554379e-03 8.253540727309882641e-04 -1.256689149886369705e-02 9.999194741249084473e-01
1.446849387139081955e-02 -1.871884800493717194e-03 8.128824643790721893e-03 1.634659827686846256e-03 9.082336327992379665e-04 -1.572339795529842377e-02 9.998746514320373535e-01
1.584138162434101105e-02 -5.926111247390508652e-03 7.914903573691844940e-03 5.128407385200262070e-03 1.577832736074924469e-03 -1.765806414186954498e-02 9.998297095298767090e-01
1.700804382562637329e-02 -8.073048666119575500e-03 8.802133612334728241e-03 7.129021454602479935e-03 2.436384558677673340e-03 -1.862070895731449127e-02 9.997982382774353027e-01
1.733542233705520630e-02 -1.085586752742528915e-02 1.058351807296276093e-02 9.270632639527320862e-03 2.907138317823410034e-03 -1.932101882994174957e-02 9.997661113739013672e-01
1.846054382622241974e-02 -1.339514460414648056e-02 1.119782961905002594e-02 1.050312817096710205e-02 2.858972176909446716e-03 -2.004968933761119843e-02 9.997397065162658691e-01
2.109047584235668182e-02 -1.464017294347286224e-02 1.099393423646688461e-02 1.158617623150348663e-02 2.697494579479098320e-03 -2.017489448189735413e-02 9.997256994247436523e-01
2.299269475042819977e-02 -1.632240600883960724e-02 1.187103986740112305e-02 1.284604892134666443e-02 2.135407179594039917e-03 -1.894363574683666229e-02 9.997357726097106934e-01
2.633269503712654114e-02 -1.561367791146039963e-02 1.341660972684621811e-02 1.366037596017122269e-02 2.087041269987821579e-03 -1.742693968117237091e-02 9.997526407241821289e-01
2.921675145626068115e-02 -1.693752408027648926e-02 1.362566649913787842e-02 1.436371542513370514e-02 1.699163462035357952e-03 -1.513150706887245178e-02 9.997808933258056641e-01
3.149652853608131409e-02 -2.013120427727699280e-02 1.298370491713285446e-02 1.484197285026311874e-02 1.155715901404619217e-03 -1.212498452514410019e-02 9.998156428337097168e-01
3.565443307161331177e-02 -1.805761083960533142e-02 1.559505891054868698e-02 1.410191040486097336e-02 9.185816161334514618e-04 -9.342635050415992737e-03 9.998564720153808594e-01
3.953445702791213989e-02 -1.764884591102600098e-02 1.669891178607940674e-02 1.373934838920831680e-02 7.272182847373187542e-04 -5.727382376790046692e-03 9.998889565467834473e-01
4.198326542973518372e-02 -2.088820375502109528e-02 1.757518202066421509e-02 1.296725310385227203e-02 1.644686017243657261e-05 -1.878137933090329170e-03 9.999141693115234375e-01
4.597496986389160156e-02 -1.962020993232727051e-02 2.020527608692646027e-02 1.095342636108398438e-02 1.543878228403627872e-03 2.863113768398761749e-03 9.999347329139709473e-01
4.912440106272697449e-02 -1.960249431431293488e-02 2.359368838369846344e-02 8.677190169692039490e-03 1.771496958099305630e-03 8.010133169591426849e-03 9.999287128448486328e-01
5.079759657382965088e-02 -2.353963069617748260e-02 2.658677473664283752e-02 5.506181623786687851e-03 -4.763004370033740997e-03 1.238477509468793869e-02 9.998968243598937988e-01
5.418624728918075562e-02 -2.634872682392597198e-02 2.708877064287662506e-02 2.169548301026225090e-03 -1.202345639467239380e-02 1.567728444933891296e-02 9.998024702072143555e-01
5.640317872166633606e-02 -3.016341291368007660e-02 2.865309827029705048e-02 -8.630355296190828085e-05 -1.245352812111377716e-02 2.003886364400386810e-02 9.997216463088989258e-01
6.176991388201713562e-02 -2.923392504453659058e-02 2.819088473916053772e-02 -2.154101384803652763e-03 -1.421431638300418854e-02 2.385439723730087280e-02 9.996120929718017578e-01
6.638693064451217651e-02 -3.038085252046585083e-02 2.618278935551643372e-02 -3.012454137206077576e-03 -1.559823658317327499e-02 2.796808071434497833e-02 9.994825720787048340e-01
6.929542124271392822e-02 -3.394001722335815430e-02 2.461346797645092010e-02 -3.655779873952269554e-03 -1.646737754344940186e-02 3.029740601778030396e-02 9.993985891342163086e-01
6.430738419294357300e-02 -3.419813141226768494e-02 2.265613153576850891e-02 -4.842910915613174438e-03 -1.649911329150199890e-02 3.186954557895660400e-02 9.993441104888916016e-01
5.246804282069206238e-02 -3.039850480854511261e-02 1.866156980395317078e-02 -7.570915389806032181e-03 -1.727701909840106964e-02 3.470537066459655762e-02 9.992195367813110352e-01
4.357800260186195374e-02 -2.371715009212493896e-02 9.248541668057441711e-03 -6.760374642908573151e-03 -1.811691001057624817e-02 3.653355687856674194e-02 9.991453289985656738e-01
3.517619892954826355e-02 -1.211582962423563004e-02 4.052274860441684723e-03 -6.083671469241380692e-03 -1.831096783280372620e-02 3.387174010276794434e-02 9.992399215698242188e-01
2.414540387690067291e-02 -2.503809519112110138e-03 3.365707118064165115e-03 -6.826599594205617905e-03 -1.670953258872032166e-02 3.522635996341705322e-02 9.992163181304931641e-01
1.663823053240776062e-02 -3.492343006655573845e-03 4.849722608923912048e-03 -7.293127011507749557e-03 -1.440747361630201340e-02 3.898321464657783508e-02 9.991093873977661133e-01
1.582758128643035889e-02 -3.475752659142017365e-03 2.118767006322741508e-03 -6.467086728662252426e-03 -1.543272472918033600e-02 3.822718188166618347e-02 9.991289377212524414e-01
1.432960852980613708e-02 -1.251252018846571445e-03 3.859058255329728127e-03 -6.574976723641157150e-03 -1.152137108147144318e-02 3.625626489520072937e-02 9.992544651031494141e-01
1.314277015626430511e-02 -2.206217963248491287e-03 6.321550463326275349e-04 -6.670610513538122177e-03 -1.264024991542100906e-02 3.479022905230522156e-02 9.992924332618713379e-01
1.149880606681108475e-02 -1.612667576409876347e-03 -1.305036712437868118e-03 -5.638027098029851913e-03 -1.174921728670597076e-02 3.317166119813919067e-02 9.993646740913391113e-01
9.608514606952667236e-03 -8.341731736436486244e-04 -2.433899557217955589e-03 -4.616003017872571945e-03 -9.709957055747509003e-03 3.044530935585498810e-02 9.994786381721496582e-01
8.014054968953132629e-03 -3.494052507448941469e-04 -1.447289250791072845e-03 -3.345252713188529015e-03 -6.124251987785100937e-03 2.733002230525016785e-02 9.996020793914794922e-01
8.996304124593734741e-03 -1.144138514064252377e-03 -7.682176074013113976e-04 -1.814570860005915165e-03 -2.836587140336632729e-03 2.182700298726558685e-02 9.997560977935791016e-01
1.196037884801626205e-02 -8.249185979366302490e-03 7.843046914786100388e-04 -3.101099864579737186e-04 1.437464496120810509e-03 1.759822480380535126e-02 9.998440742492675781e-01
