0.000000000000000000e+00 0.000000000000000000e+00 0.000000000000000000e+00 0.000000000000000000e+00 0.000000000000000000e+00 0.000000000000000000e+00 1.000000000000000000e+00
8.382446318864822388e-02 -6.474418565630912781e-03 3.545834496617317200e-02 -2.588785964653073091e-02 6.707216217043239503e-03 2.655501286629639163e-02 9.992895792838081270e-01
1.594173437784873193e-01 -1.321420604067807120e-02 7.020566002985639820e-02 -5.125548004958687537e-02 1.437032518991068764e-02 5.228646316386777876e-02 9.972123621820160322e-01
2.286459776286805246e-01 -1.608377163792025499e-02 1.004863918277493495e-01 -7.581974646357085568e-02 2.155131378501030578e-02 7.511484159602262178e-02 9.940546602135842402e-01
2.900450500095085316e-01 -1.890275192857814382e-02 1.288333687953511497e-01 -9.962194277394849362e-02 2.956135596705185623e-02 9.756840147813336528e-02 9.897888672764183493e-01
3.440824423117723185e-01 -2.053793104370462558e-02 1.541857039019145781e-01 -1.220492836505051998e-01 3.680495777771523175e-02 1.170939796292294471e-01 9.849052580720486505e-01
3.910778664344989330e-01 -2.202325832424644955e-02 1.756693957786168159e-01 -1.425984941825170216e-01 4.330184243593212384e-02 1.342259730767341175e-01 9.796805642913082313e-01
4.308208936229910857e-01 -2.226648961522630088e-02 1.937350034848664970e-01 -1.612244917997539828e-01 4.947695310905566440e-02 1.485379752317009250e-01 9.744204248008259128e-01
4.630362900111761326e-01 -2.151790232163194178e-02 2.088653708412500087e-01 -1.782886200980792202e-01 5.564352529725471314e-02 1.603417189348745608e-01 9.692303643639247346e-01
4.881275734920022535e-01 -2.052929349600733991e-02 2.203024849993338585e-01 -1.931147569402929809e-01 6.129705500389523443e-02 1.688007051744141174e-01 9.646013081228749231e-01
5.057968871317825021e-01 -1.977642356979380026e-02 2.287369382275480922e-01 -2.057864128451352137e-01 6.672456848672216057e-02 1.748114312997955666e-01 9.605419031648276817e-01
5.166732172158881031e-01 -1.952084807926636467e-02 2.337336032897194826e-01 -2.147548225086104434e-01 6.495094566522917334e-02 1.788433369766243008e-01 9.579544883164091695e-01
5.215834330415596298e-01 -1.774871705812679917e-02 2.362248136029358736e-01 -2.210547172817847461e-01 6.369595230273490671e-02 1.802054370917912929e-01 9.563491193441203686e-01
5.270703438140115216e-01 -1.652093037366767631e-02 2.393458362247175009e-01 -2.254488482947095418e-01 6.276200985307195390e-02 1.786266913934073663e-01 9.556810409564668873e-01
5.335089925159723911e-01 -1.546642211012714228e-02 2.426727479920193220e-01 -2.279357445514133829e-01 6.196663275044970998e-02 1.752016912560363515e-01 9.557770661416752356e-01
5.407511466216836649e-01 -1.425366972810251064e-02 2.462357664774818267e-01 -2.284757424102210055e-01 6.143432374189880529e-02 1.698415803047309269e-01 9.566496206010147718e-01
5.488476117206166904e-01 -1.392456607765064393e-02 2.502981394655648950e-01 -2.282455435457813597e-01 6.109642347823882741e-02 1.633851579980336866e-01 9.578499303312685287e-01
5.578852011838415503e-01 -1.463773618783806990e-02 2.543866960316205628e-01 -2.260761369397500109e-01 6.075982665282241707e-02 1.558257594413308966e-01 9.596437653973742821e-01
5.674120603845388411e-01 -1.442700020219445621e-02 2.595628123998526826e-01 -2.235717580255235093e-01 6.111918326892747111e-02 1.473489637024408550e-01 9.615447973681376936e-01
5.774435509305891889e-01 -1.513199153218816768e-02 2.656460026057863577e-01 -2.200343304899517738e-01 6.084295985562454545e-02 1.381908053243441625e-01 9.637356115479259744e-01
5.883247554651326316e-01 -1.642368882479294800e-02 2.720358624008579196e-01 -2.156935723269130245e-01 6.079563839352580129e-02 1.284671371175523102e-01 9.660623002115331648e-01
6.002444368196478974e-01 -1.723283076718277324e-02 2.786452372021430701e-01 -2.107761046122997306e-01 6.102728827479454721e-02 1.191816675172580331e-01 9.683206255874630131e-01
6.137278924501334831e-01 -1.870139049991001445e-02 2.842110355350145334e-01 -2.042089073136470201e-01 6.103256477354102039e-02 1.101599464830528841e-01 9.707927350375983311e-01
6.279545402486471639e-01 -1.822129005243154978e-02 2.909120076492646145e-01 -1.978474916225029523e-01 6.151662246979935217e-02 1.018926480516092609e-01 9.729799399225158574e-01
6.432658374888101660e-01 -1.861880012358854003e-02 2.980373866925329351e-01 -1.912668014984914289e-01 6.225744413753116907e-02 9.494048735764402946e-02 9.749499090488146225e-01
6.595070132748621639e-01 -1.966204378188772528e-02 3.059778933551915436e-01 -1.844393762233551559e-01 6.307807167913290214e-02 8.963806946157944211e-02 9.767130028185264656e-01
6.772294299235249726e-01 -1.856597288985214686e-02 3.137912991933555218e-01 -1.780431151277891977e-01 6.403778584321713485e-02 8.623716591785109131e-02 9.781426083932486248e-01
6.962415982033062223e-01 -1.826098680735903715e-02 3.221793926765250671e-01 -1.717126667452922861e-01 6.481933187292875098e-02 8.481147857930568246e-02 9.793468371297061603e-01
7.165960579927714846e-01 -1.737695915208398514e-02 3.311130261693071009e-01 -1.658926487187991905e-01 6.601812753279097390e-02 8.552827892806870447e-02 9.802071971995143240e-01
7.382755926457342799e-01 -1.634779618241765861e-02 3.408779663467776944e-01 -1.605914727152731314e-01 6.744938958293773823e-02 8.941146328884209959e-02 9.806459855465563535e-01
7.610941415223749784e-01 -1.432629990723629371e-02 3.519190112543447158e-01 -1.568276522450835486e-01 6.952286977163454895e-02 9.627627826096608887e-02 9.804603695786119344e-01
7.849142325064258907e-01 -1.190811153435829446e-02 3.646100807684229395e-01 -1.528597106121654392e-01 6.450232521229357086e-02 1.064043669820243926e-01 9.803833278880904611e-01
8.098282229451799763e-01 -8.776661536212211623e-03 3.788084452839224348e-01 -1.501419588448736353e-01 5.908029867534623364e-02 1.191255386910587827e-01 9.796815893616768189e-01
8.363345460973022893e-01 -4.413874950686933613e-03 3.932689868499819608e-01 -1.488304021083456108e-01 5.321559759934593736e-02 1.337763848772921538e-01 9.783258610655118925e-01
8.653282717676596958e-01 -5.591850036924632394e-05 4.064762592911945749e-01 -1.477963745931584749e-01 4.619816166861355489e-02 1.524383440614692498e-01 9.761068142244252455e-01
8.957313718109105594e-01 4.269811265977451094e-03 4.201145591191072226e-01 -1.471605716724745661e-01 3.901539086081945440e-02 1.732391848098613074e-01 9.730414946277587962e-01
9.277276583077012084e-01 6.866180342798937179e-03 4.347716923528959776e-01 -1.466781875185645401e-01 3.174451213045580839e-02 1.950519535111218672e-01 9.692432773495844867e-01
9.541906209537592831e-01 9.929558955104229867e-03 4.469512950537681273e-01 -1.465046598939571953e-01 2.387131430265413551e-02 2.179223932407343411e-01 9.646120336731500711e-01
9.747519760410956469e-01 1.312533880891131495e-02 4.567915934451868276e-01 -1.473571183758595471e-01 1.593351057007973484e-02 2.419362859444972869e-01 9.589050195135380150e-01
9.904935005604543763e-01 1.628339871462521765e-02 4.627416992345922964e-01 -1.481480721190176764e-01 8.350993688845358490e-03 2.659318448381600142e-01 9.525033666779346708e-01
1.000577482991123590e+00 2.034883711762252786e-02 4.681106579757322583e-01 -1.496805832108891732e-01 1.928329661569880369e-03 2.904748987075504441e-01 9.451012314959718053e-01
1.005934199396199658e+00 2.749801039989451662e-02 4.717280328062969930e-01 -1.510063627017526888e-01 -4.052126032894660598e-03 3.135313719601463545e-01 9.374853265491618348e-01
1.012728928251855454e+00 3.275032403803837533e-02 4.766177345667680920e-01 -1.514832356726218132e-01 -1.001855698972905009e-02 3.383855612987818895e-01 9.286806069529528473e-01
1.018457237089016143e+00 3.964409168153027602e-02 4.816179196617762504e-01 -1.525540670552788247e-01 -1.450350798409178084e-02 3.618220505642168461e-01 9.195660436350149292e-01
1.022718565713992556e+00 4.878015676637378895e-02 4.854864503543282472e-01 -1.530007767584509737e-01 -1.872969062736413309e-02 3.827079828875042944e-01 9.109196236960162008e-01
1.028481794792322601e+00 5.702241542572152738e-02 4.909656999174436542e-01 -1.541707207556907433e-01 -2.191772048953720062e-02 4.031770312932524969e-01 9.017756283176947552e-01
1.031092421047050012e+00 6.781714795277986318e-02 4.961585822792750067e-01 -1.550655650603303959e-01 -2.421876906268935481e-02 4.207684116648227057e-01 8.934887047426345319e-01
1.034894711251439503e+00 7.953741366517366740e-02 5.007520761515761309e-01 -1.558588530650074910e-01 -2.551001235337458511e-02 4.371443206791231217e-01 8.854163427952858045e-01
1.035009561104190068e+00 9.212506975440704071e-02 5.074005176547571327e-01 -1.570106012355864666e-01 -2.541854804367685988e-02 4.502755683856246027e-01 8.786088327748551308e-01
1.042927755176719096e+00 1.020634261768146867e-01 5.127455128027705866e-01 -1.576138091054406221e-01 -2.418047022523376471e-02 4.607519574576172672e-01 8.730869519915724908e-01
1.054467396298398363e+00 1.071310723870725623e-01 5.192137442192339414e-01 -1.584545997899955982e-01 -2.107142612989445010e-02 4.687556422256638489e-01 8.687440835412061357e-01
