0.000000000000000000e+00 0.000000000000000000e+00 0.000000000000000000e+00 1.461830222843074623e-12 -4.977721707044580057e-11 -4.115017788325348036e-13 1.000000000000000000e+00
2.966109663248062134e-02 -8.757302165031433105e-02 -2.525873482227325439e-03 -5.134327709674835205e-02 3.428085707128047943e-03 2.366176247596740723e-01 9.702392816543579102e-01
8.851760625839233398e-02 -1.499266326427459717e-01 2.940852195024490356e-03 -1.015218347311019897e-01 9.792554192245006561e-03 4.592812657356262207e-01 8.824160695075988770e-01
1.623608022928237915e-01 -1.738663464784622192e-01 1.083795912563800812e-02 -1.434863358736038208e-01 1.088185235857963562e-02 6.412021517753601074e-01 7.537593841552734375e-01
2.311376333236694336e-01 -1.636491864919662476e-01 1.738968677818775177e-02 -1.761678159236907959e-01 9.416459128260612488e-03 7.916091680526733398e-01 5.850050449371337891e-01
2.825510501861572266e-01 -1.292759478092193604e-01 2.059579454362392426e-02 -1.971650570631027222e-01 7.836125791072845459e-03 8.946508765220642090e-01 4.008295536041259766e-01
3.116546571254730225e-01 -8.413827419281005859e-02 2.003672905266284943e-02 -2.078188359737396240e-01 6.370905786752700806e-03 9.537144899368286133e-01 2.172547578811645508e-01
3.209294676780700684e-01 -3.950745984911918640e-02 1.644616015255451202e-02 -2.110976725816726685e-01 3.870200365781784058e-03 9.760552644729614258e-01 5.233660712838172913e-02
3.163232207298278809e-01 -2.588108181953430176e-03 1.113217510282993317e-02 -2.090225964784622192e-01 6.911493837833404541e-04 9.736651182174682617e-01 -9.102472662925720215e-02
3.045120239257812500e-01 2.392337471246719360e-02 5.511702969670295715e-03 -2.044292837381362915e-01 -3.010474145412445068e-03 9.576101303100585938e-01 -2.029348909854888916e-01
2.919888496398925781e-01 4.078763350844383240e-02 8.091945201158523560e-04 -1.987578421831130981e-01 -7.416494190692901611e-03 9.362523555755615234e-01 -2.896059751510620117e-01
2.819801270961761475e-01 4.931817203760147095e-02 -2.359420061111450195e-03 -1.914786547422409058e-01 -1.238482072949409485e-02 9.180473089218139648e-01 -3.469465970993041992e-01
2.768008112907409668e-01 5.141725391149520874e-02 -3.532964736223220825e-03 -1.869264692068099976e-01 -2.021214738488197327e-02 9.073392748832702637e-01 -3.760123252868652344e-01
2.712831795215606689e-01 5.431494861841201782e-02 -4.124801605939865112e-03 -1.811438351869583130e-01 -2.618073672056198120e-02 8.959993720054626465e-01 -4.045819640159606934e-01
2.651931941509246826e-01 5.778600648045539856e-02 -4.555122926831245422e-03 -1.742944419384002686e-01 -2.860738337039947510e-02 8.833072185516357422e-01 -4.342480599880218506e-01
2.583127915859222412e-01 6.157299876213073730e-02 -5.113642662763595581e-03 -1.643611937761306763e-01 -2.781698107719421387e-02 8.651022911071777344e-01 -4.730852246284484863e-01
2.502939105033874512e-01 6.523656100034713745e-02 -5.710816942155361176e-03 -1.532599776983261108e-01 -2.552774548530578613e-02 8.424512147903442383e-01 -5.158834457397460938e-01
2.409978806972503662e-01 6.843201816082000732e-02 -6.403505802154541016e-03 -1.406748145818710327e-01 -2.154206484556198120e-02 8.143808245658874512e-01 -5.626100897789001465e-01
2.303616255521774292e-01 7.091502845287322998e-02 -7.231679745018482208e-03 -1.262398064136505127e-01 -1.659580506384372711e-02 7.778708338737487793e-01 -6.153902411460876465e-01
2.183453589677810669e-01 7.211671769618988037e-02 -8.164478465914726257e-03 1.103255823254585266e-01 1.039593666791915894e-02 -7.338991761207580566e-01 6.701583862304687500e-01
2.050430178642272949e-01 7.146752625703811646e-02 -9.179841727018356323e-03 9.270326048135757446e-02 3.783175721764564514e-03 -6.797316670417785645e-01 7.275689840316772461e-01
1.907574832439422607e-01 6.839939951896667480e-02 -1.010127179324626923e-02 7.399156689643859863e-02 -3.124888986349105835e-03 -6.178253293037414551e-01 7.828201055526733398e-01
1.758740544319152832e-01 6.244805827736854553e-02 -1.087692286819219589e-02 5.439928546547889709e-02 -1.044577918946743011e-02 -5.468310713768005371e-01 8.354085087776184082e-01
1.610877960920333862e-01 5.313108861446380615e-02 -1.138375699520111084e-02 3.303747624158859253e-02 -1.798795163631439209e-02 -4.629877209663391113e-01 8.855660557746887207e-01
1.471413969993591309e-01 4.012343287467956543e-02 -1.152254268527030945e-02 1.026400085538625717e-02 -2.515155822038650513e-02 -3.672424554824829102e-01 9.297285079956054688e-01
1.353375315666198730e-01 2.315914258360862732e-02 -1.093941088765859604e-02 -1.281890273094177246e-02 -3.175592049956321716e-02 -2.626480460166931152e-01 9.642838835716247559e-01
1.267040371894836426e-01 2.517186105251312256e-03 -9.462837129831314087e-03 -3.634221851825714111e-02 -3.788417950272560120e-02 -1.478521674871444702e-01 9.876151680946350098e-01
1.225702986121177673e-01 -2.125417441129684448e-02 -7.119036279618740082e-03 -6.028926372528076172e-02 -4.271056875586509705e-02 -1.968463324010372162e-02 9.970724582672119141e-01
1.249302551150321960e-01 -4.702239111065864563e-02 -3.226438537240028381e-03 -8.353514969348907471e-02 -4.570859670639038086e-02 1.119862273335456848e-01 9.891367554664611816e-01
1.350525915622711182e-01 -7.275664806365966797e-02 2.319578081369400024e-03 -1.081015244126319885e-01 -4.647102952003479004e-02 2.514599859714508057e-01 9.606884717941284180e-01
1.532873362302780151e-01 -9.567897021770477295e-02 9.530087932944297791e-03 -1.333297342061996460e-01 -4.568794369697570801e-02 3.916579782962799072e-01 9.092524051666259766e-01
1.783579438924789429e-01 -1.141283363103866577e-01 1.816581375896930695e-02 -1.559418886899948120e-01 -4.921562224626541138e-02 5.321877598762512207e-01 8.306841850280761719e-01
2.101880162954330444e-01 -1.232628077268600464e-01 2.793451212346553802e-02 -1.750591099262237549e-01 -5.108078569173812866e-02 6.613913178443908691e-01 7.275345325469970703e-01
2.449158579111099243e-01 -1.196762174367904663e-01 3.832470625638961792e-02 -1.900013238191604614e-01 -5.137615278363227844e-02 7.706821560859680176e-01 6.060602068901062012e-01
2.783643603324890137e-01 -1.038516759872436523e-01 4.840894788503646851e-02 -1.980779916048049927e-01 -5.152530595660209656e-02 8.564332127571105957e-01 4.739540219306945801e-01
3.066430389881134033e-01 -7.712347805500030518e-02 5.699502676725387573e-02 -2.008656412363052368e-01 -5.047200247645378113e-02 9.193309545516967773e-01 3.345686495304107666e-01
3.269642889499664307e-01 -4.077298939228057861e-02 6.316252052783966064e-02 -2.005205452442169189e-01 -4.682363569736480713e-02 9.640157222747802734e-01 1.681451648473739624e-01
3.275787532329559326e-01 -4.484415054321289062e-03 6.468000262975692749e-02 -1.975672990083694458e-01 -4.424613341689109802e-02 9.779208898544311523e-01 5.177153646945953369e-02
3.055995702743530273e-01 1.664707064628601074e-02 6.485287845134735107e-02 -1.960967630147933960e-01 -4.376311972737312317e-02 9.794970750808715820e-01 -1.471081003546714783e-02
2.846437692642211914e-01 2.280431054532527924e-02 6.490645557641983032e-02 -1.943167001008987427e-01 -4.320864006876945496e-02 9.788548946380615234e-01 -4.708806425333023071e-02
2.690650522708892822e-01 2.338138967752456665e-02 6.520450860261917114e-02 -1.905695945024490356e-01 -4.091688618063926697e-02 9.789957404136657715e-01 -5.980310961604118347e-02
2.600094676017761230e-01 2.317086979746818542e-02 6.573601067066192627e-02 -1.864149719476699829e-01 -3.772270679473876953e-02 9.790487885475158691e-01 -7.273378223180770874e-02
2.514686286449432373e-01 2.287742681801319122e-02 6.612806767225265503e-02 -1.823954582214355469e-01 -3.452344238758087158e-02 9.788532257080078125e-01 -8.594337105751037598e-02
2.436891049146652222e-01 2.239612489938735962e-02 6.664782762527465820e-02 -1.786054372787475586e-01 -3.136003017425537109e-02 9.784935712814331055e-01 -9.832236170768737793e-02
2.366653084754943848e-01 2.164180204272270203e-02 6.706338375806808472e-02 -1.750081181526184082e-01 -2.827346324920654297e-02 9.780833721160888672e-01 -1.092042848467826843e-01
2.304454296827316284e-01 2.091730758547782898e-02 6.744412332773208618e-02 -1.717056185007095337e-01 -2.519832178950309753e-02 9.774190783500671387e-01 -1.205569356679916382e-01
2.251085191965103149e-01 2.014686539769172668e-02 6.780463457107543945e-02 -1.686813086271286011e-01 -2.241598069667816162e-02 9.768481850624084473e-01 -1.296594738960266113e-01
2.206097543239593506e-01 1.944806613028049469e-02 6.815886497497558594e-02 -1.662481278181076050e-01 -1.985239610075950623e-02 9.761857986450195312e-01 -1.379445344209671021e-01
2.171383053064346313e-01 1.883204467594623566e-02 6.841149181127548218e-02 -1.642223149538040161e-01 -1.776194572448730469e-02 9.755830764770507812e-01 -1.447521746158599854e-01
2.115217745304107666e-01 1.784508302807807922e-02 6.872911751270294189e-02 -1.632205694913864136e-01 -1.627115160226821899e-02 9.750458598136901855e-01 -1.495990008115768433e-01
2.027209848165512085e-01 1.708010025322437286e-02 6.881516426801681519e-02 -1.629093289375305176e-01 -1.550573855638504028e-02 9.746901392936706543e-01 -1.523122489452362061e-01
6.074713170528411865e-02 1.211698353290557861e-01 5.136983841657638550e-02 -1.493937373161315918e-01 -4.725162684917449951e-02 7.634059190750122070e-01 -6.266260147094726562e-01
-8.901528269052505493e-02 7.710155844688415527e-02 1.619535125792026520e-02 1.028225868940353394e-01 6.441006064414978027e-02 -3.967531323432922363e-01 9.098712801933288574e-01
-1.364767402410507202e-01 -5.640904977917671204e-02 -1.317448355257511139e-02 3.044284507632255554e-02 6.203480809926986694e-02 3.700853511691093445e-02 9.969229102134704590e-01
-6.731421500444412231e-02 -1.645431816577911377e-01 -2.838933840394020081e-02 -4.359398409724235535e-02 4.340617358684539795e-02 4.534574449062347412e-01 8.891523480415344238e-01
4.501632601022720337e-02 -1.818677484989166260e-01 -3.188272565603256226e-02 -1.023299768567085266e-01 1.852903515100479126e-02 7.639085650444030762e-01 6.368901133537292480e-01
1.250869780778884888e-01 -1.252273172140121460e-01 -3.209324181079864502e-02 -1.396802216768264771e-01 -7.250733673572540283e-03 9.330853223800659180e-01 3.313437700271606445e-01
1.474690437316894531e-01 -4.597509279847145081e-02 -3.400059789419174194e-02 -1.584488749504089355e-01 -3.095522895455360413e-02 9.864927530288696289e-01 2.770777605473995209e-02
1.268568038940429688e-01 1.717621833086013794e-02 -3.903970122337341309e-02 -1.618908196687698364e-01 -4.970698058605194092e-02 9.602364897727966309e-01 -2.219604253768920898e-01
9.087031334638595581e-02 5.255105346441268921e-02 -4.505357518792152405e-02 -1.567642092704772949e-01 -6.483107805252075195e-02 8.958903551101684570e-01 -4.106122255325317383e-01
5.892174690961837769e-02 6.558565050363540649e-02 -5.028830468654632568e-02 -1.458123028278350830e-01 -7.792980968952178955e-02 8.243108987808227539e-01 -5.414584875106811523e-01
4.005441814661026001e-02 6.613448262214660645e-02 -5.309264361858367920e-02 -1.329867392778396606e-01 -9.023743122816085815e-02 7.719380259513854980e-01 -6.150475144386291504e-01
2.839004620909690857e-02 6.374599039554595947e-02 -5.371150374412536621e-02 1.204650774598121643e-01 1.032921373844146729e-01 -7.334210872650146484e-01 6.609934568405151367e-01
1.535648852586746216e-02 6.120076403021812439e-02 -5.332722514867782593e-02 1.073357388377189636e-01 1.102901548147201538e-01 -6.908143758773803711e-01 7.064634561538696289e-01
9.155627340078353882e-04 5.761139839887619019e-02 -5.276424437761306763e-02 9.295716881752014160e-02 1.093164831399917603e-01 -6.368572115898132324e-01 7.575103044509887695e-01
-1.459120959043502808e-02 5.144520476460456848e-02 -5.210300534963607788e-02 7.659200578927993774e-02 1.033594161272048950e-01 -5.645670890808105469e-01 8.153003454208374023e-01
-3.037079609930515289e-02 4.148777574300765991e-02 -5.134921520948410034e-02 5.932001024484634399e-02 9.337054193019866943e-02 -4.777624309062957764e-01 8.714965581893920898e-01
-4.523468762636184692e-02 2.698681131005287170e-02 -5.050549656152725220e-02 4.014267399907112122e-02 8.001519739627838135e-02 -3.697900474071502686e-01 9.247927069664001465e-01
-5.740449577569961548e-02 7.463981397449970245e-03 -4.944134876132011414e-02 1.991426199674606323e-02 6.371894478797912598e-02 -2.431736439466476440e-01 9.676827788352966309e-01
-6.428627669811248779e-02 -1.694421842694282532e-02 -4.786220192909240723e-02 -1.921980408951640129e-03 4.468463361263275146e-02 -9.504092484712600708e-02 9.944680929183959961e-01
-6.328355520963668823e-02 -4.473898932337760925e-02 -4.532157629728317261e-02 -2.477078512310981750e-02 2.440103888511657715e-02 6.817621737718582153e-02 9.970672130584716797e-01
-5.230355262756347656e-02 -7.298924028873443604e-02 -4.115392267704010010e-02 -4.729714989662170410e-02 3.352106548845767975e-03 2.374740242958068848e-01 9.702360033988952637e-01
-3.053472377359867096e-02 -9.765124320983886719e-02 -3.522884100675582886e-02 -6.971584260463714600e-02 -1.807780191302299500e-02 4.159429669380187988e-01 9.065342545509338379e-01
1.354991458356380463e-03 -1.132639795541763306e-01 -2.713897265493869781e-02 -9.114238619804382324e-02 -3.865040093660354614e-02 5.912535190582275391e-01 8.003864288330078125e-01
3.960048407316207886e-02 -1.144914925098419189e-01 -1.705687493085861206e-02 -1.102481931447982788e-01 -5.662444233894348145e-02 7.502370476722717285e-01 6.494485735893249512e-01
7.723688334226608276e-02 -9.747523069381713867e-02 -5.460761487483978271e-03 -1.245913505554199219e-01 -7.066237926483154297e-02 8.769851922988891602e-01 4.586729705333709717e-01
1.054036095738410950e-01 -6.241730973124504089e-02 5.979837849736213684e-03 -1.336008906364440918e-01 -7.927088439464569092e-02 9.625173211097717285e-01 2.223226130008697510e-01
1.133295223116874695e-01 -1.386667042970657349e-02 1.535079814493656158e-02 -1.361948400735855103e-01 -8.062724769115447998e-02 9.866125583648681641e-01 -3.931941464543342590e-02
9.331993758678436279e-02 3.589834272861480713e-02 2.082470618188381195e-02 -1.311858892440795898e-01 -7.709760963916778564e-02 9.375474452972412109e-01 -3.128116130828857422e-01
4.627426713705062866e-02 6.967423856258392334e-02 2.096895314753055573e-02 -1.166617870330810547e-01 -7.018813490867614746e-02 8.064240217208862305e-01 -5.754510760307312012e-01
-1.547375135123729706e-02 7.256567478179931641e-02 1.647577248513698578e-02 8.497440814971923828e-02 5.568692460656166077e-02 -5.904153585433959961e-01 8.006796836853027344e-01
-7.068800181150436401e-02 3.695312887430191040e-02 9.595394134521484375e-03 3.857412561774253845e-02 3.173873946070671082e-02 -3.044757843017578125e-01 9.512093067169189453e-01
-9.218176454305648804e-02 -2.962420508265495300e-02 5.396889522671699524e-03 -1.181696448475122452e-02 5.583027843385934830e-03 1.353044807910919189e-02 9.998230338096618652e-01
-6.623980402946472168e-02 -9.877026081085205078e-02 8.669592440128326416e-03 -6.062795966863632202e-02 -2.113346196711063385e-02 3.246491849422454834e-01 9.436528086662292480e-01
-2.601165324449539185e-03 -1.417352706193923950e-01 1.961912401020526886e-02 -1.004814133048057556e-01 -4.769745469093322754e-02 5.901833176612854004e-01 7.995699048042297363e-01
7.663446664810180664e-02 -1.388972848653793335e-01 3.614982217550277710e-02 -1.336121559143066406e-01 -6.812223792076110840e-02 8.106170892715454102e-01 5.660451650619506836e-01
1.317892521619796753e-01 -8.867870271205902100e-02 5.209650099277496338e-02 -1.526290625333786011e-01 -8.046029508113861084e-02 9.349949359893798828e-01 3.098627328872680664e-01
1.259789913892745972e-01 -2.650406211614608765e-02 6.331136822700500488e-02 -1.611413061618804932e-01 -8.649931848049163818e-02 9.738909602165222168e-01 1.344907879829406738e-01
8.781597018241882324e-02 5.840509198606014252e-03 6.998179107904434204e-02 -1.649754345417022705e-01 -8.962871879339218140e-02 9.816316962242126465e-01 3.389654308557510376e-02
5.181170254945755005e-02 1.541183236986398697e-02 7.354011386632919312e-02 -1.621772646903991699e-01 -8.847463130950927734e-02 9.827545285224914551e-01 -8.026920258998870850e-03
2.750217169523239136e-02 1.683980599045753479e-02 7.629783451557159424e-02 -1.557512134313583374e-01 -8.439894020557403564e-02 9.835772514343261719e-01 -3.455751016736030579e-02
9.962176904082298279e-03 1.680550351738929749e-02 7.851017266511917114e-02 -1.491009593009948730e-01 -7.921906560659408569e-02 9.837611317634582520e-01 -6.088761985301971436e-02
-6.217690184712409973e-03 1.597289554774761200e-02 8.065517991781234741e-02 -1.426600366830825806e-01 -7.408489286899566650e-02 9.830998182296752930e-01 -8.760327100753784180e-02
-2.086988277733325958e-02 1.435255724936723709e-02 8.277257531881332397e-02 -1.365616768598556519e-01 -6.895955651998519897e-02 9.820177555084228516e-01 -1.106190532445907593e-01
-3.392038494348526001e-02 1.228618714958429337e-02 8.462021499872207642e-02 -1.308436393737792969e-01 -6.382533907890319824e-02 9.802430868148803711e-01 -1.339022517204284668e-01
-4.524898529052734375e-02 9.996684268116950989e-03 8.633702993392944336e-02 -1.255358606576919556e-01 -5.875813215970993042e-02 9.782467484474182129e-01 -1.543423235416412354e-01
-5.480026453733444214e-02 7.707751356065273285e-03 8.791093528270721436e-02 -1.209544315934181213e-01 -5.405855551362037659e-02 9.761617779731750488e-01 -1.719186902046203613e-01
-6.255979090929031372e-02 5.600946024060249329e-03 8.924990892410278320e-02 -1.173145398497581482e-01 -4.988662898540496826e-02 9.740355610847473145e-01 -1.870920211076736450e-01
-7.117879390716552734e-02 3.041295334696769714e-03 9.066186100244522095e-02 -1.146993637084960938e-01 -4.662228375673294067e-02 9.721626639366149902e-01 -1.989225596189498901e-01
-8.519305288791656494e-02 -4.536472260951995850e-04 9.242276102304458618e-02 -1.141296848654747009e-01 -4.477701336145401001e-02 9.706857800483703613e-01 -2.067327797412872314e-01
