2.616429710388183594e+01 -2.226403045654296875e+01 -9.312875270843505859e-01 -9.828075766563415527e-02 1.950348913669586182e-01 7.394629120826721191e-01 6.367863416671752930e-01
2.616369438171386719e+01 -2.217282867431640625e+01 -9.336037039756774902e-01 -1.149936541914939880e-01 1.832645684480667114e-01 7.593936920166015625e-01 6.136050224304199219e-01
2.616242408752441406e+01 -2.208922767639160156e+01 -9.354033470153808594e-01 -1.316113620996475220e-01 1.714282035827636719e-01 7.773656249046325684e-01 5.907557010650634766e-01
2.616053581237792969e+01 -2.201329803466796875e+01 -9.369255304336547852e-01 -1.479721069335937500e-01 1.596974581480026245e-01 7.933552861213684082e-01 5.684944391250610352e-01
2.615815162658691406e+01 -2.194511985778808594e+01 -9.382339119911193848e-01 -1.638920009136199951e-01 1.482494622468948364e-01 8.073490858078002930e-01 5.471242666244506836e-01
2.615542602539062500e+01 -2.188475036621093750e+01 -9.393509030342102051e-01 -1.792280077934265137e-01 1.372705996036529541e-01 8.193371295928955078e-01 5.269867777824401855e-01
2.615249633789062500e+01 -2.183224296569824219e+01 -9.402977824211120605e-01 -1.938384026288986206e-01 1.269395053386688232e-01 8.293586373329162598e-01 5.083994865417480469e-01
2.614951324462890625e+01 -2.178763008117675781e+01 -9.410961866378784180e-01 -2.075803130865097046e-01 1.174280643463134766e-01 8.374697566032409668e-01 4.916873872280120850e-01
2.614663314819335938e+01 -2.175094413757324219e+01 -9.417565464973449707e-01 -2.203400433063507080e-01 1.089140474796295166e-01 8.437376618385314941e-01 4.771632850170135498e-01
2.614399719238281250e+01 -2.172216987609863281e+01 -9.422823786735534668e-01 -2.319304645061492920e-01 1.015198454260826111e-01 8.482528924942016602e-01 4.651421904563903809e-01
2.614175033569335938e+01 -2.170137977600097656e+01 -9.426665902137756348e-01 -2.425079494714736938e-01 9.554660320281982422e-02 8.510164618492126465e-01 4.558715522289276123e-01
2.614003944396972656e+01 -2.168850708007812500e+01 -9.428414702415466309e-01 -2.465599030256271362e-01 8.809162676334381104e-02 8.534647822380065918e-01 4.505910277366638184e-01
2.613882255554199219e+01 -2.168374443054199219e+01 -9.427909255027770996e-01 -2.495893537998199463e-01 8.213220536708831787e-02 8.544307351112365723e-01 4.482105970382690430e-01
2.613806152343750000e+01 -2.167858314514160156e+01 -9.430389404296875000e-01 -2.520202398300170898e-01 7.771636545658111572e-02 8.540415167808532715e-01 4.483783543109893799e-01
2.613771247863769531e+01 -2.167254829406738281e+01 -9.435933232307434082e-01 -2.538592517375946045e-01 7.467702031135559082e-02 8.524986505508422852e-01 4.507858455181121826e-01
2.613772773742675781e+01 -2.166571617126464844e+01 -9.444223046302795410e-01 -2.551856338977813721e-01 7.290958613157272339e-02 8.499554991722106934e-01 4.551065862178802490e-01
2.613805770874023438e+01 -2.165794754028320312e+01 -9.455180168151855469e-01 -2.560300827026367188e-01 7.229290902614593506e-02 8.465707302093505859e-01 4.610000848770141602e-01
2.613863945007324219e+01 -2.164922714233398438e+01 -9.468646049499511719e-01 -2.564159035682678223e-01 7.271780818700790405e-02 8.424915075302124023e-01 4.681349396705627441e-01
2.613941383361816406e+01 -2.163947868347167969e+01 -9.484491348266601562e-01 -2.563590109348297119e-01 7.407889515161514282e-02 8.378643393516540527e-01 4.761869013309478760e-01
2.614032554626464844e+01 -2.162863922119140625e+01 -9.502622485160827637e-01 -2.558647692203521729e-01 7.626886665821075439e-02 8.328471779823303223e-01 4.848284423351287842e-01
2.614131546020507812e+01 -2.161665725708007812e+01 -9.523025751113891602e-01 -2.549305558204650879e-01 7.918105274438858032e-02 8.276066780090332031e-01 4.937441349029541016e-01
2.614234542846679688e+01 -2.160346603393554688e+01 -9.545565843582153320e-01 -2.535625994205474854e-01 8.271192014217376709e-02 8.223159909248352051e-01 5.026280283927917480e-01
2.614336204528808594e+01 -2.158900833129882812e+01 -9.570194482803344727e-01 -2.517738342285156250e-01 8.675629645586013794e-02 8.171595335006713867e-01 5.111814737319946289e-01
2.614433479309082031e+01 -2.157318878173828125e+01 -9.596878886222839355e-01 -2.495851218700408936e-01 9.120989590883255005e-02 8.123276829719543457e-01 5.191180109977722168e-01
2.614525413513183594e+01 -2.155595207214355469e+01 -9.624819755554199219e-01 -2.470271140336990356e-01 9.596428275108337402e-02 8.080270290374755859e-01 5.261484384536743164e-01
2.614607810974121094e+01 -2.153721427917480469e+01 -9.654508233070373535e-01 -2.441532909870147705e-01 1.009171605110168457e-01 8.044531941413879395e-01 5.320059657096862793e-01
2.614677619934082031e+01 -2.151691246032714844e+01 -9.685799479484558105e-01 -2.410304248332977295e-01 1.059670895338058472e-01 8.018015027046203613e-01 5.364320278167724609e-01
2.614733314514160156e+01 -2.149494552612304688e+01 -9.718562960624694824e-01 -2.377377152442932129e-01 1.109995916485786438e-01 8.002786636352539062e-01 5.391507744789123535e-01
2.614771842956542969e+01 -2.147126197814941406e+01 -9.752514362335205078e-01 -2.344015836715698242e-01 1.159208491444587708e-01 8.000591397285461426e-01 5.399006009101867676e-01
2.614792060852050781e+01 -2.144576835632324219e+01 -9.787411689758300781e-01 -2.310697883367538452e-01 1.205667704343795776e-01 8.013284206390380859e-01 5.384352803230285645e-01
2.614789581298828125e+01 -2.141839981079101562e+01 -9.822972416877746582e-01 -2.281687110662460327e-01 1.249969527125358582e-01 8.041646480560302734e-01 5.344192981719970703e-01
2.614762878417968750e+01 -2.138913536071777344e+01 -9.858512878417968750e-01 -2.196515500545501709e-01 1.249693185091018677e-01 8.102147579193115234e-01 5.288272500038146973e-01
2.614706420898437500e+01 -2.135790061950683594e+01 -9.894215464591979980e-01 -2.104869037866592407e-01 1.239503845572471619e-01 8.180281519889831543e-01 5.207034945487976074e-01
2.614620208740234375e+01 -2.132481002807617188e+01 -9.929714202880859375e-01 -2.010353356599807739e-01 1.222295761108398438e-01 8.272284269332885742e-01 5.102050900459289551e-01
2.614504814147949219e+01 -2.128992652893066406e+01 -9.964789152145385742e-01 -1.912951469421386719e-01 1.198443472385406494e-01 8.375228047370910645e-01 4.975652694702148438e-01
2.614361000061035156e+01 -2.125344276428222656e+01 -9.998772144317626953e-01 -1.813745200634002686e-01 1.168975681066513062e-01 8.486052155494689941e-01 4.829906225204467773e-01
2.614189147949218750e+01 -2.121514129638671875e+01 -1.003158450126647949e+00 -1.713604778051376343e-01 1.134792864322662354e-01 8.601824641227722168e-01 4.667090773582458496e-01
2.613992309570312500e+01 -2.118303680419921875e+01 -1.005805969238281250e+00 -1.613528877496719360e-01 1.096883416175842285e-01 8.719745874404907227e-01 4.489626586437225342e-01
2.613771247863769531e+01 -2.115760040283203125e+01 -1.007784008979797363e+00 -1.514396518468856812e-01 1.056234911084175110e-01 8.837270140647888184e-01 4.300113022327423096e-01
2.613532638549804688e+01 -2.113885307312011719e+01 -1.009086847305297852e+00 -1.417000740766525269e-01 1.013980284333229065e-01 8.951805233955383301e-01 4.102002084255218506e-01
2.613283157348632812e+01 -2.112682342529296875e+01 -1.009707570075988770e+00 -1.322723925113677979e-01 9.711749851703643799e-02 9.061495661735534668e-01 3.897919058799743652e-01
2.613032150268554688e+01 -2.112178993225097656e+01 -1.009633302688598633e+00 -1.232903003692626953e-01 9.287720918655395508e-02 9.165122509002685547e-01 3.689869940280914307e-01
2.612790107727050781e+01 -2.111781883239746094e+01 -1.009255051612854004e+00 -1.148480251431465149e-01 8.879435807466506958e-02 9.261158108711242676e-01 3.481492400169372559e-01
2.612566184997558594e+01 -2.111467933654785156e+01 -1.008611202239990234e+00 -1.070737466216087341e-01 8.499283343553543091e-02 9.348455667495727539e-01 3.276406228542327881e-01
2.612371063232421875e+01 -2.111252212524414062e+01 -1.007724285125732422e+00 -1.000838577747344971e-01 8.158711344003677368e-02 9.426329731941223145e-01 3.078037202358245850e-01
2.612215805053710938e+01 -2.111133193969726562e+01 -1.006630539894104004e+00 -9.400666505098342896e-02 7.869344949722290039e-02 9.494416117668151855e-01 2.889709770679473877e-01
2.612113952636718750e+01 -2.111117362976074219e+01 -1.005359172821044922e+00 -8.898282796144485474e-02 7.643678039312362671e-02 9.552503824234008789e-01 2.714956998825073242e-01
2.612075614929199219e+01 -2.111198425292968750e+01 -1.003951549530029297e+00 -8.514424413442611694e-02 7.493773847818374634e-02 9.600592851638793945e-01 2.557235062122344971e-01
2.612114524841308594e+01 -2.111395645141601562e+01 -1.002434611320495605e+00 -8.261925727128982544e-02 7.431618869304656982e-02 9.638766646385192871e-01 2.420046776533126831e-01
2.612241172790527344e+01 -2.111282157897949219e+01 -1.001102805137634277e+00 -8.154051750898361206e-02 7.469370216131210327e-02 9.667112827301025391e-01 2.306819707155227661e-01
2.612466239929199219e+01 -2.110840988159179688e+01 -9.999489188194274902e-01 -8.204861730337142944e-02 7.619564980268478394e-02 9.685614705085754395e-01 2.220887541770935059e-01
