6.940938532352447510e-02 -4.212310910224914551e-02 4.189883917570114136e-02 -6.311872601509094238e-02 4.828246682882308960e-02 9.258146584033966064e-02 9.925288558006286621e-01
6.286741793155670166e-02 -3.934932127594947815e-02 3.905786201357841492e-02 -6.746673583984375000e-02 5.005694553256034851e-02 9.447724372148513794e-02 9.919760823249816895e-01
5.893682688474655151e-02 -3.360313549637794495e-02 3.470377624034881592e-02 -6.990092992782592773e-02 5.074831098318099976e-02 9.152864664793014526e-02 9.920488595962524414e-01
5.306312069296836853e-02 -3.035511262714862823e-02 3.091555461287498474e-02 -7.071606069803237915e-02 5.168790742754936218e-02 9.412261098623275757e-02 9.916998147964477539e-01
4.686333984136581421e-02 -2.753114700317382812e-02 2.714981697499752045e-02 -6.514450162649154663e-02 4.660699144005775452e-02 8.464648574590682983e-02 9.931862354278564453e-01
4.090611264109611511e-02 -2.388628758490085602e-02 2.367845922708511353e-02 -6.069941818714141846e-02 4.388398304581642151e-02 7.874353229999542236e-02 9.940770864486694336e-01
3.509867191314697266e-02 -1.998548209667205811e-02 2.011660672724246979e-02 -5.373726785182952881e-02 3.941900655627250671e-02 6.756688654422760010e-02 9.954863786697387695e-01
2.936927415430545807e-02 -1.591887138783931732e-02 1.648697070777416229e-02 -4.819057881832122803e-02 3.611834719777107239e-02 5.715074390172958374e-02 9.965475201606750488e-01
2.348693273961544037e-02 -1.198718603700399399e-02 1.293114479631185532e-02 -3.931250795722007751e-02 3.058267384767532349e-02 4.462531954050064087e-02 9.977613687515258789e-01
1.720676757395267487e-02 -8.763076737523078918e-03 9.344116784632205963e-03 -3.114087879657745361e-02 2.431464008986949921e-02 3.368483483791351318e-02 9.986512660980224609e-01
1.125588547438383102e-02 -4.604585468769073486e-03 5.754848942160606384e-03 -2.537806332111358643e-02 1.650058291852474213e-02 2.219794318079948425e-02 9.992952346801757812e-01
5.043527111411094666e-03 -1.477909157983958721e-03 2.118030795827507973e-03 -1.629271730780601501e-02 6.998514290899038315e-03 3.413624595850706100e-03 9.998369216918945312e-01
5.011482164263725281e-03 -2.245012670755386353e-03 3.035276895388960838e-03 -1.283665187656879425e-02 5.417321342974901199e-03 1.425374648533761501e-03 9.999018907546997070e-01
5.210274364799261093e-03 -2.840979257598519325e-03 3.754291450604796410e-03 -9.420965798199176788e-03 5.039229989051818848e-03 -1.431075157597661018e-03 9.999418854713439941e-01
5.601250566542148590e-03 -3.309653373435139656e-03 4.437797702848911285e-03 -6.555681116878986359e-03 5.462877452373504639e-03 -3.468465292826294899e-03 9.999575614929199219e-01
6.133055780082941055e-03 -3.712078090757131577e-03 5.153974983841180801e-03 -5.308154504746198654e-03 5.218703765422105789e-03 -4.578580614179372787e-03 9.999617934226989746e-01
6.699490826576948166e-03 -4.166596103459596634e-03 5.891725420951843262e-03 -4.444359336048364639e-03 5.414763465523719788e-03 -5.246625747531652451e-03 9.999616742134094238e-01
7.175371516495943069e-03 -4.869805648922920227e-03 6.665307097136974335e-03 -5.169769749045372009e-03 6.046975497156381607e-03 -3.400218905881047249e-03 9.999625682830810547e-01
7.692751009017229080e-03 -5.653138738125562668e-03 7.423847448080778122e-03 -5.160492844879627228e-03 6.146940402686595917e-03 -2.475143177434802055e-03 9.999647140502929688e-01
8.418766781687736511e-03 -6.379324011504650116e-03 8.108800277113914490e-03 -5.345414858311414719e-03 6.501855794340372086e-03 -1.577072544023394585e-03 9.999633431434631348e-01
9.189969860017299652e-03 -7.095394190400838852e-03 8.873677812516689301e-03 -5.304125603288412094e-03 6.823677569627761841e-03 -7.187998853623867035e-04 9.999623894691467285e-01
9.937420487403869629e-03 -7.949265651404857635e-03 9.668483398854732513e-03 -3.751591546460986137e-03 6.190788932144641876e-03 9.632906294427812099e-04 9.999733567237854004e-01
1.094609778374433517e-02 -8.581655099987983704e-03 1.052676327526569366e-02 -5.031225737184286118e-03 7.418683264404535294e-03 4.124795552343130112e-03 9.999513030052185059e-01
1.180235762149095535e-02 -9.688815101981163025e-03 1.126172859221696854e-02 -7.072588894516229630e-03 8.487422019243240356e-03 1.047089975327253342e-02 9.998841285705566406e-01
1.287752203643321991e-02 -1.067200489342212677e-02 1.202372647821903229e-02 -8.483690209686756134e-03 1.017136033624410629e-02 1.690513268113136292e-02 9.997693896293640137e-01
1.377196889370679855e-02 -1.225519273430109024e-02 1.255383342504501343e-02 -8.966899476945400238e-03 1.036921422928571701e-02 2.484822273254394531e-02 9.995972514152526855e-01
1.485233195126056671e-02 -1.373792905360460281e-02 1.309677306562662125e-02 -1.170003972947597504e-02 1.170284394174814224e-02 3.462504222989082336e-02 9.992633461952209473e-01
1.616763882339000702e-02 -1.499836985021829605e-02 1.372973714023828506e-02 -1.363988686352968216e-02 1.310218311846256256e-02 4.134523868560791016e-02 9.989659190177917480e-01
1.780505664646625519e-02 -1.603049598634243011e-02 1.437245402485132217e-02 -1.929228380322456360e-02 1.768414676189422607e-02 5.181451886892318726e-02 9.983137249946594238e-01
1.941373385488986969e-02 -1.701438426971435547e-02 1.523952838033437729e-02 -2.497346699237823486e-02 2.079322189092636108e-02 5.953055620193481445e-02 9.976974129676818848e-01
2.107535861432552338e-02 -1.780081167817115784e-02 1.622105389833450317e-02 -3.154047206044197083e-02 1.722422614693641663e-02 6.704416126012802124e-02 9.971026182174682617e-01
2.293863147497177124e-02 -1.847185939550399780e-02 1.710922457277774811e-02 -3.531393781304359436e-02 1.969070732593536377e-02 7.388326525688171387e-02 9.964469075202941895e-01
2.453420870006084442e-02 -1.928247697651386261e-02 1.800582744181156158e-02 -3.529187291860580444e-02 1.877495646476745605e-02 7.432306557893753052e-02 9.964326620101928711e-01
2.586315758526325226e-02 -2.019572071731090546e-02 1.896107569336891174e-02 -3.309903293848037720e-02 1.678476110100746155e-02 6.953692436218261719e-02 9.968888163566589355e-01
2.695835381746292114e-02 -2.162716351449489594e-02 1.946064643561840057e-02 -3.148480132222175598e-02 1.382820401340723038e-02 6.689586490392684937e-02 9.971672296524047852e-01
2.834022603929042816e-02 -2.232454344630241394e-02 2.016158215701580048e-02 -3.647582232952117920e-02 1.789813674986362457e-02 7.538418471813201904e-02 9.963264465332031250e-01
2.599326521158218384e-02 -1.632193662226200104e-02 1.672445237636566162e-02 -2.716894634068012238e-02 1.218587812036275864e-02 5.760697275400161743e-02 9.978951811790466309e-01
2.606712095439434052e-02 5.630268715322017670e-04 1.150581520050764084e-02 -5.422286223620176315e-03 -1.420582877472043037e-03 1.832024939358234406e-02 9.998164772987365723e-01
1.969839446246623993e-02 7.446766830980777740e-03 6.312853191047906876e-03 -1.049660611897706985e-03 -4.328235518187284470e-03 6.199907977133989334e-03 9.999708533287048340e-01
1.370268594473600388e-02 5.737966392189264297e-03 4.337701480835676193e-03 -1.875862595625221729e-03 -3.994155675172805786e-03 7.574856746941804886e-03 9.999615550041198730e-01
8.057826198637485504e-03 3.417900530621409416e-03 2.702583791688084602e-03 -1.576986513100564480e-03 -3.699154127389192581e-03 8.780315518379211426e-03 9.999533891677856445e-01
7.512951269745826721e-03 3.184481291100382805e-03 2.470026258379220963e-03 -1.769886817783117294e-03 -3.369196085259318352e-03 8.890471421182155609e-03 9.999532103538513184e-01
6.890202406793832779e-03 2.907923655584454536e-03 2.301033353433012962e-03 -1.409641350619494915e-03 -3.177559468895196915e-03 8.645659312605857849e-03 9.999566078186035156e-01
6.237082649022340775e-03 2.649974310770630836e-03 2.035815268754959106e-03 -1.474164542742073536e-03 -2.766531659290194511e-03 8.135391399264335632e-03 9.999619722366333008e-01
5.553817842155694962e-03 2.291481709107756615e-03 1.808486296795308590e-03 -1.536780153401196003e-03 -2.320478437468409538e-03 8.025717921555042267e-03 9.999639391899108887e-01
4.793012049049139023e-03 2.012059791013598442e-03 1.533409813418984413e-03 -1.244411105290055275e-03 -2.139554591849446297e-03 7.136457134038209915e-03 9.999714493751525879e-01
4.017074592411518097e-03 1.669386867433786392e-03 1.296898117288947105e-03 -9.210068965330719948e-04 -1.539479242637753487e-03 6.059260573238134384e-03 9.999800324440002441e-01
3.222015220671892166e-03 1.326429308392107487e-03 1.014242763631045818e-03 -7.612997433170676231e-04 -1.019502640701830387e-03 4.913931246846914291e-03 9.999871253967285156e-01
5.291655659675598145e-03 1.940177171491086483e-03 1.506919739767909050e-03 1.280020223930478096e-04 -8.559882408007979393e-04 2.229467267170548439e-03 9.999971389770507812e-01
8.064257912337779999e-03 2.875946462154388428e-03 2.091720700263977051e-03 1.234129304066300392e-03 -9.267384302802383900e-04 -2.058419864624738693e-03 9.999966621398925781e-01
1.359679847955703735e-01 -7.716285437345504761e-02 7.904791831970214844e-02 -1.087273433804512024e-01 8.501231670379638672e-02 1.525084227323532104e-01 9.786176085472106934e-01
1.225897893309593201e-01 -7.296364754438400269e-02 7.249892503023147583e-02 -1.012608706951141357e-01 7.519352436065673828e-02 1.316932737827301025e-01 9.832339882850646973e-01
1.139697209000587463e-01 -6.240258365869522095e-02 6.369522958993911743e-02 -1.140719205141067505e-01 7.934043556451797485e-02 1.390589773654937744e-01 9.804872870445251465e-01
1.025211066007614136e-01 -5.472566559910774231e-02 5.659025162458419800e-02 -1.200571358203887939e-01 8.469982445240020752e-02 1.481512039899826050e-01 9.779894948005676270e-01
9.029739350080490112e-02 -4.791355505585670471e-02 4.981133341789245605e-02 -1.151116490364074707e-01 8.325139433145523071e-02 1.439821571111679077e-01 9.793301820755004883e-01
7.830893248319625854e-02 -4.081914201378822327e-02 4.267319291830062866e-02 -1.017091721296310425e-01 7.349257916212081909e-02 1.232933625578880310e-01 9.844048023223876953e-01
6.614251434803009033e-02 -3.348239138722419739e-02 3.591104596853256226e-02 -9.047409147024154663e-02 6.631945073604583740e-02 1.053975299000740051e-01 9.880827665328979492e-01
5.402069166302680969e-02 -2.625753358006477356e-02 2.882102318108081818e-02 -7.461091876029968262e-02 5.654887482523918152e-02 8.397795259952545166e-02 9.920600652694702148e-01
4.128910973668098450e-02 -1.980216428637504578e-02 2.203764207661151886e-02 -6.058543920516967773e-02 4.650178179144859314e-02 6.495139002799987793e-02 9.949614405632019043e-01
2.878254279494285583e-02 -1.280810404568910599e-02 1.501770503818988800e-02 -5.230168998241424561e-02 3.748862817883491516e-02 5.034950003027915955e-02 9.966564178466796875e-01
1.644084230065345764e-02 -5.763832014054059982e-03 7.785789202898740768e-03 -3.939529880881309509e-02 2.403435297310352325e-02 2.696949243545532227e-02 9.985705018043518066e-01
1.019041705876588821e-02 -3.513561328873038292e-03 5.094673484563827515e-03 -2.661028318107128143e-02 1.266280096024274826e-02 5.964670330286026001e-03 9.995478987693786621e-01
1.034298073500394821e-02 -4.871204029768705368e-03 6.767097394913434982e-03 -1.881198212504386902e-02 9.685695171356201172e-03 -1.452018856070935726e-03 9.997750520706176758e-01
1.086362265050411224e-02 -6.017750594764947891e-03 8.216402493417263031e-03 -1.354588288813829422e-02 9.447944350540637970e-03 -7.647566031664609909e-03 9.998343586921691895e-01
1.155937276780605316e-02 -7.239127997308969498e-03 9.638204239308834076e-03 -1.038976851850748062e-02 9.830630384385585785e-03 -9.731138125061988831e-03 9.998503327369689941e-01
1.281003095209598541e-02 -7.948522455990314484e-03 1.101988926529884338e-02 -8.631963282823562622e-03 1.013019401580095291e-02 -1.130024157464504242e-02 9.998475909233093262e-01
1.374408602714538574e-02 -9.369094856083393097e-03 1.245975308120250702e-02 -9.127054363489151001e-03 1.148488186299800873e-02 -1.030203886330127716e-02 9.998393058776855469e-01
1.467465329915285110e-02 -1.089400704950094223e-02 1.401259098201990128e-02 -8.702438324689865112e-03 1.226350385695695877e-02 -8.669847622513771057e-03 9.998493194580078125e-01
1.617432944476604462e-02 -1.205455604940652847e-02 1.544964965432882309e-02 -8.776771835982799530e-03 1.336319278925657272e-02 -7.590032182633876801e-03 9.998433589935302734e-01
1.784521527588367462e-02 -1.322059892117977142e-02 1.693438366055488586e-02 -9.780341759324073792e-03 1.542186923325061798e-02 -4.913086537271738052e-03 9.998211860656738281e-01
1.925270445644855499e-02 -1.493078283965587616e-02 1.850436441600322723e-02 -8.841773495078086853e-03 1.511894259601831436e-02 -1.885051140561699867e-03 9.998448491096496582e-01
2.110645547509193420e-02 -1.639737561345100403e-02 2.007103711366653442e-02 -1.037188619375228882e-02 1.735676266252994537e-02 5.814225878566503525e-03 9.997786283493041992e-01
2.301285788416862488e-02 -1.810205914080142975e-02 2.165365964174270630e-02 -1.203080266714096069e-02 1.910799182951450348e-02 1.413999497890472412e-02 9.996450543403625488e-01
2.500415779650211334e-02 -1.998428069055080414e-02 2.326572127640247345e-02 -1.558283623307943344e-02 2.247012220323085785e-02 2.707323245704174042e-02 9.992593526840209961e-01
2.704717405140399933e-02 -2.249906957149505615e-02 2.455125562846660614e-02 -1.662621833384037018e-02 2.406967990100383759e-02 4.028429463505744934e-02 9.987599253654479980e-01
2.934544160962104797e-02 -2.523513883352279663e-02 2.559964172542095184e-02 -2.031787484884262085e-02 2.744478546082973480e-02 5.966529622673988342e-02 9.976342320442199707e-01
3.201640397310256958e-02 -2.772414870560169220e-02 2.672303840517997742e-02 -2.414754778146743774e-02 3.012660890817642212e-02 7.443711906671524048e-02 9.964780211448669434e-01
3.519117459654808044e-02 -2.968037128448486328e-02 2.806350961327552795e-02 -3.158899769186973572e-02 3.448600322008132935e-02 9.038233757019042969e-02 9.948084950447082520e-01
3.865120932459831238e-02 -3.135387971997261047e-02 2.961662784218788147e-02 -4.301628470420837402e-02 4.160597175359725952e-02 1.059023365378379822e-01 9.925740361213684082e-01
4.192988947033882141e-02 -3.293147310614585876e-02 3.160331398248672485e-02 -5.472958087921142578e-02 4.060254618525505066e-02 1.207918301224708557e-01 9.903360009193420410e-01
4.489115625619888306e-02 -3.508089482784271240e-02 3.344130888581275940e-02 -6.063993647694587708e-02 3.563719242811203003e-02 1.277653574943542480e-01 9.893072247505187988e-01
4.857100546360015869e-02 -3.633727878332138062e-02 3.510853648185729980e-02 -6.337187439203262329e-02 3.692105039954185486e-02 1.341551691293716431e-01 9.882425069808959961e-01
5.171557143330574036e-02 -3.764381632208824158e-02 3.705824539065361023e-02 -6.306738406419754028e-02 3.575985506176948547e-02 1.323068290948867798e-01 9.885538220405578613e-01
5.421218276023864746e-02 -3.960550576448440552e-02 3.883558511734008789e-02 -5.691155418753623962e-02 2.946167625486850739e-02 1.211959719657897949e-01 9.905577301979064941e-01
5.623811110854148865e-02 -4.230379313230514526e-02 4.009073972702026367e-02 -6.058565527200698853e-02 3.144410625100135803e-02 1.296439021825790405e-01 9.892083406448364258e-01
5.449454858899116516e-02 -3.814683482050895691e-02 3.732849285006523132e-02 -5.417688190937042236e-02 2.594749256968498230e-02 1.144274696707725525e-01 9.916138052940368652e-01
5.335551500320434570e-02 -1.814980991184711456e-02 2.913746796548366547e-02 -3.084532171487808228e-02 1.322677545249462128e-02 7.092431932687759399e-02 9.969169497489929199e-01
4.632418602705001831e-02 1.231437921524047852e-02 1.579576916992664337e-02 -3.879986237734556198e-03 -5.466487724334001541e-03 1.718961633741855621e-02 9.998297691345214844e-01
3.338710591197013855e-02 1.325379405170679092e-02 1.049845665693283081e-02 -2.836264669895172119e-03 -6.599301937967538834e-03 1.359254773706197739e-02 9.998818039894104004e-01
2.157137915492057800e-02 9.122001938521862030e-03 7.215414196252822876e-03 -2.178452676162123680e-03 -7.275034673511981964e-03 1.680309139192104340e-02 9.998299479484558105e-01
1.548139564692974091e-02 6.685772445052862167e-03 5.307904910296201706e-03 -2.160388976335525513e-03 -6.916496902704238892e-03 1.850758492946624756e-02 9.998024702072143555e-01
1.433647330850362778e-02 6.156969349831342697e-03 4.862058442085981369e-03 -2.555169863626360893e-03 -6.449221633374691010e-03 1.870366372168064117e-02 9.998009800910949707e-01
1.303234882652759552e-02 5.675313528627157211e-03 4.443462938070297241e-03 -2.162751974537968636e-03 -5.869708023965358734e-03 1.747370511293411255e-02 9.998277425765991211e-01
1.172408834099769592e-02 5.015018396079540253e-03 3.923610318452119827e-03 -2.909208415076136589e-03 -5.022595170885324478e-03 1.742976903915405273e-02 9.998312592506408691e-01
1.028518564999103546e-02 4.379393532872200012e-03 3.400328103452920914e-03 -2.545126248151063919e-03 -4.526628181338310242e-03 1.620456017553806305e-02 9.998552203178405762e-01
8.754729293286800385e-03 3.734451718628406525e-03 2.889954019337892532e-03 -2.093531424179673195e-03 -3.532148897647857666e-03 1.377386879175901413e-02 9.998967051506042480e-01
7.200449239462614059e-03 3.016883041709661484e-03 2.343875123187899590e-03 -1.744558685459196568e-03 -2.494389424100518227e-03 1.203919667750597000e-02 9.999228715896606445e-01
8.118815720081329346e-03 3.249911824241280556e-03 2.521031303331255913e-03 -1.100721303373575211e-03 -1.550761517137289047e-03 8.979616686701774597e-03 9.999578595161437988e-01
1.338015310466289520e-02 4.365125671029090881e-03 3.692156635224819183e-03 5.982071161270141602e-04 -1.270241191377863288e-04 3.336479887366294861e-03 9.999942183494567871e-01
