8.596678823232650757e-02 -2.951836213469505310e-03 3.079823963344097137e-02 -2.404163219034671783e-02 4.681960679590702057e-03 1.894129998981952667e-02 9.995205402374267578e-01
7.573709636926651001e-02 -8.585010655224323273e-03 3.487675637006759644e-02 -2.570278383791446686e-02 6.406254135072231293e-03 2.010343596339225769e-02 9.994469285011291504e-01
6.777029484510421753e-02 -1.350985653698444366e-02 3.212076425552368164e-02 -2.481997758150100708e-02 6.889206357300281525e-03 1.820236630737781525e-02 9.995024800300598145e-01
5.875108018517494202e-02 -1.832499541342258453e-02 3.008992224931716919e-02 -2.439739368855953217e-02 7.755764294415712357e-03 1.868940889835357666e-02 9.994975328445434570e-01
5.119621381163597107e-02 -1.783243566751480103e-02 2.742628753185272217e-02 -2.253309264779090881e-02 7.025043945759534836e-03 1.599355973303318024e-02 9.995934963226318359e-01
4.357069730758666992e-02 -1.769749447703361511e-02 2.435009740293025970e-02 -2.042829431593418121e-02 6.575849838554859161e-03 1.373731158673763275e-02 9.996753334999084473e-01
3.687839210033416748e-02 -1.523388735949993134e-02 2.106957882642745972e-02 -1.836626976728439331e-02 6.488268263638019562e-03 1.091025397181510925e-02 9.997507333755493164e-01
3.020424768328666687e-02 -1.233775354921817780e-02 1.797965914011001587e-02 -1.662473008036613464e-02 6.536202039569616318e-03 8.534243330359458923e-03 9.998040199279785156e-01
2.457775175571441650e-02 -9.072517044842243195e-03 1.327277813106775284e-02 -1.402386557310819626e-02 6.199126131832599640e-03 5.438537336885929108e-03 9.998676776885986328e-01
1.775664091110229492e-02 -6.923312786966562271e-03 9.846135042607784271e-03 -1.166820339858531952e-02 6.095147226005792618e-03 4.005329217761754990e-03 9.999053478240966797e-01
1.125659234821796417e-02 -4.014735110104084015e-03 6.179520394653081894e-03 -8.755776099860668182e-03 -8.022375404834747314e-04 6.222816882655024529e-04 9.999611377716064453e-01
5.027661100029945374e-03 -5.976401153020560741e-04 2.544187242165207863e-03 -6.123275496065616608e-03 -3.107529191765934229e-04 -1.275894348509609699e-03 9.999803900718688965e-01
5.232191644608974457e-03 1.937548076966777444e-04 3.457537386566400528e-03 -3.484959248453378677e-03 2.046516456175595522e-04 -4.117095377296209335e-03 9.999854564666748047e-01
6.083569489419460297e-03 -8.940179832279682159e-04 3.391717094928026199e-03 -1.588781829923391342e-03 3.164994705002754927e-04 -5.504068452864885330e-03 9.999835491180419922e-01
6.859838496893644333e-03 -1.520777470432221889e-03 3.556925570592284203e-03 5.080983974039554596e-04 6.295338389463722706e-04 -7.558478973805904388e-03 9.999710917472839355e-01
7.887694984674453735e-03 -1.680872286669909954e-03 3.593923989683389664e-03 1.679571694694459438e-03 6.111840484663844109e-04 -9.011913090944290161e-03 9.999577999114990234e-01
8.603114634752273560e-03 -3.796759760007262230e-03 2.920130733400583267e-03 3.356582252308726311e-03 7.165497518144547939e-04 -9.526316076517105103e-03 9.999487400054931641e-01
9.527634829282760620e-03 -3.975979518145322800e-03 3.611514111980795860e-03 4.135271068662405014e-03 1.123055000789463520e-03 -1.037923432886600494e-02 9.999369382858276367e-01
9.671438485383987427e-03 -6.013770122081041336e-03 4.067890346050262451e-03 5.049734842032194138e-03 1.089003868401050568e-03 -1.049090269953012466e-02 9.999316334724426270e-01
1.071204338222742081e-02 -7.188607938587665558e-03 3.301521064713597298e-03 5.541561637073755264e-03 6.052731187082827091e-04 -1.058572158217430115e-02 9.999284148216247559e-01
1.216785795986652374e-02 -6.895332131534814835e-03 4.235554486513137817e-03 6.217050366103649139e-03 9.610384004190564156e-04 -1.013835892081260681e-02 9.999288320541381836e-01
1.342252455651760101e-02 -7.778845727443695068e-03 3.840329591184854507e-03 7.560849655419588089e-03 4.928981070406734943e-04 -9.553288109600543976e-03 9.999256730079650879e-01
1.498828362673521042e-02 -6.652109324932098389e-03 5.947719793766736984e-03 7.747206836938858032e-03 8.194480324164032936e-04 -8.761289529502391815e-03 9.999312758445739746e-01
1.603065617382526398e-02 -8.996392600238323212e-03 4.698755219578742981e-03 8.262461982667446136e-03 4.170366155449301004e-04 -7.598854135721921921e-03 9.999368786811828613e-01
1.718796603381633759e-02 -9.635535068809986115e-03 6.001876667141914368e-03 8.006844669580459595e-03 5.254054558463394642e-04 -6.105216220021247864e-03 9.999491572380065918e-01
1.969683356583118439e-02 -6.546087097376585007e-03 8.163281716406345367e-03 7.684866432100534439e-03 9.239391074515879154e-04 -4.665755666792392731e-03 9.999591708183288574e-01
2.092438191175460815e-02 -9.240139275789260864e-03 7.591966073960065842e-03 7.135761436074972153e-03 9.650985157350078225e-05 -2.309685805812478065e-03 9.999718666076660156e-01
2.247302792966365814e-02 -8.714441210031509399e-03 9.688699617981910706e-03 6.223962642252445221e-03 7.009163964539766312e-04 -3.699622466228902340e-04 9.999803304672241211e-01
2.423765882849693298e-02 -9.468949399888515472e-03 1.017050910741090775e-02 5.370048340409994125e-03 7.463800720870494843e-04 2.705656690523028374e-03 9.999816417694091797e-01
2.513303421437740326e-02 -9.793627075850963593e-03 1.307825930416584015e-02 3.040643641725182533e-03 1.387772848829627037e-03 5.744970869272947311e-03 9.999778866767883301e-01
2.667137235403060913e-02 -1.376933697611093521e-02 1.109979487955570221e-02 2.376495860517024994e-03 -6.304177921265363693e-03 8.279745467007160187e-03 9.999430179595947266e-01
2.761030197143554688e-02 -1.549494173377752304e-02 1.255762763321399689e-02 7.541046943515539169e-04 -6.902239751070737839e-03 1.074172835797071457e-02 9.999182224273681641e-01
2.953223511576652527e-02 -1.654016412794589996e-02 1.233779639005661011e-02 -8.066114969551563263e-04 -7.357201538980007172e-03 1.274263206869363785e-02 9.998914003372192383e-01
3.200015053153038025e-02 -1.587461866438388824e-02 1.266014110296964645e-02 -1.634967629797756672e-03 -7.855174131691455841e-03 1.548145618289709091e-02 9.998479485511779785e-01
3.331518173217773438e-02 -1.770411245524883270e-02 1.224202476441860199e-02 -2.525174990296363831e-03 -8.237412199378013611e-03 1.750424318015575409e-02 9.998096823692321777e-01
3.407616540789604187e-02 -2.001595869660377502e-02 1.209213025867938995e-02 -2.761137904599308968e-03 -8.536403998732566833e-03 1.881612464785575867e-02 9.997826814651489258e-01
2.893844619393348694e-02 -1.704947836697101593e-02 9.677012450993061066e-03 -3.389786230400204659e-03 -9.122652933001518250e-03 1.997296512126922607e-02 9.997531771659851074e-01
2.345723658800125122e-02 -1.382578443735837936e-02 8.414354175329208374e-03 -4.811091814190149307e-03 -8.711163885891437531e-03 2.077078633010387421e-02 9.997347593307495117e-01
2.019329555332660675e-02 -8.364523760974407196e-03 2.366167958825826645e-03 -3.527970053255558014e-03 -9.793801233172416687e-03 1.984873972833156586e-02 9.997488260269165039e-01
1.486946363002061844e-02 9.210976422764360905e-04 4.189764615148305893e-03 -3.186607267707586288e-03 -8.128049783408641815e-03 1.722574979066848755e-02 9.998134970664978027e-01
8.315700106322765350e-03 1.269971369765698910e-03 3.626412479206919670e-03 -4.086121916770935059e-03 -7.452516816556453705e-03 1.941791549324989319e-02 9.997753500938415527e-01
7.699889130890369415e-03 -1.807970809750258923e-03 3.182661952450871468e-03 -3.560864366590976715e-03 -7.442919071763753891e-03 2.118503488600254059e-02 9.997415542602539062e-01
7.208053488284349442e-03 -1.257962867384776473e-04 3.042005235329270363e-03 -3.323062090203166008e-03 -5.743192974478006363e-03 2.046699449419975281e-02 9.997684955596923828e-01
6.552924867719411850e-03 7.301949663087725639e-04 2.567898947745561600e-03 -3.052554558962583542e-03 -5.576671101152896881e-03 1.902786269783973694e-02 9.997987151145935059e-01
5.929179023951292038e-03 -6.868627388030290604e-04 1.933766761794686317e-03 -3.242784645408391953e-03 -4.818690009415149689e-03 1.885164156556129456e-02 9.998054504394531250e-01
5.093500483781099319e-03 8.662897744216024876e-04 1.636608736589550972e-03 -2.447994658723473549e-03 -4.030674695968627930e-03 1.648377068340778351e-02 9.998530149459838867e-01
4.383323248475790024e-03 -1.328867983829695731e-05 1.179824466817080975e-03 -2.045632572844624519e-03 -2.700170967727899551e-03 1.577092893421649933e-02 9.998698830604553223e-01
3.304178128018975258e-03 8.565687458030879498e-04 1.232146169058978558e-03 -1.609019353054463863e-03 -1.261234981939196587e-03 1.319845300167798996e-02 9.999108314514160156e-01
5.504875909537076950e-03 -1.632324187085032463e-03 1.033719512633979321e-03 -9.093745029531419277e-04 -1.321396994171664119e-04 1.035316940397024155e-02 9.999459981918334961e-01
6.640160921961069107e-03 -5.571762099862098694e-03 1.594478031620383263e-03 1.311265659751370549e-04 1.949562574736773968e-03 7.803234737366437912e-03 9.999676346778869629e-01
1.622598171234130859e-01 -8.366107940673828125e-03 6.551133841276168823e-02 -4.565996676683425903e-02 1.051659975200891495e-02 3.349009528756141663e-02 9.983401298522949219e-01
1.439740359783172607e-01 -2.115012519061565399e-02 6.657471507787704468e-02 -4.417431727051734924e-02 1.369707006961107254e-02 3.081739693880081177e-02 9.984544515609741211e-01
1.267047524452209473e-01 -3.182246536016464233e-02 6.223741918802261353e-02 -4.574655741453170776e-02 1.335736736655235291e-02 3.465368226170539856e-02 9.982624650001525879e-01
1.105165705084800720e-01 -3.402029722929000854e-02 5.776365846395492554e-02 -4.641946032643318176e-02 1.364922430366277695e-02 3.366663679480552673e-02 9.982612133026123047e-01
9.568290412425994873e-02 -3.288593143224716187e-02 5.190178379416465759e-02 -4.262667521834373474e-02 1.403697300702333450e-02 3.079525567591190338e-02 9.985176920890808105e-01
8.115845918655395508e-02 -3.114707395434379578e-02 4.541648179292678833e-02 -3.872687742114067078e-02 1.341239642351865768e-02 2.553731948137283325e-02 9.988334178924560547e-01
6.777726113796234131e-02 -2.630775049328804016e-02 3.872533887624740601e-02 -3.392033651471138000e-02 1.419752184301614761e-02 2.058666013181209564e-02 9.991115927696228027e-01
5.540156364440917969e-02 -1.984287425875663757e-02 3.122933208942413330e-02 -2.813446894288063049e-02 1.304013840854167938e-02 1.291236560791730881e-02 9.994356632232666016e-01
4.254763945937156677e-02 -1.533327158540487289e-02 2.317676879465579987e-02 -2.408271655440330505e-02 1.133155263960361481e-02 8.337900042533874512e-03 9.996109604835510254e-01
2.913629822432994843e-02 -1.069106440991163254e-02 1.596217416226863861e-02 -2.001840807497501373e-02 5.244018975645303726e-03 4.647502209991216660e-03 9.997750520706176758e-01
1.630081608891487122e-02 -4.576370120048522949e-03 8.802373893558979034e-03 -1.520201005041599274e-02 -9.441028232686221600e-04 -5.583580350503325462e-04 9.998838305473327637e-01
1.027012988924980164e-02 -4.022681387141346931e-04 6.042189896106719971e-03 -9.243294596672058105e-03 -2.862068649847060442e-04 -5.572719965130090714e-03 9.999417066574096680e-01
1.132697798311710358e-02 -6.779512041248381138e-04 6.909373216331005096e-03 -5.197621416300535202e-03 3.582920471671968699e-04 -9.645121172070503235e-03 9.999399185180664062e-01
1.291408576071262360e-02 -2.474923152476549149e-03 6.988704204559326172e-03 -1.507367240265011787e-03 7.382279145531356335e-04 -1.306680403649806976e-02 9.999132156372070312e-01
1.474920753389596939e-02 -3.304529702290892601e-03 7.103519514203071594e-03 1.747098169289529324e-03 9.378544054925441742e-04 -1.608657464385032654e-02 9.998686313629150391e-01
1.657000184059143066e-02 -5.644055083394050598e-03 6.503349635750055313e-03 5.175712052732706070e-03 1.332280226051807404e-03 -1.837656274437904358e-02 9.998168349266052246e-01
1.807522960007190704e-02 -7.838754914700984955e-03 6.615531630814075470e-03 7.331205066293478012e-03 1.901415409520268440e-03 -1.958879642188549042e-02 9.997794628143310547e-01
1.915984041988849640e-02 -1.019425503909587860e-02 7.704236544668674469e-03 9.853747673332691193e-03 2.392992144450545311e-03 -2.056051045656204224e-02 9.997372031211853027e-01
2.030684240162372589e-02 -1.338603813201189041e-02 7.352489512413740158e-03 1.112557668238878250e-02 1.905057230032980442e-03 -2.096244506537914276e-02 9.997165203094482422e-01
2.279626578092575073e-02 -1.436192449182271957e-02 7.353564258664846420e-03 1.262469496577978134e-02 1.830232678912580013e-03 -2.111171744763851166e-02 9.996957182884216309e-01
2.537069469690322876e-02 -1.499869767576456070e-02 8.208129554986953735e-03 1.391468010842800140e-02 1.439151819795370102e-03 -1.998239569365978241e-02 9.997024536132812500e-01
2.827230282127857208e-02 -1.480893325060606003e-02 9.928513318300247192e-03 1.483686175197362900e-02 1.509429421275854111e-03 -1.831937208771705627e-02 9.997209310531616211e-01
3.091209381818771362e-02 -1.605784520506858826e-02 1.061814837157726288e-02 1.550899259746074677e-02 1.296778791584074497e-03 -1.595990546047687531e-02 9.997515082359313965e-01
3.300129249691963196e-02 -1.912690512835979462e-02 1.053325179964303970e-02 1.573184877634048462e-02 9.375337394885718822e-04 -1.278773229569196701e-02 9.997940063476562500e-01
3.695909678936004639e-02 -1.665202155709266663e-02 1.404482033103704453e-02 1.467067934572696686e-02 1.084983465261757374e-03 -9.937752038240432739e-03 9.998424053192138672e-01
4.069017246365547180e-02 -1.604013517498970032e-02 1.550266891717910767e-02 1.430990826338529587e-02 8.698559249751269817e-04 -6.204212084412574768e-03 9.998779892921447754e-01
4.346609115600585938e-02 -1.812707260251045227e-02 1.702666468918323517e-02 1.340979896485805511e-02 5.105115124024450779e-04 -2.215596847236156464e-03 9.999074935913085938e-01
4.667652398347854614e-02 -1.832186430692672729e-02 1.981199160218238831e-02 1.135945040732622147e-02 1.896632835268974304e-03 2.774041378870606422e-03 9.999298453330993652e-01
4.936214908957481384e-02 -1.935673505067825317e-02 2.329853177070617676e-02 8.782665245234966278e-03 1.982965040951967239e-03 8.417597040534019470e-03 9.999240636825561523e-01
5.188874155282974243e-02 -2.349006198346614838e-02 2.443650551140308380e-02 5.771229509264230728e-03 -5.139743443578481674e-03 1.350601390004158020e-02 9.998789429664611816e-01
5.454879626631736755e-02 -2.885695360600948334e-02 2.357776090502738953e-02 2.720408840104937553e-03 -1.261393725872039795e-02 1.746891066431999207e-02 9.997641444206237793e-01
5.733111128211021423e-02 -3.158984333276748657e-02 2.504746802151203156e-02 1.068869387381710112e-04 -1.344093494117259979e-02 2.216941490769386292e-02 9.996638894081115723e-01
6.157892942428588867e-02 -3.196253255009651184e-02 2.552064135670661926e-02 -2.291452605277299881e-03 -1.495992764830589294e-02 2.648374997079372406e-02 9.995346665382385254e-01
6.537756323814392090e-02 -3.308223187923431396e-02 2.543813921511173248e-02 -3.214171389117836952e-03 -1.578191481530666351e-02 3.008950874209403992e-02 9.994174242019653320e-01
6.787501275539398193e-02 -3.636841848492622375e-02 2.509828284382820129e-02 -4.273708909749984741e-03 -1.655676029622554779e-02 3.252033516764640808e-02 9.993247985839843750e-01
6.346674263477325439e-02 -3.578856587409973145e-02 2.256995253264904022e-02 -5.400407128036022186e-03 -1.694205589592456818e-02 3.433928266167640686e-02 9.992520213127136230e-01
5.258503928780555725e-02 -3.029767796397209167e-02 1.849549263715744019e-02 -8.033183403313159943e-03 -1.756172254681587219e-02 3.702032938599586487e-02 9.991278648376464844e-01
4.412882775068283081e-02 -2.191645838320255280e-02 1.092685945332050323e-02 -7.235638331621885300e-03 -1.832744292914867401e-02 3.851771727204322815e-02 9.990636110305786133e-01
3.610782697796821594e-02 -7.183396723121404648e-03 6.723308935761451721e-03 -5.896798800677061081e-03 -1.867578923702239990e-02 3.431815654039382935e-02 9.992190599441528320e-01
2.305965311825275421e-02 1.930459053255617619e-03 8.069899864494800568e-03 -6.620368454605340958e-03 -1.504069939255714417e-02 3.517489880323410034e-02 9.992460608482360840e-01
1.609840616583824158e-02 -7.665681769140064716e-04 7.266403641551733017e-03 -7.349282037466764450e-03 -1.345596462488174438e-02 3.990382328629493713e-02 9.990859031677246094e-01
1.497432682663202286e-02 -9.763025445863604546e-04 6.472923792898654938e-03 -6.541839800775051117e-03 -1.330087240785360336e-02 3.902767971158027649e-02 9.991281628608703613e-01
1.371345762163400650e-02 1.185230561532080173e-03 5.686118733137845993e-03 -6.509545259177684784e-03 -1.087064202874898911e-02 3.715461865067481995e-02 9.992291927337646484e-01
1.250771153718233109e-02 1.874362496891990304e-04 4.639116581529378891e-03 -6.772689986974000931e-03 -1.051898300647735596e-02 3.508159890770912170e-02 9.993061423301696777e-01
1.109899207949638367e-02 2.641985483933240175e-04 3.642656374722719193e-03 -5.498645361512899399e-03 -8.785270154476165771e-03 3.363915905356407166e-02 9.993802905082702637e-01
9.469923563301563263e-03 1.024408848024904728e-03 2.866073045879602432e-03 -4.522367380559444427e-03 -6.957726553082466125e-03 3.064941614866256714e-02 9.994957447052001953e-01
7.710538804531097412e-03 8.917060913518071175e-04 2.488830126821994781e-03 -3.352220868691802025e-03 -3.846569452434778214e-03 2.776159346103668213e-02 9.996015429496765137e-01
8.760490454733371735e-03 -7.575409836135804653e-04 2.347895177081227303e-03 -2.003607107326388359e-03 -1.128698233515024185e-03 2.255139313638210297e-02 9.997430443763732910e-01
1.233598869293928146e-02 -7.259782869368791580e-03 2.614151686429977417e-03 -6.019207066856324673e-04 2.116993069648742676e-03 1.796558499336242676e-02 9.998362064361572266e-01
