-4.452462308108806610e-03 9.506114125251770020e-01 -2.659993059933185577e-02
-1.205857284367084503e-02 8.749207854270935059e-01 -1.953057572245597839e-02
-1.835654489696025848e-02 7.982156276702880859e-01 -1.268595922738313675e-02
-2.439044043421745300e-02 7.206660509109497070e-01 -8.636442944407463074e-03
-2.869840897619724274e-02 6.424598693847656250e-01 -4.331029951572418213e-03
-3.162489831447601318e-02 5.637283921241760254e-01 -6.903946632519364357e-04
-3.312284499406814575e-02 4.848184287548065186e-01 2.791231963783502579e-03
-3.305768221616744995e-02 4.050406813621520996e-01 6.016411352902650833e-03
-3.150031343102455139e-02 3.264038264751434326e-01 9.117697365581989288e-03
-2.879401855170726776e-02 2.446067929267883301e-01 1.216454152017831802e-02
-2.429709210991859436e-02 1.694718748331069946e-01 1.515990030020475388e-02
-1.931926608085632324e-02 7.701145857572555542e-02 1.971796713769435883e-02
-1.503112446516752243e-02 3.498018160462379456e-02 2.083739079535007477e-02
-1.098769716918468475e-02 5.730425566434860229e-02 1.815743558108806610e-02
-7.574880495667457581e-03 5.872016400098800659e-02 1.694297231733798981e-02
-4.586433526128530502e-03 6.985621154308319092e-02 1.527445390820503235e-02
-2.208152320235967636e-03 7.775683701038360596e-02 1.391163282096385956e-02
-5.070311017334461212e-04 8.782481402158737183e-02 1.249331794679164886e-02
6.362496642395853996e-04 9.784477949142456055e-02 1.114582270383834839e-02
1.176582183688879013e-03 1.087126284837722778e-01 9.802270680665969849e-03
1.240276265889406204e-03 1.201141551136970520e-01 8.447336964309215546e-03
8.719259640201926231e-04 1.321855634450912476e-01 7.187139242887496948e-03
-2.558343112468719482e-05 1.450002640485763550e-01 5.743348505347967148e-03
-1.044431701302528381e-03 1.585965156555175781e-01 4.851946141570806503e-03
-2.280757296830415726e-03 1.728880405426025391e-01 4.171971231698989868e-03
-3.988969139754772186e-03 1.879948526620864868e-01 2.930028364062309265e-03
-5.853095091879367828e-03 2.038451582193374634e-01 2.013863064348697662e-03
-7.967969402670860291e-03 2.205844819545745850e-01 1.130990684032440186e-03
-1.022053137421607971e-02 2.379367202520370483e-01 5.264988867565989494e-04
-1.285156514495611191e-02 2.563785612583160400e-01 5.471287295222282410e-06
-1.569781079888343811e-02 2.747799456119537354e-01 9.335367940366268158e-05
-1.896534487605094910e-02 2.944863438606262207e-01 3.958306042477488518e-04
-2.250582724809646606e-02 3.128080964088439941e-01 6.499241571873426437e-04
-2.591962926089763641e-02 3.330958783626556396e-01 1.230621011927723885e-03
-2.926746942102909088e-02 3.453232347965240479e-01 2.519450848922133446e-03
-3.253709152340888977e-02 3.735230565071105957e-01 3.077745437622070312e-03
-3.560068085789680481e-02 3.545493185520172119e-01 6.754904519766569138e-03
-3.845022618770599365e-02 2.757409214973449707e-01 1.428854279220104218e-02
-4.083999618887901306e-02 2.138963341712951660e-01 2.083943039178848267e-02
-4.254999384284019470e-02 1.481181681156158447e-01 2.765082381665706635e-02
-4.363269358873367310e-02 7.232534140348434448e-02 3.501168638467788696e-02
-4.371787607669830322e-02 2.909449860453605652e-02 4.020644351840019226e-02
-4.277324676513671875e-02 3.165378421545028687e-02 4.234297946095466614e-02
-4.076312482357025146e-02 1.761990599334239960e-02 4.523768648505210876e-02
-3.759567439556121826e-02 1.059773378074169159e-02 4.737219959497451782e-02
-3.316996991634368896e-02 -1.319788396358489990e-03 4.943842068314552307e-02
-2.749866247177124023e-02 -8.324910886585712433e-03 5.081731453537940979e-02
-2.059937268495559692e-02 -2.503588236868381500e-02 5.241358280181884766e-02
-1.238027215003967285e-02 -1.686214655637741089e-02 5.209188908338546753e-02
-3.021015319973230362e-03 2.349367551505565643e-02 4.945616424083709717e-02
7.627872750163078308e-03 5.273544043302536011e-02 4.721882939338684082e-02
