0.000000000000000000e+00 0.000000000000000000e+00 0.000000000000000000e+00 0.000000000000000000e+00 0.000000000000000000e+00 0.000000000000000000e+00 1.000000000000000000e+00
8.484146744012832642e-02 -5.590496119111776352e-03 3.311232477426528931e-02 -2.577809324221133624e-02 5.542547147063476079e-03 2.509110404775048361e-02 9.993373837586499997e-01
1.609995415445487077e-01 -1.307497422185603317e-02 6.644421542842507411e-02 -5.146734939732212216e-02 1.207797353421220105e-02 4.981769145960440737e-02 9.973582265760664312e-01
2.302259471922496470e-01 -1.706990315858430279e-02 9.660223535585583943e-02 -7.649171408179900045e-02 1.884496078633387736e-02 7.206129063069334484e-02 9.942841925337185804e-01
2.917513143253407382e-01 -2.183950614821235370e-02 1.244091415148896596e-01 -1.006746033910210641e-01 2.613109233710273621e-02 9.397000372876100627e-02 9.901269760210288373e-01
3.458150699172419240e-01 -2.550208064547865652e-02 1.494920118182876956e-01 -1.234079904974199060e-01 3.294145649466990317e-02 1.130711864558809898e-01 9.853426993279332802e-01
3.926536379678577937e-01 -2.913344771006669276e-02 1.710625143023777883e-01 -1.439724124525366689e-01 3.899182860018365893e-02 1.296545280848950821e-01 9.802761269673426758e-01
4.321952389398949212e-01 -3.110341132351635701e-02 1.894612725495350980e-01 -1.627314861297078086e-01 4.479616795324287137e-02 1.435057878837226741e-01 9.751501707955516629e-01
4.640001147600992804e-01 -3.208128381906647647e-02 2.054241603604138877e-01 -1.798770849839104180e-01 5.063073749688519476e-02 1.548642745123276487e-01 9.701019632997260889e-01
4.887118058308653201e-01 -3.231353072414796385e-02 2.176975403962547739e-01 -1.949000125966742214e-01 5.607230736864125126e-02 1.627146138714786194e-01 9.656054245233031130e-01
5.059869500475401294e-01 -3.263305585839396117e-02 2.269376067389411167e-01 -2.077501670407833345e-01 6.146123110463518752e-02 1.681047340805056356e-01 9.616668776376524619e-01
5.166886304496625115e-01 -3.317641165225095751e-02 2.322766447666250178e-01 -2.167046883247230049e-01 5.974063120424611545e-02 1.716736025433430457e-01 9.591654232879713859e-01
5.214978574098796393e-01 -3.139527169596420531e-02 2.349516543416352299e-01 -2.227311112278874961e-01 5.828583077358932829e-02 1.724315513793430732e-01 9.577374244077213605e-01
5.268382216233555848e-01 -3.004863030547347963e-02 2.382715186954909858e-01 -2.270178493295055833e-01 5.726152023151317300e-02 1.704596509065199050e-01 9.571455071196903752e-01
5.331642746912875763e-01 -2.897467984108751532e-02 2.418019863137208514e-01 -2.293027844098336487e-01 5.627827535300684164e-02 1.668323583190930992e-01 9.572982570771129129e-01
5.402984447946889146e-01 -2.829924418661356258e-02 2.457086556853696757e-01 -2.294305040818404029e-01 5.564748151519934710e-02 1.613962419380308155e-01 9.582360119960263711e-01
5.481381648226343328e-01 -2.829441578218198916e-02 2.502586768528763383e-01 -2.290689134061885679e-01 5.515331075050487752e-02 1.547651435594297187e-01 9.594442639169799003e-01
5.567758767274542109e-01 -2.972938463010928872e-02 2.549739426341497417e-01 -2.267349900069555724e-01 5.471129827764919379e-02 1.471355239552348260e-01 9.612226879021001924e-01
5.660452918316729587e-01 -2.995127859407033938e-02 2.605976731954156023e-01 -2.240050699700014969e-01 5.478134960162322348e-02 1.386947243683257780e-01 9.631118864368530819e-01
5.757419446190580326e-01 -3.113055435550618824e-02 2.671335177617040202e-01 -2.203439243310194029e-01 5.446375189245776516e-02 1.297519561848106406e-01 9.652184647044510513e-01
5.860703374307140168e-01 -3.337435241245759882e-02 2.741470105590134709e-01 -2.160434182248549828e-01 5.410995965922812262e-02 1.203083998059869125e-01 9.674312599061082318e-01
5.975470100633835102e-01 -3.521836612671510464e-02 2.813096172801625716e-01 -2.111502985455840642e-01 5.392075699380094456e-02 1.113154995974131728e-01 9.695962886370309564e-01
6.103592631555888604e-01 -3.806880306630093525e-02 2.878410453993275331e-01 -2.047480155008053193e-01 5.342738708932880803e-02 1.026338469178805501e-01 9.719516746855916267e-01
6.242344469552504327e-01 -3.921495270508626452e-02 2.951688444332608019e-01 -1.981286052671904219e-01 5.323733963569482475e-02 9.461519790953699938e-02 9.741451666809883836e-01
6.390209775433289829e-01 -4.147960501283529805e-02 3.030170750986436734e-01 -1.911386654400216711e-01 5.313588746051631229e-02 8.774582304146666401e-02 9.761881266315250993e-01
6.547291779491563046e-01 -4.436407195638671086e-02 3.115521825912550002e-01 -1.840901445138242165e-01 5.317149267747460495e-02 8.240448435622768630e-02 9.780046584844639401e-01
6.721609569645410343e-01 -4.559257766821410429e-02 3.199758737390329677e-01 -1.772554537973128896e-01 5.340165605223941986e-02 7.891292015784222291e-02 9.795414836861934260e-01
6.909339616045222510e-01 -4.783628406568425639e-02 3.286046488297884594e-01 -1.706213552187450522e-01 5.337042910899416487e-02 7.745568715914906421e-02 9.808366668139730793e-01
7.110967145234147191e-01 -4.973042966885937027e-02 3.378117611005533871e-01 -1.645794938924103057e-01 5.370529714486248912e-02 7.794742132645558763e-02 9.818113519191230543e-01
7.326488434702880248e-01 -5.178509018618089599e-02 3.476960732805016718e-01 -1.590752021210707912e-01 5.435784570620350031e-02 8.176200991708058863e-02 9.823722707887475591e-01
7.553184655555357230e-01 -5.314981358883947432e-02 3.591373600601326932e-01 -1.550960817315405194e-01 5.558714609244394533e-02 8.843460701372202193e-02 9.823617434036959750e-01
7.792791128903718834e-01 -5.505465475068496706e-02 3.716500138074509407e-01 -1.510317647991173684e-01 4.930483630301623482e-02 9.866382174831904439e-02 9.823562945371769883e-01
8.044622199509636751e-01 -5.659510789830943245e-02 3.856337405638741722e-01 -1.484603159487938029e-01 4.243811981753554952e-02 1.116026542709966651e-01 9.816839553208585034e-01
8.316764809094288058e-01 -5.707649505500497072e-02 3.994133863631655901e-01 -1.471956534356762269e-01 3.508042751564736939e-02 1.267512990108408677e-01 9.803249009456140861e-01
8.611741462416842019e-01 -5.642020776817406602e-02 4.122007518912848556e-01 -1.461798943278435070e-01 2.736484107356851672e-02 1.452609638125458569e-01 9.781522664491296704e-01
8.918491580278131714e-01 -5.589793042933552392e-02 4.259060192165661785e-01 -1.458907088768488514e-01 1.968309742436741283e-02 1.657352632788456348e-01 9.751206588136080988e-01
9.240931754908835449e-01 -5.671126095424054714e-02 4.402237333496403227e-01 -1.457250086744935058e-01 1.158632018168032247e-02 1.874125335950449778e-01 9.713426384561487659e-01
9.509267782039374506e-01 -5.684357884710539849e-02 4.519691840904136448e-01 -1.461065012570308130e-01 3.024797787089407615e-03 2.104368230708660581e-01 9.666230311681062171e-01
9.717275686599557982e-01 -5.573332246107635252e-02 4.617624597458778180e-01 -1.478571983697086756e-01 -5.281494202845396155e-03 2.344366878440651558e-01 9.608068453658884511e-01
9.878666052146169996e-01 -5.441910612192212005e-02 4.673281630226774341e-01 -1.491881620915096740e-01 -1.328094594738852587e-02 2.583802176064171063e-01 9.543616567717714272e-01
9.980189775035338551e-01 -5.124521041075975197e-02 4.731501819149898647e-01 -1.512776962775141121e-01 -1.973015128144419220e-02 2.826062065211819574e-01 9.470266689883060085e-01
1.003401608303199355e+00 -4.403507502608925567e-02 4.766044157651763147e-01 -1.527894496401840108e-01 -2.617360755025537403e-02 3.046092201040241920e-01 9.397784576026805281e-01
1.010837600711922857e+00 -4.011326428709070802e-02 4.817995818340950476e-01 -1.541681135306642303e-01 -3.249048877081261305e-02 3.287152826275337447e-01 9.311942997446508441e-01
1.016833309937276830e+00 -3.383631351324101200e-02 4.872759630096152872e-01 -1.559607449833748938e-01 -3.695840204106558280e-02 3.515887529919152210e-01 9.223316493064692700e-01
1.022165758012143266e+00 -2.520412372517460281e-02 4.909695282654815141e-01 -1.568699751901888317e-01 -4.119248237488951775e-02 3.720548573234077616e-01 9.139311644876121354e-01
1.029286755858497049e+00 -1.750827165774225536e-02 4.955778955463554514e-01 -1.582534786649887892e-01 -4.460444552313960059e-02 3.921218839313240778e-01 9.051003856325288144e-01
1.033358369822011236e+00 -6.436414069441408897e-03 4.989160906760411462e-01 -1.590285079638366350e-01 -4.731420542416788638e-02 4.093574692228635348e-01 8.971609454336094691e-01
1.038061351821017553e+00 5.398950473837359557e-03 5.021914984606512533e-01 -1.599228970278096240e-01 -4.881981839012735497e-02 4.251571090619469251e-01 8.895407382198272650e-01
1.041737095929250012e+00 1.866999437637052034e-02 5.058015366649436517e-01 -1.609315015960481043e-01 -4.903763674496203900e-02 4.383966861962908523e-01 8.828956379485749517e-01
1.050714281299464536e+00 2.778501833067638371e-02 5.109361470892477275e-01 -1.617565330801692125e-01 -4.807718465630674010e-02 4.485801311002327041e-01 8.776669495335378546e-01
1.062966136176774823e+00 3.004478586590958455e-02 5.176791335736877775e-01 -1.626676817456425839e-01 -4.553960935001414440e-02 4.563644095872192996e-01 8.736114095854377037e-01
