0.000000000000000000e+00 0.000000000000000000e+00 0.000000000000000000e+00 1.490117708044524925e-13 2.775297353041494830e-12 5.702469746404759121e-15 1.000000000000000000e+00
8.548906445503234863e-02 -6.452810950577259064e-03 3.172243013978004456e-02 -2.465963177382946014e-02 4.031630232930183411e-03 1.817564480006694794e-02 9.995225071907043457e-01
1.612577587366104126e-01 -1.510132011026144028e-02 6.661253422498703003e-02 -4.975899681448936462e-02 1.010708324611186981e-02 3.516339510679244995e-02 9.980909228324890137e-01
2.300675064325332642e-01 -2.337317913770675659e-02 9.825988858938217163e-02 -7.434280216693878174e-02 1.659437455236911774e-02 5.155362933874130249e-02 9.957610964775085449e-01
2.911109924316406250e-01 -3.136315941810607910e-02 1.283380240201950073e-01 -9.964337199926376343e-02 2.329551428556442261e-02 6.952255964279174805e-02 9.923180937767028809e-01
3.452259898185729980e-01 -3.696208819746971130e-02 1.553783565759658813e-01 -1.231105029582977295e-01 2.972980961203575134e-02 8.492202311754226685e-02 9.883057475090026855e-01
3.921813368797302246e-01 -4.070195183157920837e-02 1.795920878648757935e-01 -1.444368213415145874e-01 3.577727451920509338e-02 9.839764237403869629e-02 9.839593768119812012e-01
4.322096705436706543e-01 -4.250853136181831360e-02 2.003515660762786865e-01 -1.636340618133544922e-01 4.138706997036933899e-02 1.090653389692306519e-01 9.795998334884643555e-01
4.650554656982421875e-01 -4.279106482863426208e-02 2.179328054189682007e-01 -1.804547905921936035e-01 4.721911624073982239e-02 1.172464936971664429e-01 9.754279851913452148e-01
4.913290441036224365e-01 -4.198408871889114380e-02 2.310434281826019287e-01 -1.942966133356094360e-01 5.182839930057525635e-02 1.218794062733650208e-01 9.719609022140502930e-01
5.103523731231689453e-01 -4.132140800356864929e-02 2.409322708845138550e-01 -2.064162343740463257e-01 5.638793483376502991e-02 1.252602487802505493e-01 9.687737822532653809e-01
5.225315093994140625e-01 -4.046554490923881531e-02 2.465994358062744141e-01 -2.154280841350555420e-01 5.491153523325920105e-02 1.268505156040191650e-01 9.666873216629028320e-01
5.277687907218933105e-01 -3.949475288391113281e-02 2.485054284334182739e-01 -2.219905406236648560e-01 5.366779491305351257e-02 1.261844336986541748e-01 9.653586745262145996e-01
5.333440899848937988e-01 -3.784232959151268005e-02 2.508702278137207031e-01 -2.262276858091354370e-01 5.243716761469841003e-02 1.227527260780334473e-01 9.648850560188293457e-01
5.397378206253051758e-01 -3.650541603565216064e-02 2.534415125846862793e-01 -2.287073731422424316e-01 5.122308805584907532e-02 1.177188977599143982e-01 9.649929404258728027e-01
5.469526648521423340e-01 -3.492081165313720703e-02 2.561663389205932617e-01 -2.295631468296051025e-01 5.021272599697113037e-02 1.106657162308692932e-01 9.656772017478942871e-01
5.552421212196350098e-01 -3.348074853420257568e-02 2.588599920272827148e-01 -2.288984209299087524e-01 4.899703338742256165e-02 1.026559695601463318e-01 9.667815566062927246e-01
5.645635724067687988e-01 -3.249259665608406067e-02 2.618738114833831787e-01 -2.268539965152740479e-01 4.808570072054862976e-02 9.374024718999862671e-02 9.682136774063110352e-01
5.749500393867492676e-01 -3.211977332830429077e-02 2.653156220912933350e-01 -2.238772362470626831e-01 4.721422493457794189e-02 8.425328880548477173e-02 9.698201417922973633e-01
5.860857963562011719e-01 -3.252531960606575012e-02 2.700416445732116699e-01 -2.199987620115280151e-01 4.663804173469543457e-02 7.465792447328567505e-02 9.715203642845153809e-01
5.984938740730285645e-01 -3.352737799286842346e-02 2.747679352760314941e-01 -2.155040353536605835e-01 4.580096155405044556e-02 6.486301869153976440e-02 9.732693433761596680e-01
6.121048927307128906e-01 -3.467559814453125000e-02 2.799587547779083252e-01 -2.102238088846206665e-01 4.518666118383407593e-02 5.532580241560935974e-02 9.750402569770812988e-01
6.270307898521423340e-01 -3.608103096485137939e-02 2.854994833469390869e-01 -2.040620744228363037e-01 4.455341026186943054e-02 4.666878283023834229e-02 9.768294095993041992e-01
6.432133913040161133e-01 -3.681757301092147827e-02 2.919930219650268555e-01 -1.977934688329696655e-01 4.441241547465324402e-02 3.876513987779617310e-02 9.784694910049438477e-01
6.608566045761108398e-01 -3.898263350129127502e-02 2.986439168453216553e-01 -1.910865455865859985e-01 4.411173984408378601e-02 3.227762132883071899e-02 9.800502061843872070e-01
6.796051263809204102e-01 -4.210112243890762329e-02 3.066220283508300781e-01 -1.846713423728942871e-01 4.425259307026863098e-02 2.720057591795921326e-02 9.814267158508300781e-01
7.004870176315307617e-01 -4.343929514288902283e-02 3.144029080867767334e-01 -1.783989965915679932e-01 4.467352479696273804e-02 2.325354143977165222e-02 9.826685190200805664e-01
7.227972745895385742e-01 -4.625423625111579895e-02 3.230732083320617676e-01 -1.722490042448043823e-01 4.503502696752548218e-02 2.148314379155635834e-02 9.837889075279235840e-01
7.468223571777343750e-01 -4.903740435838699341e-02 3.325480818748474121e-01 -1.668261587619781494e-01 4.611506685614585876e-02 2.159651368856430054e-02 9.846705794334411621e-01
7.727563977241516113e-01 -5.234142765402793884e-02 3.424196243286132812e-01 -1.622032821178436279e-01 4.765323549509048462e-02 2.445540018379688263e-02 9.853025674819946289e-01
7.999610304832458496e-01 -5.588510632514953613e-02 3.545136451721191406e-01 -1.592827290296554565e-01 4.973622038960456848e-02 3.026547655463218689e-02 9.855147600173950195e-01
8.291592001914978027e-01 -6.063956767320632935e-02 3.667295873165130615e-01 -1.575852632522583008e-01 4.569770768284797668e-02 3.923781216144561768e-02 9.856668710708618164e-01
8.599889874458312988e-01 -6.602220237255096436e-02 3.801712989807128906e-01 -1.571692675352096558e-01 4.164385795593261719e-02 5.070840194821357727e-02 9.853894114494323730e-01
8.929059505462646484e-01 -7.057663053274154663e-02 3.941062390804290771e-01 -1.584073901176452637e-01 3.708364814519882202e-02 6.422314792871475220e-02 9.845848679542541504e-01
9.282148480415344238e-01 -7.408972829580307007e-02 4.074407219886779785e-01 -1.600300669670104980e-01 3.197887539863586426e-02 8.020053803920745850e-02 9.833288192749023438e-01
9.654173851013183594e-01 -7.782007008790969849e-02 4.206717014312744141e-01 -1.619521826505661011e-01 2.665269747376441956e-02 9.804297983646392822e-02 9.815542697906494141e-01
1.004220128059387207e+00 -8.143233507871627808e-02 4.344378113746643066e-01 -1.642093211412429810e-01 2.119214832782745361e-02 1.167307794094085693e-01 9.792651534080505371e-01
1.037425041198730469e+00 -8.284530043601989746e-02 4.452840685844421387e-01 -1.673558950424194336e-01 1.509156450629234314e-02 1.363562643527984619e-01 9.763048291206359863e-01
1.064410328865051270e+00 -8.253718167543411255e-02 4.545330405235290527e-01 -1.715690046548843384e-01 9.586507454514503479e-03 1.569339632987976074e-01 9.725451469421386719e-01
1.086254596710205078e+00 -7.977069914340972900e-02 4.573929607868194580e-01 -1.741128116846084595e-01 3.081315895542502403e-03 1.772066950798034668e-01 9.686450362205505371e-01
1.100254416465759277e+00 -7.341330498456954956e-02 4.593114256858825684e-01 -1.772665232419967651e-01 -2.798165660351514816e-03 1.953783631324768066e-01 9.645704030990600586e-01
1.107849359512329102e+00 -6.866669654846191406e-02 4.611020088195800781e-01 -1.817143410444259644e-01 -6.941542029380798340e-03 2.157167494297027588e-01 9.593738317489624023e-01
1.115212321281433105e+00 -6.467500329017639160e-02 4.627215862274169922e-01 -1.851700395345687866e-01 -1.095652393996715546e-02 2.362537384033203125e-01 9.538218975067138672e-01
1.121469736099243164e+00 -6.020500510931015015e-02 4.642516374588012695e-01 -1.889908611774444580e-01 -1.374910864979028702e-02 2.560418844223022461e-01 9.479113817214965820e-01
1.126877546310424805e+00 -5.578582733869552612e-02 4.652907252311706543e-01 -1.924927234649658203e-01 -1.652829349040985107e-02 2.743030190467834473e-01 9.420356750488281250e-01
1.131979465484619141e+00 -5.222515389323234558e-02 4.663039147853851318e-01 -1.960912942886352539e-01 -1.867866516113281250e-02 2.921893894672393799e-01 9.358550906181335449e-01
1.135639786720275879e+00 -4.825142398476600647e-02 4.667471051216125488e-01 -1.989436149597167969e-01 -2.034161798655986786e-02 3.080298900604248047e-01 9.301211237907409668e-01
1.138972520828247070e+00 -4.516185075044631958e-02 4.671620428562164307e-01 -2.016709297895431519e-01 -2.059742808341979980e-02 3.226356506347656250e-01 9.245598316192626953e-01
1.141236305236816406e+00 -4.243572801351547241e-02 4.673975110054016113e-01 -2.040218263864517212e-01 -1.972071081399917603e-02 3.353432416915893555e-01 9.195278286933898926e-01
1.145954966545104980e+00 -3.920849785208702087e-02 4.682472646236419678e-01 -2.055941522121429443e-01 -1.813136972486972809e-02 3.446116745471954346e-01 9.157757759094238281e-01
1.154207110404968262e+00 -3.713945299386978149e-02 4.709299802780151367e-01 -2.071540504693984985e-01 -1.477723196148872375e-02 3.518170714378356934e-01 9.127396941184997559e-01
1.269628763198852539e+00 8.528369665145874023e-02 5.164452195167541504e-01 -2.597773373126983643e-01 -1.719846017658710480e-02 3.908881843090057373e-01 8.828513026237487793e-01
1.371466636657714844e+00 2.001939862966537476e-01 5.615307092666625977e-01 -3.078381121158599854e-01 -1.640160754323005676e-02 4.139968454837799072e-01 8.564890027046203613e-01
1.458890914916992188e+00 3.088902533054351807e-01 6.000326275825500488e-01 -3.560294806957244873e-01 -1.510187610983848572e-02 4.384877681732177734e-01 8.250718116760253906e-01
1.531941890716552734e+00 4.107794463634490967e-01 6.314980387687683105e-01 -4.021427035331726074e-01 -1.382350083440542221e-02 4.597810804843902588e-01 7.916385531425476074e-01
1.590777158737182617e+00 5.052673816680908203e-01 6.547561287879943848e-01 -4.435469210147857666e-01 -1.209168788045644760e-02 4.768999516963958740e-01 7.587400078773498535e-01
1.637147903442382812e+00 5.901687741279602051e-01 6.709116697311401367e-01 -4.800076484680175781e-01 -1.135654374957084656e-02 4.891821742057800293e-01 7.281239628791809082e-01
1.672609567642211914e+00 6.638529896736145020e-01 6.808417439460754395e-01 -5.121541023254394531e-01 -1.033886056393384933e-02 4.969900250434875488e-01 7.004228830337524414e-01
1.698784470558166504e+00 7.249293923377990723e-01 6.856266856193542480e-01 -5.388039350509643555e-01 -1.006674394011497498e-02 4.997749328613281250e-01 6.780959367752075195e-01
1.717774868011474609e+00 7.720383405685424805e-01 6.872655749320983887e-01 -5.611504316329956055e-01 -1.101481076329946518e-02 4.995972514152526855e-01 6.598420739173889160e-01
1.730341196060180664e+00 8.045973777770996094e-01 6.873705387115478516e-01 -5.774310827255249023e-01 -1.560665201395750046e-02 4.998140931129455566e-01 6.453801989555358887e-01
1.736925005912780762e+00 8.224561810493469238e-01 6.860071420669555664e-01 -5.875184535980224609e-01 -2.431001700460910797e-02 4.998234510421752930e-01 6.359305381774902344e-01
1.740018963813781738e+00 8.337518572807312012e-01 6.837757229804992676e-01 -5.940700769424438477e-01 -3.248644992709159851e-02 4.964860677719116211e-01 6.320814490318298340e-01
1.743367314338684082e+00 8.464017510414123535e-01 6.814802885055541992e-01 -5.979294180870056152e-01 -4.090729728341102600e-02 4.904569685459136963e-01 6.326602697372436523e-01
1.747655868530273438e+00 8.604544401168823242e-01 6.790573000907897949e-01 -5.994794368743896484e-01 -4.900402575731277466e-02 4.818115830421447754e-01 6.372445225715637207e-01
1.753113985061645508e+00 8.759894371032714844e-01 6.762661933898925781e-01 -5.987848639488220215e-01 -5.698927491903305054e-02 4.715501070022583008e-01 6.448638439178466797e-01
1.760250687599182129e+00 8.930555582046508789e-01 6.737105846405029297e-01 -5.958914160728454590e-01 -6.435130536556243896e-02 4.598952829837799072e-01 6.551860570907592773e-01
1.769342064857482910e+00 9.116836190223693848e-01 6.722047328948974609e-01 -5.914487242698669434e-01 -7.123577594757080078e-02 4.472041726112365723e-01 6.671748757362365723e-01
1.779926419258117676e+00 9.321300983428955078e-01 6.727420687675476074e-01 -5.853544473648071289e-01 -7.702857255935668945e-02 4.339709281921386719e-01 6.805116534233093262e-01
1.792395472526550293e+00 9.541454315185546875e-01 6.750787496566772461e-01 -5.780025124549865723e-01 -8.243831992149353027e-02 4.205565154552459717e-01 6.944416761398315430e-01
1.807126760482788086e+00 9.776746034622192383e-01 6.781409382820129395e-01 -5.692698955535888672e-01 -8.726129680871963501e-02 4.070407450199127197e-01 7.089676856994628906e-01
1.823669314384460449e+00 1.003098845481872559e+00 6.821352839469909668e-01 -5.591692328453063965e-01 -9.097214043140411377e-02 3.945430219173431396e-01 7.234567999839782715e-01
1.841495037078857422e+00 1.030963540077209473e+00 6.869327425956726074e-01 -5.485532283782958984e-01 -9.316810220479965210e-02 3.831463158130645752e-01 7.372977137565612793e-01
1.861549019813537598e+00 1.060739398002624512e+00 6.930475831031799316e-01 -5.375149250030517578e-01 -9.405971318483352661e-02 3.733308911323547363e-01 7.502363324165344238e-01
1.884517192840576172e+00 1.091708779335021973e+00 7.019487023353576660e-01 -5.265088677406311035e-01 -9.357672184705734253e-02 3.656719028949737549e-01 7.617846727371215820e-01
1.909162998199462891e+00 1.125638246536254883e+00 7.109985351562500000e-01 -5.160917043685913086e-01 -9.182512015104293823e-02 3.598214387893676758e-01 7.718458771705627441e-01
1.936161875724792480e+00 1.162242293357849121e+00 7.201914191246032715e-01 -5.060973763465881348e-01 -8.849579095840454102e-02 3.565199971199035645e-01 7.803380489349365234e-01
1.965907335281372070e+00 1.200922846794128418e+00 7.314531207084655762e-01 -4.970822930335998535e-01 -8.362165093421936035e-02 3.562958240509033203e-01 7.867463827133178711e-01
1.998350501060485840e+00 1.242308378219604492e+00 7.433518171310424805e-01 -4.901583790779113770e-01 -7.668701559305191040e-02 3.593313694000244141e-01 7.904080152511596680e-01
2.032784938812255859e+00 1.286769270896911621e+00 7.571949958801269531e-01 -4.857048988342285156e-01 -6.790962815284729004e-02 3.663194477558135986e-01 7.907522916793823242e-01
2.069556951522827148e+00 1.334152460098266602e+00 7.728160023689270020e-01 -4.816824197769165039e-01 -6.317626684904098511e-02 3.803927898406982422e-01 7.869511842727661133e-01
2.108793258666992188e+00 1.384656786918640137e+00 7.893695831298828125e-01 -4.779701828956604004e-01 -6.272581964731216431e-02 4.000801146030426025e-01 7.794523835182189941e-01
2.149022102355957031e+00 1.439549207687377930e+00 8.061216473579406738e-01 -4.762533903121948242e-01 -6.198902055621147156e-02 4.238291680812835693e-01 7.679250836372375488e-01
2.190066337585449219e+00 1.499481439590454102e+00 8.198456764221191406e-01 -4.753504395484924316e-01 -6.186185404658317566e-02 4.506743252277374268e-01 7.530655860900878906e-01
2.231832504272460938e+00 1.563921689987182617e+00 8.307451605796813965e-01 -4.744531810283660889e-01 -6.090229377150535583e-02 4.806572794914245605e-01 7.349514961242675781e-01
2.273756504058837891e+00 1.632608532905578613e+00 8.399170637130737305e-01 -4.732280075550079346e-01 -5.978296697139739990e-02 5.121725797653198242e-01 7.142552733421325684e-01
2.310164928436279297e+00 1.699428677558898926e+00 8.451832532882690430e-01 -4.721620082855224609e-01 -5.906044319272041321e-02 5.442263484001159668e-01 6.909359693527221680e-01
2.336846113204956055e+00 1.756970524787902832e+00 8.466937541961669922e-01 -4.720791578292846680e-01 -5.884021893143653870e-02 5.767841339111328125e-01 6.640776991844177246e-01
2.355062961578369141e+00 1.803702831268310547e+00 8.410981893539428711e-01 -4.704013764858245850e-01 -5.775924772024154663e-02 6.091663837432861328e-01 6.358480453491210938e-01
2.363423824310302734e+00 1.838387608528137207e+00 8.298006653785705566e-01 -4.671153128147125244e-01 -5.779064074158668518e-02 6.391042470932006836e-01 6.082839965820312500e-01
2.362612009048461914e+00 1.860737919807434082e+00 8.197804689407348633e-01 -4.658966362476348877e-01 -5.645817145705223083e-02 6.671824455261230469e-01 5.784639120101928711e-01
2.360446214675903320e+00 1.876952409744262695e+00 8.130761981010437012e-01 -4.652349650859832764e-01 -5.240873992443084717e-02 6.952040195465087891e-01 5.454366207122802734e-01
2.357149839401245117e+00 1.891330599784851074e+00 8.060418367385864258e-01 -4.636775851249694824e-01 -4.796094074845314026e-02 7.212185263633728027e-01 5.123931765556335449e-01
2.352703332901000977e+00 1.903674602508544922e+00 7.989954948425292969e-01 -4.627239108085632324e-01 -4.300113767385482788e-02 7.443751096725463867e-01 4.795240759849548340e-01
2.348425626754760742e+00 1.914446353912353516e+00 7.923872470855712891e-01 -4.612472057342529297e-01 -3.851144760847091675e-02 7.651675939559936523e-01 4.475336968898773193e-01
2.343830823898315430e+00 1.923141241073608398e+00 7.860776782035827637e-01 -4.597406387329101562e-01 -3.308860212564468384e-02 7.834949493408203125e-01 4.167487025260925293e-01
2.339190483093261719e+00 1.929661989212036133e+00 7.801705598831176758e-01 -4.587095081806182861e-01 -2.720277383923530579e-02 7.986746430397033691e-01 3.885415196418762207e-01
2.335121154785156250e+00 1.934765219688415527e+00 7.752878665924072266e-01 -4.588794112205505371e-01 -2.015611715614795685e-02 8.108866810798645020e-01 3.626105487346649170e-01
2.331018686294555664e+00 1.940913915634155273e+00 7.699780464172363281e-01 -4.598104059696197510e-01 -1.267539709806442261e-02 8.196811676025390625e-01 3.413744568824768066e-01
2.327358722686767578e+00 1.953605532646179199e+00 7.638752460479736328e-01 -4.624919295310974121e-01 -5.306989885866641998e-03 8.248451948165893555e-01 3.251206278800964355e-01
