8.318149298429489136e-02 -1.051198411732912064e-02 3.600125387310981750e-02 -2.531083673238754272e-02 7.051690947264432907e-03 2.504950761795043945e-02 9.993408322334289551e-01
7.471983879804611206e-02 -1.483109313994646072e-02 3.411844372749328613e-02 -2.471658587455749512e-02 7.418988272547721863e-03 2.381715923547744751e-02 9.993832111358642578e-01
6.654948741197586060e-02 -1.751771569252014160e-02 3.133777156472206116e-02 -2.422548085451126099e-02 7.527495268732309341e-03 2.180550806224346161e-02 9.994403123855590820e-01
5.820544809103012085e-02 -1.915507018566131592e-02 2.874984592199325562e-02 -2.332260087132453918e-02 7.627943065017461777e-03 2.047769352793693542e-02 9.994891285896301270e-01
4.996589571237564087e-02 -1.973502337932586670e-02 2.606516890227794647e-02 -2.223581448197364807e-02 7.414033636450767517e-03 1.835102960467338562e-02 9.995568394660949707e-01
4.191096499562263489e-02 -1.967278867959976196e-02 2.299515157938003540e-02 -2.075851336121559143e-02 7.091282866895198822e-03 1.641796343028545380e-02 9.996245503425598145e-01
3.426808863878250122e-02 -1.816078089177608490e-02 2.004538848996162415e-02 -1.898818835616111755e-02 6.942430976778268814e-03 1.408675406128168106e-02 9.996963739395141602e-01
2.649794705212116241e-02 -1.644548028707504272e-02 1.716755889356136322e-02 -1.714427582919597626e-02 6.876742932945489883e-03 1.191303040832281113e-02 9.997584223747253418e-01
1.921180821955204010e-02 -1.377873495221138000e-02 1.422709878534078598e-02 -1.497265417128801346e-02 6.599045358598232269e-03 8.990248665213584900e-03 9.998257160186767578e-01
1.235004700720310211e-02 -1.056779082864522934e-02 1.094119250774383545e-02 -1.241358276456594467e-02 6.688669323921203613e-03 6.659393198788166046e-03 9.998784065246582031e-01
6.113004405051469803e-03 -6.912943907082080841e-03 7.626854814589023590e-03 -9.696773253381252289e-03 -1.477178593631833792e-04 3.377975197508931160e-03 9.999472498893737793e-01
8.688108646310865879e-04 -2.720443531870841980e-03 5.030025262385606766e-03 -7.068319246172904968e-03 -2.796028275042772293e-04 6.906177732162177563e-04 9.999747276306152344e-01
1.248399727046489716e-03 -3.688380355015397072e-03 5.117790773510932922e-03 -4.848834127187728882e-03 1.789548696251586080e-04 -1.698190113529562950e-03 9.999867677688598633e-01
1.829839660786092281e-03 -4.754996392875909805e-03 5.261008162051439285e-03 -2.700777724385261536e-03 4.072547017131000757e-04 -3.440921427682042122e-03 9.999903440475463867e-01
1.984930131584405899e-03 -6.077765487134456635e-03 5.073015112429857254e-03 -2.739053743425756693e-04 6.456200499087572098e-04 -5.378139670938253403e-03 9.999852776527404785e-01
2.443348290398716927e-03 -6.429521366953849792e-03 5.903831683099269867e-03 6.128043751232326031e-04 1.024674507789313793e-03 -6.513966247439384460e-03 9.999780654907226562e-01
2.461403142660856247e-03 -7.888689637184143066e-03 5.532901734113693237e-03 2.619595266878604889e-03 9.809803450480103493e-04 -7.541846949607133865e-03 9.999676346778869629e-01
3.996501676738262177e-03 -7.690402213484048843e-03 6.517923902720212936e-03 3.444336354732513428e-03 1.431891112588346004e-03 -8.351054042577743530e-03 9.999581575393676758e-01
3.630896797403693199e-03 -8.579556830227375031e-03 7.165250368416309357e-03 4.586315248161554337e-03 1.059756614267826080e-03 -9.091737680137157440e-03 9.999476075172424316e-01
4.536794498562812805e-03 -9.147135540843009949e-03 7.526409346610307693e-03 5.369492806494235992e-03 1.367618562653660774e-03 -9.293258190155029297e-03 9.999414682388305664e-01
5.841329693794250488e-03 -9.420259855687618256e-03 7.972133345901966095e-03 5.881558638066053391e-03 1.285651116631925106e-03 -8.934307843446731567e-03 9.999419450759887695e-01
6.697012577205896378e-03 -1.039315573871135712e-02 7.878496311604976654e-03 7.094042375683784485e-03 1.010996173135936260e-03 -8.505140431225299835e-03 9.999381303787231445e-01
8.263491094112396240e-03 -9.580811485648155212e-03 9.351673536002635956e-03 7.165401708334684372e-03 9.826695313677191734e-04 -7.697950117290019989e-03 9.999442100524902344e-01
9.130970574915409088e-03 -1.065727695822715759e-02 9.402803145349025726e-03 7.400947622954845428e-03 7.317855488508939743e-04 -6.513134110718965530e-03 9.999511241912841797e-01
1.010070834308862686e-02 -1.118742488324642181e-02 1.003658305853605270e-02 7.396265398710966110e-03 5.985274910926818848e-04 -5.273912567645311356e-03 9.999585747718811035e-01
1.190522592514753342e-02 -1.083740592002868652e-02 1.082362979650497437e-02 7.009182125329971313e-03 4.249335324857383966e-04 -3.456981852650642395e-03 9.999693632125854492e-01
1.320281997323036194e-02 -1.118396036326885223e-02 1.151174120604991913e-02 6.588817574083805084e-03 1.042370204231701791e-04 -1.447384594939649105e-03 9.999772310256958008e-01
1.467067468911409378e-02 -1.120971515774726868e-02 1.241003256291151047e-02 5.969623569399118423e-03 -5.899770985706709325e-05 5.684194620698690414e-04 9.999819993972778320e-01
1.616616360843181610e-02 -1.147922780364751816e-02 1.316427066922187805e-02 5.206523463129997253e-03 -1.304395700572058558e-04 3.474679775536060333e-03 9.999803900718688965e-01
1.763387955725193024e-02 -1.173552684485912323e-02 1.407128106802701950e-02 3.720327746123075485e-03 -1.265988248633220792e-04 6.046010646969079971e-03 9.999747872352600098e-01
1.809678599238395691e-02 -1.278097182512283325e-02 1.560322940349578857e-02 2.642976120114326477e-03 -7.464452646672725677e-03 8.773220703005790710e-03 9.999301433563232422e-01
1.911789923906326294e-02 -1.376031246036291122e-02 1.665130816400051117e-02 1.378532964736223221e-03 -8.536661043763160706e-03 1.153695955872535706e-02 9.998960494995117188e-01
2.086427062749862671e-02 -1.425775047391653061e-02 1.709167100489139557e-02 1.962840360647533089e-05 -9.265738539397716522e-03 1.366522628813982010e-02 9.998636841773986816e-01
2.257539704442024231e-02 -1.479773595929145813e-02 1.747679151594638824e-02 -7.416970329359173775e-04 -9.809106588363647461e-03 1.606545224785804749e-02 9.998225569725036621e-01
2.367141284048557281e-02 -1.564920321106910706e-02 1.799528300762176514e-02 -1.726164133287966251e-03 -9.962788783013820648e-03 1.813015528023242950e-02 9.997845292091369629e-01
2.371235750615596771e-02 -1.876535080373287201e-02 1.819122768938541412e-02 -2.184080658480525017e-03 -1.034665107727050781e-02 1.972062326967716217e-02 9.997496008872985840e-01
1.847098767757415771e-02 -1.615958660840988159e-02 1.599080115556716919e-02 -2.843805821612477303e-03 -1.058267988264560699e-02 2.105131559073925018e-02 9.997183680534362793e-01
1.433844119310379028e-02 -1.175911258906126022e-02 1.363620720803737640e-02 -4.070409107953310013e-03 -1.018823031336069107e-02 2.196441031992435455e-02 9.996985793113708496e-01
9.585760533809661865e-03 -9.639869444072246552e-03 1.040955539792776108e-02 -4.052070435136556625e-03 -1.009240187704563141e-02 2.267088741064071655e-02 9.996838569641113281e-01
4.677038174122571945e-03 -5.150818265974521637e-03 9.931494481861591339e-03 -4.871353972703218460e-03 -9.238951839506626129e-03 2.310327626764774323e-02 9.996785521507263184e-01
1.665364950895309448e-03 -3.500626189634203911e-05 9.492935612797737122e-03 -4.386429209262132645e-03 -9.048897773027420044e-03 2.254649810492992401e-02 9.996952414512634277e-01
1.579832867719233036e-03 -1.578904921188950539e-03 9.626813232898712158e-03 -4.093671683222055435e-03 -8.777282200753688812e-03 2.281182073056697845e-02 9.996928572654724121e-01
2.160387812182307243e-03 -8.600506698712706566e-04 9.996620006859302521e-03 -4.144685808569192886e-03 -7.692881394177675247e-03 2.216429822146892548e-02 9.997161626815795898e-01
2.893093740567564964e-03 6.126266089268028736e-04 1.038493216037750244e-02 -3.603188553825020790e-03 -6.629885174334049225e-03 2.110932953655719757e-02 9.997487068176269531e-01
4.530362784862518311e-03 -3.643694508355110884e-04 1.051260437816381454e-02 -3.463712055236101151e-03 -5.562707781791687012e-03 2.005051076412200928e-02 9.997774958610534668e-01
4.120489116758108139e-03 1.780821126885712147e-03 1.140867453068494797e-02 -2.578061306849122047e-03 -4.532003309577703476e-03 1.824369840323925018e-02 9.998199939727783203e-01
4.756205715239048004e-03 2.999582793563604355e-03 1.188710331916809082e-02 -2.099173609167337418e-03 -3.561222925782203674e-03 1.660074666142463684e-02 9.998536705970764160e-01
1.187788671813905239e-03 2.947959350422024727e-03 1.387669891119003296e-02 -1.338259549811482430e-03 -1.840736600570380688e-03 1.430964283645153046e-02 9.998950362205505371e-01
8.864202536642551422e-03 -1.164266577688977122e-04 1.055699214339256287e-02 -4.920174251310527325e-04 -2.258768654428422451e-04 1.086148992180824280e-02 9.999408721923828125e-01
5.356611683964729309e-03 -8.594232611358165741e-03 9.905971586704254150e-03 1.528124121250584722e-04 1.385450479574501514e-03 8.682089857757091522e-03 9.999613165855407715e-01
1.589883863925933838e-01 -1.955263689160346985e-02 6.974998116493225098e-02 -5.053571239113807678e-02 1.480722241103649139e-02 4.879525676369667053e-02 9.974196553230285645e-01
1.426169276237487793e-01 -2.680843695998191833e-02 6.518795341253280640e-02 -4.922883585095405579e-02 1.672180928289890289e-02 4.562550038099288940e-02 9.976047277450561523e-01
1.259550303220748901e-01 -3.193139284849166870e-02 6.042195856571197510e-02 -4.755951836705207825e-02 1.483256835490465164e-02 4.261483997106552124e-02 9.978486895561218262e-01
1.094395071268081665e-01 -3.529177978634834290e-02 5.483848974108695984e-02 -4.566586762666702271e-02 1.479820068925619125e-02 3.874059766530990601e-02 9.980955719947814941e-01
9.321473538875579834e-02 -3.629318624734878540e-02 4.903884977102279663e-02 -4.258381575345993042e-02 1.486273389309644699e-02 3.498219326138496399e-02 9.983696341514587402e-01
7.705058902502059937e-02 -3.565793856978416443e-02 4.339546337723731995e-02 -3.974104672670364380e-02 1.401889976114034653e-02 3.030743449926376343e-02 9.986518621444702148e-01
6.260053813457489014e-02 -3.175862878561019897e-02 3.678767755627632141e-02 -3.583780303597450256e-02 1.400689780712127686e-02 2.621432021260261536e-02 9.989155530929565430e-01
4.831771180033683777e-02 -2.627238817512989044e-02 3.109535388648509979e-02 -3.164780139923095703e-02 1.384723372757434845e-02 2.093766815960407257e-02 9.991838335990905762e-01
3.410132229328155518e-02 -2.144424617290496826e-02 2.450965344905853271e-02 -2.723953314125537872e-02 1.287838816642761230e-02 1.586936786770820618e-02 9.994199872016906738e-01
2.074360288679599762e-02 -1.578561030328273773e-02 1.757340319454669952e-02 -2.193103730678558350e-02 6.422498729079961777e-03 1.014323253184556961e-02 9.996873736381530762e-01
8.985335938632488251e-03 -9.543144144117832184e-03 1.061503496021032333e-02 -1.677415333688259125e-02 -1.532881724415346980e-04 4.013804253190755844e-03 9.998512268066406250e-01
3.814205527305603027e-03 -6.737433839589357376e-03 9.431360289454460144e-03 -1.140303164720535278e-02 -2.185364864999428391e-04 -1.734446268528699875e-03 9.999334812164306641e-01
3.917432855814695358e-03 -8.206736296415328979e-03 1.030368730425834656e-02 -7.481548935174942017e-03 5.922526470385491848e-04 -5.263524129986763000e-03 9.999579787254333496e-01
4.804672673344612122e-03 -1.039421465247869492e-02 1.041537430137395859e-02 -3.066000295802950859e-03 1.052124542184174061e-03 -9.260581806302070618e-03 9.999518394470214844e-01
6.281902082264423370e-03 -1.202392391860485077e-02 1.060615945607423782e-02 1.273596467399329413e-06 1.593936234712600708e-03 -1.213177572935819626e-02 9.999251365661621094e-01
6.933438591659069061e-03 -1.392128225415945053e-02 1.092188805341720581e-02 3.282717429101467133e-03 1.961024943739175797e-03 -1.464809663593769073e-02 9.998853802680969238e-01
7.607441861182451248e-03 -1.581573486328125000e-02 1.113343238830566406e-02 5.768828559666872025e-03 2.164217876270413399e-03 -1.622528396546840668e-02 9.998493790626525879e-01
8.141014724969863892e-03 -1.680365204811096191e-02 1.271777879446744919e-02 8.274911902844905853e-03 2.472162712365388870e-03 -1.721991226077079773e-02 9.998144507408142090e-01
9.538510814309120178e-03 -1.778382249176502228e-02 1.377144455909729004e-02 1.019744202494621277e-02 2.521868562325835228e-03 -1.824315823614597321e-02 9.997783899307250977e-01
1.181769929826259613e-02 -1.872704923152923584e-02 1.424766331911087036e-02 1.176532357931137085e-02 2.595886820927262306e-03 -1.819949783384799957e-02 9.997617602348327637e-01
1.239774003624916077e-02 -2.027582190930843353e-02 1.537852175533771515e-02 1.302526239305734634e-02 2.255830215290188789e-03 -1.724059134721755981e-02 9.997639656066894531e-01
1.510470546782016754e-02 -2.032083645462989807e-02 1.680061407387256622e-02 1.393235288560390472e-02 2.292554359883069992e-03 -1.615942828357219696e-02 9.997697472572326660e-01
1.783489808440208435e-02 -2.099532261490821838e-02 1.746810413897037506e-02 1.433734688907861710e-02 1.841280143707990646e-03 -1.424800511449575424e-02 9.997940063476562500e-01
1.986489444971084595e-02 -2.162712626159191132e-02 1.903248205780982971e-02 1.462113205343484879e-02 1.322122872807085514e-03 -1.166778896003961563e-02 9.998241662979125977e-01
2.223239652812480927e-02 -2.204374969005584717e-02 2.064205147325992584e-02 1.424492523074150085e-02 9.782738052308559418e-04 -8.521082811057567596e-03 9.998617768287658691e-01
2.520266175270080566e-02 -2.226306684315204620e-02 2.198204956948757172e-02 1.354017667472362518e-02 5.360079812817275524e-04 -4.771786741912364960e-03 9.998968243598937988e-01
2.761731669306755066e-02 -2.272158674895763397e-02 2.391494810581207275e-02 1.250995974987745285e-02 8.324349619215354323e-05 -7.104126852937042713e-04 9.999215006828308105e-01
3.085103444755077362e-02 -2.277718670666217804e-02 2.547623962163925171e-02 1.087654102593660355e-02 1.373657287331297994e-04 4.198274109512567520e-03 9.999320507049560547e-01
3.353647142648696899e-02 -2.362789399921894073e-02 2.720193192362785339e-02 8.915848098695278168e-03 -4.485219542402774096e-04 9.406390599906444550e-03 9.999158978462219238e-01
3.531026467680931091e-02 -2.451391518115997314e-02 3.018041700124740601e-02 6.387017667293548584e-03 -7.542918901890516281e-03 1.474318560212850571e-02 9.998424649238586426e-01
3.825647011399269104e-02 -2.580509521067142487e-02 3.161770105361938477e-02 3.605643985792994499e-03 -1.598134450614452362e-02 1.999265514314174652e-02 9.996659159660339355e-01
4.048500210046768188e-02 -2.776946686208248138e-02 3.334964066743850708e-02 1.398222520947456360e-03 -1.763110980391502380e-02 2.535507269203662872e-02 9.995220303535461426e-01
4.315801709890365601e-02 -2.943534031510353088e-02 3.460259735584259033e-02 -6.822329596616327763e-04 -1.866879500448703766e-02 3.007821179926395416e-02 9.993729591369628906e-01
4.528572037816047668e-02 -3.191882744431495667e-02 3.541466593742370605e-02 -2.421608660370111465e-03 -1.942204870283603668e-02 3.447770699858665466e-02 9.992138147354125977e-01
4.674843698740005493e-02 -3.477498143911361694e-02 3.675391897559165955e-02 -4.025214817374944687e-03 -2.022616378962993622e-02 3.783127292990684509e-02 9.990713000297546387e-01
4.250454157590866089e-02 -3.406099975109100342e-02 3.465029224753379822e-02 -5.430317949503660202e-03 -2.055921033024787903e-02 4.053507372736930847e-02 9.989517927169799805e-01
3.389108553528785706e-02 -2.727751433849334717e-02 2.894286252558231354e-02 -6.492183543741703033e-03 -2.029916085302829742e-02 4.325480386614799500e-02 9.988367557525634766e-01
2.401810884475708008e-02 -2.186473459005355835e-02 2.336293645203113556e-02 -7.133900187909603119e-03 -2.006135694682598114e-02 4.444183409214019775e-02 9.987850189208984375e-01
1.492007728666067123e-02 -1.484493352472782135e-02 1.979045383632183075e-02 -8.022635243833065033e-03 -1.934629864990711212e-02 4.506890475749969482e-02 9.987643361091613770e-01
7.298003416508436203e-03 -6.570631638169288635e-03 1.825888454914093018e-02 -8.355308324098587036e-03 -1.782679557800292969e-02 4.540973156690597534e-02 9.987744092941284180e-01
5.468826275318861008e-03 -1.306086545810103416e-03 1.866034977138042450e-02 -8.028890937566757202e-03 -1.733186468482017517e-02 4.594792798161506653e-02 9.987611770629882812e-01
7.050072774291038513e-03 5.273204296827316284e-04 1.884653419256210327e-02 -7.077753078192472458e-03 -1.650884747505187988e-02 4.523844644427299500e-02 9.988147020339965820e-01
6.726353429257869720e-03 1.538662356324493885e-03 1.987727358937263489e-02 -7.645339705049991608e-03 -1.440699119120836258e-02 4.294823110103607178e-02 9.989441633224487305e-01
9.842478670179843903e-03 2.490245969966053963e-03 1.978123746812343597e-02 -6.997841876000165939e-03 -1.246646977961063385e-02 4.084022343158721924e-02 9.990634322166442871e-01
1.019116397947072983e-02 3.165202215313911438e-03 2.115832827985286713e-02 -6.189664825797080994e-03 -1.004651840776205063e-02 3.847670927643775940e-02 9.991897940635681152e-01
9.287189692258834839e-03 5.073373671621084213e-03 2.308868430554866791e-02 -4.978533368557691574e-03 -8.437084034085273743e-03 3.492006659507751465e-02 9.993420839309692383e-01
1.278074737638235092e-02 6.781331263482570648e-03 2.323544397950172424e-02 -3.712002187967300415e-03 -5.100898910313844681e-03 3.107043728232383728e-02 9.994972944259643555e-01
1.776962354779243469e-02 3.555024508386850357e-03 2.113177068531513214e-02 -1.895139692351222038e-03 -2.019192790612578392e-03 2.472160942852497101e-02 9.996905326843261719e-01
1.908707246184349060e-02 -5.245674401521682739e-03 1.943212561309337616e-02 -1.731065422063693404e-04 1.250697183422744274e-03 1.903433166444301605e-02 9.998180270195007324e-01
