8.334729075431823730e-02 -1.012039836496114731e-02 3.572898358106613159e-02 -2.552750892937183380e-02 6.981417071074247360e-03 2.538418211042881012e-02 9.993274211883544922e-01
7.495141029357910156e-02 -1.424852572381496429e-02 3.385780751705169678e-02 -2.510910481214523315e-02 7.470106240361928940e-03 2.450018003582954407e-02 9.993565082550048828e-01
6.670189648866653442e-02 -1.683687046170234680e-02 3.138689696788787842e-02 -2.447745203971862793e-02 7.501669693738222122e-03 2.221032604575157166e-02 9.994254708290100098e-01
5.835358798503875732e-02 -1.885288767516613007e-02 2.864910475909709930e-02 -2.347637712955474854e-02 7.560785394161939621e-03 2.092920057475566864e-02 9.994766712188720703e-01
5.017248541116714478e-02 -1.951895840466022491e-02 2.582996897399425507e-02 -2.230688557028770447e-02 7.415845058858394623e-03 1.866709440946578979e-02 9.995493888854980469e-01
4.216291010379791260e-02 -1.946896128356456757e-02 2.270625159144401550e-02 -2.086815983057022095e-02 7.073562592267990112e-03 1.673604361712932587e-02 9.996170997619628906e-01
3.462987020611763000e-02 -1.781891845166683197e-02 1.972793973982334137e-02 -1.910009421408176422e-02 6.986664142459630966e-03 1.438806951045989990e-02 9.996896386146545410e-01
2.700937911868095398e-02 -1.613729447126388550e-02 1.665537245571613312e-02 -1.714816130697727203e-02 6.898430176079273224e-03 1.213212870061397552e-02 9.997555613517761230e-01
1.985527388751506805e-02 -1.350468583405017853e-02 1.359224412590265274e-02 -1.506735291332006454e-02 6.628186907619237900e-03 9.275174699723720551e-03 9.998214840888977051e-01
1.305710058659315109e-02 -1.028798613697290421e-02 1.037212554365396500e-02 -1.264677103608846664e-02 6.722167599946260452e-03 6.855461746454238892e-03 9.998739361763000488e-01
7.332551758736371994e-03 -6.717793177813291550e-03 6.665694061666727066e-03 -9.718538261950016022e-03 -2.114266098942607641e-04 3.445492591708898544e-03 9.999468326568603516e-01
2.751396037638187408e-03 -2.704372163861989975e-03 4.309639334678649902e-03 -6.937263999134302139e-03 -4.164224956184625626e-04 7.901752833276987076e-04 9.999755620956420898e-01
2.720390679314732552e-03 -3.535117488354444504e-03 4.632154479622840881e-03 -4.806766752153635025e-03 1.896565372589975595e-04 -1.652188948355615139e-03 9.999870657920837402e-01
3.563204081729054451e-03 -4.352875519543886185e-03 4.689623601734638214e-03 -2.705348888412117958e-03 3.831949725281447172e-04 -3.382046706974506378e-03 9.999905228614807129e-01
4.047726280987262726e-03 -5.395852960646152496e-03 4.595143254846334457e-03 -1.996589708141982555e-04 6.894813850522041321e-04 -5.162699613720178604e-03 9.999864101409912109e-01
4.452750552445650101e-03 -6.024722009897232056e-03 5.102908238768577576e-03 6.078032893128693104e-04 1.026444137096405029e-03 -6.376446690410375595e-03 9.999789595603942871e-01
4.623135551810264587e-03 -7.395559456199407578e-03 4.778625909239053726e-03 2.637077821418642998e-03 1.022754004225134850e-03 -7.430853322148323059e-03 9.999684095382690430e-01
5.884332582354545593e-03 -7.084566168487071991e-03 5.725487601011991501e-03 3.442210610955953598e-03 1.516511780209839344e-03 -8.296733722090721130e-03 9.999585151672363281e-01
5.408439319580793381e-03 -8.239801041781902313e-03 6.402146071195602417e-03 4.541418049484491348e-03 1.141509157605469227e-03 -9.027490392327308655e-03 9.999482631683349609e-01
6.103096529841423035e-03 -8.876261301338672638e-03 6.698029115796089172e-03 5.290935281664133072e-03 1.278221025131642818e-03 -9.307380765676498413e-03 9.999418854713439941e-01
7.317614275962114334e-03 -9.035510942339897156e-03 7.157472893595695496e-03 5.859752651304006577e-03 1.240943092852830887e-03 -8.926171809434890747e-03 9.999422430992126465e-01
8.324877358973026276e-03 -9.792533703148365021e-03 7.052735891193151474e-03 7.145465351641178131e-03 9.950535604730248451e-04 -8.506174199283123016e-03 9.999377727508544922e-01
1.000970881432294846e-02 -8.948486298322677612e-03 8.201301097869873047e-03 7.190727628767490387e-03 9.445542818866670132e-04 -7.648875005543231964e-03 9.999444484710693359e-01
1.091423723846673965e-02 -9.807076305150985718e-03 8.370519615709781647e-03 7.482286076992750168e-03 7.207553717307746410e-04 -6.524836644530296326e-03 9.999504685401916504e-01
1.176699902862310410e-02 -1.033066399395465851e-02 9.095652960240840912e-03 7.434588856995105743e-03 6.126731750555336475e-04 -5.228043533861637115e-03 9.999585151672363281e-01
1.354128215461969376e-02 -9.855531156063079834e-03 9.789631702005863190e-03 7.059469819068908691e-03 3.726424183696508408e-04 -3.425579750910401344e-03 9.999691247940063477e-01
1.465083472430706024e-02 -1.029147859662771225e-02 1.055244728922843933e-02 6.605099420994520187e-03 1.269262575078755617e-04 -1.425756956450641155e-03 9.999771714210510254e-01
1.597568020224571228e-02 -1.051339693367481232e-02 1.136404275894165039e-02 5.943924188613891602e-03 -3.839138662442564964e-05 6.465238984674215317e-04 9.999821186065673828e-01
1.729265786707401276e-02 -1.098208781331777573e-02 1.211499981582164764e-02 5.195095203816890717e-03 -1.293176756007596850e-04 3.570022759959101677e-03 9.999801516532897949e-01
1.863452419638633728e-02 -1.119878981262445450e-02 1.319161988794803619e-02 3.685547038912773132e-03 -1.578573865117505193e-04 6.099519319832324982e-03 9.999746084213256836e-01
1.939022727310657501e-02 -1.214731391519308090e-02 1.451789680868387222e-02 2.673142589628696442e-03 -7.568494416773319244e-03 8.841323666274547577e-03 9.999287128448486328e-01
2.040536515414714813e-02 -1.302764657884836197e-02 1.568464189767837524e-02 1.315658912062644958e-03 -8.657252416014671326e-03 1.161116734147071838e-02 9.998942613601684570e-01
2.226113528013229370e-02 -1.364457421004772186e-02 1.577953994274139404e-02 4.994792470824904740e-05 -9.392631240189075470e-03 1.385673321783542633e-02 9.998598694801330566e-01
2.389223314821720123e-02 -1.412837672978639603e-02 1.623606868088245392e-02 -7.457520696334540844e-04 -9.811836294829845428e-03 1.635633036494255066e-02 9.998177886009216309e-01
2.491907402873039246e-02 -1.515926700085401535e-02 1.668232493102550507e-02 -1.641851849853992462e-03 -1.006588432937860489e-02 1.845462247729301453e-02 9.997776746749877930e-01
2.505362033843994141e-02 -1.824952289462089539e-02 1.687027513980865479e-02 -2.234475687146186829e-03 -1.035416591912508011e-02 1.990036666393280029e-02 9.997458457946777344e-01
1.998700387775897980e-02 -1.573342643678188324e-02 1.452564075589179993e-02 -2.757985144853591919e-03 -1.068457309156656265e-02 2.127320878207683563e-02 9.997128248214721680e-01
1.576372236013412476e-02 -1.149449776858091354e-02 1.221455633640289307e-02 -4.008836578577756882e-03 -1.030987594276666641e-02 2.216305211186408997e-02 9.996931552886962891e-01
1.186450757086277008e-02 -9.441964328289031982e-03 7.953333668410778046e-03 -4.069332033395767212e-03 -1.009650062769651413e-02 2.300718612968921661e-02 9.996760487556457520e-01
7.093028165400028229e-03 -5.402069538831710815e-03 8.218685165047645569e-03 -4.811705555766820908e-03 -9.308321401476860046e-03 2.360834181308746338e-02 9.996663928031921387e-01
6.003521382808685303e-03 2.327144757146015763e-04 7.536184974014759064e-03 -4.408916458487510681e-03 -9.088008664548397064e-03 2.239009737968444824e-02 9.996982812881469727e-01
5.236904602497816086e-03 -2.509439131245017052e-03 7.996366359293460846e-03 -4.032987169921398163e-03 -8.810424245893955231e-03 2.341112121939659119e-02 9.996789693832397461e-01
6.274933926761150360e-03 -8.947902242653071880e-04 8.072419092059135437e-03 -3.980976529419422150e-03 -7.404383737593889236e-03 2.234299667179584503e-02 9.997150301933288574e-01
7.551981136202812195e-03 8.577640983276069164e-04 7.669677492231130600e-03 -3.243544138967990875e-03 -6.895399652421474457e-03 2.127409540116786957e-02 9.997446537017822266e-01
8.030065335333347321e-03 -6.122145714471116662e-05 8.166156709194183350e-03 -3.306266851723194122e-03 -5.661964416503906250e-03 2.006612159311771393e-02 9.997771382331848145e-01
8.620930835604667664e-03 1.917054178193211555e-03 8.503651246428489685e-03 -2.551775425672531128e-03 -4.819257650524377823e-03 1.828400790691375732e-02 9.998179674148559570e-01
1.023570075631141663e-02 2.524565672501921654e-03 7.859976030886173248e-03 -2.034181728959083557e-03 -3.713799640536308289e-03 1.676335930824279785e-02 9.998505115509033203e-01
1.086336094886064529e-02 2.313771517947316170e-03 8.904938586056232452e-03 -1.359264133498072624e-03 -2.168397186324000359e-03 1.431399863213300705e-02 9.998942613601684570e-01
1.095940638333559036e-02 -3.133203135803341866e-04 8.356491103768348694e-03 -5.010639433749020100e-04 -3.837022522930055857e-04 1.062431093305349350e-02 9.999433755874633789e-01
6.672879680991172791e-03 -9.770343080163002014e-03 7.790728472173213959e-03 1.576016511535272002e-04 1.309587736614048481e-03 8.811192587018013000e-03 9.999603033065795898e-01
1.593918651342391968e-01 -1.871442236006259918e-02 6.905560195446014404e-02 -5.081564560532569885e-02 1.499262824654579163e-02 4.945792630314826965e-02 9.973700046539306641e-01
1.427861601114273071e-01 -2.634775824844837189e-02 6.500504910945892334e-02 -4.984416067600250244e-02 1.764921285212039948e-02 4.632582888007164001e-02 9.975259304046630859e-01
1.261254996061325073e-01 -3.184505179524421692e-02 6.011116132140159607e-02 -4.803634434938430786e-02 1.507206074893474579e-02 4.307012632489204407e-02 9.978027343750000000e-01
1.096673011779785156e-01 -3.499296307563781738e-02 5.457426607608795166e-02 -4.625923559069633484e-02 1.495589036494493484e-02 3.934472054243087769e-02 9.980422854423522949e-01
9.354081749916076660e-02 -3.620364144444465637e-02 4.848095402121543884e-02 -4.311494529247283936e-02 1.483864150941371918e-02 3.540391102433204651e-02 9.983323216438293457e-01
7.754894345998764038e-02 -3.544680029153823853e-02 4.267473891377449036e-02 -4.029250144958496094e-02 1.424930617213249207e-02 3.104231692850589752e-02 9.986039400100708008e-01
6.348717957735061646e-02 -3.098837099969387054e-02 3.591475263237953186e-02 -3.627871721982955933e-02 1.407168060541152954e-02 2.663462981581687927e-02 9.988875985145568848e-01
4.959319531917572021e-02 -2.520956099033355713e-02 2.994585596024990082e-02 -3.170077502727508545e-02 1.406250614672899246e-02 2.110965363681316376e-02 9.991754889488220215e-01
3.532342612743377686e-02 -2.046132646501064301e-02 2.360229566693305969e-02 -2.741908282041549683e-02 1.308093406260013580e-02 1.618312858045101166e-02 9.994074106216430664e-01
2.219717949628829956e-02 -1.485067792236804962e-02 1.658462174236774445e-02 -2.210438996553421021e-02 6.412886548787355423e-03 1.030301488935947418e-02 9.996820092201232910e-01
1.082229614257812500e-02 -8.879803121089935303e-03 9.408180601894855499e-03 -1.687023416161537170e-02 -1.534759066998958588e-04 3.907874692231416702e-03 9.998500347137451172e-01
7.282327394932508469e-03 -6.123338360339403152e-03 7.639644201844930649e-03 -1.138363964855670929e-02 -1.947122800629585981e-04 -1.968934899196028709e-03 9.999332427978515625e-01
7.418711669743061066e-03 -7.645217236131429672e-03 8.681943640112876892e-03 -7.650871295481920242e-03 5.674127023667097092e-04 -5.521822255104780197e-03 9.999552965164184570e-01
8.232123218476772308e-03 -9.516214020550251007e-03 9.015453979372978210e-03 -2.986825536936521530e-03 1.156280050054192543e-03 -9.260757826268672943e-03 9.999520182609558105e-01
9.616795927286148071e-03 -1.106270123273134232e-02 9.036675095558166504e-03 -1.763941399985924363e-04 1.515308162197470665e-03 -1.216339785605669022e-02 9.999248385429382324e-01
1.005294360220432281e-02 -1.311921048909425735e-02 9.380134753882884979e-03 3.312115790322422981e-03 1.892097177915275097e-03 -1.462430972605943680e-02 9.998857975006103516e-01
1.081577688455581665e-02 -1.479436364024877548e-02 9.803556837141513824e-03 5.856760777533054352e-03 2.190723782405257225e-03 -1.610842160880565643e-02 9.998506903648376465e-01
1.144967507570981979e-02 -1.607335545122623444e-02 1.099695451557636261e-02 8.411973714828491211e-03 2.440902870148420334e-03 -1.716308109462261200e-02 9.998143315315246582e-01
1.287055853754281998e-02 -1.695408672094345093e-02 1.199199538677930832e-02 1.021380629390478134e-02 2.505232347175478935e-03 -1.821736246347427368e-02 9.997787475585937500e-01
1.475541666150093079e-02 -1.783073693513870239e-02 1.255781389772891998e-02 1.188888214528560638e-02 2.528004581108689308e-03 -1.830733940005302429e-02 9.997585415840148926e-01
1.567413099110126495e-02 -1.934673078358173370e-02 1.346616167575120926e-02 1.313287671655416489e-02 2.112214919179677963e-03 -1.736440323293209076e-02 9.997607469558715820e-01
1.845906116068363190e-02 -1.907521113753318787e-02 1.479015406221151352e-02 1.401679683476686478e-02 2.095300937071442604e-03 -1.611134596168994904e-02 9.997697472572326660e-01
2.102333493530750275e-02 -1.946845836937427521e-02 1.558911614120006561e-02 1.453164778649806976e-02 1.749261049553751945e-03 -1.419496629387140274e-02 9.997920989990234375e-01
2.320711500942707062e-02 -1.980631798505783081e-02 1.713830605149269104e-02 1.472204551100730896e-02 1.381440553814172745e-03 -1.162476092576980591e-02 9.998230934143066406e-01
2.557983808219432831e-02 -2.018422819674015045e-02 1.856258139014244080e-02 1.425806712359189987e-02 9.621311910450458527e-04 -8.554150350391864777e-03 9.998612999916076660e-01
2.828787453472614288e-02 -2.016558125615119934e-02 2.017856389284133911e-02 1.368780247867107391e-02 4.950476577505469322e-04 -4.821528680622577667e-03 9.998945593833923340e-01
3.046408481895923615e-02 -2.095581963658332825e-02 2.199328131973743439e-02 1.258114073425531387e-02 5.868172229384072125e-05 -7.233566138893365860e-04 9.999206066131591797e-01
3.312852606177330017e-02 -2.172275073826313019e-02 2.345737069845199585e-02 1.085344050079584122e-02 1.536450145067647099e-05 4.375243559479713440e-03 9.999315142631530762e-01
3.563968837261199951e-02 -2.245819754898548126e-02 2.546290494501590729e-02 8.902770467102527618e-03 -4.807418445125222206e-04 9.421777911484241486e-03 9.999158382415771484e-01
3.772177919745445251e-02 -2.357279323041439056e-02 2.792837843298912048e-02 6.439630407840013504e-03 -7.709954865276813507e-03 1.485263928771018982e-02 9.998392462730407715e-01
4.080494493246078491e-02 -2.447004616260528564e-02 2.941619977355003357e-02 3.808722598478198051e-03 -1.625031977891921997e-02 2.035603113472461700e-02 9.996534585952758789e-01
4.316822811961174011e-02 -2.629277855157852173e-02 3.110580332577228546e-02 1.445104018785059452e-03 -1.785861141979694366e-02 2.573775127530097961e-02 9.995081424713134766e-01
4.551473632454872131e-02 -2.847564406692981720e-02 3.231005370616912842e-02 -6.184654776006937027e-04 -1.901052147150039673e-02 3.051219694316387177e-02 9.993534088134765625e-01
4.756365343928337097e-02 -3.095782734453678131e-02 3.321322798728942871e-02 -2.446747152134776115e-03 -1.968703605234622955e-02 3.480181470513343811e-02 9.991973042488098145e-01
4.939879849553108215e-02 -3.398659080266952515e-02 3.391513973474502563e-02 -4.053578246384859085e-03 -2.049833163619041443e-02 3.801418840885162354e-02 9.990587234497070312e-01
4.523001238703727722e-02 -3.322690725326538086e-02 3.190061450004577637e-02 -5.413325969129800797e-03 -2.071272209286689758e-02 4.064331203699111938e-02 9.989443421363830566e-01
3.628081828355789185e-02 -2.697329781949520111e-02 2.620117366313934326e-02 -6.407960318028926849e-03 -2.055326290428638458e-02 4.344308376312255859e-02 9.988238811492919922e-01
2.796622365713119507e-02 -2.132152207195758820e-02 1.907999441027641296e-02 -7.263669278472661972e-03 -2.025736123323440552e-02 4.505037143826484680e-02 9.987528920173645020e-01
1.995751447975635529e-02 -1.439675316214561462e-02 1.513518672436475754e-02 -7.846252992749214172e-03 -1.945788972079753876e-02 4.562807455658912659e-02 9.987381696701049805e-01
1.266026310622692108e-02 -6.092224270105361938e-03 1.524544227868318558e-02 -8.482840843498706818e-03 -1.763531379401683807e-02 4.547183215618133545e-02 9.987739324569702148e-01
1.221122127026319504e-02 -6.966782384552061558e-04 1.517311111092567444e-02 -8.182034827768802643e-03 -1.749354600906372070e-02 4.619741439819335938e-02 9.987456202507019043e-01
1.321928482502698898e-02 7.124374387785792351e-04 1.516299415379762650e-02 -7.324625737965106964e-03 -1.615867950022220612e-02 4.523092508316040039e-02 9.988189935684204102e-01
1.337008178234100342e-02 1.770999166183173656e-03 1.614998094737529755e-02 -7.668882608413696289e-03 -1.436341367661952972e-02 4.356196522712707520e-02 9.989180564880371094e-01
1.565076038241386414e-02 2.899935934692621231e-03 1.552472636103630066e-02 -7.162442430853843689e-03 -1.247142627835273743e-02 4.112000763416290283e-02 9.990506768226623535e-01
1.697982847690582275e-02 4.030306823551654816e-03 1.603107154369354248e-02 -6.093010772019624710e-03 -1.028810814023017883e-02 3.862291574478149414e-02 9.991823434829711914e-01
1.870666816830635071e-02 5.137334577739238739e-03 1.639349572360515594e-02 -4.968673922121524811e-03 -8.600586093962192535e-03 3.499821573495864868e-02 9.993380308151245117e-01
2.103374339640140533e-02 6.494110450148582458e-03 1.626739464700222015e-02 -3.658622736111283302e-03 -5.074018146842718124e-03 3.097976930439472198e-02 9.995004534721374512e-01
2.278772741556167603e-02 3.907886333763599396e-03 1.550474856048822403e-02 -1.738377148285508156e-03 -2.094122581183910370e-03 2.437836863100528717e-02 9.996991157531738281e-01
1.970805227756500244e-02 -1.240584440529346466e-02 1.507078576833009720e-02 -3.155360172968357801e-04 1.693051890470087528e-03 2.027567476034164429e-02 9.997929334640502930e-01
