0.000000000000000000e+00 0.000000000000000000e+00 0.000000000000000000e+00 2.838766027801753467e-11 4.955506838211221066e-11 -1.084054374045351210e-11 1.000000000000000000e+00
8.447828888893127441e-02 -2.698119543492794037e-02 2.200184389948844910e-02 -1.890626363456249237e-02 1.436664722859859467e-02 2.477984689176082611e-02 9.994109272956848145e-01
1.628647595643997192e-01 -4.948247224092483521e-02 4.142400622367858887e-02 -3.680796921253204346e-02 2.640415541827678680e-02 4.523682594299316406e-02 9.979487061500549316e-01
2.358337193727493286e-01 -6.560657918453216553e-02 5.657564848661422729e-02 -5.684562027454376221e-02 3.799359872937202454e-02 6.492239981889724731e-02 9.955451488494873047e-01
3.023091852664947510e-01 -7.726912200450897217e-02 6.838148832321166992e-02 -7.854590564966201782e-02 5.045426636934280396e-02 8.678391575813293457e-02 9.918434619903564453e-01
3.620223104953765869e-01 -8.424843102693557739e-02 7.735708355903625488e-02 -9.939656406641006470e-02 6.285643577575683594e-02 1.069610789418220520e-01 9.872834086418151855e-01
4.145727753639221191e-01 -8.678744733333587646e-02 8.363643288612365723e-02 -1.192228645086288452e-01 7.505881786346435547e-02 1.248832568526268005e-01 9.821182489395141602e-01
4.595285356044769287e-01 -8.638310432434082031e-02 8.763122558593750000e-02 -1.372250020503997803e-01 8.578565716743469238e-02 1.386030912399291992e-01 9.770359992980957031e-01
4.966644346714019775e-01 -8.445688337087631226e-02 9.001991152763366699e-02 -1.541243493556976318e-01 9.578210115432739258e-02 1.494525671005249023e-01 9.719750285148620605e-01
5.258694887161254883e-01 -8.152958005666732788e-02 9.112663567066192627e-02 -1.682464331388473511e-01 1.037863194942474365e-01 1.554248332977294922e-01 9.678660631179809570e-01
5.471823811531066895e-01 -7.899185270071029663e-02 9.128382802009582520e-02 -1.804720312356948853e-01 1.102723777294158936e-01 1.588535159826278687e-01 9.643834233283996582e-01
5.603193044662475586e-01 -7.609549164772033691e-02 9.094710648059844971e-02 -1.916481405496597290e-01 1.136499866843223572e-01 1.602857708930969238e-01 9.615941047668457031e-01
5.657921433448791504e-01 -7.474471628665924072e-02 9.054581820964813232e-02 -2.010872513055801392e-01 1.138208210468292236e-01 1.585799008607864380e-01 9.599276781082153320e-01
5.719234347343444824e-01 -7.339587807655334473e-02 9.061676263809204102e-02 -2.058640122413635254e-01 1.124248877167701721e-01 1.528695821762084961e-01 9.600059390068054199e-01
5.788443684577941895e-01 -7.234194129705429077e-02 9.114877879619598389e-02 -2.072250545024871826e-01 1.104420199990272522e-01 1.447139978408813477e-01 9.612065553665161133e-01
5.866219997406005859e-01 -7.140494883060455322e-02 9.194204211235046387e-02 -2.055989205837249756e-01 1.083323508501052856e-01 1.332731992006301880e-01 9.634477496147155762e-01
5.953250527381896973e-01 -7.038811594247817993e-02 9.302128851413726807e-02 -2.023492753505706787e-01 1.053922921419143677e-01 1.197804436087608337e-01 9.662297368049621582e-01
6.050256490707397461e-01 -6.937094777822494507e-02 9.437070786952972412e-02 -1.976303905248641968e-01 1.020968258380889893e-01 1.042874678969383240e-01 9.693515896797180176e-01
6.157634258270263672e-01 -6.851198524236679077e-02 9.627844393253326416e-02 -1.915033012628555298e-01 9.874746948480606079e-02 8.752966672182083130e-02 9.725811481475830078e-01
6.276099085807800293e-01 -6.794817000627517700e-02 9.864769876003265381e-02 -1.834516227245330811e-01 9.466606378555297852e-02 6.923149526119232178e-02 9.760076403617858887e-01
6.406486034393310547e-01 -6.781306117773056030e-02 1.013600528240203857e-01 -1.738640964031219482e-01 9.047555923461914062e-02 4.950433596968650818e-02 9.793543219566345215e-01
6.548905372619628906e-01 -6.826278567314147949e-02 1.046170890331268311e-01 -1.630159467458724976e-01 8.597259968519210815e-02 2.896213345229625702e-02 9.824437499046325684e-01
6.703454852104187012e-01 -6.950742006301879883e-02 1.085003465414047241e-01 -1.501865088939666748e-01 8.105903863906860352e-02 8.901236578822135925e-03 9.852888584136962891e-01
6.871093511581420898e-01 -7.150812447071075439e-02 1.129079908132553101e-01 -1.366312354803085327e-01 7.621063292026519775e-02 -1.125172432512044907e-02 9.876220226287841797e-01
7.050780653953552246e-01 -7.471363991498947144e-02 1.181088835000991821e-01 -1.224183216691017151e-01 7.158388942480087280e-02 -2.875839546322822571e-02 9.894759654998779297e-01
7.242334485054016113e-01 -7.941517233848571777e-02 1.240912675857543945e-01 -1.088182032108306885e-01 6.803697347640991211e-02 -4.220076650381088257e-02 9.908323287963867188e-01
7.444002032279968262e-01 -8.628591895103454590e-02 1.307277381420135498e-01 -9.568102657794952393e-02 6.561709940433502197e-02 -4.994695261120796204e-02 9.919903278350830078e-01
7.658413052558898926e-01 -9.464691579341888428e-02 1.378864496946334839e-01 -8.406000584363937378e-02 6.446133553981781006e-02 -5.277635529637336731e-02 9.929720163345336914e-01
7.887732982635498047e-01 -1.043718531727790833e-01 1.452723592519760132e-01 -7.354429364204406738e-02 6.371506303548812866e-02 -5.238107219338417053e-02 9.938752055168151855e-01
8.135027885437011719e-01 -1.151205822825431824e-01 1.525789201259613037e-01 -6.663372367620468140e-02 6.503771990537643433e-02 -4.710747301578521729e-02 9.945406317710876465e-01
8.403057456016540527e-01 -1.263681650161743164e-01 1.599389910697937012e-01 -6.467179208993911743e-02 6.841228902339935303e-02 -3.606201335787773132e-02 9.949055314064025879e-01
8.696864843368530273e-01 -1.368200033903121948e-01 1.671664267778396606e-01 -6.723588705062866211e-02 6.926321238279342651e-02 -2.252991497516632080e-02 9.950750470161437988e-01
9.015843868255615234e-01 -1.465107500553131104e-01 1.742009967565536499e-01 -7.057762145996093750e-02 7.083466649055480957e-02 -7.599741686135530472e-03 9.949590563774108887e-01
9.359825849533081055e-01 -1.547914296388626099e-01 1.810367703437805176e-01 -7.366494089365005493e-02 7.188212871551513672e-02 6.867464166134595871e-03 9.946654438972473145e-01
9.723246693611145020e-01 -1.629153192043304443e-01 1.880535781383514404e-01 -7.675962895154953003e-02 7.289920747280120850e-02 2.144441194832324982e-02 9.941498041152954102e-01
1.010648250579833984e+00 -1.703518033027648926e-01 1.951414346694946289e-01 -7.969493418931961060e-02 7.339405268430709839e-02 3.613654896616935730e-02 9.934566617012023926e-01
1.050779461860656738e+00 -1.769719570875167847e-01 2.023578733205795288e-01 -8.408042043447494507e-02 7.482617348432540894e-02 5.326252058148384094e-02 9.922169446945190430e-01
1.085670351982116699e+00 -1.775229424238204956e-01 2.071035653352737427e-01 -8.585561811923980713e-02 7.475159317255020142e-02 6.381433457136154175e-02 9.914478063583374023e-01
1.113140225410461426e+00 -1.694400161504745483e-01 2.090068906545639038e-01 -8.554332703351974487e-02 7.278819382190704346e-02 6.857434660196304321e-02 9.913030862808227539e-01
1.133128523826599121e+00 -1.604636013507843018e-01 2.102980166673660278e-01 -8.549968898296356201e-02 7.085672020912170410e-02 7.249367982149124146e-02 9.911679029464721680e-01
1.146904706954956055e+00 -1.535342037677764893e-01 2.112404257059097290e-01 -8.589118719100952148e-02 6.896050274372100830e-02 7.781069725751876831e-02 9.908646345138549805e-01
1.154916644096374512e+00 -1.492528021335601807e-01 2.120715230703353882e-01 -8.577971160411834717e-02 6.722327321767807007e-02 8.414491266012191772e-02 9.904759526252746582e-01
1.162375569343566895e+00 -1.451588720083236694e-01 2.127628028392791748e-01 -8.594359457492828369e-02 6.568196415901184082e-02 9.065674990415573120e-02 9.899904727935791016e-01
1.169140100479125977e+00 -1.413049101829528809e-01 2.134631127119064331e-01 -8.593130856752395630e-02 6.427680701017379761e-02 9.694653749465942383e-02 9.894875288009643555e-01
1.175208449363708496e+00 -1.377192884683609009e-01 2.140541225671768188e-01 -8.615925908088684082e-02 6.309352070093154907e-02 1.029655411839485168e-01 9.889357089996337891e-01
1.180607080459594727e+00 -1.345632821321487427e-01 2.145702838897705078e-01 -8.657409995794296265e-02 6.219146028161048889e-02 1.090551018714904785e-01 9.883036017417907715e-01
1.185184836387634277e+00 -1.317248642444610596e-01 2.150047421455383301e-01 -8.673724532127380371e-02 6.127341464161872864e-02 1.144829615950584412e-01 9.877327680587768555e-01
1.189045429229736328e+00 -1.293182820081710815e-01 2.153965532779693604e-01 -8.679339289665222168e-02 6.074872240424156189e-02 1.192421093583106995e-01 9.871968626976013184e-01
1.192011952400207520e+00 -1.274143308401107788e-01 2.156764268875122070e-01 -8.678359538316726685e-02 6.041605770587921143e-02 1.234697028994560242e-01 9.866985082626342773e-01
1.196933150291442871e+00 -1.245468333363533020e-01 2.160869240760803223e-01 -8.654012531042098999e-02 6.051829829812049866e-02 1.261626482009887695e-01 9.863728284835815430e-01
1.204893350601196289e+00 -1.207509562373161316e-01 2.165780365467071533e-01 -8.465297520160675049e-02 6.039109453558921814e-02 1.247317865490913391e-01 9.867262840270996094e-01
1.377147674560546875e+00 -1.161194965243339539e-01 2.412698864936828613e-01 -1.262817084789276123e-01 8.381368964910507202e-02 1.734401583671569824e-01 9.731118679046630859e-01
1.535850286483764648e+00 -1.029757037758827209e-01 2.570426464080810547e-01 -1.605145186185836792e-01 1.032336279749870300e-01 2.077991217374801636e-01 9.593734741210937500e-01
1.678622841835021973e+00 -7.999611645936965942e-02 2.623487412929534912e-01 -1.995478570461273193e-01 1.227754205465316772e-01 2.454248964786529541e-01 9.406771659851074219e-01
1.804125547409057617e+00 -4.924453794956207275e-02 2.589825689792633057e-01 -2.388349026441574097e-01 1.429194658994674683e-01 2.823514640331268311e-01 9.180466532707214355e-01
1.911132931709289551e+00 -1.238321699202060699e-02 2.479742169380187988e-01 -2.759647667407989502e-01 1.630287617444992065e-01 3.154529333114624023e-01 8.931710124015808105e-01
1.999673604965209961e+00 2.611806429922580719e-02 2.307208627462387085e-01 -3.107375502586364746e-01 1.802125722169876099e-01 3.418554961681365967e-01 8.683895468711853027e-01
2.070808649063110352e+00 6.262738257646560669e-02 2.109110057353973389e-01 -3.425348401069641113e-01 1.947995424270629883e-01 3.617689013481140137e-01 8.448942303657531738e-01
2.125737905502319336e+00 9.441404789686203003e-02 1.906452327966690063e-01 -3.708272874355316162e-01 2.062407433986663818e-01 3.745877444744110107e-01 8.244003057479858398e-01
2.166013479232788086e+00 1.195944026112556458e-01 1.725790500640869141e-01 -3.950758874416351318e-01 2.141118645668029785e-01 3.814256787300109863e-01 8.078277111053466797e-01
2.192263841629028320e+00 1.374825686216354370e-01 1.581244170665740967e-01 -4.169195592403411865e-01 2.179114520549774170e-01 3.850874006748199463e-01 7.939775586128234863e-01
2.205526828765869141e+00 1.477912515401840210e-01 1.490706205368041992e-01 -4.354037642478942871e-01 2.157943695783615112e-01 3.854984343051910400e-01 7.843770384788513184e-01
2.213878870010375977e+00 1.542422324419021606e-01 1.435230374336242676e-01 -4.486095905303955078e-01 2.092817723751068115e-01 3.804560899734497070e-01 7.811553478240966797e-01
2.223723888397216797e+00 1.615651994943618774e-01 1.384289115667343140e-01 -4.551673829555511475e-01 2.013980448246002197e-01 3.696772456169128418e-01 7.846019268035888672e-01
2.235367774963378906e+00 1.695641875267028809e-01 1.337199658155441284e-01 -4.569975733757019043e-01 1.932105123996734619e-01 3.534954786300659180e-01 7.930093407630920410e-01
2.248821020126342773e+00 1.783471107482910156e-01 1.291609406471252441e-01 -4.550869166851043701e-01 1.833271086215972900e-01 3.323642909526824951e-01 8.054943084716796875e-01
2.264184474945068359e+00 1.880141496658325195e-01 1.247752308845520020e-01 -4.503552615642547607e-01 1.723441928625106812e-01 3.076392412185668945e-01 8.202656507492065430e-01
2.281828165054321289e+00 1.983676552772521973e-01 1.211115270853042603e-01 -4.433217346668243408e-01 1.606475859880447388e-01 2.797861099243164062e-01 8.362881541252136230e-01
2.301980495452880859e+00 2.092148661613464355e-01 1.185420304536819458e-01 -4.326077699661254883e-01 1.479734778404235840e-01 2.488466948270797729e-01 8.538323640823364258e-01
2.324943065643310547e+00 2.200038135051727295e-01 1.171514987945556641e-01 -4.181620180606842041e-01 1.343022882938385010e-01 2.146641761064529419e-01 8.723661303520202637e-01
2.350880622863769531e+00 2.303588688373565674e-01 1.173086464405059814e-01 -4.007450342178344727e-01 1.203466877341270447e-01 1.778771430253982544e-01 8.906625509262084961e-01
2.379887342453002930e+00 2.397934645414352417e-01 1.196769624948501587e-01 -3.796786367893218994e-01 1.058332398533821106e-01 1.407733708620071411e-01 9.081995487213134766e-01
2.411976814270019531e+00 2.478962242603302002e-01 1.243479996919631958e-01 -3.554675877094268799e-01 9.174975752830505371e-02 1.037237122654914856e-01 9.243733882904052734e-01
2.447097778320312500e+00 2.540991902351379395e-01 1.317104995250701904e-01 -3.288492858409881592e-01 7.805881649255752563e-02 6.868977844715118408e-02 9.386408925056457520e-01
2.485066413879394531e+00 2.575778663158416748e-01 1.423011869192123413e-01 -3.017260730266571045e-01 6.701749563217163086e-02 3.988998383283615112e-02 9.501993656158447266e-01
2.525669574737548828e+00 2.573011219501495361e-01 1.561506092548370361e-01 -2.752587795257568359e-01 5.946805700659751892e-02 1.997095160186290741e-02 9.593213200569152832e-01
2.568923473358154297e+00 2.533364593982696533e-01 1.724815070629119873e-01 -2.506451904773712158e-01 5.612396448850631714e-02 1.029601786285638809e-02 9.663959741592407227e-01
2.615234375000000000e+00 2.466724812984466553e-01 1.903332322835922241e-01 -2.286228537559509277e-01 5.544188618659973145e-02 7.825273089110851288e-03 9.719035625457763672e-01
2.665131568908691406e+00 2.377562671899795532e-01 2.087085843086242676e-01 -2.112502455711364746e-01 5.814056098461151123e-02 1.328181847929954529e-02 9.756108522415161133e-01
2.719307184219360352e+00 2.280699908733367920e-01 2.267451882362365723e-01 -2.030231952667236328e-01 6.632918864488601685e-02 2.883235551416873932e-02 9.764992594718933105e-01
2.778415679931640625e+00 2.202613055706024170e-01 2.436739206314086914e-01 -2.038642615079879761e-01 7.364701479673385620e-02 5.260849744081497192e-02 9.748065471649169922e-01
2.842530488967895508e+00 2.162312120199203491e-01 2.590769827365875244e-01 -2.091180533170700073e-01 7.888374477624893188e-02 7.950478047132492065e-02 9.714556336402893066e-01
2.911333322525024414e+00 2.169365137815475464e-01 2.724113762378692627e-01 -2.148019373416900635e-01 8.447626233100891113e-02 1.073556393384933472e-01 9.670566320419311523e-01
2.984123468399047852e+00 2.220621556043624878e-01 2.842529118061065674e-01 -2.202238291501998901e-01 8.954964578151702881e-02 1.351283788681030273e-01 9.618849158287048340e-01
3.060425519943237305e+00 2.309248149394989014e-01 2.949870824813842773e-01 -2.250003069639205933e-01 9.385849535465240479e-02 1.624488085508346558e-01 9.561254978179931641e-01
3.139756202697753906e+00 2.442518770694732666e-01 3.044013082981109619e-01 -2.309497445821762085e-01 9.883189201354980469e-02 1.924132704734802246e-01 9.486156105995178223e-01
3.213101625442504883e+00 2.646474242210388184e-01 3.091695904731750488e-01 -2.355742007493972778e-01 1.025299504399299622e-01 2.178129851818084717e-01 9.415677785873413086e-01
3.269289493560791016e+00 2.939125597476959229e-01 3.057544231414794922e-01 -2.358627021312713623e-01 1.025860905647277832e-01 2.329037189483642578e-01 9.378703236579895020e-01
3.307478189468383789e+00 3.261283636093139648e-01 2.986227571964263916e-01 -2.347057759761810303e-01 1.006724461913108826e-01 2.414087355136871338e-01 9.362158179283142090e-01
3.333091020584106445e+00 3.526783287525177002e-01 2.923254072666168213e-01 -2.342415153980255127e-01 9.841696918010711670e-02 2.507160305976867676e-01 9.341233968734741211e-01
3.349037885665893555e+00 3.708879947662353516e-01 2.884904146194458008e-01 -2.332583367824554443e-01 9.663801640272140503e-02 2.621566951274871826e-01 9.314104914665222168e-01
3.360052585601806641e+00 3.844579756259918213e-01 2.858299911022186279e-01 -2.319342941045761108e-01 9.531570225954055786e-02 2.747768461704254150e-01 9.282343983650207520e-01
3.369928836822509766e+00 3.972382247447967529e-01 2.833390831947326660e-01 -2.309404164552688599e-01 9.429399669170379639e-02 2.873446941375732422e-01 9.247746467590332031e-01
3.378529310226440430e+00 4.091785550117492676e-01 2.810466587543487549e-01 -2.299061119556427002e-01 9.345178306102752686e-02 2.991821467876434326e-01 9.213576912879943848e-01
3.386089563369750977e+00 4.199646711349487305e-01 2.789240479469299316e-01 -2.296158671379089355e-01 9.301333129405975342e-02 3.109558820724487305e-01 9.175682663917541504e-01
3.392471313476562500e+00 4.295623302459716797e-01 2.770051956176757812e-01 -2.291890829801559448e-01 9.267825633287429810e-02 3.220396041870117188e-01 9.138783812522888184e-01
3.397693395614624023e+00 4.378687739372253418e-01 2.753691971302032471e-01 -2.286211848258972168e-01 9.263747930526733398e-02 3.316718339920043945e-01 9.105737209320068359e-01
3.401875734329223633e+00 4.447317421436309814e-01 2.740094959735870361e-01 -2.280438542366027832e-01 9.303654730319976807e-02 3.402683138847351074e-01 9.075007438659667969e-01
3.406591892242431641e+00 4.523536264896392822e-01 2.724285423755645752e-01 -2.273635417222976685e-01 9.373903274536132812e-02 3.467538952827453613e-01 9.051411151885986328e-01
3.414889335632324219e+00 4.640215933322906494e-01 2.698353528976440430e-01 -2.258003801107406616e-01 9.474375844001770020e-02 3.487453758716583252e-01 9.046626091003417969e-01
