0.000000000000000000e+00 0.000000000000000000e+00 0.000000000000000000e+00 0.000000000000000000e+00 0.000000000000000000e+00 0.000000000000000000e+00 1.000000000000000000e+00
8.345407247543334961e-02 -9.592620655894279480e-03 3.562518581748008728e-02 -2.543012786745536477e-02 6.852487170838142232e-03 2.567358213226580282e-02 9.993233806915137185e-01
1.594725795689283521e-01 -1.855595664500925279e-02 6.891075970419605068e-02 -5.036487754578565512e-02 1.431020710705906314e-02 5.047714900423877493e-02 9.973518208289164910e-01
2.283974696011782379e-01 -2.466931460917178021e-02 9.940251562133295415e-02 -7.486315210348223892e-02 2.169531748752463046e-02 7.268013231182381129e-02 9.943049934619569985e-01
2.898682824944459613e-01 -3.034242044440087216e-02 1.271603772196132076e-01 -9.828506583299061183e-02 2.908353117272304694e-02 9.367499386705470388e-02 9.903126726305875316e-01
3.438331280924043498e-01 -3.481750127843774578e-02 1.523243240273091936e-01 -1.205009965954357970e-01 3.608373891965084568e-02 1.121674402258111131e-01 9.856956624426599367e-01
3.903559695883915825e-01 -3.885617049601763212e-02 1.744972687774795639e-01 -1.411823443000137790e-01 4.254373474425762053e-02 1.286176023607908392e-01 9.806707340667020212e-01
4.294570045525957780e-01 -4.141217070218049939e-02 1.937458945349760930e-01 -1.601319052636702434e-01 4.877751184013261188e-02 1.425237826868505919e-01 9.755334431089197622e-01
4.608703271859270756e-01 -4.352434145484479489e-02 2.103610097721724526e-01 -1.772657453703977426e-01 5.494855925834384036e-02 1.541009090783300450e-01 9.704691757984598155e-01
4.848047854323335737e-01 -4.504364885366304860e-02 2.240061926491886124e-01 -1.924979487461611072e-01 6.078091813786828251e-02 1.626450080090499350e-01 9.658140716973293571e-01
5.012614301963498331e-01 -4.628808876206526313e-02 2.345675265482425331e-01 -2.055165541897692738e-01 6.658253168586832083e-02 1.687086283493684780e-01 9.617001149780209923e-01
5.111701420591471257e-01 -4.735163764066024211e-02 2.412017436786527969e-01 -2.146124905139963901e-01 6.540500571246768424e-02 1.726280060570697106e-01 9.590950086763522231e-01
5.155226658065565903e-01 -4.673843565530441668e-02 2.449615733078379931e-01 -2.210047689445771846e-01 6.394613333126877852e-02 1.738853579787796588e-01 9.575132721880805775e-01
5.200857583522647820e-01 -4.681021324449743948e-02 2.494922984451336534e-01 -2.257700943295176399e-01 6.289807175331971201e-02 1.724408986277847777e-01 9.567318503930958284e-01
5.256370521161619624e-01 -4.717433978507355047e-02 2.542553934619927736e-01 -2.286582322268417289e-01 6.211652745755871091e-02 1.692316090188602795e-01 9.566700645261133618e-01
5.319543929177602548e-01 -4.837349180483931088e-02 2.592821128133427910e-01 -2.292354788355714657e-01 6.165487650670539721e-02 1.642137438147299178e-01 9.574359601499827788e-01
5.388244310832869255e-01 -4.966447476960281909e-02 2.650527166228638931e-01 -2.292290287252689851e-01 6.134776663674659791e-02 1.578598048480499005e-01 9.585253183571567082e-01
5.462837206920244659e-01 -5.221238997566880063e-02 2.711165480489374224e-01 -2.272955353056000383e-01 6.109284431275884691e-02 1.504133512820625407e-01 9.601980148698583406e-01
5.547299978734449022e-01 -5.388563330325887857e-02 2.777088398821146997e-01 -2.247762056948926501e-01 6.123836002128701939e-02 1.420236933171416527e-01 9.620575820354356766e-01
5.630993079952505420e-01 -5.653731316539167134e-02 2.855226910931015216e-01 -2.212260967839950188e-01 6.095399452603374874e-02 1.329301202648929536e-01 9.641956273388714305e-01
5.720736964219990117e-01 -5.978473515337834332e-02 2.938781703665750977e-01 -2.169228538361654135e-01 6.084017609916596986e-02 1.233973863645351915e-01 9.664450493919443108e-01
5.821971074661406176e-01 -6.283562292661071247e-02 3.025168034917762871e-01 -2.120389107380848681e-01 6.086757467775287533e-02 1.142333231386304937e-01 9.686513235269746946e-01
5.934567743507980220e-01 -6.676694935805246867e-02 3.110434058044653227e-01 -2.057461499842379027e-01 6.080453834540040098e-02 1.053659569036761584e-01 9.710145956725053651e-01
6.060882737412949250e-01 -6.928964524355830934e-02 3.200773557943397130e-01 -1.993561821674347811e-01 6.089066519683909717e-02 9.734366365836262525e-02 9.731770911139855373e-01
6.196972253884568405e-01 -7.289936165577391713e-02 3.294117696640966875e-01 -1.925011713821656034e-01 6.095666173161647799e-02 9.037334421011898600e-02 9.752231760286005358e-01
6.341979430752432423e-01 -7.700337767601526939e-02 3.394517890647346103e-01 -1.855757105459271972e-01 6.117628917645812764e-02 8.470926575855426688e-02 9.770585742894942749e-01
6.504435699719439690e-01 -8.010163760074739958e-02 3.495915667941963956e-01 -1.789486428000316154e-01 6.150545869236786339e-02 8.093728165511261674e-02 9.785926722745010853e-01
6.679362337048179166e-01 -8.366960201402533215e-02 3.602307406312955651e-01 -1.725630066158508336e-01 6.183886276209069055e-02 7.919090849334650684e-02 9.798605838648616340e-01
6.868264681711598874e-01 -8.711417279324776275e-02 3.714641433904911083e-01 -1.666400762190879126e-01 6.238381704208025014e-02 7.949014136097275196e-02 9.808265197247520994e-01
7.071533231395020769e-01 -9.073210068561884944e-02 3.833024297664355817e-01 -1.612865657625614790e-01 6.325508872423374340e-02 8.282626021967189056e-02 9.813894477082131251e-01
7.290009712502495409e-01 -9.404028554737647871e-02 3.958886719382295749e-01 -1.572933016973279696e-01 6.437315439579795184e-02 8.871073107926898127e-02 9.814506204724054994e-01
7.519900475476347657e-01 -9.761155893173162346e-02 4.097831305288334169e-01 -1.533802717618510947e-01 5.844805920330597288e-02 9.849872257395515807e-02 9.815071666885202273e-01
7.761429800035555271e-01 -1.010234810998264787e-01 4.251812148016774762e-01 -1.505224507782038645e-01 5.182662911053811244e-02 1.111536416805754129e-01 9.809698569619293984e-01
8.022426670112581260e-01 -1.039984664320342117e-01 4.406951515861901036e-01 -1.488020178318109621e-01 4.461054647098709053e-02 1.262253984413899688e-01 9.797627301653466514e-01
8.301101813371213334e-01 -1.061468925642264499e-01 4.565962725532929367e-01 -1.475808933982644955e-01 3.736639028707845755e-02 1.440080985921982637e-01 9.777961445621186076e-01
8.590961076635507121e-01 -1.079531552735601557e-01 4.734964848261914994e-01 -1.471136470626366599e-01 3.016205515989044475e-02 1.638474628121666665e-01 9.749881200335095421e-01
8.893917420032321219e-01 -1.114455929753472296e-01 4.912535294610811953e-01 -1.469512359846817384e-01 2.264244723008482230e-02 1.850920013163626643e-01 9.714080527125101838e-01
9.142571152954664937e-01 -1.138720047295024296e-01 5.065453931489508621e-01 -1.471326915873023833e-01 1.481864233384986088e-02 2.077335716781859298e-01 9.669431948690063727e-01
9.334958265734216720e-01 -1.140995843027306639e-01 5.191800252514043867e-01 -1.486076491655308474e-01 7.171768899428062650e-03 2.310690353851872214e-01 9.614943750363320607e-01
9.484649499342375778e-01 -1.143991950589969692e-01 5.274871482368678199e-01 -1.500722687458929394e-01 -2.473449956423073918e-05 2.549793617301129856e-01 9.552297308152469801e-01
9.576616864250699912e-01 -1.126375366663646682e-01 5.351914837496271060e-01 -1.524218542830273193e-01 -6.508244534524638795e-03 2.790971628342580613e-01 9.480664506182412410e-01
9.623988723678593704e-01 -1.064090488684219238e-01 5.408178057088500745e-01 -1.541233090327536470e-01 -1.293365638046401443e-02 3.014868060333987243e-01 9.408424054713979690e-01
9.679229277235645856e-01 -1.025866126291661296e-01 5.480661246976311629e-01 -1.555401173492937938e-01 -1.897287829158296468e-02 3.250675213641840422e-01 9.326191121451705701e-01
9.727900169013424803e-01 -9.693653818329008021e-02 5.551178974790099696e-01 -1.573110519641047478e-01 -2.361514305586741302e-02 3.472182556655077357e-01 9.241942657693780205e-01
9.773190753178446766e-01 -8.924649562001694958e-02 5.611959726825682671e-01 -1.583177531913566305e-01 -2.774086152013724785e-02 3.679100701172297594e-01 9.158646810161948926e-01
9.824186878734660899e-01 -8.150963792953851150e-02 5.679270042015599484e-01 -1.598040329189489850e-01 -3.103556002988491769e-02 3.872291083671257073e-01 9.074982549347803129e-01
9.860322236242455851e-01 -7.152287447612006022e-02 5.740519161278552218e-01 -1.606875610019120326e-01 -3.357425535256735455e-02 4.045106396947782956e-01 8.996796204708087386e-01
9.899138151161580579e-01 -6.014477550796569483e-02 5.793805457360127198e-01 -1.614883476822202568e-01 -3.507663108022658627e-02 4.201527037604531056e-01 8.922795800855856108e-01
9.936044693415314599e-01 -4.763127358808708078e-02 5.850775119848856676e-01 -1.622159685457855438e-01 -3.533373372179829386e-02 4.332501217059291920e-01 8.858509123164164389e-01
1.000184725837504951e+00 -3.780935298625325014e-02 5.921674930288695071e-01 -1.629882055437227306e-01 -3.419297372484487313e-02 4.428626679443026792e-01 8.809871410768397304e-01
1.010571478282894953e+00 -3.572081742388875242e-02 6.015715210274721336e-01 -1.638740801123756974e-01 -3.159084661831547403e-02 4.502698218543455533e-01 8.771569938183909620e-01
