2.616429710388183594e+01 -2.226403045654296875e+01 -9.312875270843505859e-01 -9.828075766563415527e-02 1.950348913669586182e-01 7.394629120826721191e-01 6.367863416671752930e-01
2.616371536254882812e+01 -2.217281150817871094e+01 -9.335733652114868164e-01 -1.150443628430366516e-01 1.832592189311981201e-01 7.594124078750610352e-01 6.135740876197814941e-01
2.616252326965332031e+01 -2.208922004699707031e+01 -9.349883198738098145e-01 -1.317157000303268433e-01 1.714167892932891846e-01 7.774057984352111816e-01 5.906829833984375000e-01
2.616074752807617188e+01 -2.201335144042968750e+01 -9.358004927635192871e-01 -1.481157094240188599e-01 1.596852093935012817e-01 7.933979630470275879e-01 5.684008598327636719e-01
2.615850448608398438e+01 -2.194527816772460938e+01 -9.360890984535217285e-01 -1.640770435333251953e-01 1.482434272766113281e-01 8.073760271072387695e-01 5.470306873321533203e-01
2.615595054626464844e+01 -2.188505363464355469e+01 -9.358929991722106934e-01 -1.794434636831283569e-01 1.372694224119186401e-01 8.193559050559997559e-01 5.268844962120056152e-01
2.615321540832519531e+01 -2.183272361755371094e+01 -9.352496862411499023e-01 -1.940723806619644165e-01 1.269403100013732910e-01 8.293763995170593262e-01 5.082809925079345703e-01
2.615045166015625000e+01 -2.178832244873046875e+01 -9.341872930526733398e-01 -2.078258842229843140e-01 1.174263060092926025e-01 8.374949693679809570e-01 4.915412068367004395e-01
2.614780426025390625e+01 -2.175188255310058594e+01 -9.327271580696105957e-01 -2.205992490053176880e-01 1.089066863059997559e-01 8.437739610671997070e-01 4.769808053970336914e-01
2.614541053771972656e+01 -2.172339057922363281e+01 -9.308801889419555664e-01 -2.322079092264175415e-01 1.015075147151947021e-01 8.482976555824279785e-01 4.649249017238616943e-01
2.614339637756347656e+01 -2.170293045043945312e+01 -9.286559820175170898e-01 -2.427975982427597046e-01 9.553110599517822266e-02 8.510640859603881836e-01 4.556316733360290527e-01
2.614191246032714844e+01 -2.169042968750000000e+01 -9.259963631629943848e-01 -2.468552440404891968e-01 8.807573467493057251e-02 8.535137176513671875e-01 4.503396153450012207e-01
2.614091110229492188e+01 -2.168607902526855469e+01 -9.228996038436889648e-01 -2.498875260353088379e-01 8.211379498243331909e-02 8.544836640357971191e-01 4.479469954967498779e-01
2.614035224914550781e+01 -2.168136596679687500e+01 -9.199012517929077148e-01 -2.523177862167358398e-01 7.769183069467544556e-02 8.541030883789062500e-01 4.480978250503540039e-01
2.614018821716308594e+01 -2.167580795288085938e+01 -9.170092940330505371e-01 -2.541539967060089111e-01 7.464507967233657837e-02 8.525705337524414062e-01 4.504893124103546143e-01
2.614036369323730469e+01 -2.166949653625488281e+01 -9.142102003097534180e-01 -2.554769814014434814e-01 7.286831736564636230e-02 8.500404357910156250e-01 4.547911584377288818e-01
2.614082717895507812e+01 -2.166229057312011719e+01 -9.115000367164611816e-01 -2.563187777996063232e-01 7.224455475807189941e-02 8.466652035713195801e-01 4.606733322143554688e-01
2.614150619506835938e+01 -2.165417098999023438e+01 -9.088735580444335938e-01 -2.567021548748016357e-01 7.266427576541900635e-02 8.425927162170410156e-01 4.678038954734802246e-01
2.614234352111816406e+01 -2.164506149291992188e+01 -9.063333272933959961e-01 -2.566373646259307861e-01 7.401932775974273682e-02 8.379738330841064453e-01 4.758532643318176270e-01
2.614327430725097656e+01 -2.163491058349609375e+01 -9.038776159286499023e-01 -2.561289668083190918e-01 7.620371133089065552e-02 8.329648971557617188e-01 4.844970107078552246e-01
2.614424324035644531e+01 -2.162365341186523438e+01 -9.015069603919982910e-01 -2.551800906658172607e-01 7.911160588264465332e-02 8.277313709259033203e-01 4.934174120426177979e-01
2.614520645141601562e+01 -2.161122512817382812e+01 -8.992249965667724609e-01 -2.537967562675476074e-01 8.263869583606719971e-02 8.224477171897888184e-01 5.023064613342285156e-01
2.614611434936523438e+01 -2.159756088256835938e+01 -8.970308303833007812e-01 -2.519918382167816162e-01 8.667964488267898560e-02 8.172984719276428223e-01 5.108648538589477539e-01
2.614692497253417969e+01 -2.158257865905761719e+01 -8.949273228645324707e-01 -2.497875988483428955e-01 9.112942218780517578e-02 8.124756217002868652e-01 5.188032984733581543e-01
2.614763450622558594e+01 -2.156620788574218750e+01 -8.928418159484863281e-01 -2.472191005945205688e-01 9.588349610567092896e-02 8.081776499748229980e-01 5.258414149284362793e-01
2.614819908142089844e+01 -2.154837036132812500e+01 -8.908280134201049805e-01 -2.443359494209289551e-01 1.008367463946342468e-01 8.046058416366577148e-01 5.317064523696899414e-01
2.614858436584472656e+01 -2.152899169921875000e+01 -8.888861536979675293e-01 -2.412063628435134888e-01 1.058850064873695374e-01 8.019604682922363281e-01 5.361315011978149414e-01
2.614876937866210938e+01 -2.150798988342285156e+01 -8.870038986206054688e-01 -2.379094064235687256e-01 1.109186261892318726e-01 8.004382252693176270e-01 5.388544797897338867e-01
2.614873313903808594e+01 -2.148528289794921875e+01 -8.851674795150756836e-01 -2.345686405897140503e-01 1.158413887023925781e-01 8.002188205718994141e-01 5.396085381507873535e-01
2.614845657348632812e+01 -2.146080017089843750e+01 -8.833583593368530273e-01 -2.312310934066772461e-01 1.204877719283103943e-01 8.014898896217346191e-01 5.381432771682739258e-01
2.614789962768554688e+01 -2.143445777893066406e+01 -8.815527558326721191e-01 -2.283169925212860107e-01 1.249193698167800903e-01 8.043258786201477051e-01 5.341312885284423828e-01
2.614703750610351562e+01 -2.140624618530273438e+01 -8.796907067298889160e-01 -2.197899967432022095e-01 1.248996108770370483e-01 8.103668093681335449e-01 5.285531878471374512e-01
2.614582633972167969e+01 -2.137607955932617188e+01 -8.777921199798583984e-01 -2.106185108423233032e-01 1.238911300897598267e-01 8.181651830673217773e-01 5.204490423202514648e-01
2.614426040649414062e+01 -2.134406661987304688e+01 -8.758229613304138184e-01 -2.011687159538269043e-01 1.221816316246986389e-01 8.273483514785766602e-01 5.099694728851318359e-01
2.614235115051269531e+01 -2.131025123596191406e+01 -8.737540841102600098e-01 -1.914417743682861328e-01 1.198074594140052795e-01 8.376273512840270996e-01 4.973416030406951904e-01
2.614010810852050781e+01 -2.127485466003417969e+01 -8.715510964393615723e-01 -1.815398782491683960e-01 1.168730929493904114e-01 8.486936688423156738e-01 4.827791452407836914e-01
2.613753700256347656e+01 -2.123764038085937500e+01 -8.692054748535156250e-01 -1.715433150529861450e-01 1.134681850671768188e-01 8.602544069290161133e-01 4.665118455886840820e-01
2.613466835021972656e+01 -2.120661544799804688e+01 -8.662097454071044922e-01 -1.615446656942367554e-01 1.096901297569274902e-01 8.720317482948303223e-01 4.487818181514739990e-01
2.613152694702148438e+01 -2.118224525451660156e+01 -8.625251650810241699e-01 -1.516405194997787476e-01 1.056386306881904602e-01 8.837702870368957520e-01 4.298474788665771484e-01
2.612817573547363281e+01 -2.116452789306640625e+01 -8.581463694572448730e-01 -1.419343650341033936e-01 1.014175713062286377e-01 8.952404260635375977e-01 4.099834859371185303e-01
2.612467575073242188e+01 -2.115350723266601562e+01 -8.530777692794799805e-01 -1.325355470180511475e-01 9.713467210531234741e-02 9.062423706054687500e-01 3.894824087619781494e-01
2.612110710144042969e+01 -2.114948844909667969e+01 -8.473101854324340820e-01 -1.235587000846862793e-01 9.290070831775665283e-02 9.166091084480285645e-01 3.686505258083343506e-01
2.611757659912109375e+01 -2.114652824401855469e+01 -8.412320613861083984e-01 -1.151231899857521057e-01 8.882943540811538696e-02 9.262061715126037598e-01 3.478088378906250000e-01
2.611418533325195312e+01 -2.114438629150390625e+01 -8.348842263221740723e-01 -1.073526218533515930e-01 8.503711968660354614e-02 9.349325895309448242e-01 3.272893130779266357e-01
2.611104965209960938e+01 -2.114321136474609375e+01 -8.282883167266845703e-01 -1.003736332058906555e-01 8.164171129465103149e-02 9.427183866500854492e-01 3.074328303337097168e-01
2.610828208923339844e+01 -2.114298820495605469e+01 -8.214805722236633301e-01 -9.431531280279159546e-02 7.876254618167877197e-02 9.495223760604858398e-01 2.885857820510864258e-01
2.610602188110351562e+01 -2.114379119873046875e+01 -8.144962191581726074e-01 -8.930860459804534912e-02 7.651972770690917969e-02 9.553263783454895020e-01 2.710970342159271240e-01
2.610437583923339844e+01 -2.114555549621582031e+01 -8.073754310607910156e-01 -8.548502624034881592e-02 7.503390312194824219e-02 9.601296782493591309e-01 2.553164362907409668e-01
2.610348701477050781e+01 -2.114846992492675781e+01 -8.001464605331420898e-01 -8.297684043645858765e-02 7.442588359117507935e-02 9.639410972595214844e-01 2.415912300348281860e-01
2.610346984863281250e+01 -2.114826774597167969e+01 -7.931106090545654297e-01 -8.191589266061782837e-02 7.481648772954940796e-02 9.667694568634033203e-01 2.302643209695816040e-01
2.610445785522460938e+01 -2.114475822448730469e+01 -7.863054871559143066e-01 -8.243380486965179443e-02 7.632672041654586792e-02 9.686137437820434570e-01 2.216721922159194946e-01
