2.616429710388183594e+01 -2.226403045654296875e+01 -9.312875270843505859e-01 -9.828075766563415527e-02 1.950348913669586182e-01 7.394629120826721191e-01 6.367863416671752930e-01
2.616370773315429688e+01 -2.217281150817871094e+01 -9.335809946060180664e-01 -1.150440648198127747e-01 1.832592636346817017e-01 7.594122886657714844e-01 6.135743260383605957e-01
2.616238784790039062e+01 -2.208923721313476562e+01 -9.352447390556335449e-01 -1.317151337862014771e-01 1.714168637990951538e-01 7.774054408073425293e-01 5.906835198402404785e-01
2.616037940979003906e+01 -2.201339149475097656e+01 -9.365374445915222168e-01 -1.481149494647979736e-01 1.596852689981460571e-01 7.933976650238037109e-01 5.684015154838562012e-01
2.615780639648437500e+01 -2.194535446166992188e+01 -9.375289082527160645e-01 -1.640760302543640137e-01 1.482434123754501343e-01 8.073758482933044434e-01 5.470312833786010742e-01
2.615481948852539062e+01 -2.188517761230468750e+01 -9.382523298263549805e-01 -1.794422864913940430e-01 1.372693628072738647e-01 8.193557262420654297e-01 5.268849730491638184e-01
2.615156173706054688e+01 -2.183290672302246094e+01 -9.387308359146118164e-01 -1.940711736679077148e-01 1.269402354955673218e-01 8.293763399124145508e-01 5.082815289497375488e-01
2.614818000793457031e+01 -2.178857994079589844e+01 -9.389913082122802734e-01 -2.078246474266052246e-01 1.174262389540672302e-01 8.374948501586914062e-01 4.915418922901153564e-01
2.614483642578125000e+01 -2.175222015380859375e+01 -9.390410184860229492e-01 -2.205979973077774048e-01 1.089066714048385620e-01 8.437737822532653809e-01 4.769817292690277100e-01
2.614167022705078125e+01 -2.172381973266601562e+01 -9.388908147811889648e-01 -2.322066128253936768e-01 1.015075370669364929e-01 8.482973575592041016e-01 4.649260044097900391e-01
2.613881683349609375e+01 -2.170345878601074219e+01 -9.385441541671752930e-01 -2.427962124347686768e-01 9.553115069866180420e-02 8.510637283325195312e-01 4.556328356266021729e-01
2.613644027709960938e+01 -2.169106292724609375e+01 -9.379299283027648926e-01 -2.468538731336593628e-01 8.807578682899475098e-02 8.535133600234985352e-01 4.503408372402191162e-01
2.613448524475097656e+01 -2.168682098388671875e+01 -9.370435476303100586e-01 -2.498861849308013916e-01 8.211387693881988525e-02 8.544832468032836914e-01 4.479482173919677734e-01
2.613292884826660156e+01 -2.168222808837890625e+01 -9.364066123962402344e-01 -2.523165345191955566e-01 7.769198715686798096e-02 8.541026711463928223e-01 4.480992555618286133e-01
2.613171958923339844e+01 -2.167679405212402344e+01 -9.360306262969970703e-01 -2.541528046131134033e-01 7.464528083801269531e-02 8.525699973106384277e-01 4.504907727241516113e-01
2.613081359863281250e+01 -2.167061042785644531e+01 -9.358938932418823242e-01 -2.554758787155151367e-01 7.286859303712844849e-02 8.500397801399230957e-01 4.547927081584930420e-01
2.613016128540039062e+01 -2.166354179382324219e+01 -9.359807968139648438e-01 -2.563177645206451416e-01 7.224485278129577637e-02 8.466645479202270508e-01 4.606749713420867920e-01
2.612970161437988281e+01 -2.165555763244628906e+01 -9.362850785255432129e-01 -2.567012012004852295e-01 7.266459614038467407e-02 8.425920009613037109e-01 4.678055047988891602e-01
2.612937355041503906e+01 -2.164658927917480469e+01 -9.367987513542175293e-01 -2.566365301609039307e-01 7.401967793703079224e-02 8.379731178283691406e-01 4.758548140525817871e-01
2.612912368774414062e+01 -2.163658142089843750e+01 -9.375185966491699219e-01 -2.561281919479370117e-01 7.620408385992050171e-02 8.329641819000244141e-01 4.844984412193298340e-01
2.612889862060546875e+01 -2.162547111511230469e+01 -9.384372830390930176e-01 -2.551794052124023438e-01 7.911199331283569336e-02 8.277306556701660156e-01 4.934187829494476318e-01
2.612866020202636719e+01 -2.161319351196289062e+01 -9.395529031753540039e-01 -2.537961900234222412e-01 8.263909816741943359e-02 8.224470615386962891e-01 5.023078322410583496e-01
2.612835693359375000e+01 -2.159967994689941406e+01 -9.408596158027648926e-01 -2.519913315773010254e-01 8.668003976345062256e-02 8.172976970672607422e-01 5.108661651611328125e-01
2.612795448303222656e+01 -2.158485031127929688e+01 -9.423538446426391602e-01 -2.497871965169906616e-01 9.112983942031860352e-02 8.124749064445495605e-01 5.188045501708984375e-01
2.612744903564453125e+01 -2.156863784790039062e+01 -9.439602494239807129e-01 -2.472187578678131104e-01 9.588389098644256592e-02 8.081768751144409180e-01 5.258425474166870117e-01
2.612679862976074219e+01 -2.155096054077148438e+01 -9.457265734672546387e-01 -2.443356215953826904e-01 1.008371412754058838e-01 8.046050667762756348e-01 5.317075252532958984e-01
2.612597465515136719e+01 -2.153174209594726562e+01 -9.476448893547058105e-01 -2.412060797214508057e-01 1.058854162693023682e-01 8.019596934318542480e-01 5.361326336860656738e-01
2.612495994567871094e+01 -2.151090240478515625e+01 -9.497008919715881348e-01 -2.379091382026672363e-01 1.109190508723258972e-01 8.004374504089355469e-01 5.388556718826293945e-01
2.612373542785644531e+01 -2.148835945129394531e+01 -9.518739581108093262e-01 -2.345683872699737549e-01 1.158418133854866028e-01 8.002181053161621094e-01 5.396096706390380859e-01
2.612227821350097656e+01 -2.146403694152832031e+01 -9.541409611701965332e-01 -2.312308102846145630e-01 1.204882040619850159e-01 8.014891147613525391e-01 5.381444692611694336e-01
2.612055778503417969e+01 -2.143785667419433594e+01 -9.564737081527709961e-01 -2.283167541027069092e-01 1.249198094010353088e-01 8.043251037597656250e-01 5.341324806213378906e-01
2.611854743957519531e+01 -2.140980529785156250e+01 -9.588063955307006836e-01 -2.197897434234619141e-01 1.249000132083892822e-01 8.103660941123962402e-01 5.285542607307434082e-01
2.611619949340820312e+01 -2.137980079650878906e+01 -9.611560106277465820e-01 -2.106182575225830078e-01 1.238914877176284790e-01 8.181645870208740234e-01 5.204500555992126465e-01
2.611351776123046875e+01 -2.134794807434082031e+01 -9.634844064712524414e-01 -2.011683583259582520e-01 1.221819370985031128e-01 8.273478746414184570e-01 5.099703073501586914e-01
2.611050796508789062e+01 -2.131428718566894531e+01 -9.657602310180664062e-01 -1.914412230253219604e-01 1.198077052831649780e-01 8.376269340515136719e-01 4.973423779010772705e-01
2.610717010498046875e+01 -2.127904510498046875e+01 -9.679386615753173828e-01 -1.815390735864639282e-01 1.168732643127441406e-01 8.486933112144470215e-01 4.827798902988433838e-01
2.610352706909179688e+01 -2.124198341369628906e+01 -9.700098037719726562e-01 -1.715423166751861572e-01 1.134682893753051758e-01 8.602541685104370117e-01 4.665125310420989990e-01
2.609959220886230469e+01 -2.121111106872558594e+01 -9.714551568031311035e-01 -1.615435779094696045e-01 1.096901670098304749e-01 8.720316290855407715e-01 4.487824738025665283e-01
2.609539413452148438e+01 -2.118689155578613281e+01 -9.722362756729125977e-01 -1.516394764184951782e-01 1.056386306881904602e-01 8.837702870368957520e-01 4.298481047153472900e-01
2.609099960327148438e+01 -2.116931724548339844e+01 -9.723474383354187012e-01 -1.419332176446914673e-01 1.014175489544868469e-01 8.952402472496032715e-01 4.099842607975006104e-01
2.608646392822265625e+01 -2.115843582153320312e+01 -9.717882871627807617e-01 -1.325343251228332520e-01 9.713464975357055664e-02 9.062421321868896484e-01 3.894834518432617188e-01
2.608187484741210938e+01 -2.115454864501953125e+01 -9.705451130867004395e-01 -1.235575303435325623e-01 9.290064871311187744e-02 9.166089296340942383e-01 3.686515390872955322e-01
2.607733535766601562e+01 -2.115171241760253906e+01 -9.690064191818237305e-01 -1.151220351457595825e-01 8.882931619882583618e-02 9.262059926986694336e-01 3.478096127510070801e-01
2.607294273376464844e+01 -2.114968872070312500e+01 -9.672083854675292969e-01 -1.073515564203262329e-01 8.503697067499160767e-02 9.349325895309448242e-01 3.272899687290191650e-01
2.606880950927734375e+01 -2.114863395690917969e+01 -9.651742577552795410e-01 -1.003725379705429077e-01 8.164151012897491455e-02 9.427183866500854492e-01 3.074333965778350830e-01
2.606505775451660156e+01 -2.114851760864257812e+01 -9.629378914833068848e-01 -9.431407600641250610e-02 7.876223325729370117e-02 9.495223760604858398e-01 2.885861694812774658e-01
2.606180953979492188e+01 -2.114942932128906250e+01 -9.605294466018676758e-01 -8.930722624063491821e-02 7.651931047439575195e-02 9.553263783454895020e-01 2.710973322391510010e-01
2.605918693542480469e+01 -2.115129470825195312e+01 -9.579910635948181152e-01 -8.548355847597122192e-02 7.503338158130645752e-02 9.601297974586486816e-01 2.553165853023529053e-01
2.605732345581054688e+01 -2.115431022644042969e+01 -9.553462266921997070e-01 -8.297523856163024902e-02 7.442524284124374390e-02 9.639413952827453613e-01 2.415912151336669922e-01
2.605633354187011719e+01 -2.115420913696289062e+01 -9.528948068618774414e-01 -8.191421627998352051e-02 7.481574267148971558e-02 9.667698144912719727e-01 2.302639931440353394e-01
2.605635070800781250e+01 -2.115079498291015625e+01 -9.506761431694030762e-01 -8.243210613727569580e-02 7.632591575384140015e-02 9.686141610145568848e-01 2.216717153787612915e-01
