8.333650231361389160e-02 -9.969142265617847443e-03 3.579660505056381226e-02 -2.558971010148525238e-02 7.041200064122676849e-03 2.545763179659843445e-02 9.993235468864440918e-01
7.498839497566223145e-02 -1.421145070344209671e-02 3.379140421748161316e-02 -2.514166012406349182e-02 7.540076971054077148e-03 2.464501187205314636e-02 9.993516206741333008e-01
6.682899594306945801e-02 -1.661472208797931671e-02 3.123454190790653229e-02 -2.454671449959278107e-02 7.551136426627635956e-03 2.227675542235374451e-02 9.994219541549682617e-01
5.850211903452873230e-02 -1.869342848658561707e-02 2.844998426735401154e-02 -2.357614412903785706e-02 7.611546665430068970e-03 2.104813419282436371e-02 9.994714856147766113e-01
5.024828761816024780e-02 -1.941881887614727020e-02 2.575798146426677704e-02 -2.239973098039627075e-02 7.453020196408033371e-03 1.876135170459747314e-02 9.995452761650085449e-01
4.226242750883102417e-02 -1.944838650524616241e-02 2.253824472427368164e-02 -2.090638875961303711e-02 7.065521553158760071e-03 1.680360920727252960e-02 9.996152520179748535e-01
3.473991528153419495e-02 -1.778195239603519440e-02 1.956715993583202362e-02 -1.912770047783851624e-02 6.973262876272201538e-03 1.441247854381799698e-02 9.996888637542724609e-01
2.714090421795845032e-02 -1.609347760677337646e-02 1.648306101560592651e-02 -1.717140711843967438e-02 6.905629299581050873e-03 1.215905509889125824e-02 9.997547864913940430e-01
2.002066373825073242e-02 -1.345461234450340271e-02 1.339790970087051392e-02 -1.509555522352457047e-02 6.658662110567092896e-03 9.277343750000000000e-03 9.998208284378051758e-01
1.317326538264751434e-02 -1.029659062623977661e-02 1.021551433950662613e-02 -1.268198713660240173e-02 6.747353356331586838e-03 6.855634972453117371e-03 9.998733401298522949e-01
7.489240728318691254e-03 -6.784622091799974442e-03 6.419243756681680679e-03 -9.685306809842586517e-03 -2.357235935050994158e-04 3.415105398744344711e-03 9.999472498893737793e-01
3.000532276928424835e-03 -2.697430783882737160e-03 4.144570790231227875e-03 -6.906738039106130600e-03 -4.217890382278710604e-04 7.674007210880517960e-04 9.999757409095764160e-01
2.926086075603961945e-03 -3.548394655808806419e-03 4.494591150432825089e-03 -4.772463813424110413e-03 1.711619697744026780e-04 -1.694286474958062172e-03 9.999871850013732910e-01
3.788494272157549858e-03 -4.341868218034505844e-03 4.520178306847810745e-03 -2.683917526155710220e-03 4.017380997538566589e-04 -3.393492661416530609e-03 9.999905824661254883e-01
4.273567348718643188e-03 -5.373450927436351776e-03 4.413310438394546509e-03 -1.966979179996997118e-04 7.049662526696920395e-04 -5.146505776792764664e-03 9.999864697456359863e-01
4.672734532505273819e-03 -6.013231817632913589e-03 4.916352685540914536e-03 6.043182220309972763e-04 1.055222004652023315e-03 -6.365438923239707947e-03 9.999790191650390625e-01
4.836637526750564575e-03 -7.355249486863613129e-03 4.627114627510309219e-03 2.643466694280505180e-03 1.026068581268191338e-03 -7.401100825518369675e-03 9.999685883522033691e-01
6.087821908295154572e-03 -7.039026357233524323e-03 5.566701758652925491e-03 3.434942569583654404e-03 1.554428483359515667e-03 -8.258734829723834991e-03 9.999588131904602051e-01
5.683302413672208786e-03 -8.184793405234813690e-03 6.232354789972305298e-03 4.515925422310829163e-03 1.172538963146507740e-03 -8.983138948678970337e-03 9.999487400054931641e-01
6.290338933467864990e-03 -8.873860351741313934e-03 6.525768898427486420e-03 5.266367923468351364e-03 1.281263539567589760e-03 -9.289818815886974335e-03 9.999421834945678711e-01
7.499237544834613800e-03 -9.036711417138576508e-03 6.965389009565114975e-03 5.845363717526197433e-03 1.258201431483030319e-03 -8.884049020707607269e-03 9.999426603317260742e-01
8.591460995376110077e-03 -9.789343923330307007e-03 6.730075459927320480e-03 7.134556304663419724e-03 1.019585528410971165e-03 -8.484405465424060822e-03 9.999380111694335938e-01
1.022083498537540436e-02 -8.932595141232013702e-03 7.954516448080539703e-03 7.200688123703002930e-03 9.803748689591884613e-04 -7.628621533513069153e-03 9.999445080757141113e-01
1.111742202192544937e-02 -9.871312417089939117e-03 8.020287379622459412e-03 7.507387083023786545e-03 7.392829284071922302e-04 -6.516342982649803162e-03 9.999502897262573242e-01
1.194574311375617981e-02 -1.042743772268295288e-02 8.745485916733741760e-03 7.463146932423114777e-03 6.315225036814808846e-04 -5.229482427239418030e-03 9.999582767486572266e-01
1.374872587621212006e-02 -9.940654970705509186e-03 9.406951256096363068e-03 7.071021012961864471e-03 3.757185768336057663e-04 -3.420876804739236832e-03 9.999690651893615723e-01
1.485530938953161240e-02 -1.042567286640405655e-02 1.012624148279428482e-02 6.624161731451749802e-03 1.119627486332319677e-04 -1.418974134139716625e-03 9.999770522117614746e-01
1.620358787477016449e-02 -1.052608247846364975e-02 1.102454960346221924e-02 5.963922012597322464e-03 -8.910164069675374776e-06 6.399302510544657707e-04 9.999819993972778320e-01
1.751593314111232758e-02 -1.098433323204517365e-02 1.178778987377882004e-02 5.223853513598442078e-03 -1.129402808146551251e-04 3.574110800400376320e-03 9.999799728393554688e-01
1.882071420550346375e-02 -1.119806151837110519e-02 1.292522437870502472e-02 3.688365221023559570e-03 -1.317263086093589664e-04 6.091039162129163742e-03 9.999746680259704590e-01
1.956905238330364227e-02 -1.218123827129602432e-02 1.424700673669576645e-02 2.666893415153026581e-03 -7.553356699645519257e-03 8.839176036417484283e-03 9.999288320541381836e-01
2.052791044116020203e-02 -1.304496172815561295e-02 1.550936046987771988e-02 1.323069795034825802e-03 -8.644144982099533081e-03 1.159435790032148361e-02 9.998945593833923340e-01
2.243718318641185760e-02 -1.373417116701602936e-02 1.544900145381689072e-02 2.391252564848400652e-05 -9.407433681190013885e-03 1.386163663119077682e-02 9.998596906661987305e-01
2.403858304023742676e-02 -1.415524166077375412e-02 1.599485613405704498e-02 -7.412148406729102135e-04 -9.779608808457851410e-03 1.637437380850315094e-02 9.998178482055664062e-01
2.503079175949096680e-02 -1.519918628036975861e-02 1.647749543190002441e-02 -1.654071616940200329e-03 -1.000253576785326004e-02 1.847404986619949341e-02 9.997779130935668945e-01
2.521581947803497314e-02 -1.830869726836681366e-02 1.656167954206466675e-02 -2.219002228230237961e-03 -1.034608390182256699e-02 1.992944628000259399e-02 9.997453689575195312e-01
2.017445862293243408e-02 -1.575219444930553436e-02 1.424342021346092224e-02 -2.735625253990292549e-03 -1.068330090492963791e-02 2.134999632835388184e-02 9.997112154960632324e-01
1.589515246450901031e-02 -1.161100063472986221e-02 1.193074230104684830e-02 -4.006152506917715073e-03 -1.031015533953905106e-02 2.223660051822662354e-02 9.996915459632873535e-01
1.208478026092052460e-02 -9.473399259150028229e-03 7.575322873890399933e-03 -4.018402192741632462e-03 -1.009841635823249817e-02 2.306042052805423737e-02 9.996749758720397949e-01
7.408813107758760452e-03 -5.513339769095182419e-03 7.858291268348693848e-03 -4.798120819032192230e-03 -9.316152893006801605e-03 2.370220981538295746e-02 9.996641278266906738e-01
6.156670860946178436e-03 2.869851014111191034e-04 7.409691344946622849e-03 -4.382513463497161865e-03 -9.075246751308441162e-03 2.233900874853134155e-02 9.996996521949768066e-01
5.453545134514570236e-03 -2.566764364019036293e-03 7.831659168004989624e-03 -3.981146495789289474e-03 -8.865354582667350769e-03 2.349071949720382690e-02 9.996768236160278320e-01
6.396565586328506470e-03 -9.712033206596970558e-04 7.967439480125904083e-03 -3.951382823288440704e-03 -7.390172686427831650e-03 2.238859236240386963e-02 9.997141957283020020e-01
7.661113981157541275e-03 7.701024296693503857e-04 7.570100948214530945e-03 -3.178376471623778343e-03 -6.897542625665664673e-03 2.124466747045516968e-02 9.997454881668090820e-01
8.143120445311069489e-03 -1.933303283294662833e-04 8.051335811614990234e-03 -3.283193567767739296e-03 -5.691681522876024246e-03 2.006568945944309235e-02 9.997770786285400391e-01
8.775899186730384827e-03 1.869344734586775303e-03 8.354445919394493103e-03 -2.499319845810532570e-03 -4.870274569839239120e-03 1.825053803622722626e-02 9.998184442520141602e-01
1.034089177846908569e-02 2.547453856095671654e-03 7.713535800576210022e-03 -1.988082658499479294e-03 -3.752461168915033340e-03 1.673189923167228699e-02 9.998509883880615234e-01
1.148641947656869888e-02 3.177687060087919235e-03 7.786434609442949295e-03 -1.298319897614419460e-03 -2.235240535810589790e-03 1.429614238440990448e-02 9.998944401741027832e-01
1.104371342808008194e-02 -9.057438583113253117e-04 8.200839161872863770e-03 -5.120094865560531616e-04 -3.737171064130961895e-04 1.071351487189531326e-02 9.999424219131469727e-01
6.841096095740795135e-03 -9.919131174683570862e-03 7.449336349964141846e-03 1.592044864082708955e-04 1.325462246313691139e-03 8.786126039922237396e-03 9.999604821205139160e-01
1.595468968152999878e-01 -1.857643015682697296e-02 6.873412430286407471e-02 -5.058430880308151245e-02 1.497742254287004471e-02 4.942375048995018005e-02 9.973836541175842285e-01
1.429181098937988281e-01 -2.643913216888904572e-02 6.467713415622711182e-02 -4.964308440685272217e-02 1.777297258377075195e-02 4.630387574434280396e-02 9.975347518920898438e-01
1.262889355421066284e-01 -3.171674907207489014e-02 5.983518809080123901e-02 -4.791824892163276672e-02 1.496664620935916901e-02 4.309401661157608032e-02 9.978089928627014160e-01
1.098767444491386414e-01 -3.477603569626808167e-02 5.429090559482574463e-02 -4.624924808740615845e-02 1.491011772304773331e-02 3.937764093279838562e-02 9.980421066284179688e-01
9.376078844070434570e-02 -3.602829948067665100e-02 4.818577319383621216e-02 -4.308541491627693176e-02 1.481592468917369843e-02 3.542498126626014709e-02 9.983332157135009766e-01
7.775404304265975952e-02 -3.526014462113380432e-02 4.245563223958015442e-02 -4.032946377992630005e-02 1.422981731593608856e-02 3.111333586275577545e-02 9.986005425453186035e-01
6.368524581193923950e-02 -3.082377836108207703e-02 3.570511192083358765e-02 -3.628342226147651672e-02 1.410639937967061996e-02 2.667893469333648682e-02 9.988857507705688477e-01
4.979199171066284180e-02 -2.501255832612514496e-02 2.978070639073848724e-02 -3.166582807898521423e-02 1.412523910403251648e-02 2.103482559323310852e-02 9.991772770881652832e-01
3.553875163197517395e-02 -2.029830589890480042e-02 2.341909520328044891e-02 -2.741919830441474915e-02 1.310191396623849869e-02 1.611963845789432526e-02 9.994081854820251465e-01
2.238687127828598022e-02 -1.471601985394954681e-02 1.644912734627723694e-02 -2.213472686707973480e-02 6.418607197701931000e-03 1.030962355434894562e-02 9.996812343597412109e-01
1.104853767901659012e-02 -8.805599994957447052e-03 9.212930686771869659e-03 -1.683729328215122223e-02 -1.633298379601910710e-04 3.844574792310595512e-03 9.998508095741271973e-01
7.558822166174650192e-03 -6.100107450038194656e-03 7.385434582829475403e-03 -1.131981424987316132e-02 -1.969861768884584308e-04 -2.026082016527652740e-03 9.999338388442993164e-01
7.815198041498661041e-03 -7.578714285045862198e-03 8.387402631342411041e-03 -7.631425280123949051e-03 5.826379638165235519e-04 -5.622075404971837997e-03 9.999548792839050293e-01
8.647002279758453369e-03 -9.482209570705890656e-03 8.655729703605175018e-03 -2.984735649079084396e-03 1.180602819658815861e-03 -9.285962209105491638e-03 9.999517202377319336e-01
9.951395913958549500e-03 -1.098827458918094635e-02 8.761000819504261017e-03 -1.873823930509388447e-04 1.520585035905241966e-03 -1.217364799231290817e-02 9.999247193336486816e-01
1.040412764996290207e-02 -1.305796205997467041e-02 9.077777154743671417e-03 3.303438890725374222e-03 1.876843511126935482e-03 -1.461773086339235306e-02 9.998859167098999023e-01
1.117688789963722229e-02 -1.470086164772510529e-02 9.535504505038261414e-03 5.827448330819606781e-03 2.213511615991592407e-03 -1.607449539005756378e-02 9.998513460159301758e-01
1.187227573245763779e-02 -1.599236764013767242e-02 1.066180411726236343e-02 8.406198583543300629e-03 2.422033809125423431e-03 -1.712536811828613281e-02 9.998151063919067383e-01
1.319899875670671463e-02 -1.692549325525760651e-02 1.167109049856662750e-02 1.021758466958999634e-02 2.523293020203709602e-03 -1.818843930959701538e-02 9.997791647911071777e-01
1.516081392765045166e-02 -1.780231855809688568e-02 1.210716553032398224e-02 1.188741438090801239e-02 2.545285271480679512e-03 -1.828045584261417389e-02 9.997590184211730957e-01
1.603854633867740631e-02 -1.936812698841094971e-02 1.299817301332950592e-02 1.311413105577230453e-02 2.158636925742030144e-03 -1.730852946639060974e-02 9.997618794441223145e-01
1.882284693419933319e-02 -1.906592026352882385e-02 1.433668006211519241e-02 1.401802990585565567e-02 2.193360123783349991e-03 -1.606914773583412170e-02 9.997702240943908691e-01
2.132105641067028046e-02 -1.949111185967922211e-02 1.515028439462184906e-02 1.452335994690656662e-02 1.811227528378367424e-03 -1.412077434360980988e-02 9.997931718826293945e-01
2.353673800826072693e-02 -1.987531594932079315e-02 1.660047657787799835e-02 1.475184317678213120e-02 1.429031719453632832e-03 -1.159528549760580063e-02 9.998229146003723145e-01
2.591417171061038971e-02 -2.028980106115341187e-02 1.797443442046642303e-02 1.426757033914327621e-02 9.637055336497724056e-04 -8.534871973097324371e-03 9.998612999916076660e-01
2.863723412156105042e-02 -2.026725560426712036e-02 1.957488618791103363e-02 1.372148562222719193e-02 5.179551662877202034e-04 -4.809282254427671432e-03 9.998941421508789062e-01
3.088802658021450043e-02 -2.123032137751579285e-02 2.112142369151115417e-02 1.256564725190401077e-02 4.322396125644445419e-05 -7.275011157616972923e-04 9.999207854270935059e-01
3.352627903223037720e-02 -2.187455631792545319e-02 2.274021692574024200e-02 1.082433946430683136e-02 4.727451232611201704e-05 4.418218974024057388e-03 9.999316334724426270e-01
3.604067116975784302e-02 -2.243350073695182800e-02 2.491436898708343506e-02 8.889495395123958588e-03 -4.054970631841570139e-04 9.453970938920974731e-03 9.999157190322875977e-01
3.799136728048324585e-02 -2.352022007107734680e-02 2.760541811585426331e-02 6.365223322063684464e-03 -7.631266489624977112e-03 1.487266086041927338e-02 9.998400211334228516e-01
4.112470149993896484e-02 -2.453327924013137817e-02 2.891396358609199524e-02 3.747791983187198639e-03 -1.623462513089179993e-02 2.035579644143581390e-02 9.996539354324340820e-01
4.351796954870223999e-02 -2.655421756207942963e-02 3.038811311125755310e-02 1.442139153368771076e-03 -1.795895025134086609e-02 2.581707015633583069e-02 9.995043277740478516e-01
4.583026468753814697e-02 -2.858795970678329468e-02 3.176017478108406067e-02 -6.459905416704714298e-04 -1.904403604567050934e-02 3.056939505040645599e-02 9.993510246276855469e-01
4.784337803721427917e-02 -3.107355348765850067e-02 3.269942477345466614e-02 -2.434367081150412560e-03 -1.964498311281204224e-02 3.479736670851707458e-02 9.991983175277709961e-01
4.965480044484138489e-02 -3.401796892285346985e-02 3.350737690925598145e-02 -4.007106646895408630e-03 -2.049313113093376160e-02 3.792712837457656860e-02 9.990622997283935547e-01
4.556143656373023987e-02 -3.328927978873252869e-02 3.135935962200164795e-02 -5.410838406533002853e-03 -2.068106643855571747e-02 4.053265973925590515e-02 9.989495277404785156e-01
3.662403672933578491e-02 -2.703455649316310883e-02 2.565482817590236664e-02 -6.371295545250177383e-03 -2.055739797651767731e-02 4.348590224981307983e-02 9.988222122192382812e-01
2.836821600794792175e-02 -2.133977785706520081e-02 1.845592446625232697e-02 -7.170324213802814484e-03 -2.026124671101570129e-02 4.509060457348823547e-02 9.987516999244689941e-01
2.037416398525238037e-02 -1.440543308854103088e-02 1.456089783459901810e-02 -7.800704333931207657e-03 -1.942061074078083038e-02 4.549298062920570374e-02 9.987453818321228027e-01
1.360655669122934341e-02 -5.763805937021970749e-03 1.454170048236846924e-02 -8.423463441431522369e-03 -1.760526001453399658e-02 4.534192383289337158e-02 9.987808465957641602e-01
1.247894112020730972e-02 -1.096449908800423145e-03 1.492971461266279221e-02 -8.166703395545482635e-03 -1.756997033953666687e-02 4.638594016432762146e-02 9.987356662750244141e-01
1.365169789642095566e-02 6.452098023146390915e-04 1.477796770632266998e-02 -7.285805884748697281e-03 -1.629023253917694092e-02 4.531194642186164856e-02 9.988135099411010742e-01
1.369039621204137802e-02 1.622217358089983463e-03 1.589524373412132263e-02 -7.671466562896966934e-03 -1.448260713368654251e-02 4.356288537383079529e-02 9.989162683486938477e-01
1.590797677636146545e-02 2.743632765486836433e-03 1.528992690145969391e-02 -7.131829392164945602e-03 -1.254098024219274521e-02 4.107271134853363037e-02 9.990519881248474121e-01
1.721948944032192230e-02 3.955556079745292664e-03 1.579227857291698456e-02 -6.017465144395828247e-03 -1.035553496330976486e-02 3.863975778222084045e-02 9.991814494132995605e-01
1.899303868412971497e-02 5.261688958853483200e-03 1.602053269743919373e-02 -4.884641617536544800e-03 -8.672293275594711304e-03 3.497764095664024353e-02 9.993385076522827148e-01
2.124863490462303162e-02 6.421193480491638184e-03 1.601510867476463318e-02 -3.612765111029148102e-03 -5.136776715517044067e-03 3.097877278923988342e-02 9.995003342628479004e-01
2.294376306235790253e-02 3.633748507127165794e-03 1.534043624997138977e-02 -1.694017322733998299e-03 -2.065364271402359009e-03 2.433555759489536285e-02 9.997002482414245605e-01
1.991963014006614685e-02 -1.267427951097488403e-02 1.456062961369752884e-02 -3.433605888858437538e-04 1.783362007699906826e-03 2.028574049472808838e-02 9.997925758361816406e-01
