0.000000000000000000e+00 0.000000000000000000e+00 0.000000000000000000e+00 0.000000000000000000e+00 0.000000000000000000e+00 0.000000000000000000e+00 1.000000000000000000e+00
8.406955748796463013e-02 -1.110965944826602936e-02 3.400615975260734558e-02 -2.618163976474550611e-02 6.021958625489248935e-03 2.098788362919316863e-02 9.994187143006225682e-01
1.590746130983259343e-01 -2.329962766921814254e-02 6.938759640113850713e-02 -5.320451017552970535e-02 1.359300589717342411e-02 4.230196920379374059e-02 9.975946339516580386e-01
2.278100726297875855e-01 -3.365668728811284371e-02 1.006164476030130123e-01 -7.927526992474048795e-02 2.100437525285715062e-02 6.172807465587496628e-02 9.947179965185486417e-01
2.891875722406411220e-01 -4.236008345428714239e-02 1.297703835992278509e-01 -1.051005041096940429e-01 2.912916572556214015e-02 8.138107984450475285e-02 9.906979840412331040e-01
3.437178756040362160e-01 -4.785828828462267842e-02 1.559899408266927634e-01 -1.292909072673401050e-01 3.638891770692188887e-02 9.847227512442398301e-02 9.860339339991939234e-01
3.911643769387709857e-01 -5.135675834442579579e-02 1.792520303505340251e-01 -1.514044069730369757e-01 4.315874308823296895e-02 1.131095352681935201e-01 9.810302041607078527e-01
4.316416462656931796e-01 -5.279527028980615655e-02 1.991401050929603178e-01 -1.711679411875443590e-01 4.955793407555586505e-02 1.248381945507986285e-01 9.760435299007299559e-01
4.649774895702942779e-01 -5.269881678834606453e-02 2.157683088424420803e-01 -1.889771771411061230e-01 5.592225695855253947e-02 1.340539953880681701e-01 9.711796198525464163e-01
4.915716635853158434e-01 -5.172114603751216955e-02 2.281915596520774081e-01 -2.039343969122763278e-01 6.149461678456517866e-02 1.400752971656095414e-01 9.669581609286472812e-01
5.108794541291524771e-01 -5.090609718709274145e-02 2.375040150044490372e-01 -2.167393586798106453e-01 6.689076294680745827e-02 1.443263546088846827e-01 9.631820075129980951e-01
5.231439310915648733e-01 -4.995861651646813645e-02 2.429538148942047837e-01 -2.257788296281267870e-01 6.608538630015435567e-02 1.463368033546645075e-01 9.608549223442895970e-01
5.284783674476680737e-01 -4.919379983325333078e-02 2.447048945510294227e-01 -2.323197835324448679e-01 6.496773330612481967e-02 1.459926900314742204e-01 9.594231841402813821e-01
5.342598543547539824e-01 -4.792849718146813959e-02 2.467884871067308750e-01 -2.366774807394001479e-01 6.372936241485888109e-02 1.427459836773073976e-01 9.589295712517391657e-01
5.409036349084060946e-01 -4.698326704653475738e-02 2.488571938839416187e-01 -2.390435393031900280e-01 6.241020129710633801e-02 1.377961617698459373e-01 9.591534657670571784e-01
5.484447369661926697e-01 -4.596850963264239448e-02 2.508879372072207459e-01 -2.398458012042745946e-01 6.103308032779537762e-02 1.307362931442791198e-01 9.600296747524389440e-01
5.569930505253678499e-01 -4.515813027718294792e-02 2.529438978560164530e-01 -2.392480836030540514e-01 5.949474299321980131e-02 1.228854829308806407e-01 9.613115458233510990e-01
5.665746776855782318e-01 -4.480168661340063613e-02 2.551847687190157421e-01 -2.371930145963809244e-01 5.807345469619479283e-02 1.142374657087768114e-01 9.629728703939514078e-01
5.772156298854481671e-01 -4.495856162646228588e-02 2.577092085762909823e-01 -2.343517310888895699e-01 5.658019822329023174e-02 1.048577958646562669e-01 9.648226728011007891e-01
5.887801839030908368e-01 -4.556019238674417077e-02 2.611947497636337157e-01 -2.308279093739534771e-01 5.519447539231287642e-02 9.524487664017027011e-02 9.667473608001295737e-01
6.015781156742556757e-01 -4.677889373065439310e-02 2.646663121829953003e-01 -2.264951578721152714e-01 5.368408466470627610e-02 8.567210235346416070e-02 9.687508727183350432e-01
6.155570319919844158e-01 -4.818844108926823022e-02 2.686844435277611076e-01 -2.213664575102090859e-01 5.258783762361420033e-02 7.646616709128427336e-02 9.707648201875782590e-01
6.308742319656234221e-01 -4.986670908807695757e-02 2.729258448344626942e-01 -2.151057462951006249e-01 5.152614905913070753e-02 6.796650812121364515e-02 9.728592537709517263e-01
6.475693294855981996e-01 -5.077256787469149046e-02 2.778985440653377048e-01 -2.085798905610719012e-01 5.082844052951617647e-02 6.001057347668354441e-02 9.748382583576972182e-01
6.657137280320907236e-01 -5.306995316725580947e-02 2.829481110630854834e-01 -2.016160768287594829e-01 4.991159835624504881e-02 5.330901797882825477e-02 9.767384186750501796e-01
6.850722348340135825e-01 -5.594801802480338371e-02 2.893712935118302187e-01 -1.948690483394787398e-01 4.957342289438779193e-02 4.794232429135799473e-02 9.784017903107814496e-01
7.063872009093405957e-01 -5.742148937742785203e-02 2.957710366020384063e-01 -1.883921945391706376e-01 4.946102791477683530e-02 4.367080904379702644e-02 9.798749145639913394e-01
7.292518420804295909e-01 -5.996494468056780269e-02 3.029534367234252845e-01 -1.822305211103857348e-01 4.931618210692235993e-02 4.150904484372337777e-02 9.811406375002493796e-01
7.538538155628490278e-01 -6.249492576553462159e-02 3.109027438390438158e-01 -1.766358474036690551e-01 4.997411022123819657e-02 4.129762472497292003e-02 9.821389269913185505e-01
7.803139843796168540e-01 -6.540114589094339625e-02 3.193867067240499513e-01 -1.718034189074437723e-01 5.115370794319470255e-02 4.417766700641125727e-02 9.828098580871308387e-01
8.082891390147289856e-01 -6.827585650763645653e-02 3.297670827189675968e-01 -1.689258418338932255e-01 5.332560534052402379e-02 5.013668898890964731e-02 9.829072958285570705e-01
8.384012641595146587e-01 -7.167503822178705741e-02 3.400562875839984733e-01 -1.669051413699538244e-01 4.943726451732158994e-02 5.993029826817188738e-02 9.829074168052696070e-01
8.702247833523428788e-01 -7.531675384443163590e-02 3.516371926713544038e-01 -1.660261422808310960e-01 4.517444347496633178e-02 7.235719726628611626e-02 9.824250738554264339e-01
9.040119854027084401e-01 -7.786268215645889001e-02 3.638803315477451283e-01 -1.672342426775805524e-01 4.080070335699008399e-02 8.708671033101063330e-02 9.812155296189281062e-01
9.400986417627472669e-01 -7.915817770457120317e-02 3.753854362111010978e-01 -1.689688057964439383e-01 3.593104227588927307e-02 1.050448991898831202e-01 9.793487999803129895e-01
9.781060978419530150e-01 -8.028438489499353792e-02 3.866712166582729759e-01 -1.711445155295738263e-01 3.074459315643723184e-02 1.252133809388134567e-01 9.767732254877097287e-01
1.017699226223154119e+00 -8.119374931544494356e-02 3.984864819220177434e-01 -1.737211537243035508e-01 2.545049510539387772e-02 1.467996315487954118e-01 9.734593474946579006e-01
1.051425261163766889e+00 -7.980300817961512305e-02 4.075630043276993741e-01 -1.767744393526469171e-01 1.960237301855302650e-02 1.692375138804739498e-01 9.693942482082071876e-01
1.078612015037841543e+00 -7.697744739267621539e-02 4.156309794813107805e-01 -1.810443522274254036e-01 1.438523240409003354e-02 1.921580538511390990e-01 9.644124065747883279e-01
1.099923296300668429e+00 -7.222508716244381566e-02 4.181956464956514408e-01 -1.841497658705652241e-01 8.598553619722190330e-03 2.145106502470398302e-01 9.591663617621589699e-01
1.113211420460225476e+00 -6.452735075840315693e-02 4.201124452775232831e-01 -1.876211289136734128e-01 3.525376496457831212e-03 2.347502962361950885e-01 9.537705081007357144e-01
1.120350607931047682e+00 -5.899549589784105347e-02 4.216438322221653934e-01 -1.924162387900234528e-01 -5.463001480035680575e-04 2.567856182664302600e-01 9.471202874279359696e-01
1.127092986257999030e+00 -5.393007681992393471e-02 4.228961293802903643e-01 -1.963221870295649429e-01 -4.164933310224750405e-03 2.789271130764921502e-01 9.400212326332122448e-01
1.132841906318898806e+00 -4.875725268235916315e-02 4.240867016011144464e-01 -2.003231554795028291e-01 -6.377971219064486677e-03 3.005263325673701025e-01 9.324772803106091690e-01
1.137752344949307881e+00 -4.373318072704560772e-02 4.249319215032416608e-01 -2.038009749662171854e-01 -8.366808514493133744e-03 3.207111056270726679e-01 9.249538074117873432e-01
1.142286651024218447e+00 -3.945896347395274478e-02 4.256650921216585393e-01 -2.075244625012612476e-01 -9.729366429659496926e-03 3.401147461057749122e-01 9.171482412204933210e-01
1.145542471764165793e+00 -3.513432402365049972e-02 4.259293243478700641e-01 -2.106287754230209419e-01 -1.097749956463135376e-02 3.572593793710690524e-01 9.098795246176856200e-01
1.148399830206793482e+00 -3.161392294563877131e-02 4.261483330206559672e-01 -2.135106642419246914e-01 -1.083357522089413959e-02 3.728186322276426656e-01 9.029408050181445544e-01
1.150387909131895148e+00 -2.858102927778495561e-02 4.262846617385203096e-01 -2.163466614368698138e-01 -9.858694498168433032e-03 3.860103795731811838e-01 8.967122811078706013e-01
1.154736793022930197e+00 -2.476269862586324977e-02 4.270224132163842889e-01 -2.182958871524863786e-01 -8.067925314714598228e-03 3.952833756690820599e-01 8.922067401410284093e-01
1.162694824754757716e+00 -2.162332982202954876e-02 4.291420196542393151e-01 -2.199008096254590761e-01 -4.705076531947410476e-03 4.023873593345212996e-01 8.886539873475429729e-01
1.273957153859452962e+00 1.060017580632365564e-01 4.741142295606280976e-01 -2.724201014043280966e-01 -5.679635681403800290e-03 4.346514037944282927e-01 8.583898806887898525e-01
1.370176618605759344e+00 2.273021974270137691e-01 5.145624736170830715e-01 -3.240745362326914458e-01 -4.603915753629183455e-03 4.610722792910464385e-01 8.260549934445396980e-01
1.452093132102891371e+00 3.425155571260626863e-01 5.454789299140585523e-01 -3.738474939160273403e-01 -2.862569854501550819e-03 4.876722074456505962e-01 7.889269136438560315e-01
1.518453628346228212e+00 4.510369458937650844e-01 5.684425003441554436e-01 -4.211397714446470930e-01 -1.369801404432935410e-03 5.104458242323358652e-01 7.497229335397406214e-01
1.570292082394161515e+00 5.511753661480034427e-01 5.831246880513405451e-01 -4.632488968738086577e-01 1.906625399049284618e-04 5.282294885646892091e-01 7.115996280238503502e-01
1.609608267079690735e+00 6.407120080837170883e-01 5.906691809191433329e-01 -5.001308401652213576e-01 7.010564768367350593e-04 5.410599511079769997e-01 6.761085567735993784e-01
1.638271761100707380e+00 7.179066663710715890e-01 5.928817696239251367e-01 -5.326381128870673054e-01 1.328689424521905778e-03 5.491793797733531823e-01 6.439696298089468973e-01
1.658735577671376138e+00 7.812833860935900487e-01 5.911590787440744732e-01 -5.594273226504331564e-01 1.294160513338580122e-03 5.520371732396783804e-01 6.182995675093743149e-01
1.673107627318553003e+00 8.299119148559584991e-01 5.877998782084457030e-01 -5.816381613681923524e-01 -3.565737009044250513e-05 5.517994850585461464e-01 5.976741388565375290e-01
1.682418454076224368e+00 8.633548969636196668e-01 5.842097210306294031e-01 5.974309304197661374e-01 4.761347098697621232e-03 -5.519998132433157068e-01 -5.816784499454341617e-01
1.687294182635484807e+00 8.815452898929593273e-01 5.811310135675735733e-01 6.067666658724372164e-01 1.338828156671805283e-02 -5.523079376244584004e-01 -5.714988268927185810e-01
1.689932066705823965e+00 8.927804882660635988e-01 5.781381381584136392e-01 6.127254468768545959e-01 2.165220170352665993e-02 -5.495312551930263689e-01 -5.675509743423275966e-01
1.692928195974581884e+00 9.052497508694253847e-01 5.746682401525349260e-01 6.161300400359822627e-01 3.020861372570556036e-02 -5.443025129369863935e-01 -5.685120823980013283e-01
1.697049387867342940e+00 9.190032358137601998e-01 5.707187707206773375e-01 6.173653804007328549e-01 3.873711924844633336e-02 -5.367488398752078282e-01 -5.738119078300907283e-01
1.702360040585712664e+00 9.342261072641998565e-01 5.663621448840017170e-01 6.166458684392729372e-01 4.714514875937669131e-02 -5.277874008417527962e-01 -5.822075810206682744e-01
1.709389686235492256e+00 9.510118182521912766e-01 5.621743219859657303e-01 6.138512270423666095e-01 5.494910679659471830e-02 -5.178954253399057350e-01 -5.932550843716684064e-01
1.718282761382267987e+00 9.694868858662923916e-01 5.587816345662869333e-01 6.095435395455293115e-01 6.241703441133565622e-02 -5.070904087855212516e-01 -6.061518823952745105e-01
1.728584838989231320e+00 9.899596977964018052e-01 5.565213981799456144e-01 -6.035602242243425231e-01 -6.889568860260107674e-02 4.957401405469756273e-01 6.206530052103990114e-01
1.740368316371594615e+00 1.012435294933776264e+00 5.552524926432771402e-01 -5.963486370216112276e-01 -7.483912719144435177e-02 4.841764993987141552e-01 6.358777599458060870e-01
1.754194784887049607e+00 1.036693684111001490e+00 5.546452209142032075e-01 -5.879015218225723816e-01 -8.012594250273485930e-02 4.723689194002640424e-01 6.517815876207141423e-01
1.769675277906286759e+00 1.063081937563239210e+00 5.547896971903369945e-01 -5.782188442373135118e-01 -8.409301086000312009e-02 4.612944555945645009e-01 6.676816299188403914e-01
1.785849099282560859e+00 1.092330568447631878e+00 5.551477300425543548e-01 -5.680347508555658731e-01 -8.637119787959143813e-02 4.511320881557711049e-01 6.829029045431811440e-01
1.804189330377202971e+00 1.123773725331726592e+00 5.562065235299670229e-01 -5.573466864330296477e-01 -8.725506335936981939e-02 4.424430517616932401e-01 6.971336822934853794e-01
1.825508382753367354e+00 1.156956102304904643e+00 5.594159941298829652e-01 -5.465298717561301034e-01 -8.687228229078948483e-02 4.357629582577542404e-01 7.098372701248281125e-01
1.848036275688089036e+00 1.193301277496687796e+00 5.628864560348513235e-01 -5.363573131089683921e-01 -8.514511835270464901e-02 4.309019053316709424e-01 7.206904255481457744e-01
1.872593882492176842e+00 1.232532442493915470e+00 5.662253713759856089e-01 -5.264638846732966337e-01 -8.182114611053140085e-02 4.283447358234277469e-01 7.298368759361362201e-01
1.899397512116947739e+00 1.274568041372883487e+00 5.709553569478470481e-01 -5.175973876323394229e-01 -7.695283334474548043e-02 4.283150717447193334e-01 7.366935625297057477e-01
1.928205166395615677e+00 1.319859614749367083e+00 5.760244918291755889e-01 -5.108169671919791099e-01 -6.986498384589151511e-02 4.314751240768557317e-01 7.402797629030957172e-01
1.958307970567630285e+00 1.368983329029505702e+00 5.819243980655344206e-01 -5.064698464319825622e-01 -6.082335369282447501e-02 4.384740039479636531e-01 7.399522701921812384e-01
1.990279679620480913e+00 1.421728167390555075e+00 5.880201709256718257e-01 -5.017613711879125304e-01 -5.548138771938369851e-02 4.523441707894538810e-01 7.352156779837862866e-01
2.024349090786814021e+00 1.477941343498753390e+00 5.946201608186993948e-01 -4.968687250922385057e-01 -5.396228000653820189e-02 4.720094336066483209e-01 7.262345605574280771e-01
2.058142781990468517e+00 1.539047073310988001e+00 6.006389784441898971e-01 -4.940210565628276318e-01 -5.192281710628158381e-02 4.957491128572248940e-01 7.123763288021084383e-01
2.091724118566896884e+00 1.604856788938728407e+00 6.031380277287923253e-01 -4.917976955230965452e-01 -5.039020861583128064e-02 5.224585090507634089e-01 6.947178994917851957e-01
2.125474777716179098e+00 1.674680871846083940e+00 6.020200863711412387e-01 -4.893274879445690395e-01 -4.781514710609895830e-02 5.523115869495573982e-01 6.732193046625604138e-01
2.158447912522637235e+00 1.748594465853948066e+00 5.989940625584704303e-01 -4.864915826151529621e-01 -4.496629974026591925e-02 5.834604617054285347e-01 6.487510012005841542e-01
2.185535564514329732e+00 1.819630840858814214e+00 5.928017533455640642e-01 -4.835541262975943111e-01 -4.247198072493557630e-02 6.149572577436870358e-01 6.214492006127574353e-01
2.202916058324330795e+00 1.880023889935823478e+00 5.840944421948249810e-01 -4.814462821551636074e-01 -4.049346264075220220e-02 6.464462621100433015e-01 5.904887696529765861e-01
2.212500172277151567e+00 1.928030472908477844e+00 5.718227860547067110e-01 -4.783095350562549530e-01 -3.764191964343404501e-02 6.770144435986095166e-01 5.580811031729093763e-01
2.213715269876414649e+00 1.962068065431143316e+00 5.563132665589816117e-01 -4.736447074331304741e-01 -3.555609466614455261e-02 7.049031883174025070e-01 5.267902337293630666e-01
2.208303679064100411e+00 1.982678220735062835e+00 5.442081537864131846e-01 -4.710806024203960107e-01 -3.225474281395420556e-02 7.310028942303642419e-01 4.926230467772222399e-01
2.202431583931987902e+00 1.996823545520645338e+00 5.353777941991951783e-01 -4.685561758271076793e-01 -2.680496749110044749e-02 7.564811930442222332e-01 4.554918313015808295e-01
2.195738305344117958e+00 2.009014515685045854e+00 5.267950984851889062e-01 -4.653305896707650158e-01 -2.089536618893547346e-02 7.797179336069078870e-01 4.184145910460840834e-01
2.188292552844796734e+00 2.018981181443599837e+00 5.186084018907470838e-01 -4.626869332209203045e-01 -1.482293110129675497e-02 8.000136442615140009e-01 3.816795141681007530e-01
2.181282914473188672e+00 2.027458922028378741e+00 5.110590795115844687e-01 -4.595906117303199534e-01 -9.360514227704130191e-03 8.178991219549359704e-01 3.460200524363984953e-01
2.174429425955624495e+00 2.033866396973449397e+00 5.040948616407729954e-01 -4.566370150242339276e-01 -3.103344913668272618e-03 8.331906220326089629e-01 3.118756051970378307e-01
2.168102987771074908e+00 2.038366050592224088e+00 4.978761359040504986e-01 -4.543190947280561498e-01 3.317491101695291614e-03 8.454962039934614815e-01 2.805696410000851904e-01
2.162695402792669697e+00 2.041694896146641458e+00 4.927654977729510333e-01 -4.533766689179545284e-01 1.050758819467599754e-02 8.549112434906436242e-01 2.519244974679360483e-01
2.157051846950916563e+00 2.046132612980423371e+00 4.871717847201856300e-01 -4.535915860150255829e-01 1.806787491455176878e-02 8.612875356542137872e-01 2.282805421386960854e-01
2.150703618878483159e+00 2.056589303252462919e+00 4.792931767827093847e-01 -4.556028434597423349e-01 2.506198707526248112e-02 8.646170167108242488e-01 2.103220393808294952e-01
