0.000000000000000000e+00 0.000000000000000000e+00 0.000000000000000000e+00 0.000000000000000000e+00 0.000000000000000000e+00 0.000000000000000000e+00 1.000000000000000000e+00
8.733457326889038086e-02 4.296030383557081223e-03 2.607623301446437836e-02 -2.338492746646262874e-02 5.489220593343584718e-03 1.984988266423598144e-02 9.995143799780380478e-01
1.661351585851513768e-01 3.265797482093085041e-03 5.358059790136604494e-02 -4.796923391724912389e-02 1.240891232479311192e-02 4.112852959532658365e-02 9.979245540348399279e-01
2.368344979906840120e-01 3.928202245340524368e-03 8.039340654727203384e-02 -7.249839724101467264e-02 1.990190758228879697e-02 5.980280596390375597e-02 9.953750654255478780e-01
2.994625518574478007e-01 1.566169215172673150e-03 1.059568934336974355e-01 -9.676508026686261865e-02 2.855978504879146812e-02 7.936817106614491024e-02 9.917265506885099002e-01
3.545498602275087840e-01 4.218450737942447057e-04 1.289684875245485085e-01 -1.190006109252318423e-01 3.642245839566825988e-02 9.619312184357553530e-02 9.875520960606707366e-01
4.021681025310439583e-01 -2.386427721882735005e-03 1.488918765064670413e-01 -1.387816287978643481e-01 4.338340946495854167e-02 1.107045020068812002e-01 9.831592203335205449e-01
4.424474444777564131e-01 -4.298191142483332242e-03 1.656206832520754624e-01 -1.564476112878074587e-01 4.995254433924535553e-02 1.222780760524690147e-01 9.788140581097521942e-01
4.751823090059243415e-01 -5.103508993614160223e-03 1.795885097500119487e-01 -1.724718445259650901e-01 5.630879981086265446e-02 1.311979967162461014e-01 9.746126756652179202e-01
5.008982705669494662e-01 -5.324178498400577476e-03 1.895884153731800803e-01 -1.861495715061810552e-01 6.196910436047860238e-02 1.370766796568140822e-01 9.709367389418779304e-01
5.190328275375977185e-01 -5.668699121965802175e-03 1.969999319214724431e-01 -1.976895846423520064e-01 6.755337288602644708e-02 1.410515924172371649e-01 9.677085399086944317e-01
5.302063714070638367e-01 -6.698037456999598321e-03 2.011735285032935916e-01 -2.057560936702988175e-01 6.613590419517918761e-02 1.432568008138248861e-01 9.657991308312580125e-01
5.352097442976202490e-01 -4.213178221596764958e-03 2.026730374694323822e-01 -2.112855526373901560e-01 6.501770897415196093e-02 1.429715795745238882e-01 9.647228825939762054e-01
5.405201181013740142e-01 -9.828014849105424361e-04 2.043219853769520644e-01 -2.147114667806753752e-01 6.409095628288306867e-02 1.396532559223166159e-01 9.645145429001744652e-01
5.469740662585874658e-01 1.762595397785518114e-03 2.064305085017621999e-01 -2.164639983317014349e-01 6.326506216883528988e-02 1.349999961754570210e-01 9.648398159112491212e-01
5.534476982827668534e-01 6.178536082111043756e-03 2.087122210429922242e-01 -2.163002877721240391e-01 6.237921021907610886e-02 1.280554448598874295e-01 9.658803355922911393e-01
5.618825200305072043e-01 7.333781322790004081e-03 2.118239923973462835e-01 -2.154325543222521400e-01 6.164760098282790618e-02 1.201516686993680666e-01 9.671359595941043663e-01
5.711546483051463952e-01 5.814954149275335799e-03 2.150834011299206650e-01 -2.127957242819295824e-01 6.106383035750922311e-02 1.115203015290756883e-01 9.687891466651876726e-01
5.811312852091079506e-01 6.134917732464530149e-03 2.193215575804055018e-01 -2.097292804687881651e-01 6.092364695843212330e-02 1.019117350201572680e-01 9.705235372831048091e-01
5.914262275245862899e-01 4.680345079930085805e-03 2.248016478191706968e-01 -2.058405975388260534e-01 6.075557584655073146e-02 9.217323046709209600e-02 9.723386776189011371e-01
6.022499356038955032e-01 1.352072606966205764e-03 2.305173586551186038e-01 -2.015508940865199383e-01 6.048991066234490205e-02 8.232496591226992622e-02 9.741359288048714316e-01
6.143510779624361540e-01 -1.273032036633200276e-03 2.362696250249096130e-01 -1.966774129425782891e-01 6.034432711331497168e-02 7.284176826901715696e-02 9.758947864492865110e-01
6.275857829209100514e-01 -5.058847996457439995e-03 2.413142789569300561e-01 -1.903870967559744831e-01 5.977526802251185989e-02 6.378994250177473513e-02 9.778090375719016292e-01
6.420127742276536820e-01 -6.708209608593555459e-03 2.473700674751829198e-01 -1.838006540477113426e-01 5.966407939436093461e-02 5.539849043891748731e-02 9.795858943751415415e-01
6.571518156718052506e-01 -1.133850530139557042e-02 2.532636801557081596e-01 -1.766201726858409315e-01 5.929572089648012939e-02 4.814829863326318404e-02 9.813108953958030733e-01
6.730393960466873882e-01 -1.682815136206336493e-02 2.599989844895145286e-01 -1.695892059443179223e-01 5.922200186297926078e-02 4.243191489515464598e-02 9.828182885563574445e-01
6.911613158026665982e-01 -1.924205907640574170e-02 2.664877244336211759e-01 -1.625455260984890460e-01 5.933089779813949249e-02 3.811506667991287900e-02 9.841778488686979687e-01
7.101432847828877959e-01 -2.461931351275089067e-02 2.730211467499599753e-01 -1.558369966897649173e-01 5.911280780305747107e-02 3.614445169528199969e-02 9.853497272684457187e-01
7.306911787201121333e-01 -2.913043689893593524e-02 2.802550401809812408e-01 -1.498282625087501430e-01 5.951531553413852427e-02 3.602766597034842699e-02 9.862613377068017995e-01
7.527572708262102452e-01 -3.422266437537414135e-02 2.875743517590103604e-01 -1.443645495966570380e-01 6.034897121562132760e-02 3.907497386063746997e-02 9.869093296300125440e-01
7.760049661851629033e-01 -3.835744999956917228e-02 2.970149803185786475e-01 -1.407896972216927667e-01 6.231217186997917157e-02 4.487868116740800772e-02 9.870569174924738176e-01
8.004117279057046952e-01 -4.484942523287475252e-02 3.068369846954310809e-01 -1.377001438072346928e-01 5.701387279516866718e-02 5.392691880115694364e-02 9.873601045884812244e-01
8.260002769376315612e-01 -5.132574207775030678e-02 3.184727015731290134e-01 -1.361252351276258377e-01 5.154166589061105752e-02 6.559783554547989060e-02 9.871728830404619126e-01
8.539165440575755550e-01 -5.755112461510369926e-02 3.290865131439694169e-01 -1.358502252823169110e-01 4.553751351652442908e-02 7.926603114728587862e-02 9.865028877097287152e-01
8.843639136200517337e-01 -6.172389968500762575e-02 3.385525266095549268e-01 -1.361146640750063586e-01 3.882159874051653581e-02 9.579152751676080213e-02 9.852865902624394767e-01
9.161098841496624345e-01 -6.691431698811191320e-02 3.482641900878720720e-01 -1.369652725263431070e-01 3.207267742390469689e-02 1.143381951607904817e-01 9.834320691395108671e-01
9.492251176421514502e-01 -7.362938617279880804e-02 3.584437847799283872e-01 -1.377839401848675316e-01 2.506332661344302937e-02 1.342284156349470847e-01 9.810046625385288044e-01
9.767091097463734828e-01 -7.909387710501812607e-02 3.669751866060179113e-01 -1.390840920077744125e-01 1.776727673806127034e-02 1.552769760630959006e-01 9.778696231770300784e-01
9.982011818895177857e-01 -8.231462632994880624e-02 3.745601291683636758e-01 -1.419169966930984295e-01 1.099580610640570576e-02 1.770743479260580289e-01 9.738497489881294822e-01
1.015031005002978048e+00 -8.449419817428652224e-02 3.768359162789007843e-01 -1.431078227903372635e-01 3.428969522600838933e-03 1.980679472909922523e-01 9.696790610713192926e-01
1.026175779619756367e+00 -7.974183173566702643e-02 3.773351026150055798e-01 -1.440667544090792895e-01 -3.418933011674221353e-03 2.166635901026394972e-01 9.655516402010464461e-01
1.033441650186351923e+00 -7.347719339524037829e-02 3.782580978937541971e-01 -1.456266350516812469e-01 -9.612314220536655185e-03 2.358642625359115286e-01 9.607645581708562643e-01
1.043130665105523880e+00 -7.293725123213209982e-02 3.801277981901902692e-01 -1.471730875625097135e-01 -1.541240559821484973e-02 2.571886840036120003e-01 9.549641463801057384e-01
1.051778299731626509e+00 -6.871419128646226449e-02 3.836948081822554313e-01 -1.489175552162838867e-01 -1.901735139392297935e-02 2.778949933506268399e-01 9.488078176137780817e-01
1.060331293288535814e+00 -6.212590202356407798e-02 3.838761387512861778e-01 -1.499877694124026328e-01 -2.316409095627410680e-02 2.964812232696206751e-01 9.429029526761546487e-01
1.070474563244226296e+00 -5.680820249604159183e-02 3.839652979476149697e-01 -1.512947902896990549e-01 -2.665980667080655037e-02 3.150649818530606439e-01 9.365538950585821087e-01
1.078434787389255245e+00 -4.767499514761971285e-02 3.820872756780134272e-01 -1.521754798622425298e-01 -2.952829764765404000e-02 3.308606553998125199e-01 9.308608540889095062e-01
1.088348149575455004e+00 -3.904094751321707940e-02 3.817699819635696490e-01 -1.530847755048637127e-01 -3.094909957072514151e-02 3.457612220637492628e-01 9.252331501094032129e-01
1.094198897864343545e+00 -2.900730093763649250e-02 3.735384121689252490e-01 -1.538352260018528705e-01 -3.187595412591581745e-02 3.582214250248473286e-01 9.203238872498578083e-01
1.107513341649728256e+00 -2.545473723651283521e-02 3.731607945596728815e-01 -1.544853417827513342e-01 -3.130437673247367381e-02 3.684422307148272902e-01 9.161902847102996184e-01
1.121180765399973911e+00 -2.618858585617387866e-02 3.768139210669551598e-01 -1.550261988440390371e-01 -2.861570214819847413e-02 3.759643504422283677e-01 9.131258546657670117e-01
