-4.452462308108806610e-03 9.506114125251770020e-01 -2.659993059933185577e-02
-9.829358011484146118e-02 8.848424553871154785e-01 -6.793984025716781616e-02
-4.364039376378059387e-02 8.005292415618896484e-01 -5.459548532962799072e-02
2.176006883382797241e-02 7.302944660186767578e-01 -8.016505837440490723e-02
-3.668649494647979736e-02 6.520602703094482422e-01 -4.847252368927001953e-02
-3.844754770398139954e-02 5.752591490745544434e-01 -3.504155203700065613e-02
-7.182123512029647827e-02 4.937772452831268311e-01 -1.951651275157928467e-02
-8.456712961196899414e-02 4.090352654457092285e-01 -2.097916603088378906e-02
-7.842364907264709473e-02 3.294716775417327881e-01 -3.257628902792930603e-02
-5.245833471417427063e-02 2.536204457283020020e-01 -2.017102576792240143e-02
-2.544576302170753479e-02 1.832035928964614868e-01 -1.305869966745376587e-02
-2.752416580915451050e-02 8.964144438505172729e-02 -7.071583066135644913e-03
-3.828693553805351257e-02 4.227944463491439819e-02 3.774981596507132053e-04
-2.906773611903190613e-02 7.208248227834701538e-02 -1.317722257226705551e-03
-4.145060479640960693e-02 6.480938941240310669e-02 -8.770244894549250603e-04
-2.568618953227996826e-02 8.942143619060516357e-02 -5.609737243503332138e-03
-9.505132213234901428e-03 9.947967529296875000e-02 -1.142402552068233490e-02
-1.595927774906158447e-02 1.101112514734268188e-01 -4.597616847604513168e-03
-3.514288458973169327e-03 1.232691034674644470e-01 3.815896809101104736e-03
2.153553068637847900e-03 1.343798488378524780e-01 -2.122292295098304749e-03
-2.308068564161658287e-03 1.474362462759017944e-01 -1.014157664030790329e-03
5.013989284634590149e-03 1.599838286638259888e-01 -3.855945076793432236e-03
-1.954441890120506287e-02 1.737166047096252441e-01 -1.092196325771510601e-03
8.702820166945457458e-03 1.886315643787384033e-01 -1.714346185326576233e-02
1.235277112573385239e-02 2.038812488317489624e-01 -1.593900658190250397e-02
-3.369909152388572693e-02 2.191224843263626099e-01 -1.833060570061206818e-02
3.230580594390630722e-03 2.365855723619461060e-01 -2.826309390366077423e-02
-8.721294812858104706e-03 2.556500434875488281e-01 -2.456172928214073181e-02
-2.293860726058483124e-02 2.724519371986389160e-01 -3.107752650976181030e-02
-2.176422253251075745e-02 2.947061061859130859e-01 -1.070249453186988831e-02
1.229284331202507019e-02 3.141570985317230225e-01 -3.209800273180007935e-02
2.168940566480159760e-02 3.333563208580017090e-01 -3.103807941079139709e-02
2.152052149176597595e-02 3.520350158214569092e-01 -4.441712424159049988e-02
-8.053208701312541962e-03 3.713880777359008789e-01 -5.853019282221794128e-02
-5.217964295297861099e-03 3.830394744873046875e-01 -6.369321048259735107e-02
9.913612157106399536e-04 4.146134555339813232e-01 -6.432053446769714355e-02
-1.068399660289287567e-02 3.830851018428802490e-01 -4.671068117022514343e-02
1.578462868928909302e-02 3.409149050712585449e-01 -3.147252649068832397e-02
-7.775288075208663940e-02 1.800635010004043579e-01 -6.521284580230712891e-02
-1.726717352867126465e-01 6.655305624008178711e-02 -3.799005225300788879e-02
-4.996858164668083191e-02 1.133862733840942383e-01 1.399365020915865898e-03
-4.858500882983207703e-02 6.128799542784690857e-02 -1.872608996927738190e-02
-5.805238708853721619e-02 6.490924954414367676e-02 3.947017714381217957e-03
-6.498402357101440430e-02 2.762001566588878632e-02 -8.037272840738296509e-03
-5.177146941423416138e-02 3.875812888145446777e-02 -2.062506973743438721e-02
-5.284205079078674316e-02 1.832971349358558655e-02 -1.126850675791501999e-02
-4.360976815223693848e-02 2.360205166041851044e-02 -6.934462580829858780e-03
-3.861035779118537903e-02 7.521282415837049484e-03 -9.067072533071041107e-03
-4.056107997894287109e-02 2.154358103871345520e-02 -1.038578152656555176e-02
-2.255621738731861115e-02 7.451232522726058960e-02 -9.239149279892444611e-03
-1.190716587007045746e-02 1.037540137767791748e-01 -1.147642266005277634e-02
