8.339574933052062988e-02 -1.009540539234876633e-02 3.562281653285026550e-02 -2.555547840893268585e-02 7.154289633035659790e-03 2.536221593618392944e-02 9.993259906768798828e-01
7.504574954509735107e-02 -1.418501976877450943e-02 3.367501124739646912e-02 -2.511705830693244934e-02 7.529817055910825729e-03 2.438617683947086334e-02 9.993586540222167969e-01
6.666240096092224121e-02 -1.705150492489337921e-02 3.135492280125617981e-02 -2.450114674866199493e-02 7.524098269641399384e-03 2.228660695254802704e-02 9.994230270385742188e-01
5.833239108324050903e-02 -1.887150295078754425e-02 2.868000045418739319e-02 -2.351526170969009399e-02 7.518659345805644989e-03 2.082666754722595215e-02 9.994782209396362305e-01
5.016094446182250977e-02 -1.960721239447593689e-02 2.578549459576606750e-02 -2.235170640051364899e-02 7.459438871592283249e-03 1.866887696087360382e-02 9.995480179786682129e-01
4.213225096464157104e-02 -1.947224885225296021e-02 2.276027575135231018e-02 -2.088739164173603058e-02 7.173434831202030182e-03 1.668250747025012970e-02 9.996169209480285645e-01
3.458189591765403748e-02 -1.792620308697223663e-02 1.971490122377872467e-02 -1.913596130907535553e-02 7.071722298860549927e-03 1.434319652616977692e-02 9.996889829635620117e-01
2.692249789834022522e-02 -1.626051962375640869e-02 1.667617820203304291e-02 -1.718893460929393768e-02 6.945461500436067581e-03 1.203408744186162949e-02 9.997557401657104492e-01
1.971111074090003967e-02 -1.367297489196062088e-02 1.363375689834356308e-02 -1.500009465962648392e-02 6.583843380212783813e-03 9.193675592541694641e-03 9.998235702514648438e-01
1.278767082840204239e-02 -1.051290798932313919e-02 1.048168446868658066e-02 -1.254130899906158447e-02 6.647567264735698700e-03 6.735722068697214127e-03 9.998765587806701660e-01
6.803455296903848648e-03 -6.932356394827365875e-03 6.998711731284856796e-03 -9.725527837872505188e-03 -1.689144846750423312e-04 3.445271868258714676e-03 9.999467730522155762e-01
1.954705221578478813e-03 -2.770622260868549347e-03 4.686104133725166321e-03 -6.987323984503746033e-03 -3.423319139983505011e-04 7.435309817083179951e-04 9.999752640724182129e-01
2.144411671906709671e-03 -3.614176996052265167e-03 4.867612849920988083e-03 -4.807287361472845078e-03 1.988331205211579800e-04 -1.600889372639358044e-03 9.999871253967285156e-01
2.822096459567546844e-03 -4.604048561304807663e-03 4.947225097566843033e-03 -2.698844764381647110e-03 3.909360384568572044e-04 -3.377435030415654182e-03 9.999905824661254883e-01
3.169674193486571312e-03 -5.862290970981121063e-03 4.711832385510206223e-03 -2.202660834882408381e-04 6.375949014909565449e-04 -5.257829558104276657e-03 9.999859333038330078e-01
3.651761682704091072e-03 -6.340767722576856613e-03 5.350069142878055573e-03 6.126771913841366768e-04 1.035193214192986488e-03 -6.408703979104757309e-03 9.999787211418151855e-01
3.823865670710802078e-03 -7.713855244219303131e-03 4.977693315595388412e-03 2.609752351418137550e-03 1.062981551513075829e-03 -7.493208628147840500e-03 9.999679327011108398e-01
5.176216363906860352e-03 -7.457202766090631485e-03 5.932499654591083527e-03 3.473936812952160835e-03 1.528791617602109909e-03 -8.385024964809417725e-03 9.999576210975646973e-01
4.700032062828540802e-03 -8.551392704248428345e-03 6.551061291247606277e-03 4.623768851161003113e-03 1.167833688668906689e-03 -9.058713912963867188e-03 9.999476075172424316e-01
5.573439877480268478e-03 -9.109297767281532288e-03 6.845207419246435165e-03 5.350071005523204803e-03 1.317683956585824490e-03 -9.330105967819690704e-03 9.999412894248962402e-01
6.782277487218379974e-03 -9.346669539809226990e-03 7.284080609679222107e-03 5.919686052948236465e-03 1.287974300794303417e-03 -8.950934745371341705e-03 9.999415874481201172e-01
7.765061687678098679e-03 -1.014856714755296707e-02 7.186706643551588058e-03 7.118568290024995804e-03 1.073111547157168388e-03 -8.516388945281505585e-03 9.999378323554992676e-01
9.258373640477657318e-03 -9.551111608743667603e-03 8.401774801313877106e-03 7.170673459768295288e-03 1.022649114020168781e-03 -7.642360404133796692e-03 9.999445676803588867e-01
1.028588321059942245e-02 -1.032739970833063126e-02 8.538750931620597839e-03 7.443928159773349762e-03 7.835762808099389076e-04 -6.495637819170951843e-03 9.999508857727050781e-01
1.123962178826332092e-02 -1.076662447303533554e-02 9.255616925656795502e-03 7.396712433546781540e-03 6.234907777979969978e-04 -5.209502298384904861e-03 9.999588727951049805e-01
1.294363941997289658e-02 -1.047677639871835709e-02 9.951585903763771057e-03 7.077590562403202057e-03 3.931104147341102362e-04 -3.437779610976576805e-03 9.999689459800720215e-01
1.407349668443202972e-02 -1.085335481911897659e-02 1.077297795563936234e-02 6.611898541450500488e-03 1.473530574003234506e-04 -1.431235228665173054e-03 9.999771118164062500e-01
1.539235562086105347e-02 -1.105633657425642014e-02 1.165024470537900925e-02 5.938028916716575623e-03 -2.753609987848903984e-05 6.885841139592230320e-04 9.999821186065673828e-01
1.676787249743938446e-02 -1.141257770359516144e-02 1.245017908513545990e-02 5.187055561691522598e-03 -1.139305095421150327e-04 3.526346525177359581e-03 9.999803304672241211e-01
1.815892010927200317e-02 -1.166362967342138290e-02 1.344956178218126297e-02 3.689935663715004921e-03 -1.103592367144301534e-04 6.109933368861675262e-03 9.999745488166809082e-01
1.886793598532676697e-02 -1.262754574418067932e-02 1.479370240122079849e-02 2.623526612296700478e-03 -7.524095475673675537e-03 8.794678375124931335e-03 9.999295473098754883e-01
1.991661265492439270e-02 -1.351819653064012527e-02 1.589632965624332428e-02 1.279780524782836437e-03 -8.657204918563365936e-03 1.162088010460138321e-02 9.998942017555236816e-01
2.161694876849651337e-02 -1.421341300010681152e-02 1.616826467216014862e-02 5.118571061757393181e-05 -9.324568323791027069e-03 1.388563122600317001e-02 9.998601078987121582e-01
2.327542006969451904e-02 -1.469584275037050247e-02 1.662367768585681915e-02 -7.964310934767127037e-04 -9.777856059372425079e-03 1.632282882928848267e-02 9.998186230659484863e-01
2.441226504743099213e-02 -1.566661708056926727e-02 1.696059852838516235e-02 -1.664749695919454098e-03 -1.011185068637132645e-02 1.837217248976230621e-02 9.997786879539489746e-01
2.445576526224613190e-02 -1.868388801813125610e-02 1.726740226149559021e-02 -2.273108810186386108e-03 -1.032075751572847366e-02 1.991828717291355133e-02 9.997457265853881836e-01
1.927175745368003845e-02 -1.613494381308555603e-02 1.504255086183547974e-02 -2.834433922544121742e-03 -1.060917042195796967e-02 2.121061645448207855e-02 9.997147321701049805e-01
1.516231335699558258e-02 -1.163968723267316818e-02 1.282325014472007751e-02 -3.983804024755954742e-03 -1.026706118136644363e-02 2.210206724703311920e-02 9.996950626373291016e-01
1.093514170497655869e-02 -9.684559889137744904e-03 8.933346718549728394e-03 -4.049337469041347504e-03 -1.009198650717735291e-02 2.289965189993381500e-02 9.996786117553710938e-01
5.894723813980817795e-03 -5.463710520416498184e-03 9.079663082957267761e-03 -4.823894239962100983e-03 -9.249984286725521088e-03 2.341376245021820068e-02 9.996713995933532715e-01
5.009201355278491974e-03 -2.864077105186879635e-04 8.228995837271213531e-03 -4.449312109500169754e-03 -9.134733118116855621e-03 2.256689593195915222e-02 9.996936917304992676e-01
4.166929516941308975e-03 -2.491734921932220459e-03 8.607688359916210175e-03 -4.088881891220808029e-03 -8.640350773930549622e-03 2.317438647150993347e-02 9.996857643127441406e-01
5.359264090657234192e-03 -9.825472952798008919e-04 8.697832003235816956e-03 -4.009689204394817352e-03 -7.531464565545320511e-03 2.228491939604282379e-02 9.997152686119079590e-01
6.614750716835260391e-03 7.190291071310639381e-04 8.504128083586692810e-03 -3.380424575880169868e-03 -6.816617213189601898e-03 2.134214527904987335e-02 9.997432827949523926e-01
7.340429350733757019e-03 1.594975515217811335e-06 8.791468106210231781e-03 -3.311233129352331161e-03 -5.644145887345075607e-03 2.008853852748870850e-02 9.997767806053161621e-01
7.761493790894746780e-03 1.836402225308120251e-03 9.310986846685409546e-03 -2.616745652630925179e-03 -4.662093706429004669e-03 1.828993484377861023e-02 9.998184442520141602e-01
9.623116813600063324e-03 2.520323963835835457e-03 8.600337430834770203e-03 -2.072366420179605484e-03 -3.693276084959506989e-03 1.678187958896160126e-02 9.998502135276794434e-01
8.815534412860870361e-03 2.641707193106412888e-03 1.086148247122764587e-02 -1.417170511558651924e-03 -2.038525184616446495e-03 1.428303122520446777e-02 9.998949170112609863e-01
1.044065598398447037e-02 -1.859682088252156973e-04 8.999768644571304321e-03 -5.052728811278939247e-04 -3.326529986225068569e-04 1.076123025268316269e-02 9.999418854713439941e-01
5.904742982238531113e-03 -9.838599711656570435e-03 8.307727053761482239e-03 2.484524738974869251e-04 1.327042002230882645e-03 8.789117448031902313e-03 9.999604821205139160e-01
1.594525277614593506e-01 -1.872859708964824677e-02 6.891157478094100952e-02 -5.078383162617683411e-02 1.494660787284374237e-02 4.937813431024551392e-02 9.973762631416320801e-01
1.428304463624954224e-01 -2.643725089728832245e-02 6.487126648426055908e-02 -4.980466887354850769e-02 1.714575849473476410e-02 4.625306650996208191e-02 9.975400567054748535e-01
1.261320859193801880e-01 -3.182091191411018372e-02 6.011012569069862366e-02 -4.805786535143852234e-02 1.505867671221494675e-02 4.304775595664978027e-02 9.978028535842895508e-01
1.096175089478492737e-01 -3.504872694611549377e-02 5.463847517967224121e-02 -4.612646996974945068e-02 1.489831507205963135e-02 3.935577347874641418e-02 9.980488419532775879e-01
9.333736449480056763e-02 -3.629034757614135742e-02 4.880715906620025635e-02 -4.317944496870040894e-02 1.478900760412216187e-02 3.540484234690666199e-02 9.983302354812622070e-01
7.741361111402511597e-02 -3.562364354729652405e-02 4.277308285236358643e-02 -4.018678516149520874e-02 1.431990601122379303e-02 3.095114789903163910e-02 9.986100196838378906e-01
6.327832490205764771e-02 -3.119394369423389435e-02 3.610487654805183411e-02 -3.629190847277641296e-02 1.406204700469970703e-02 2.651291340589523315e-02 9.988905191421508789e-01
4.922145977616310120e-02 -2.556820400059223175e-02 3.025353141129016876e-02 -3.191934898495674133e-02 1.403312012553215027e-02 2.128683030605316162e-02 9.991651773452758789e-01
3.486919030547142029e-02 -2.088129334151744843e-02 2.390793524682521820e-02 -2.742078900337219238e-02 1.309518329799175262e-02 1.615789160132408142e-02 9.994075894355773926e-01
2.171849645674228668e-02 -1.520456932485103607e-02 1.689482480287551880e-02 -2.213737368583679199e-02 6.475685164332389832e-03 1.021715719252824783e-02 9.996817708015441895e-01
1.003561262041330338e-02 -9.364207275211811066e-03 9.802293032407760620e-03 -1.685457676649093628e-02 -1.523280516266822815e-04 3.945794422179460526e-03 9.998501539230346680e-01
5.966765340417623520e-03 -6.553293671458959579e-03 8.387121371924877167e-03 -1.144177839159965515e-02 -1.734769466565921903e-04 -1.829043147154152393e-03 9.999328255653381348e-01
5.744849331676959991e-03 -8.177204057574272156e-03 9.433601982891559601e-03 -7.555757183581590652e-03 5.933683132752776146e-04 -5.306360777467489243e-03 9.999572038650512695e-01
6.929613649845123291e-03 -1.008232589811086655e-02 9.483234956860542297e-03 -3.014625515788793564e-03 1.093882834538817406e-03 -9.241510182619094849e-03 9.999521374702453613e-01
8.445653133094310760e-03 -1.161486841738224030e-02 9.502284228801727295e-03 -1.355969579890370369e-04 1.554700895212590694e-03 -1.210990175604820251e-02 9.999254345893859863e-01
8.870252408087253571e-03 -1.365913916379213333e-02 9.793305769562721252e-03 3.305877558887004852e-03 1.961432863026857376e-03 -1.461816672235727310e-02 9.998857378959655762e-01
9.457119740545749664e-03 -1.547420118004083633e-02 1.015263143926858902e-02 5.839915946125984192e-03 2.243116032332181931e-03 -1.620407588779926300e-02 9.998491406440734863e-01
1.007826626300811768e-02 -1.667549833655357361e-02 1.143403537571430206e-02 8.380918763577938080e-03 2.491991501301527023e-03 -1.723324507474899292e-02 9.998132586479187012e-01
1.156134996563196182e-02 -1.764189638197422028e-02 1.232878211885690689e-02 1.023214403539896011e-02 2.536223735660314560e-03 -1.821375451982021332e-02 9.997785687446594238e-01
1.360874250531196594e-02 -1.844012551009654999e-02 1.296611502766609192e-02 1.185704674571752548e-02 2.619536593556404114e-03 -1.822796836495399475e-02 9.997600913047790527e-01
1.449589990079402924e-02 -1.994023099541664124e-02 1.391286868602037430e-02 1.311559695750474930e-02 2.264714101329445839e-03 -1.733084954321384430e-02 9.997612237930297852e-01
1.728946343064308167e-02 -1.973792724311351776e-02 1.532442681491374969e-02 1.398419868201017380e-02 2.193979453295469284e-03 -1.610323041677474976e-02 9.997701048851013184e-01
1.983553729951381683e-02 -2.024021558463573456e-02 1.615262404084205627e-02 1.449324470013380051e-02 1.833632821217179298e-03 -1.417198311537504196e-02 9.997928738594055176e-01
2.203610166907310486e-02 -2.073433436453342438e-02 1.758066378533840179e-02 1.464508939534425735e-02 1.417056191712617874e-03 -1.164339389652013779e-02 9.998239278793334961e-01
2.441086806356906891e-02 -2.119089849293231964e-02 1.900936290621757507e-02 1.431104820221662521e-02 9.808527538552880287e-04 -8.537882938981056213e-03 9.998606443405151367e-01
2.710258588194847107e-02 -2.130627259612083435e-02 2.062817662954330444e-02 1.369332429021596909e-02 5.058780079707503319e-04 -4.794640466570854187e-03 9.998946189880371094e-01
2.925197780132293701e-02 -2.208731137216091156e-02 2.252518199384212494e-02 1.254799775779247284e-02 8.219604205805808306e-05 -5.955086671747267246e-04 9.999210834503173828e-01
3.199555352330207825e-02 -2.284158766269683838e-02 2.396187745034694672e-02 1.090654078871011734e-02 -2.542912261560559273e-05 4.343986045569181442e-03 9.999310970306396484e-01
3.450065851211547852e-02 -2.352905459702014923e-02 2.605773508548736572e-02 8.892646990716457367e-03 -4.574384365696460009e-04 9.459561668336391449e-03 9.999155998229980469e-01
3.656911477446556091e-02 -2.458956651389598846e-02 2.857721596956253052e-02 6.415409035980701447e-03 -7.680318783968687057e-03 1.485626772046089172e-02 9.998395442962646484e-01
3.957433253526687622e-02 -2.562306821346282959e-02 3.010763972997665405e-02 3.729468677192926407e-03 -1.622132398188114166e-02 2.036828547716140747e-02 9.996539950370788574e-01
4.193567484617233276e-02 -2.746276743710041046e-02 3.177378326654434204e-02 1.446201698854565620e-03 -1.794585585594177246e-02 2.573388628661632538e-02 9.995067119598388672e-01
4.428281635046005249e-02 -2.950469218194484711e-02 3.308925405144691467e-02 -6.368188187479972839e-04 -1.901634968817234039e-02 3.051927685737609863e-02 9.993530511856079102e-01
4.644932225346565247e-02 -3.188469260931015015e-02 3.390624746680259705e-02 -2.450173022225499153e-03 -1.973265036940574646e-02 3.475986421108245850e-02 9.991978406906127930e-01
4.825693741440773010e-02 -3.482205420732498169e-02 3.470242395997047424e-02 -4.053569398820400238e-03 -2.051146514713764191e-02 3.822076320648193359e-02 9.990505576133728027e-01
4.403754323720932007e-02 -3.402861207723617554e-02 3.271357715129852295e-02 -5.375166889280080795e-03 -2.073038741946220398e-02 4.095275700092315674e-02 9.989315271377563477e-01
3.504937514662742615e-02 -2.752197161316871643e-02 2.728443220257759094e-02 -6.374501157552003860e-03 -2.062561549246311188e-02 4.352024197578430176e-02 9.988192915916442871e-01
2.618484571576118469e-02 -2.195828035473823547e-02 2.080746181309223175e-02 -7.220482919365167618e-03 -2.029849961400032043e-02 4.503204300999641418e-02 9.987531900405883789e-01
1.754331402480602264e-02 -1.506418082863092422e-02 1.731892861425876617e-02 -7.829164154827594757e-03 -1.945494674146175385e-02 4.585865885019302368e-02 9.987277984619140625e-01
1.000306662172079086e-02 -6.656029261648654938e-03 1.689546741545200348e-02 -8.432461880147457123e-03 -1.766544580459594727e-02 4.570200666785240173e-02 9.987633228302001953e-01
1.077622268348932266e-02 -1.145910820923745632e-03 1.619822345674037933e-02 -8.182830177247524261e-03 -1.760444231331348419e-02 4.609935730695724487e-02 9.987481832504272461e-01
1.184781733900308609e-02 4.538855282589793205e-04 1.626642793416976929e-02 -7.330460473895072937e-03 -1.616756245493888855e-02 4.521507769823074341e-02 9.988195300102233887e-01
1.222845632582902908e-02 1.546457759104669094e-03 1.705258525907993317e-02 -7.699273061007261276e-03 -1.444460172206163406e-02 4.358495399355888367e-02 9.989156126976013184e-01
1.410905085504055023e-02 2.739788265898823738e-03 1.696470752358436584e-02 -7.059894967824220657e-03 -1.246341224759817123e-02 4.120782390236854553e-02 9.990479350090026855e-01
1.541625242680311203e-02 3.897071350365877151e-03 1.757000759243965149e-02 -6.005628500133752823e-03 -1.026090048253536224e-02 3.860351443290710449e-02 9.991838932037353516e-01
1.697196066379547119e-02 5.205512046813964844e-03 1.816407218575477600e-02 -4.947701003402471542e-03 -8.517763577401638031e-03 3.493759408593177795e-02 9.993409514427185059e-01
2.003742009401321411e-02 6.446916610002517700e-03 1.749740168452262878e-02 -3.602666314691305161e-03 -5.118506494909524918e-03 3.097921982407569885e-02 9.995004534721374512e-01
2.178302407264709473e-02 3.696720348671078682e-03 1.693468540906906128e-02 -1.793636824004352093e-03 -2.163844183087348938e-03 2.460519783198833466e-02 9.996932744979858398e-01
1.845457591116428375e-02 -1.195899117738008499e-02 1.690716296434402466e-02 -2.353268064325675368e-04 1.526183332316577435e-03 2.036402560770511627e-02 9.997914433479309082e-01
