0.000000000000000000e+00 0.000000000000000000e+00 0.000000000000000000e+00 0.000000000000000000e+00 0.000000000000000000e+00 0.000000000000000000e+00 1.000000000000000000e+00
9.093747287988662720e-02 6.261448375880718231e-03 -6.221136078238487244e-03 -1.870501764716727897e-02 -3.127220734130719729e-05 1.783179134400609059e-02 9.996660185053466430e-01
1.746919515747191731e-01 9.590275245135579038e-03 -6.773401512530794789e-03 -3.862546248843980873e-02 1.725251092571859594e-03 3.647150437948565305e-02 9.985864642205596331e-01
2.507372251325773460e-01 1.384652127615190742e-02 -4.308981372596043351e-03 -5.906752550678524144e-02 5.155288252511902938e-03 5.250159100677517787e-02 9.968590840110231888e-01
3.185900308317846097e-01 1.152717347960758275e-02 4.829793563864605808e-03 -7.953599751018490538e-02 1.137231331888701943e-02 6.764689818598246251e-02 9.944690003995360073e-01
3.789198247881412907e-01 5.487639462019801642e-03 8.714319447497544113e-03 -9.791491340107036367e-02 1.582418899339981672e-02 8.050488762724826441e-02 9.918070517214959692e-01
4.311685452448466571e-01 -2.942438406469670767e-03 1.059560544318892926e-02 -1.146994331347069435e-01 1.972122921990366803e-02 9.165393515502422150e-02 9.889664652187309946e-01
4.755393783871901814e-01 -1.103452604912145626e-02 1.192271121287447229e-02 -1.298067299501110827e-01 2.369425629146147336e-02 1.003965373969571973e-01 9.861588768333198196e-01
5.122322414913220712e-01 -1.736985252115068323e-02 1.305507005051408445e-02 -1.437751024497243846e-01 2.787366950796731774e-02 1.072015815591621235e-01 9.833918849446269261e-01
5.407675481749146806e-01 -2.377241273282260439e-02 1.035572340578618834e-02 -1.557332581005369532e-01 3.071239019706249740e-02 1.121866620527640079e-01 9.809271401420360803e-01
5.615318046233814808e-01 -2.879787855802733165e-02 8.414801898532484059e-03 -1.660773140766955702e-01 3.398426688432507753e-02 1.154651878903196760e-01 9.787395903604076963e-01
5.737510000252138420e-01 -3.326271853927720984e-02 4.983780145194880579e-03 -1.742451658207442855e-01 3.067891423384579153e-02 1.169634233611112489e-01 9.772497040189795925e-01
5.780103384707684366e-01 -3.617388796049318678e-02 2.640584671643448397e-03 -1.808549602439682435e-01 2.931936437223766831e-02 1.165500735073269206e-01 9.761393028627610713e-01
5.838536981603015263e-01 -3.724249360329126568e-02 6.203957043279966811e-04 -1.849676117523506302e-01 2.838145465231748168e-02 1.129680383570020458e-01 9.758174511373636228e-01
5.903095148037584838e-01 -3.885915237089260926e-02 -1.620513539646288668e-03 -1.871531807923113022e-01 2.716438205249533874e-02 1.076024863978276291e-01 9.760417451052141313e-01
5.966171073305669426e-01 -4.249527137222557788e-02 -4.622974913690876611e-03 -1.879858999398810182e-01 2.558127842618478781e-02 9.993100533365165128e-02 9.767398291207750605e-01
6.047497913548844917e-01 -4.450611311116461910e-02 -7.411043223423715263e-03 -1.871651272622149864e-01 2.376534797891292558e-02 9.128514021223635422e-02 9.777890603544264758e-01
6.132005499047331609e-01 -4.839814640966997455e-02 -1.063484165148225954e-02 -1.848836323111090474e-01 2.183026019993754285e-02 8.109604410468103375e-02 9.791654170126851131e-01
6.228011857912770788e-01 -5.212206680099509826e-02 -1.432096159635859803e-02 -1.810784730772337092e-01 1.967900243782001041e-02 6.977874484989544934e-02 9.807926642355370150e-01
6.334250669084360297e-01 -5.632409667688383081e-02 -1.828655814809492311e-02 -1.760871531714210403e-01 1.741613705261874090e-02 5.798198362653996657e-02 9.825111104882634505e-01
6.452514820489612113e-01 -6.075341920363200310e-02 -2.251042378780413258e-02 -1.702175913740293089e-01 1.516278443164022736e-02 4.594760467373260743e-02 9.842179022857946435e-01
6.584057640668632416e-01 -6.546060305774956123e-02 -2.679406638425325254e-02 -1.633206873778399459e-01 1.316189578479591733e-02 3.427688292476843007e-02 9.858895540935311841e-01
6.727484572112194527e-01 -7.046929074492518097e-02 -3.175621512128452839e-02 -1.552746875806089444e-01 1.103823416887800453e-02 2.315743158922192041e-02 9.875381826265593466e-01
6.890590493784888304e-01 -7.473593256293541154e-02 -3.623225547883564268e-02 -1.465922495075504539e-01 8.803620504951285494e-03 1.224162949332555442e-02 9.890820750360755920e-01
7.062732194842242794e-01 -8.066086833599228623e-02 -4.157667166083976046e-02 -1.375630069536811773e-01 6.128984883439101902e-03 2.265513579175743638e-03 9.904714645613889035e-01
7.252893268359685841e-01 -8.734520995423239453e-02 -4.581924907391971696e-02 -1.284405308586721584e-01 3.445503721493288225e-03 -5.940452285738586150e-03 9.916934352729619429e-01
7.465206629952633177e-01 -9.346513143396996404e-02 -4.885776567467380038e-02 -1.194835250446725089e-01 1.000060303401502371e-03 -1.251004043555288027e-02 9.927568614774664457e-01
7.693433573292117744e-01 -1.010116447941732942e-01 -5.059635753795037327e-02 -1.110937312699282892e-01 -1.341530597427107634e-03 -1.662001624345812653e-02 9.936700449486480791e-01
7.942246052521572119e-01 -1.084680856291177775e-01 -5.017886722018734258e-02 -1.036372567177505227e-01 -2.895035397437704071e-03 -1.877081844168770539e-02 9.944338058237440769e-01
8.207383625084057055e-01 -1.172235713217889275e-01 -4.921624906231813340e-02 -9.689692337252932275e-02 -4.237313943064706552e-03 -1.822710627327359806e-02 9.951184874216681964e-01
8.493225911091738523e-01 -1.243385210220287612e-01 -4.365344569870330260e-02 -9.219110131440184930e-02 -3.395708002533045274e-03 -1.495637010720165562e-02 9.956232103556121871e-01
8.784374505636217689e-01 -1.319755996760166583e-01 -3.278320246631699630e-02 -8.890286990112504506e-02 -7.790730167057730547e-03 -9.515771357324509516e-03 9.959643740326673544e-01
9.071984842435386609e-01 -1.375378726834718401e-01 -1.540563210242456085e-02 -8.737846998562025236e-02 -1.052891837807259923e-02 -2.016818662656881273e-03 9.961175017553109967e-01
9.380101154501571115e-01 -1.409845503718478998e-01 2.944165321490780501e-03 -8.743895908949685103e-02 -1.355533372779963060e-02 6.901251716766194748e-03 9.960537405610276895e-01
9.735591930656333215e-01 -1.444784697399350282e-01 1.560702046896152856e-02 -8.848242162312003334e-02 -1.944321119802644091e-02 1.896324104043945261e-02 9.957073958203079833e-01
1.011463702207162862e+00 -1.500672436096166795e-01 2.586458430936289243e-02 -8.947724731763857797e-02 -2.712056888378003641e-02 3.389697999914222798e-02 9.950423567380516365e-01
1.049929337734225809e+00 -1.596822227704433605e-01 3.752606956270561345e-02 -9.071419300001530572e-02 -3.429475766550599269e-02 4.996612465893891797e-02 9.940312827932467066e-01
1.082523755386091358e+00 -1.661098444225053150e-01 4.839126533582409351e-02 -9.252797679256044572e-02 -4.099242157751416260e-02 6.646572346218025673e-02 9.926431899169689821e-01
1.109021215279421435e+00 -1.710597068053597292e-01 5.764216487991150051e-02 -9.551739925081859095e-02 -4.701289025837603747e-02 8.383215990574853504e-02 9.907766567473471619e-01
1.130609408667051730e+00 -1.716700227217735630e-01 5.352991433213866168e-02 -9.681418608448132124e-02 -5.693340767447481465e-02 1.016267317735960185e-01 9.884622440196636495e-01
1.144073047689353473e+00 -1.696348504567542492e-01 4.617518845675078198e-02 -9.907133339741079625e-02 -6.656605247202602993e-02 1.194214893830637114e-01 9.856431095638427120e-01
1.149849803368709455e+00 -1.682928462448420037e-01 3.919359370955689814e-02 -1.023939256917262425e-01 -7.484201550486399568e-02 1.387929372917812154e-01 9.821663185298743493e-01
1.153582957492166772e+00 -1.656914335396313387e-01 3.198369748880639657e-02 -1.050723634140524471e-01 -8.342701865561658048e-02 1.580014602609388363e-01 9.782817945562677364e-01
1.158038802908284648e+00 -1.648059823375334909e-01 2.561289894907671505e-02 -1.082038226426801364e-01 -9.117356439924589884e-02 1.771403311081898302e-01 9.739613016003916268e-01
1.162055555505804527e+00 -1.637900298006268185e-01 1.987690312100826029e-02 -1.114274834605453318e-01 -9.853920805921979886e-02 1.955028441920556581e-01 9.693567858727396569e-01
1.165238065009739810e+00 -1.619629529812001700e-01 1.478771639888441791e-02 -1.137382526454463472e-01 -1.051505701397680570e-01 2.125332269304361088e-01 9.647987328634807236e-01
1.167798251062145409e+00 -1.614148992124125881e-01 1.004242651423337823e-02 -1.164156529469745072e-01 -1.102517463641902173e-01 2.286290359797937821e-01 9.602190958731897652e-01
1.169908771342502485e+00 -1.606256566360457494e-01 6.101806272973157516e-03 -1.181314885766709538e-01 -1.139309514859067479e-01 2.429622002360973254e-01 9.560512846895873329e-01
1.171431145884872960e+00 -1.595372672273998316e-01 2.992582411340671301e-03 -1.193893438501791443e-01 -1.159689820966047225e-01 2.552168732455503131e-01 9.524503805328999873e-01
1.176527504238330524e+00 -1.588132837441995349e-01 2.467319200609510710e-04 -1.207284513398622916e-01 -1.170023054138287361e-01 2.641726325316375301e-01 9.497093880689145839e-01
1.185210502867797944e+00 -1.588127511716533324e-01 -1.264614324799004808e-03 -1.212729348600378315e-01 -1.168012964922393176e-01 2.697040978178194548e-01 9.481086604542967589e-01
1.326042795300122146e+00 -5.714205234802098576e-02 2.152375753390444596e-02 -1.608535519783772794e-01 -1.187299053349515354e-01 2.947905771539989783e-01 9.344131099338799373e-01
1.452130441423953089e+00 3.646293363677680088e-02 5.231427540740738596e-02 -2.002269762652128526e-01 -1.173170087136318485e-01 3.152494060665347320e-01 9.201976360635103491e-01
1.568473765183479252e+00 1.156901776977206503e-01 8.589309102289081899e-02 -2.419920792212521543e-01 -1.144788582419893203e-01 3.374358148426792603e-01 9.024807452080310100e-01
1.672398500580986935e+00 1.864293152089210315e-01 1.159523188356930690e-01 -2.835602373537096099e-01 -1.109136150759272160e-01 3.569609770722026454e-01 8.831028380830600044e-01
1.765451045376953410e+00 2.475323987658880620e-01 1.391500333021601643e-01 -3.212485684784578410e-01 -1.073589687871088771e-01 3.728213127886891298e-01 8.638736468963666981e-01
1.846588414434844561e+00 2.994178519626302104e-01 1.577004903937265223e-01 -3.547099591304295196e-01 -1.050524917788482337e-01 3.840372556855612962e-01 8.459670236541414479e-01
1.914290499204638785e+00 3.438827368314119060e-01 1.726940741296459081e-01 -3.849591985835513208e-01 -1.025996183069702583e-01 3.912246784151354184e-01 8.295920592364345314e-01
1.970040463920895268e+00 3.793488754013875641e-01 1.812051995647128433e-01 -4.105733794231438138e-01 -1.009758733549393911e-01 3.948552940720081450e-01 8.156731391020389799e-01
2.013937009289871849e+00 4.044702454279916481e-01 1.861633771663304682e-01 -4.324325664813364889e-01 -9.972957055406074522e-02 3.958925293348882768e-01 8.039435262630652002e-01
2.044455673732118672e+00 4.210932493488390715e-01 1.893728525603458057e-01 -4.484947842121394523e-01 -1.029907405981982799e-01 3.967604399553001926e-01 7.942458619168361045e-01
2.062617297967106023e+00 4.268708670676307770e-01 1.903299757669005832e-01 -4.598418588912168703e-01 -1.110870939005048630e-01 3.969716221929658340e-01 7.865231424145737726e-01
2.073241842552179914e+00 4.322074250215345304e-01 1.894436039775120872e-01 -4.671071521418527217e-01 -1.174499719466313707e-01 3.920760034393572235e-01 7.837683458999123998e-01
2.084921740592996287e+00 4.384855213779013661e-01 1.886281349594794710e-01 -4.708525909702775403e-01 -1.240801415830362908e-01 3.843830787136354177e-01 7.843160108272284603e-01
2.098921715303458058e+00 4.434542833708190468e-01 1.876019801591053138e-01 -4.708802346058291177e-01 -1.312712915489894772e-01 3.738379708112148925e-01 7.882162293764146677e-01
2.114910044352554586e+00 4.482768592239748107e-01 1.874145391175903452e-01 -4.677139478595058186e-01 -1.388226012326778669e-01 3.615195557691227024e-01 7.945285137496101990e-01
2.133232681277487330e+00 4.516856335092609975e-01 1.885871724817356487e-01 -4.613960848865469311e-01 -1.465010045273070771e-01 3.472379291153558367e-01 8.031668127528275303e-01
2.153515385574147345e+00 4.560459755781381963e-01 1.898219334441490769e-01 -4.526160778164216580e-01 -1.538697811273360416e-01 3.315348516403325840e-01 8.133556532696674113e-01
2.175833790707832893e+00 4.615631784204558552e-01 1.911735254987505517e-01 -4.410569768181642480e-01 -1.609873165733987643e-01 3.149858992156321369e-01 8.248246543343846771e-01
2.200400021448844168e+00 4.677229176582018422e-01 1.932157983976874049e-01 -4.273797826488849316e-01 -1.678212995742184022e-01 2.976175066277183534e-01 8.370223130484110152e-01
2.227601362053482248e+00 4.735187255311089083e-01 1.957663122603771622e-01 -4.124170151626723735e-01 -1.743501415163557222e-01 2.796135051785672565e-01 8.493117928530689031e-01
2.257399127235714786e+00 4.797151231592399201e-01 1.988814950364319878e-01 -3.958833378179375528e-01 -1.798381821985163831e-01 2.623986417952914318e-01 8.614415614803178078e-01
2.289713822153409239e+00 4.873097272158871673e-01 2.027911713909346103e-01 -3.779196706369920555e-01 -1.844568792415108294e-01 2.461747904673928788e-01 8.732412924183357017e-01
2.324901179083430858e+00 4.953092515644993976e-01 2.076916505253018352e-01 -3.591945836686948890e-01 -1.883374467152485465e-01 2.314683116897204573e-01 8.842684422229283303e-01
2.363227489479980292e+00 5.028560397427387363e-01 2.140172184117957177e-01 -3.401385710257602835e-01 -1.916282139933898065e-01 2.193230491446348240e-01 8.941374504046665228e-01
2.403296275028390383e+00 5.133373323602559157e-01 2.252045760495337556e-01 -3.223489155038427589e-01 -1.938797874572537605e-01 2.104649612782314716e-01 9.023338100521220984e-01
2.445401202757997439e+00 5.261246462380874123e-01 2.399344295747221079e-01 -3.057319239650949649e-01 -1.950761518822712592e-01 2.048171185242609049e-01 9.091332320374309051e-01
2.490140362333868485e+00 5.388332063054589449e-01 2.585005019983063757e-01 -2.904143076770466791e-01 -1.952876026318057789e-01 2.028769598605932034e-01 9.145289614399899625e-01
2.535989336786637516e+00 5.547008438625968818e-01 2.820163130361565962e-01 -2.781514616050256850e-01 -1.929627493960077989e-01 2.043832556170506742e-01 9.184904063602933322e-01
2.582595248686545109e+00 5.740425829816782066e-01 3.104401197134828982e-01 -2.696104415082939965e-01 -1.883164983414329086e-01 2.105772517627177709e-01 9.205999822518925457e-01
2.628765356317011914e+00 5.963610214626695605e-01 3.452478099789071386e-01 -2.635672786478166496e-01 -1.884597807012207138e-01 2.217406486776698493e-01 9.196990189231682988e-01
2.672361495503434714e+00 6.233943404380256625e-01 3.868745137616886876e-01 -2.603411813677254383e-01 -1.936446245780177877e-01 2.367087226390746646e-01 9.158019487218146404e-01
2.713025743447440075e+00 6.538996607220123325e-01 4.351238091003349906e-01 -2.607771731613043320e-01 -1.977913047623851284e-01 2.552196960035693629e-01 9.098004025555483931e-01
2.759017367235378160e+00 6.902943736149214082e-01 4.801245415200446898e-01 -2.621439333005785577e-01 -2.041183789657444181e-01 2.765462719581452400e-01 9.017418727485987384e-01
2.812486669520748439e+00 7.295533604789237181e-01 5.203181377009097330e-01 -2.632523007545708449e-01 -2.124127155479711149e-01 3.038062336909509442e-01 8.906631443994305064e-01
2.868306371629322005e+00 7.700615033672197907e-01 5.627781809469915020e-01 -2.645819301964136283e-01 -2.204921933777798104e-01 3.332703227354707476e-01 8.776733372142456746e-01
2.917796228280487458e+00 8.100290862232578659e-01 6.048685524411544501e-01 -2.676890264865726121e-01 -2.276667303525173325e-01 3.632516493831139393e-01 8.628781398376671463e-01
2.958093410152291991e+00 8.444070686130402681e-01 6.397900466001906761e-01 -2.727700550489726705e-01 -2.354849529500767369e-01 3.942180039019950177e-01 8.454203093149625925e-01
2.993245468538831666e+00 8.750044421504260539e-01 6.591604935121840869e-01 -2.770310939124204785e-01 -2.431460519415552246e-01 4.265814066190065090e-01 8.259310346256956148e-01
3.020191832078897853e+00 9.007724850694055485e-01 6.559230855326628751e-01 -2.788347974313696298e-01 -2.537991572697947951e-01 4.570668865372553569e-01 8.055600565703893157e-01
3.036241523464107583e+00 9.164961323512138547e-01 6.461367713251043865e-01 -2.831468913119690733e-01 -2.620138275698472574e-01 4.881778182255983034e-01 7.828531215337019011e-01
3.046408945678586111e+00 9.228677756745855554e-01 6.331532170485906219e-01 -2.881449152610532916e-01 -2.679095541256671931e-01 5.208435986418045172e-01 7.575743688716252144e-01
3.055293981430287520e+00 9.282123577171018658e-01 6.205209592768043958e-01 -2.925376397293797948e-01 -2.734571535199761261e-01 5.520421373584042390e-01 7.313633796623130179e-01
3.064879247342754631e+00 9.324627791527400067e-01 6.099449370916996127e-01 -2.978135587331589562e-01 -2.774628299148700905e-01 5.806019582304384752e-01 7.051402898355073612e-01
3.072866665387607998e+00 9.378314966784186968e-01 6.007049477108840074e-01 -3.023863838334630016e-01 -2.823508246349117901e-01 6.068143199418466471e-01 6.786876069397620448e-01
3.079595068806936009e+00 9.424628627262769953e-01 5.923499870889288310e-01 -3.071177037958098821e-01 -2.855542106541535397e-01 6.310759215694412561e-01 6.525953493614192746e-01
3.085856759845536423e+00 9.455011237890812437e-01 5.852434087528426421e-01 -3.116022350602701274e-01 -2.869616856864739551e-01 6.520974551585124734e-01 6.287495105598200906e-01
3.090518869850245931e+00 9.479975942122310650e-01 5.790406532196973322e-01 -3.156522956999982532e-01 -2.858960178492326865e-01 6.704383277106544803e-01 6.075685508103702004e-01
3.095280718805737408e+00 9.534624443341574995e-01 5.735367555541833751e-01 -3.189512049943750149e-01 -2.840543465760848041e-01 6.846183763247366549e-01 5.906614392546298831e-01
3.101954779598600442e+00 9.661127014249164535e-01 5.708641591088799983e-01 -3.222661733368549219e-01 -2.807278678058620636e-01 6.937483345954977842e-01 5.796978747640602059e-01
