2.616429710388183594e+01 -2.226403045654296875e+01 -9.312875270843505859e-01 -9.828075766563415527e-02 1.950348913669586182e-01 7.394629120826721191e-01 6.367863416671752930e-01
2.616370773315429688e+01 -2.217281341552734375e+01 -9.335810542106628418e-01 -1.150440424680709839e-01 1.832592487335205078e-01 7.594122886657714844e-01 6.135743260383605957e-01
2.616240119934082031e+01 -2.208923530578613281e+01 -9.352492094039916992e-01 -1.317151039838790894e-01 1.714168637990951538e-01 7.774055004119873047e-01 5.906835794448852539e-01
2.616042137145996094e+01 -2.201338768005371094e+01 -9.365512132644653320e-01 -1.481149047613143921e-01 1.596852540969848633e-01 7.933976054191589355e-01 5.684015750885009766e-01
2.615788841247558594e+01 -2.194534683227539062e+01 -9.375606179237365723e-01 -1.640759706497192383e-01 1.482434272766113281e-01 8.073757886886596680e-01 5.470313429832458496e-01
2.615495300292968750e+01 -2.188516998291015625e+01 -9.383010864257812500e-01 -1.794422119855880737e-01 1.372693479061126709e-01 8.193557262420654297e-01 5.268850922584533691e-01
2.615175437927246094e+01 -2.183289909362792969e+01 -9.388058781623840332e-01 -1.940710693597793579e-01 1.269401907920837402e-01 8.293762803077697754e-01 5.082815885543823242e-01
2.614844894409179688e+01 -2.178856277465820312e+01 -9.390906095504760742e-01 -2.078245580196380615e-01 1.174261868000030518e-01 8.374948501586914062e-01 4.915419518947601318e-01
2.614519309997558594e+01 -2.175219726562500000e+01 -9.391757845878601074e-01 -2.205978929996490479e-01 1.089066192507743835e-01 8.437738418579101562e-01 4.769818186759948730e-01
2.614212226867675781e+01 -2.172379112243652344e+01 -9.390614628791809082e-01 -2.322064787149429321e-01 1.015074923634529114e-01 8.482973575592041016e-01 4.649260342121124268e-01
2.613938140869140625e+01 -2.170342445373535156e+01 -9.387537837028503418e-01 -2.427960932254791260e-01 9.553111344575881958e-02 8.510637879371643066e-01 4.556329250335693359e-01
2.613711547851562500e+01 -2.169102478027343750e+01 -9.381812810897827148e-01 -2.468537688255310059e-01 8.807576447725296021e-02 8.535134792327880859e-01 4.503409564495086670e-01
2.613528633117675781e+01 -2.168677902221679688e+01 -9.373369812965393066e-01 -2.498861104249954224e-01 8.211385458707809448e-02 8.544832468032836914e-01 4.479483067989349365e-01
2.613386344909667969e+01 -2.168217849731445312e+01 -9.367506504058837891e-01 -2.523164153099060059e-01 7.769195735454559326e-02 8.541026711463928223e-01 4.480993151664733887e-01
2.613279914855957031e+01 -2.167674064636230469e+01 -9.364256262779235840e-01 -2.541526854038238525e-01 7.464525103569030762e-02 8.525699973106384277e-01 4.504908621311187744e-01
2.613204193115234375e+01 -2.167055130004882812e+01 -9.363398551940917969e-01 -2.554757893085479736e-01 7.286857068538665771e-02 8.500397801399230957e-01 4.547928273677825928e-01
2.613155174255371094e+01 -2.166347312927246094e+01 -9.364854097366333008e-01 -2.563176751136779785e-01 7.224483788013458252e-02 8.466646075248718262e-01 4.606751203536987305e-01
2.613125801086425781e+01 -2.165548515319824219e+01 -9.368502497673034668e-01 -2.567011117935180664e-01 7.266458123922348022e-02 8.425921201705932617e-01 4.678056538105010986e-01
2.613110542297363281e+01 -2.164650917053222656e+01 -9.374263286590576172e-01 -2.566364407539367676e-01 7.401966303586959839e-02 8.379731774330139160e-01 4.758549332618713379e-01
2.613103675842285156e+01 -2.163649177551269531e+01 -9.382104873657226562e-01 -2.561280727386474609e-01 7.620406150817871094e-02 8.329641819000244141e-01 4.844985604286193848e-01
2.613099861145019531e+01 -2.162537574768066406e+01 -9.391951560974121094e-01 -2.551793158054351807e-01 7.911198586225509644e-02 8.277306556701660156e-01 4.934189617633819580e-01
2.613095092773437500e+01 -2.161309051513671875e+01 -9.403766989707946777e-01 -2.537960708141326904e-01 8.263907581567764282e-02 8.224469423294067383e-01 5.023079514503479004e-01
2.613084602355957031e+01 -2.159957122802734375e+01 -9.417542219161987305e-01 -2.519912421703338623e-01 8.668001741170883179e-02 8.172975778579711914e-01 5.108662843704223633e-01
2.613064193725585938e+01 -2.158473968505859375e+01 -9.433199167251586914e-01 -2.497871220111846924e-01 9.112980961799621582e-02 8.124747872352600098e-01 5.188047289848327637e-01
2.613034629821777344e+01 -2.156851959228515625e+01 -9.450024962425231934e-01 -2.472186833620071411e-01 9.588386118412017822e-02 8.081767559051513672e-01 5.258427262306213379e-01
2.612990951538085938e+01 -2.155083465576171875e+01 -9.468443989753723145e-01 -2.443355917930603027e-01 1.008371338248252869e-01 8.046051263809204102e-01 5.317077636718750000e-01
2.612930107116699219e+01 -2.153161048889160156e+01 -9.488409757614135742e-01 -2.412060052156448364e-01 1.058854013681411743e-01 8.019596934318542480e-01 5.361328125000000000e-01
2.612850570678710938e+01 -2.151076316833496094e+01 -9.509760737419128418e-01 -2.379090636968612671e-01 1.109190359711647034e-01 8.004373908042907715e-01 5.388558506965637207e-01
2.612750434875488281e+01 -2.148821640014648438e+01 -9.532276391983032227e-01 -2.345682829618453979e-01 1.158417910337448120e-01 8.002179861068725586e-01 5.396097898483276367e-01
2.612627410888671875e+01 -2.146388816833496094e+01 -9.555776119232177734e-01 -2.312307357788085938e-01 1.204881817102432251e-01 8.014890551567077637e-01 5.381445884704589844e-01
2.612477874755859375e+01 -2.143770790100097656e+01 -9.579950571060180664e-01 -2.283166646957397461e-01 1.249197795987129211e-01 8.043249845504760742e-01 5.341325998306274414e-01
2.612300109863281250e+01 -2.140964889526367188e+01 -9.604147076606750488e-01 -2.197896540164947510e-01 1.248999908566474915e-01 8.103660345077514648e-01 5.285544395446777344e-01
2.612088584899902344e+01 -2.137964057922363281e+01 -9.628506898880004883e-01 -2.106181532144546509e-01 1.238914430141448975e-01 8.181645274162292480e-01 5.204501748085021973e-01
2.611843490600585938e+01 -2.134778976440429688e+01 -9.652668833732604980e-01 -2.011682689189910889e-01 1.221818849444389343e-01 8.273477554321289062e-01 5.099704861640930176e-01
2.611565780639648438e+01 -2.131412696838378906e+01 -9.676306247711181641e-01 -1.914411336183547974e-01 1.198076382279396057e-01 8.376268744468688965e-01 4.973425567150115967e-01
2.611255645751953125e+01 -2.127888298034667969e+01 -9.698992371559143066e-01 -1.815389692783355713e-01 1.168731823563575745e-01 8.486931920051574707e-01 4.827800095081329346e-01
2.610914611816406250e+01 -2.124182319641113281e+01 -9.720600247383117676e-01 -1.715422272682189941e-01 1.134682148694992065e-01 8.602541089057922363e-01 4.665127396583557129e-01
2.610544586181640625e+01 -2.121095275878906250e+01 -9.735983014106750488e-01 -1.615434885025024414e-01 1.096900850534439087e-01 8.720315098762512207e-01 4.487826824188232422e-01
2.610148048400878906e+01 -2.118673706054687500e+01 -9.744707345962524414e-01 -1.516394019126892090e-01 1.056385338306427002e-01 8.837701082229614258e-01 4.298482835292816162e-01
2.609731864929199219e+01 -2.116916465759277344e+01 -9.746726751327514648e-01 -1.419331580400466919e-01 1.014174669981002808e-01 8.952400684356689453e-01 4.099845290184020996e-01
2.609302139282226562e+01 -2.115828704833984375e+01 -9.742052555084228516e-01 -1.325342804193496704e-01 9.713459759950637817e-02 9.062419533729553223e-01 3.894838392734527588e-01
2.608866500854492188e+01 -2.115440177917480469e+01 -9.730550050735473633e-01 -1.235575079917907715e-01 9.290059655904769897e-02 9.166087508201599121e-01 3.686518967151641846e-01
2.608436012268066406e+01 -2.115156936645507812e+01 -9.716100692749023438e-01 -1.151220276951789856e-01 8.882927149534225464e-02 9.262058734893798828e-01 3.478100299835205078e-01
2.608020019531250000e+01 -2.114954948425292969e+01 -9.699077606201171875e-01 -1.073515340685844421e-01 8.503692597150802612e-02 9.349324703216552734e-01 3.272903561592102051e-01
2.607630348205566406e+01 -2.114849853515625000e+01 -9.679692387580871582e-01 -1.003725081682205200e-01 8.164144307374954224e-02 9.427182674407958984e-01 3.074338138103485107e-01
2.607278442382812500e+01 -2.114838790893554688e+01 -9.658285975456237793e-01 -9.431403875350952148e-02 7.876215875148773193e-02 9.495222568511962891e-01 2.885866165161132812e-01
2.606977081298828125e+01 -2.114930152893066406e+01 -9.635174274444580078e-01 -8.930717408657073975e-02 7.651923596858978271e-02 9.553262591361999512e-01 2.710977494716644287e-01
2.606738090515136719e+01 -2.115117263793945312e+01 -9.610765576362609863e-01 -8.548349142074584961e-02 7.503330707550048828e-02 9.601296782493591309e-01 2.553170323371887207e-01
2.606574630737304688e+01 -2.115419387817382812e+01 -9.585279226303100586e-01 -8.297515660524368286e-02 7.442516833543777466e-02 9.639412760734558105e-01 2.415917068719863892e-01
2.606499099731445312e+01 -2.115409469604492188e+01 -9.561732411384582520e-01 -8.191412687301635742e-02 7.481567561626434326e-02 9.667696952819824219e-01 2.302644699811935425e-01
2.606524085998535156e+01 -2.115068817138671875e+01 -9.540507197380065918e-01 -8.243202418088912964e-02 7.632584869861602783e-02 9.686141014099121094e-01 2.216722071170806885e-01
