-4.452462308108806610e-03 9.506114125251770020e-01 -2.659993059933185577e-02
-1.282970607280731201e-02 8.747059702873229980e-01 -2.079400792717933655e-02
-1.984200812876224518e-02 7.977928519248962402e-01 -1.516731921583414078e-02
-2.655358798801898956e-02 7.200419306755065918e-01 -1.229398604482412338e-02
-3.151868656277656555e-02 6.416406631469726562e-01 -9.118939749896526337e-03
-3.507461026310920715e-02 5.627193450927734375e-01 -6.565778516232967377e-03
-3.716671466827392578e-02 4.836247265338897705e-01 -4.133089911192655563e-03
-3.765324875712394714e-02 4.036680757999420166e-01 -1.921428833156824112e-03
-3.660119324922561646e-02 3.248591423034667969e-01 2.020516549237072468e-04
-3.435433283448219299e-02 2.428972572088241577e-01 2.308834344148635864e-03
-3.027423098683357239e-02 1.676039546728134155e-01 4.401400219649076462e-03
-2.567494101822376251e-02 7.499086856842041016e-02 8.092465810477733612e-03
-2.172764576971530914e-02 3.281354159116744995e-02 8.379148319363594055e-03
-1.798574440181255341e-02 5.499942600727081299e-02 4.900152795016765594e-03
-1.483488827943801880e-02 5.628485977649688721e-02 2.919486258178949356e-03
-1.206877361983060837e-02 6.729810684919357300e-02 5.167233757674694061e-04
-9.875889867544174194e-03 7.508235424757003784e-02 -1.547845080494880676e-03
-8.326306939125061035e-03 8.503922075033187866e-02 -3.635192522779107094e-03
-7.301746867597103119e-03 9.495317190885543823e-02 -5.620346404612064362e-03
-6.850237958133220673e-03 1.057196632027626038e-01 -7.571336813271045685e-03
-6.846930831670761108e-03 1.170245185494422913e-01 -9.503576904535293579e-03
-7.247946225106716156e-03 1.290040165185928345e-01 -1.131226681172847748e-02
-8.152090944349765778e-03 1.417317688465118408e-01 -1.327656488865613937e-02
-9.153049439191818237e-03 1.552463769912719727e-01 -1.466099638491868973e-02
-1.035247556865215302e-02 1.694617122411727905e-01 -1.580483838915824890e-02
-1.200601644814014435e-02 1.844981014728546143e-01 -1.748160831630229950e-02
-1.379483006894588470e-02 2.002841383218765259e-01 -1.880480162799358368e-02
-1.581846177577972412e-02 2.169654965400695801e-01 -2.006741799414157867e-02
-1.796554774045944214e-02 2.342660576105117798e-01 -2.102571912109851837e-02
-2.047773264348506927e-02 2.526627182960510254e-01 -2.187511697411537170e-02
-2.319593168795108795e-02 2.710250616073608398e-01 -2.209151536226272583e-02
-2.633469551801681519e-02 2.906985878944396973e-01 -2.206827700138092041e-02
-2.975139766931533813e-02 3.089938759803771973e-01 -2.206869423389434814e-02
-3.304769843816757202e-02 3.292619585990905762e-01 -2.171725034713745117e-02
-3.628220036625862122e-02 3.414768278598785400e-01 -2.063124626874923706e-02
-3.944433480501174927e-02 3.696714043617248535e-01 -2.024801820516586304e-02
-4.240713268518447876e-02 3.506995439529418945e-01 -1.672069355845451355e-02
-4.516339674592018127e-02 2.718994617462158203e-01 -9.317975491285324097e-03
-4.746867716312408447e-02 2.100691497325897217e-01 -2.884329762309789658e-03
-4.909529164433479309e-02 1.443149000406265259e-01 3.824514336884021759e-03
-5.009394884109497070e-02 6.855440139770507812e-02 1.109648309648036957e-02
-5.010264366865158081e-02 2.535839937627315521e-02 1.620968617498874664e-02
-4.909326136112213135e-02 2.795067429542541504e-02 1.827231422066688538e-02
-4.702820628881454468e-02 1.394787896424531937e-02 2.109809406101703644e-02
-4.381316527724266052e-02 6.956524215638637543e-03 2.317209169268608093e-02
-3.934832289814949036e-02 -4.934014286845922470e-03 2.519076503813266754e-02
-3.364522382616996765e-02 -1.191570609807968140e-02 2.653586678206920624e-02
-2.672223001718521118e-02 -2.861068211495876312e-02 2.810825221240520477e-02
-1.848939247429370880e-02 -2.042802423238754272e-02 2.777634188532829285e-02
-9.126389399170875549e-03 1.992885209619998932e-02 2.513878419995307922e-02
1.522592734545469284e-03 4.917057603597640991e-02 2.290145680308341980e-02
