-4.452462308108806610e-03 9.506114125251770020e-01 -2.659993059933185577e-02
-1.190197467803955078e-02 8.749421834945678711e-01 -1.973282359540462494e-02
-1.806265674531459808e-02 7.982566356658935547e-01 -1.308381278067827225e-02
-2.397550456225872040e-02 7.207248806953430176e-01 -9.223961271345615387e-03
-2.817542105913162231e-02 6.425347924232482910e-01 -5.104008130729198456e-03
-3.100741840898990631e-02 5.638176798820495605e-01 -1.644313335418701172e-03
-3.242419660091400146e-02 4.849204719066619873e-01 1.660545123741030693e-03
-3.229169920086860657e-02 4.051536619663238525e-01 4.713244736194610596e-03
-3.068058565258979797e-02 3.265258669853210449e-01 7.646230515092611313e-03
-2.793277986347675323e-02 2.447362691164016724e-01 1.052856538444757462e-02
-2.340512163937091827e-02 1.696073412895202637e-01 1.336361188441514969e-02
-1.840637251734733582e-02 7.715155929327011108e-02 1.776625774800777435e-02
-1.410680077970027924e-02 3.512363135814666748e-02 1.873605698347091675e-02
-1.006101164966821671e-02 5.744977667927742004e-02 1.591285318136215210e-02
-6.654531694948673248e-03 5.886645615100860596e-02 1.456186454743146896e-02
-3.680328605696558952e-03 7.000210136175155640e-02 1.276359800249338150e-02
-1.323405071161687374e-03 7.790120691061019897e-02 1.127763092517852783e-02
3.501343308016657829e-04 8.796656876802444458e-02 9.742757305502891541e-03
1.459641149267554283e-03 9.798280149698257446e-02 8.285866118967533112e-03
1.960816327482461929e-03 1.088457852602005005e-01 6.840526591986417770e-03
1.981269335374236107e-03 1.202413514256477356e-01 5.391728598624467850e-03
1.566568971611559391e-03 1.323058009147644043e-01 4.045593552291393280e-03
6.205351091921329498e-04 1.451126337051391602e-01 2.523836214095354080e-03
-4.485258832573890686e-04 1.587003916501998901e-01 1.562338788062334061e-03
-1.735788304358720779e-03 1.729828566312789917e-01 8.200971642509102821e-04
-3.495893673971295357e-03 1.880801618099212646e-01 -4.763219039887189865e-04
-5.413253791630268097e-03 2.039206176996231079e-01 -1.439594663679599762e-03
-7.582134567201137543e-03 2.206498831510543823e-01 -2.362878527492284775e-03
-9.889708831906318665e-03 2.379919439554214478e-01 -3.000962082296609879e-03
-1.257756166160106659e-02 2.564234733581542969e-01 -3.548155073076486588e-03
-1.548234932124614716e-02 2.748143672943115234e-01 -3.479441627860069275e-03
-1.880870945751667023e-02 2.945103347301483154e-01 -3.191361203789710999e-03
-2.240706235170364380e-02 3.128217458724975586e-01 -2.948414999991655350e-03
-2.587708644568920135e-02 3.330994248390197754e-01 -2.377225551754236221e-03
-2.927927114069461823e-02 3.453168869018554688e-01 -1.097906148061156273e-03
-3.260120749473571777e-02 3.735070526599884033e-01 -5.498670507222414017e-04
-3.571444377303123474e-02 3.545240461826324463e-01 3.115847241133451462e-03
-3.860941156744956970e-02 2.757069170475006104e-01 1.063717249780893326e-02
-4.103951901197433472e-02 2.138542383909225464e-01 1.717492938041687012e-02
-4.278457909822463989e-02 1.480688452720642090e-01 2.397299371659755707e-02
-4.389672726392745972e-02 7.227048277854919434e-02 3.132186457514762878e-02
-4.400672391057014465e-02 2.903558872640132904e-02 3.650690242648124695e-02
-4.308251664042472839e-02 3.159220889210700989e-02 3.863541781902313232e-02
-4.108906537294387817e-02 1.755657792091369629e-02 4.152395576238632202e-02
-3.793498873710632324e-02 1.053330209106206894e-02 4.365382343530654907e-02
-3.351965174078941345e-02 -1.384846866130828857e-03 4.571638256311416626e-02
-2.785628288984298706e-02 -8.391207084059715271e-03 4.709302634000778198e-02
-2.096257358789443970e-02 -2.510328963398933411e-02 4.868857562541961670e-02
-1.274740044027566910e-02 -1.693045720458030701e-02 4.836669936776161194e-02
-3.389946185052394867e-03 2.342482283711433411e-02 4.573141410946846008e-02
7.258909754455089569e-03 5.266658216714859009e-02 4.349407926201820374e-02
