0.000000000000000000e+00 0.000000000000000000e+00 0.000000000000000000e+00 0.000000000000000000e+00 0.000000000000000000e+00 0.000000000000000000e+00 1.000000000000000000e+00
8.384151011705398560e-02 -7.787878159433603287e-03 3.515258058905601501e-02 -2.627273937542817794e-02 6.602514798431081099e-03 2.544677947675988774e-02 9.993090669949454830e-01
1.596719278664173181e-01 -1.728140701663729434e-02 6.871900994136553864e-02 -5.176216421796984990e-02 1.387652146529695651e-02 5.013898648720343382e-02 9.973034656219395000e-01
2.287371164968038384e-01 -2.316709166632685210e-02 9.893686466113940647e-02 -7.637648503767728581e-02 2.116189662718761730e-02 7.207961925346280385e-02 9.942451081864599471e-01
2.901426796593235546e-01 -2.937745287182601250e-02 1.267241256686951756e-01 -1.001503948641944697e-01 2.880049621239157143e-02 9.374574379116701328e-02 9.901273480454454434e-01
3.441248637886104023e-01 -3.417146445937147697e-02 1.517919594808586903e-01 -1.226917296515132594e-01 3.588455940008451750e-02 1.127573615984785865e-01 9.853653207197479169e-01
3.908220715441258486e-01 -3.806609330819032966e-02 1.736214709725268923e-01 -1.433350656276078661e-01 4.234640897970270990e-02 1.294203003006909325e-01 9.802613052029198748e-01
4.302750342542799866e-01 -4.021725374855408819e-02 1.921894539883304276e-01 -1.621695626266619616e-01 4.849146114529566398e-02 1.433721139461206218e-01 9.750866874776273896e-01
4.620637703071546198e-01 -4.115596571126178133e-02 2.081868049635100526e-01 -1.793340259388178648e-01 5.469729281519020853e-02 1.547688127429165672e-01 9.699969731403355055e-01
4.867657251621481107e-01 -4.128365435595628130e-02 2.204812987107474809e-01 -1.944463358833158351e-01 6.041224530328620501e-02 1.627274454263179237e-01 9.654329399725249949e-01
5.040655752745900609e-01 -4.145772166964239308e-02 2.296789259434692809e-01 -2.073380706244628280e-01 6.600622398150136905e-02 1.682075307443962331e-01 9.614365966959559362e-01
5.148021201708158356e-01 -4.173010470816537060e-02 2.349684382561953444e-01 -2.164573623814084746e-01 6.454336453199641110e-02 1.718374040350502951e-01 9.588807386428556123e-01
5.196887694409115799e-01 -3.991022772330392321e-02 2.374715370053201990e-01 -2.226986403897606992e-01 6.332945902320907816e-02 1.728207247212920072e-01 9.573545280068336272e-01
5.251516571086758400e-01 -3.836582784978475463e-02 2.404924836885602157e-01 -2.270901054978135825e-01 6.236290708396585725e-02 1.709432092126655645e-01 9.567232468321774652e-01
5.316177441114605662e-01 -3.723870073386271323e-02 2.437414567230288820e-01 -2.295934825165632520e-01 6.145200162712378261e-02 1.673948126091978905e-01 9.568121346395372928e-01
5.388852089088158603e-01 -3.635385001949750783e-02 2.473491780111141680e-01 -2.300159952034305233e-01 6.092185887626055257e-02 1.620174449621450408e-01 9.576698369425523660e-01
5.469866583266621562e-01 -3.620602051658051990e-02 2.514122551726946098e-01 -2.298595425444600326e-01 6.048726669209857770e-02 1.554092168712053190e-01 9.588294199600099210e-01
5.559167851806459115e-01 -3.719239502931478286e-02 2.556763879172766485e-01 -2.277933366917116453e-01 6.010474298273512511e-02 1.477529528361244404e-01 9.605554021283946309e-01
5.654587974054450239e-01 -3.727526748757763880e-02 2.608281603614757693e-01 -2.252399541976866926e-01 6.028954745908204210e-02 1.392955650303991932e-01 9.624078548427714708e-01
5.755546486290460395e-01 -3.828624510867297687e-02 2.667598317145920550e-01 -2.217363333836122885e-01 6.012462069612652810e-02 1.302898070181142953e-01 9.644908473546657257e-01
5.863716586935541208e-01 -4.015369313956237973e-02 2.731162731811849209e-01 -2.176454379831925523e-01 6.002503366947663233e-02 1.208419283334928596e-01 9.666564472524483698e-01
5.982245546659644697e-01 -4.171734463658578751e-02 2.797103005399143583e-01 -2.129116013495741255e-01 6.007737602172058544e-02 1.118024981467263951e-01 9.687928366318858675e-01
6.114727851589247809e-01 -4.406206445366899621e-02 2.855348210386497998e-01 -2.066532370586734169e-01 5.985363623612853512e-02 1.030363774594068166e-01 9.711310348055650632e-01
6.257156537799979379e-01 -4.496096326769376261e-02 2.921577895618818199e-01 -2.002680550245774793e-01 5.982768280396811439e-02 9.497048262846581601e-02 9.732902762980306655e-01
6.409505374235778818e-01 -4.665872515598892822e-02 2.992557334464437391e-01 -1.936088945286953966e-01 5.998762217911741274e-02 8.798599481253063792e-02 9.752822903454780867e-01
6.571011484752790066e-01 -4.914607699443550998e-02 3.070587225188955993e-01 -1.867865471321976945e-01 6.021764798760182585e-02 8.260749950090406912e-02 9.770673578149464689e-01
6.748601167592094274e-01 -5.021497925893656650e-02 3.147924959213131979e-01 -1.802413869102228450e-01 6.053447745009828823e-02 7.903387743691486778e-02 9.785715434764131748e-01
6.939081759014377182e-01 -5.225348146054275417e-02 3.228505106502155830e-01 -1.738455102673606423e-01 6.059699820855935642e-02 7.747592125900794324e-02 9.798485719707208386e-01
7.143698461905285679e-01 -5.408126635598937276e-02 3.313871714949281899e-01 -1.680057540668698779e-01 6.100857098859480826e-02 7.790176564521544833e-02 9.808074917004406812e-01
7.362467266428011081e-01 -5.615287405266090881e-02 3.405264300470230432e-01 -1.626361990360556953e-01 6.170173109040076598e-02 8.163437613071315713e-02 9.813654730921104186e-01
7.592788380805171045e-01 -5.769242197634200792e-02 3.511954927362580525e-01 -1.587401101304316831e-01 6.294185333327684262e-02 8.817945013426709000e-02 9.813583876998090982e-01
7.834965004126734911e-01 -5.951312421834320521e-02 3.632162068081610240e-01 -1.547391057883831245e-01 5.681141500313511422e-02 9.834684295113939323e-02 9.814052021192353203e-01
8.089468985810036594e-01 -6.111832601529148395e-02 3.766997912997770981e-01 -1.520975023077666965e-01 5.014059846335825604e-02 1.112876746266139999e-01 9.807993289423051486e-01
8.363153951518984552e-01 -6.177949538449600819e-02 3.901628749615710379e-01 -1.507379345882215727e-01 4.308644064387974482e-02 1.264908304711903075e-01 9.795007419677778104e-01
8.657986829056498745e-01 -6.127542235034041246e-02 4.029902442977268961e-01 -1.497574969331533778e-01 3.585640109899813910e-02 1.450852698195570500e-01 9.773624072440737498e-01
8.964671774290594586e-01 -6.072903987895356126e-02 4.167091479345281235e-01 -1.494366929657325593e-01 2.866136838626943961e-02 1.656769888810561975e-01 9.743707385348752137e-01
9.286693146988359571e-01 -6.132367001217994829e-02 4.311314799541887122e-01 -1.494048030060034504e-01 2.123896075333084679e-02 1.874943043686003730e-01 9.706044494098461373e-01
9.555068676576886633e-01 -6.113828203519203891e-02 4.428671894681996402e-01 -1.497675695005534213e-01 1.328606082538623737e-02 2.106393225642265166e-01 9.659317944365040098e-01
9.763149447133084857e-01 -5.965221366454366569e-02 4.525949472974676313e-01 -1.514581850868400303e-01 5.577321854619096513e-03 2.348921022272905390e-01 9.601328095437499099e-01
9.923852879982349995e-01 -5.796178291191978610e-02 4.582570357422547924e-01 -1.529426642758111854e-01 -1.710928485159987937e-03 2.591798610291829452e-01 9.536411347067766942e-01
1.002519697201879056e+00 -5.428243828214622535e-02 4.638064835980564848e-01 -1.550958921127571499e-01 -7.783305608118912776e-03 2.835964582093530306e-01 9.462862850610640475e-01
1.008307814059459906e+00 -4.711769528692219544e-02 4.666445569558725359e-01 -1.567218401167879416e-01 -1.409836781117247521e-02 3.064875773778537038e-01 9.387783901265106534e-01
1.015628076497468335e+00 -4.260336668345617722e-02 4.715127112117893926e-01 -1.580735249839450851e-01 -1.989974550112095369e-02 3.311177180715060286e-01 9.300418364822409245e-01
1.021744761269987700e+00 -3.603187430307245448e-02 4.764867489034465553e-01 -1.598680464834831838e-01 -2.405000089011623265e-02 3.544178117658734473e-01 9.210058739627180469e-01
1.027191011014743749e+00 -2.724324268698456730e-02 4.795997017451203992e-01 -1.607505107848096471e-01 -2.802227171270184683e-02 3.753104492930190994e-01 9.124231979854273700e-01
1.034091530247575497e+00 -1.924606263440428039e-02 4.840268612710320606e-01 -1.621835250132918349e-01 -3.111833144431037923e-02 3.956142542349967983e-01 9.034475720862126247e-01
1.038276180319169351e+00 -8.068757698666183253e-03 4.868311766062791146e-01 -1.629601464586343529e-01 -3.365124114327193439e-02 4.130878307633291113e-01 8.953602787207756153e-01
1.042998524532500859e+00 3.956003753869702377e-03 4.892861265191387754e-01 -1.637934888327535199e-01 -3.497819013997773008e-02 4.290707348436024748e-01 8.876071899952687749e-01
1.046434286876736008e+00 1.711920072796606351e-02 4.934801573633111338e-01 -1.648173296164407164e-01 -3.486472656318242297e-02 4.423023562055979907e-01 8.809019947728330413e-01
1.055299440139759515e+00 2.664815723625762675e-02 4.980239157923839199e-01 -1.656270030879380406e-01 -3.368828639284548315e-02 4.524362824236843328e-01 8.756336023444154515e-01
1.067593610644115509e+00 2.971553241865635547e-02 5.043584980383662986e-01 -1.665821138069543406e-01 -3.089597283837199754e-02 4.601779831089061190e-01 8.715113665832460166e-01
