2.616429710388183594e+01 -2.226403045654296875e+01 -9.312875270843505859e-01 -9.828075766563415527e-02 1.950348913669586182e-01 7.394629120826721191e-01 6.367863416671752930e-01
2.616370773315429688e+01 -2.217281341552734375e+01 -9.335810542106628418e-01 -1.150440424680709839e-01 1.832592487335205078e-01 7.594122886657714844e-01 6.135743260383605957e-01
2.616240310668945312e+01 -2.208923721313476562e+01 -9.352494478225708008e-01 -1.317150890827178955e-01 1.714168787002563477e-01 7.774055004119873047e-01 5.906835794448852539e-01
2.616042137145996094e+01 -2.201338958740234375e+01 -9.365514516830444336e-01 -1.481149047613143921e-01 1.596852540969848633e-01 7.933976054191589355e-01 5.684015750885009766e-01
2.615789222717285156e+01 -2.194534683227539062e+01 -9.375597238540649414e-01 -1.640759706497192383e-01 1.482434272766113281e-01 8.073757886886596680e-01 5.470313429832458496e-01
2.615495872497558594e+01 -2.188516998291015625e+01 -9.383006095886230469e-01 -1.794422119855880737e-01 1.372693479061126709e-01 8.193557262420654297e-01 5.268850922584533691e-01
2.615176200866699219e+01 -2.183290100097656250e+01 -9.388054609298706055e-01 -1.940710544586181641e-01 1.269401907920837402e-01 8.293762803077697754e-01 5.082815885543823242e-01
2.614846038818359375e+01 -2.178856468200683594e+01 -9.390910863876342773e-01 -2.078245282173156738e-01 1.174262017011642456e-01 8.374948501586914062e-01 4.915419518947601318e-01
2.614520645141601562e+01 -2.175219917297363281e+01 -9.391748905181884766e-01 -2.205978631973266602e-01 1.089066416025161743e-01 8.437738418579101562e-01 4.769818186759948730e-01
2.614214324951171875e+01 -2.172379493713378906e+01 -9.390621781349182129e-01 -2.322064340114593506e-01 1.015075072646141052e-01 8.482974171638488770e-01 4.649260640144348145e-01
2.613940238952636719e+01 -2.170342826843261719e+01 -9.387519955635070801e-01 -2.427960634231567383e-01 9.553112834692001343e-02 8.510637879371643066e-01 4.556329250335693359e-01
2.613714218139648438e+01 -2.169103050231933594e+01 -9.381786584854125977e-01 -2.468537539243698120e-01 8.807577192783355713e-02 8.535134792327880859e-01 4.503409862518310547e-01
2.613531875610351562e+01 -2.168678474426269531e+01 -9.373351931571960449e-01 -2.498860657215118408e-01 8.211386203765869141e-02 8.544832468032836914e-01 4.479483366012573242e-01
2.613389968872070312e+01 -2.168218421936035156e+01 -9.367460012435913086e-01 -2.523164153099060059e-01 7.769196480512619019e-02 8.541026711463928223e-01 4.480993449687957764e-01
2.613284111022949219e+01 -2.167674636840820312e+01 -9.364196062088012695e-01 -2.541527152061462402e-01 7.464527338743209839e-02 8.525699973106384277e-01 4.504908621311187744e-01
2.613208961486816406e+01 -2.167055892944335938e+01 -9.363337755203247070e-01 -2.554757595062255859e-01 7.286858558654785156e-02 8.500397205352783203e-01 4.547928273677825928e-01
2.613160514831542969e+01 -2.166348266601562500e+01 -9.364781379699707031e-01 -2.563176453113555908e-01 7.224486023187637329e-02 8.466646075248718262e-01 4.606751203536987305e-01
2.613131713867187500e+01 -2.165549278259277344e+01 -9.368415474891662598e-01 -2.567010819911956787e-01 7.266459614038467407e-02 8.425920605659484863e-01 4.678056240081787109e-01
2.613117218017578125e+01 -2.164651679992675781e+01 -9.374184608459472656e-01 -2.566364109516143799e-01 7.401968538761138916e-02 8.379731774330139160e-01 4.758549332618713379e-01
2.613110923767089844e+01 -2.163650512695312500e+01 -9.381997585296630859e-01 -2.561280429363250732e-01 7.620407640933990479e-02 8.329641222953796387e-01 4.844985604286193848e-01
2.613108062744140625e+01 -2.162538719177246094e+01 -9.391848444938659668e-01 -2.551792860031127930e-01 7.911198586225509644e-02 8.277305960655212402e-01 4.934189319610595703e-01
2.613103675842285156e+01 -2.161310577392578125e+01 -9.403682947158813477e-01 -2.537960708141326904e-01 8.263908326625823975e-02 8.224469423294067383e-01 5.023080110549926758e-01
2.613093757629394531e+01 -2.159959030151367188e+01 -9.417458772659301758e-01 -2.519912421703338623e-01 8.668003231287002563e-02 8.172975778579711914e-01 5.108663439750671387e-01
2.613074684143066406e+01 -2.158475685119628906e+01 -9.433096647262573242e-01 -2.497870773077011108e-01 9.112982451915740967e-02 8.124747872352600098e-01 5.188047289848327637e-01
2.613045501708984375e+01 -2.156854057312011719e+01 -9.449895024299621582e-01 -2.472186386585235596e-01 9.588389098644256592e-02 8.081767559051513672e-01 5.258427858352661133e-01
2.613002586364746094e+01 -2.155085754394531250e+01 -9.468320012092590332e-01 -2.443355321884155273e-01 1.008371338248252869e-01 8.046050667762756348e-01 5.317078232765197754e-01
2.612942504882812500e+01 -2.153163528442382812e+01 -9.488271474838256836e-01 -2.412059605121612549e-01 1.058854088187217712e-01 8.019596338272094727e-01 5.361328721046447754e-01
2.612863922119140625e+01 -2.151078987121582031e+01 -9.509618282318115234e-01 -2.379090189933776855e-01 1.109190508723258972e-01 8.004373311996459961e-01 5.388558506965637207e-01
2.612764739990234375e+01 -2.148824119567871094e+01 -9.532155394554138184e-01 -2.345682531595230103e-01 1.158418208360671997e-01 8.002179265022277832e-01 5.396098494529724121e-01
2.612642478942871094e+01 -2.146391487121582031e+01 -9.555626511573791504e-01 -2.312306910753250122e-01 1.204882115125656128e-01 8.014890551567077637e-01 5.381447076797485352e-01
2.612494087219238281e+01 -2.143773460388183594e+01 -9.579788446426391602e-01 -2.283166348934173584e-01 1.249198168516159058e-01 8.043249845504760742e-01 5.341327190399169922e-01
2.612316703796386719e+01 -2.140968132019042969e+01 -9.603961110115051270e-01 -2.197896242141723633e-01 1.249000206589698792e-01 8.103659749031066895e-01 5.285544991493225098e-01
2.612106323242187500e+01 -2.137967109680175781e+01 -9.628328084945678711e-01 -2.106181085109710693e-01 1.238914728164672852e-01 8.181644678115844727e-01 5.204502344131469727e-01
2.611861991882324219e+01 -2.134782028198242188e+01 -9.652494192123413086e-01 -2.011682242155075073e-01 1.221819147467613220e-01 8.273477554321289062e-01 5.099705457687377930e-01
2.611585044860839844e+01 -2.131416130065917969e+01 -9.676115512847900391e-01 -1.914410889148712158e-01 1.198076754808425903e-01 8.376268744468688965e-01 4.973426461219787598e-01
2.611275863647460938e+01 -2.127892112731933594e+01 -9.698782563209533691e-01 -1.815389245748519897e-01 1.168732121586799622e-01 8.486931920051574707e-01 4.827800989151000977e-01
2.610935783386230469e+01 -2.124186134338378906e+01 -9.720394611358642578e-01 -1.715421825647354126e-01 1.134682446718215942e-01 8.602540493011474609e-01 4.665127992630004883e-01
2.610566520690917969e+01 -2.121099090576171875e+01 -9.735767245292663574e-01 -1.615434437990188599e-01 1.096900925040245056e-01 8.720315098762512207e-01 4.487827718257904053e-01
2.610171127319335938e+01 -2.118677520751953125e+01 -9.744476079940795898e-01 -1.516393274068832397e-01 1.056385412812232971e-01 8.837700486183166504e-01 4.298483431339263916e-01
2.609755706787109375e+01 -2.116920661926269531e+01 -9.746512174606323242e-01 -1.419331133365631104e-01 1.014174744486808777e-01 8.952400088310241699e-01 4.099845886230468750e-01
2.609326744079589844e+01 -2.115832901000976562e+01 -9.741829037666320801e-01 -1.325342208147048950e-01 9.713459014892578125e-02 9.062419533729553223e-01 3.894838988780975342e-01
2.608892059326171875e+01 -2.115444755554199219e+01 -9.730330705642700195e-01 -1.235574334859848022e-01 9.290058165788650513e-02 9.166086912155151367e-01 3.686519861221313477e-01
2.608462142944335938e+01 -2.115161895751953125e+01 -9.715877771377563477e-01 -1.151219531893730164e-01 8.882925659418106079e-02 9.262058734893798828e-01 3.478101193904876709e-01
2.608047103881835938e+01 -2.114959907531738281e+01 -9.698842167854309082e-01 -1.073514521121978760e-01 8.503689616918563843e-02 9.349324107170104980e-01 3.272904753684997559e-01
2.607658386230468750e+01 -2.114854621887207031e+01 -9.679453372955322266e-01 -1.003724262118339539e-01 8.164142072200775146e-02 9.427182674407958984e-01 3.074338734149932861e-01
2.607307434082031250e+01 -2.114843750000000000e+01 -9.658045768737792969e-01 -9.431396424770355225e-02 7.876213639974594116e-02 9.495221972465515137e-01 2.885867059230804443e-01
2.607006835937500000e+01 -2.114935302734375000e+01 -9.634922146797180176e-01 -8.930709958076477051e-02 7.651922106742858887e-02 9.553262591361999512e-01 2.710978686809539795e-01
2.606768608093261719e+01 -2.115122413635253906e+01 -9.610502123832702637e-01 -8.548340946435928345e-02 7.503329217433929443e-02 9.601296782493591309e-01 2.553171515464782715e-01
2.606606101989746094e+01 -2.115424728393554688e+01 -9.585020542144775391e-01 -8.297507464885711670e-02 7.442514598369598389e-02 9.639412164688110352e-01 2.415917962789535522e-01
2.606531524658203125e+01 -2.115415000915527344e+01 -9.561473727226257324e-01 -8.191403746604919434e-02 7.481563836336135864e-02 9.667695760726928711e-01 2.302645593881607056e-01
2.606557083129882812e+01 -2.115074539184570312e+01 -9.540233612060546875e-01 -8.243194967508316040e-02 7.632582634687423706e-02 9.686141014099121094e-01 2.216723263263702393e-01
