-4.452462308108806610e-03 9.506114125251770020e-01 -2.659993059933185577e-02
-1.245922129601240158e-02 8.747256398200988770e-01 -2.093283087015151978e-02
-1.911004632711410522e-02 7.978312969207763672e-01 -1.543763838708400726e-02
-2.547054365277290344e-02 7.200983166694641113e-01 -1.268985774368047714e-02
-3.009625896811485291e-02 6.417137980461120605e-01 -9.634939022362232208e-03
-3.332431241869926453e-02 5.628081560134887695e-01 -7.196931634098291397e-03
-3.509992361068725586e-02 4.837280809879302979e-01 -4.874842241406440735e-03
-3.528077155351638794e-02 4.037849605083465576e-01 -2.769426209852099419e-03
-3.393347188830375671e-02 3.249886035919189453e-01 -7.477112812921404839e-04
-3.140177950263023376e-02 2.430384606122970581e-01 1.261868746951222420e-03
-2.704763226211071014e-02 1.677558869123458862e-01 3.261232515797019005e-03
-2.218544669449329376e-02 7.515240460634231567e-02 6.862288340926170349e-03
-1.798597536981105804e-02 3.298372402787208557e-02 7.062037941068410873e-03
-1.400214061141014099e-02 5.517749115824699402e-02 3.499036421999335289e-03
-1.061989553272724152e-02 5.646974965929985046e-02 1.437207451090216637e-03
-7.633044850081205368e-03 6.748861074447631836e-02 -1.044154865667223930e-03
-5.230511073023080826e-03 7.527712732553482056e-02 -3.184799803420901299e-03
-3.482939675450325012e-03 8.523692190647125244e-02 -5.345618817955255508e-03
-2.271701116114854813e-03 9.515247493982315063e-02 -7.401650771498680115e-03
-1.644483301788568497e-03 1.059192866086959839e-01 -9.420952759683132172e-03
-1.476730220019817352e-03 1.172232106328010559e-01 -1.141901407390832901e-02
-1.724721398204565048e-03 1.292005181312561035e-01 -1.329102367162704468e-02
-2.487072255462408066e-03 1.419248580932617188e-01 -1.531631592661142349e-02
-3.357175271958112717e-03 1.554346978664398193e-01 -1.675947010517120361e-02
-4.437037277966737747e-03 1.696441769599914551e-01 -1.795958355069160461e-02
-5.981997121125459671e-03 1.846735477447509766e-01 -1.969025284051895142e-02
-7.672858424484729767e-03 2.004512548446655273e-01 -2.106484957039356232e-02
-9.609653614461421967e-03 2.171230614185333252e-01 -2.237620018422603607e-02
-1.168083399534225464e-02 2.344128787517547607e-01 -2.338059619069099426e-02
-1.412698253989219666e-02 2.527975142002105713e-01 -2.427354827523231506e-02
-1.678893901407718658e-02 2.711465954780578613e-01 -2.453069575130939484e-02
-1.988149061799049377e-02 2.908058762550354004e-01 -2.454504370689392090e-02
-2.326153591275215149e-02 3.090860247611999512e-01 -2.457990124821662903e-02
-2.653026953339576721e-02 3.293380737304687500e-01 -2.426013723015785217e-02
-2.974624931812286377e-02 3.415357470512390137e-01 -2.320345677435398102e-02
-3.289834409952163696e-02 3.697121441364288330e-01 -2.284747920930385590e-02
-3.585898503661155701e-02 3.507210016250610352e-01 -1.934583485126495361e-02
-3.862040117383003235e-02 2.719005644321441650e-01 -1.196787320077419281e-02
-4.093727469444274902e-02 2.100487798452377319e-01 -5.558529868721961975e-03
-4.257068410515785217e-02 1.442813873291015625e-01 1.126591581851243973e-03
-4.356880858540534973e-02 6.851699948310852051e-02 8.376189507544040680e-03
-4.357878491282463074e-02 2.531703747808933258e-02 1.346849650144577026e-02
-4.257311671972274780e-02 2.790461480617523193e-02 1.551271043717861176e-02
-4.051341488957405090e-02 1.389642152935266495e-02 1.832209527492523193e-02
-3.730465099215507507e-02 6.899972446262836456e-03 2.038236334919929504e-02
-3.284635394811630249e-02 -4.994879476726055145e-03 2.239210531115531921e-02
-2.714947238564491272e-02 -1.197953894734382629e-02 2.373114228248596191e-02
-2.023119851946830750e-02 -2.867563255131244659e-02 2.530007064342498779e-02
-1.200088951736688614e-02 -2.049297094345092773e-02 2.496718242764472961e-02
-2.638650126755237579e-03 1.986417919397354126e-02 2.232956513762474060e-02
8.010344579815864563e-03 4.910590499639511108e-02 2.009223774075508118e-02
