8.474197238683700562e-02 3.348353505134582520e-02 6.721805781126022339e-03 -1.284861750900745392e-02 -9.052798122866079211e-05 -3.763045533560216427e-04 9.999173879623413086e-01
7.621016353368759155e-02 3.470005095005035400e-02 -3.757256548851728439e-03 -1.398841291666030884e-02 -2.974589820951223373e-03 -2.879106206819415092e-03 9.998936057090759277e-01
6.039824709296226501e-02 3.932211175560951233e-02 -2.475672401487827301e-02 -1.228467840701341629e-02 -8.509849198162555695e-03 -6.857444066554307938e-03 9.998648166656494141e-01
5.794710293412208557e-02 3.062129765748977661e-02 -1.993409730494022369e-02 -1.484612002968788147e-02 -7.542082574218511581e-03 -5.720180459320545197e-03 9.998449683189392090e-01
5.318106710910797119e-02 2.596010826528072357e-02 -1.375121250748634338e-02 -1.567681692540645599e-02 -5.584561266005039215e-03 -5.453859921544790268e-03 9.998466372489929199e-01
4.926065728068351746e-02 1.732885092496871948e-02 -8.810964412987232208e-03 -1.532646082341670990e-02 -3.746349830180406570e-03 -3.894974011927843094e-03 9.998679161071777344e-01
4.224441945552825928e-02 1.560532767325639725e-02 -2.810112200677394867e-03 -1.407006662338972092e-02 -1.062315888702869415e-03 -3.972660284489393234e-03 9.998925328254699707e-01
3.511218354105949402e-02 1.231095194816589355e-02 -1.833035494200885296e-03 -1.317813340574502945e-02 -2.218162553617730737e-04 -3.806396154686808586e-03 9.999058842658996582e-01
2.751023136079311371e-02 1.028252579271793365e-02 3.902351181750418618e-06 -1.022648997604846954e-02 8.297574822790920734e-04 -4.381155595183372498e-03 9.999377727508544922e-01
1.996983215212821960e-02 7.812105584889650345e-03 5.946769961155951023e-04 -8.692975156009197235e-03 1.764947199262678623e-03 -4.212094470858573914e-03 9.999517798423767090e-01
1.280174870043992996e-02 3.169972682371735573e-03 2.661191858351230621e-03 -7.526478264480829239e-03 -5.853741895407438278e-04 -2.534732222557067871e-03 9.999682903289794922e-01
5.075650755316019058e-03 2.375237876549363136e-03 8.387210546061396599e-04 -5.633254069834947586e-03 -4.186670121271163225e-04 -2.678486751392483711e-03 9.999804496765136719e-01
5.772729404270648956e-03 1.675933715887367725e-03 1.798548968508839607e-03 -2.891989657655358315e-03 -1.684539165580645204e-04 -4.753346089273691177e-03 9.999845027923583984e-01
6.322390399873256683e-03 -1.626762561500072479e-03 2.587249036878347397e-03 -6.194969755597412586e-04 -3.756949154194444418e-04 -5.694827530533075333e-03 9.999835491180419922e-01
6.858534645289182663e-03 -3.218719502910971642e-03 2.149930456653237343e-03 1.312489504925906658e-03 -3.904319019056856632e-04 -7.462529931217432022e-03 9.999712109565734863e-01
7.719348650425672531e-03 -3.039007773622870445e-03 3.022157121449708939e-03 2.256687264889478683e-03 -3.850550565402954817e-04 -8.700740523636341095e-03 9.999595284461975098e-01
8.791795000433921814e-03 -3.022294724360108376e-03 3.244411433115601540e-03 3.219122532755136490e-03 -2.828362630680203438e-04 -9.973411448299884796e-03 9.999450445175170898e-01
9.685819968581199646e-03 -3.070851322263479233e-03 4.047474358230829239e-03 3.843115875497460365e-03 2.238673914689570665e-05 -1.063948497176170349e-02 9.999359846115112305e-01
1.042133104056119919e-02 -4.373747389763593674e-03 4.303032066673040390e-03 4.818713292479515076e-03 -1.660182024352252483e-04 -1.085449568927288055e-02 9.999294877052307129e-01
1.168187521398067474e-02 -4.474556073546409607e-03 4.564664792269468307e-03 5.971685983240604401e-03 -4.428448664839379489e-05 -1.157786604017019272e-02 9.999151229858398438e-01
1.295021176338195801e-02 -4.712087567895650864e-03 4.861120134592056274e-03 6.828568875789642334e-03 -2.381095400778576732e-04 -1.202800683677196503e-02 9.999043345451354980e-01
1.472575776278972626e-02 -4.887671209871768951e-03 3.832162823528051376e-03 9.086804464459419250e-03 -8.369452552869915962e-04 -1.209664065390825272e-02 9.998852014541625977e-01
1.627155952155590057e-02 -4.163037985563278198e-03 4.709573928266763687e-03 9.150996804237365723e-03 -7.242143619805574417e-04 -1.219429075717926025e-02 9.998835325241088867e-01
1.765130087733268738e-02 -4.611892625689506531e-03 5.211270879954099655e-03 9.887590073049068451e-03 -6.988446111790835857e-04 -1.092918403446674347e-02 9.998911619186401367e-01
1.883152686059474945e-02 -5.756550002843141556e-03 6.043838337063789368e-03 9.748330339789390564e-03 -3.240125079173594713e-04 -8.640738204121589661e-03 9.999151229858398438e-01
2.011608332395553589e-02 -7.194407284259796143e-03 6.406198255717754364e-03 9.972699917852878571e-03 -5.629743100143969059e-04 -6.026323419064283371e-03 9.999319314956665039e-01
2.166443504393100739e-02 -7.511855568736791611e-03 7.421066984534263611e-03 9.218535386025905609e-03 -2.981173456646502018e-04 -3.812026698142290115e-03 9.999501705169677734e-01
2.318914793431758881e-02 -8.875788189470767975e-03 7.637614384293556213e-03 8.692645467817783356e-03 -9.377712849527597427e-04 -1.808419940061867237e-03 9.999601244926452637e-01
2.453083917498588562e-02 -9.679204784333705902e-03 9.225791320204734802e-03 7.359436713159084320e-03 -7.524151587858796120e-04 -1.097465428756549954e-04 9.999726414680480957e-01
2.578176185488700867e-02 -9.864541701972484589e-03 1.168832369148731232e-02 4.923014435917139053e-03 -4.068193666171282530e-04 1.507373293861746788e-03 9.999866485595703125e-01
2.650681324303150177e-02 -9.502165950834751129e-03 1.520723570138216019e-02 1.475311000831425190e-03 -2.499769208952784538e-03 1.220277510583400726e-03 9.999950528144836426e-01
2.825112454593181610e-02 -9.399985894560813904e-03 1.654177159070968628e-02 7.771485252305865288e-04 -2.175122033804655075e-03 2.592798788100481033e-03 9.999939799308776855e-01
3.017474338412284851e-02 -9.213933721184730530e-03 1.739365793764591217e-02 4.386435321066528559e-04 -2.983373822644352913e-03 3.725295420736074448e-03 9.999884963035583496e-01
3.246589750051498413e-02 -9.836007840931415558e-03 1.689705997705459595e-02 5.597114795818924904e-04 -2.935999073088169098e-03 3.532152855768799782e-03 9.999892711639404297e-01
3.447782993316650391e-02 -8.268669247627258301e-03 1.777954213321208954e-02 2.069041220238432288e-04 -3.125723917037248611e-03 2.959887729957699776e-03 9.999907016754150391e-01
3.588289022445678711e-02 -9.264678694307804108e-03 1.829281449317932129e-02 -2.303166984347626567e-04 -3.256273223087191582e-03 3.992220852524042130e-03 9.999867081642150879e-01
3.015143238008022308e-02 -3.930765669792890549e-03 1.723957993090152740e-02 -7.596738869324326515e-04 -2.592078410089015961e-03 4.702101927250623703e-03 9.999852776527404785e-01
2.502987347543239594e-02 2.631756011396646500e-03 1.337067596614360809e-02 -2.673315175343304873e-04 -3.103957511484622955e-03 5.369263235479593277e-03 9.999807476997375488e-01
1.974060945212841034e-02 1.153457327745854855e-03 9.607862681150436401e-03 -9.627815452404320240e-04 -4.889079835265874863e-03 8.917241357266902924e-03 9.999478459358215332e-01
1.470334362238645554e-02 -2.775480039417743683e-03 3.951189573854207993e-03 -1.853483146987855434e-03 -7.277990225702524185e-03 1.262270286679267883e-02 9.998921155929565430e-01
8.096861653029918671e-03 -3.363384632393717766e-03 2.653871197253465652e-03 -2.219224581494927406e-03 -7.005039602518081665e-03 1.509018521755933762e-02 9.998591542243957520e-01
7.770191412419080734e-03 -2.531140344217419624e-03 2.429781714454293251e-03 -2.019839594140648842e-03 -7.222751155495643616e-03 1.601526886224746704e-02 9.998435974121093750e-01
7.669383194297552109e-03 -1.303181634284555912e-04 1.545715262182056904e-03 -1.882360549643635750e-03 -6.725825369358062744e-03 1.554146129637956619e-02 9.998548030853271484e-01
6.236569955945014954e-03 -2.877095248550176620e-03 1.701655099168419838e-03 -1.639325870200991631e-03 -5.664751399308443069e-03 1.499983388930559158e-02 9.998701214790344238e-01
5.486110225319862366e-03 -2.569462405517697334e-03 1.633052248507738113e-03 -1.751634525135159492e-03 -4.939680919051170349e-03 1.455078180879354477e-02 9.998803734779357910e-01
4.485279787331819534e-03 -2.745571080595254898e-03 1.310265506617724895e-03 -1.681807916611433029e-03 -3.927232697606086731e-03 1.352755352854728699e-02 9.998993873596191406e-01
3.841557772830128670e-03 -2.128987805917859077e-03 1.146967173554003239e-03 -1.469081849791109562e-03 -2.738928887993097305e-03 1.160991843789815903e-02 9.999277591705322266e-01
3.183263819664716721e-03 -1.735225087031722069e-03 1.590973988641053438e-04 -1.666425494477152824e-03 -1.848696381784975529e-03 1.015506871044635773e-02 9.999453425407409668e-01
5.250815767794847488e-03 -2.542753703892230988e-03 6.966621640458470210e-06 -4.309784271754324436e-04 -6.546369404532015324e-04 7.314576301723718643e-03 9.999729394912719727e-01
7.881334982812404633e-03 -3.775986609980463982e-03 1.142410794273018837e-03 1.108747092075645924e-03 2.999189600814133883e-04 2.955864649266004562e-03 9.999949932098388672e-01
1.717026829719543457e-01 3.475853055715560913e-02 7.119763176888227463e-05 -1.817440427839756012e-02 -2.554823644459247589e-03 3.274937393143773079e-03 9.998261928558349609e-01
1.367692351341247559e-01 8.267901837825775146e-02 8.148591965436935425e-03 -1.304663810878992081e-02 -3.716213628649711609e-03 -7.684422656893730164e-03 9.998784661293029785e-01
1.252329051494598389e-01 7.019048184156417847e-02 -1.817355491220951080e-02 -1.941820234060287476e-02 -8.170317858457565308e-03 -8.416801691055297852e-03 9.997426271438598633e-01
1.086722910404205322e-01 5.581329390406608582e-02 -4.222724959254264832e-02 -2.530917152762413025e-02 -1.100674178451299667e-02 -1.023720670491456985e-02 9.995666742324829102e-01
1.024658530950546265e-01 3.915668651461601257e-02 -2.996661514043807983e-02 -2.619502507150173187e-02 -7.740244735032320023e-03 -8.450006134808063507e-03 9.995911717414855957e-01
8.999250084161758423e-02 3.386911749839782715e-02 -1.933193765580654144e-02 -2.520595863461494446e-02 -4.670843482017517090e-03 -9.646445512771606445e-03 9.996248483657836914e-01
7.509448379278182983e-02 3.265947848558425903e-02 -8.926631882786750793e-03 -2.319991402328014374e-02 -1.410109223797917366e-03 -1.066925842314958572e-02 9.996728897094726562e-01
6.075311079621315002e-02 2.721691504120826721e-02 -2.577563282102346420e-03 -1.976197212934494019e-02 1.277646631933748722e-03 -1.060038898140192032e-02 9.997476935386657715e-01
4.589013755321502686e-02 2.178112044930458069e-02 1.500602927990257740e-03 -1.671102643013000488e-02 3.097327658906579018e-03 -9.915906004607677460e-03 9.998064041137695312e-01
3.194443881511688232e-02 1.395674515515565872e-02 -1.666077179834246635e-03 -1.568155735731124878e-02 -3.210440991097129881e-05 -7.213466800749301910e-03 9.998509883880615234e-01
1.795072108507156372e-02 6.388306617736816406e-03 -1.050096470862627029e-03 -1.397257205098867416e-02 -2.504358533769845963e-03 -4.867840092629194260e-03 9.998874068260192871e-01
9.738364256918430328e-03 6.551597267389297485e-03 2.094341674819588661e-03 -8.019194938242435455e-03 -8.091836352832615376e-04 -7.247345987707376480e-03 9.999412298202514648e-01
1.170408446341753006e-02 4.510274156928062439e-03 4.378505982458591461e-03 -3.697852604091167450e-03 -2.180210431106388569e-04 -1.007679477334022522e-02 9.999423623085021973e-01
1.367751229554414749e-02 2.209276426583528519e-03 5.457622464746236801e-03 -3.593542205635458231e-04 -6.054629338905215263e-04 -1.383826602250337601e-02 9.999039769172668457e-01
1.483312156051397324e-02 -2.829698845744132996e-03 7.133747916668653488e-03 2.325075911357998848e-03 -3.796471719397231936e-05 -1.549109164625406265e-02 9.998772740364074707e-01
1.666437834501266479e-02 -2.124988706782460213e-03 8.154555223882198334e-03 3.772229654714465141e-03 2.261057261421228759e-06 -1.824029162526130676e-02 9.998264908790588379e-01
1.843189261853694916e-02 -2.918800571933388710e-03 9.147197008132934570e-03 5.064181517809629440e-03 3.618942573666572571e-04 -2.026183530688285828e-02 9.997817873954772949e-01
2.057479135692119598e-02 -2.153463428840041161e-03 1.012018229812383652e-02 6.912265904247760773e-03 9.595838491804897785e-05 -2.214080281555652618e-02 9.997309446334838867e-01
2.351344935595989227e-02 -2.042548498138785362e-03 9.410557337105274200e-03 8.901773951947689056e-03 -4.734222311526536942e-04 -2.391422353684902191e-02 9.996742606163024902e-01
2.621787041425704956e-02 -2.233277540653944016e-03 9.361897595226764679e-03 9.877831675112247467e-03 -3.274092159699648619e-04 -2.500445581972599030e-02 9.996384978294372559e-01
2.867293730378150940e-02 -4.779051057994365692e-03 9.540955536067485809e-03 1.218559034168720245e-02 -1.308150240220129490e-03 -2.418770454823970795e-02 9.996322989463806152e-01
3.148083016276359558e-02 -6.558899767696857452e-03 9.118182584643363953e-03 1.376226637512445450e-02 -1.716749742627143860e-03 -2.352101169526576996e-02 9.996271133422851562e-01
3.472162038087844849e-02 -5.843340884894132614e-03 9.296325966715812683e-03 1.572562195360660553e-02 -2.364186104387044907e-03 -2.256016433238983154e-02 9.996190071105957031e-01
3.815963491797447205e-02 -4.457859322428703308e-03 9.478545747697353363e-03 1.735717803239822388e-02 -2.097877208143472672e-03 -2.071836590766906738e-02 9.996324777603149414e-01
4.106939211487770081e-02 -9.006581269204616547e-03 8.526920340955257416e-03 1.906861364841461182e-02 -2.387482672929763794e-03 -1.535800099372863770e-02 9.996973872184753418e-01
4.341391474008560181e-02 -1.455604378134012222e-02 7.527438458055257797e-03 2.042749896645545959e-02 -3.509042784571647644e-03 -9.893749840557575226e-03 9.997362494468688965e-01
4.623221978545188904e-02 -1.692604087293148041e-02 9.159158915281295776e-03 1.931307278573513031e-02 -3.280380507931113243e-03 -5.689905025064945221e-03 9.997919201850891113e-01
4.856211692094802856e-02 -2.031251974403858185e-02 1.166303642094135284e-02 1.658152788877487183e-02 -2.513041486963629723e-03 -6.022852030582726002e-04 9.998591542243957520e-01
5.157072097063064575e-02 -1.847860030829906464e-02 1.879173330962657928e-02 1.177040953189134598e-02 -1.811619731597602367e-04 1.125708571635186672e-03 9.999300837516784668e-01
5.350404977798461914e-02 -1.823641918599605560e-02 2.541882172226905823e-02 5.177389830350875854e-03 -2.186401514336466789e-03 2.723253332078456879e-03 9.999805092811584473e-01
5.638640746474266052e-02 -1.608395576477050781e-02 3.043164499104022980e-02 2.295818645507097244e-03 -4.690289497375488281e-03 2.508429577574133873e-03 9.999831914901733398e-01
6.048764288425445557e-02 -1.503885071724653244e-02 3.205040097236633301e-02 1.551426481455564499e-03 -4.662919323891401291e-03 4.315177910029888153e-03 9.999786019325256348e-01
6.494202464818954468e-02 -1.514799147844314575e-02 3.190520778298377991e-02 1.605813391506671906e-03 -5.617238115519285202e-03 5.439346190541982651e-03 9.999681115150451660e-01
6.865710020065307617e-02 -1.764619536697864532e-02 3.147337958216667175e-02 1.208047382533550262e-03 -5.927186459302902222e-03 5.630493164062500000e-03 9.999658465385437012e-01
7.275929301977157593e-02 -1.916649006307125092e-02 2.997223287820816040e-02 4.276729887351393700e-04 -7.673557847738265991e-03 6.834335625171661377e-03 9.999471306800842285e-01
6.990357488393783569e-02 -1.021607592701911926e-02 2.876410447061061859e-02 -2.672717964742332697e-04 -7.006045430898666382e-03 6.332539021968841553e-03 9.999553561210632324e-01
5.763822793960571289e-02 -1.976078929146751761e-04 2.651443146169185638e-02 2.031930080192978494e-06 -6.817149929702281952e-03 9.220859967172145844e-03 9.999342560768127441e-01
4.767577350139617920e-02 5.852588452398777008e-03 1.548705250024795532e-02 -9.573570569045841694e-04 -1.127429679036140442e-02 1.508540194481611252e-02 9.998221993446350098e-01
3.470570221543312073e-02 1.296154409646987915e-02 5.300204735249280930e-03 -1.824048114940524101e-03 -1.633224077522754669e-02 1.889283768832683563e-02 9.996864199638366699e-01
1.675624214112758636e-02 1.768060959875583649e-02 2.687384607270359993e-03 -1.838992815464735031e-03 -1.519281882792711258e-02 2.388674393296241760e-02 9.995975494384765625e-01
7.266474887728691101e-03 1.606833934783935547e-02 1.246487838216125965e-03 -7.929830462671816349e-04 -1.354351080954074860e-02 2.727502211928367615e-02 9.995359182357788086e-01
8.496706373989582062e-03 1.390101481229066849e-02 1.284584286622703075e-03 -1.158602884970605373e-03 -1.292405743151903152e-02 2.781410142779350281e-02 9.995288848876953125e-01
4.129834007471799850e-03 1.430842094123363495e-02 -9.608983236830681562e-05 -4.844815994147211313e-04 -1.145690772682428360e-02 2.739485166966915131e-02 9.995589256286621094e-01
7.400715257972478867e-03 1.101544871926307678e-02 1.374298823066055775e-03 -1.420061686076223850e-03 -1.069010794162750244e-02 2.786675840616226196e-02 9.995535016059875488e-01
5.803859326988458633e-03 1.011394616216421127e-02 7.413922576233744621e-04 -1.127006486058235168e-03 -9.265482425689697266e-03 2.746834419667720795e-02 9.995790719985961914e-01
7.010133005678653717e-03 6.912583950906991959e-03 1.420374261215329170e-03 -1.728309784084558487e-03 -7.345530204474925995e-03 2.604988776147365570e-02 9.996321797370910645e-01
7.653602864593267441e-03 2.509959042072296143e-03 1.250713365152478218e-03 -1.325386459939181805e-03 -5.074698012322187424e-03 2.379986830055713654e-02 9.997029900550842285e-01
9.039998054504394531e-03 -4.566659627016633749e-04 9.500423329882323742e-04 -8.159527787938714027e-04 -3.020070493221282959e-03 1.893452182412147522e-02 9.998158216476440430e-01
1.412076316773891449e-02 -3.413288155570626259e-03 -8.175274706445634365e-04 4.444188089109957218e-04 -6.607478717342019081e-04 1.009751204401254654e-02 9.999486804008483887e-01
