8.347944170236587524e-02 -9.540317580103874207e-03 3.557975962758064270e-02 -2.575414814054965973e-02 6.414004601538181305e-03 2.540055103600025177e-02 9.993249773979187012e-01
7.465272396802902222e-02 -1.617261022329330444e-02 3.365265578031539917e-02 -2.476494014263153076e-02 7.101702969521284103e-03 2.452798001468181610e-02 9.993671178817749023e-01
6.680788099765777588e-02 -1.714071817696094513e-02 3.099458292126655579e-02 -2.422309666872024536e-02 7.418796420097351074e-03 2.193224616348743439e-02 9.994384050369262695e-01
5.805715173482894897e-02 -2.004136145114898682e-02 2.844388596713542938e-02 -2.359902113676071167e-02 7.664521690458059311e-03 2.167190611362457275e-02 9.994571805000305176e-01
4.982884600758552551e-02 -2.058345079421997070e-02 2.566830813884735107e-02 -2.249959297478199005e-02 7.310573011636734009e-03 1.918346993625164032e-02 9.995360374450683594e-01
4.202647507190704346e-02 -2.009586989879608154e-02 2.241108193993568420e-02 -2.083695121109485626e-02 6.832574959844350815e-03 1.702514849603176117e-02 9.996145963668823242e-01
3.474244102835655212e-02 -1.820231415331363678e-02 1.917215995490550995e-02 -1.899995654821395874e-02 6.696124561131000519e-03 1.445996668189764023e-02 9.996924996376037598e-01
2.732384018599987030e-02 -1.586261019110679626e-02 1.640442945063114166e-02 -1.719604618847370148e-02 6.908108945935964584e-03 1.206243317574262619e-02 9.997555017471313477e-01
2.074504643678665161e-02 -1.282583735883235931e-02 1.290342956781387329e-02 -1.508910115808248520e-02 6.798111367970705032e-03 8.733614347875118256e-03 9.998248815536499023e-01
1.398997008800506592e-02 -9.902114048600196838e-03 9.494227357208728790e-03 -1.269658561795949936e-02 6.821069400757551193e-03 6.380175705999135971e-03 9.998757839202880859e-01
8.469060994684696198e-03 -6.344735156744718552e-03 5.598738323897123337e-03 -9.860587306320667267e-03 -3.874332469422370195e-04 3.005482256412506104e-03 9.999467730522155762e-01
4.305663052946329117e-03 -1.548765343613922596e-03 3.538274904713034630e-03 -6.663884967565536499e-03 -3.180143539793789387e-04 4.827288503292948008e-04 9.999776482582092285e-01
4.411376547068357468e-03 -2.688262378796935081e-03 3.829809371381998062e-03 -4.714745562523603439e-03 3.104109200648963451e-04 -2.184543758630752563e-03 9.999864697456359863e-01
5.172627512365579605e-03 -3.452477511018514633e-03 3.867924911901354790e-03 -2.563021844252943993e-03 3.952054830733686686e-04 -3.756938735023140907e-03 9.999895691871643066e-01
5.716379731893539429e-03 -4.142149817198514938e-03 4.096371587365865707e-03 -9.344230056740343571e-05 8.317641913890838623e-04 -5.249163135886192322e-03 9.999858736991882324e-01
6.298397202044725418e-03 -4.825304728001356125e-03 4.382984247058629990e-03 6.011493387632071972e-04 1.103887450881302357e-03 -6.532727275043725967e-03 9.999778866767883301e-01
6.722104270011186600e-03 -6.041011773049831390e-03 4.149991087615489960e-03 2.676075557246804237e-03 1.071762526407837868e-03 -7.477500010281801224e-03 9.999678730964660645e-01
7.551048416644334793e-03 -5.725474562495946884e-03 5.272404756397008896e-03 3.329469123855233192e-03 1.649296726100146770e-03 -8.167461492121219635e-03 9.999597668647766113e-01
7.481766864657402039e-03 -6.896083708852529526e-03 5.882194265723228455e-03 4.279080778360366821e-03 1.250037108547985554e-03 -8.786945603787899017e-03 9.999514818191528320e-01
7.840350270271301270e-03 -7.882623001933097839e-03 6.106765475124120712e-03 5.020355805754661560e-03 1.253183232620358467e-03 -9.263240732252597809e-03 9.999437332153320312e-01
9.221472777426242828e-03 -7.667853031307458878e-03 6.525781936943531036e-03 5.559631157666444778e-03 1.351615064777433872e-03 -8.763647638261318207e-03 9.999452233314514160e-01
1.052099652588367462e-02 -8.398979902267456055e-03 5.805526394397020340e-03 7.061579264700412750e-03 8.565217140130698681e-04 -8.484897203743457794e-03 9.999387264251708984e-01
1.172570604830980301e-02 -7.479354273527860641e-03 7.355143781751394272e-03 7.105744443833827972e-03 9.462301968596875668e-04 -7.695899810642004013e-03 9.999446868896484375e-01
1.252900809049606323e-02 -8.554657921195030212e-03 7.430118508636951447e-03 7.439676672220230103e-03 6.619185442104935646e-04 -6.606202572584152222e-03 9.999502897262573242e-01
1.325986161828041077e-02 -9.249997325241565704e-03 8.156555704772472382e-03 7.439212873578071594e-03 5.369524005800485611e-04 -5.106765776872634888e-03 9.999591708183288574e-01
1.516659650951623917e-02 -8.344637230038642883e-03 8.756489492952823639e-03 6.955922581255435944e-03 3.481360909063369036e-04 -3.188819857314229012e-03 9.999706745147705078e-01
1.636535115540027618e-02 -9.037681855261325836e-03 9.078064933419227600e-03 6.657777819782495499e-03 -1.591502077644690871e-04 -1.272092107683420181e-03 9.999769926071166992e-01
1.771374978125095367e-02 -9.201915934681892395e-03 9.820551611483097076e-03 6.007550284266471863e-03 -1.536776107968762517e-04 7.229944458231329918e-04 9.999817013740539551e-01
1.885728910565376282e-02 -9.758403524756431580e-03 1.075135823339223862e-02 5.258096847683191299e-03 -2.841456735040992498e-04 3.941639326512813568e-03 9.999783635139465332e-01
2.000417187809944153e-02 -1.005887798964977264e-02 1.205526106059551239e-02 3.624270204454660416e-03 -1.957126951310783625e-04 6.569139193743467331e-03 9.999718070030212402e-01
2.069050632417201996e-02 -1.119263004511594772e-02 1.345123164355754852e-02 2.691257279366254807e-03 -7.977048866450786591e-03 9.084594435989856720e-03 9.999232888221740723e-01
2.170497737824916840e-02 -1.186951715499162674e-02 1.483626943081617355e-02 1.180547522380948067e-03 -8.826542645692825317e-03 1.173140760511159897e-02 9.998915195465087891e-01
2.374882809817790985e-02 -1.222834270447492599e-02 1.473727263510227203e-02 -3.189498675055801868e-04 -9.492293000221252441e-03 1.398790813982486725e-02 9.998570680618286133e-01
2.596953324973583221e-02 -1.245487574487924576e-02 1.430101972073316574e-02 -9.296025964431464672e-04 -9.905465878546237946e-03 1.720594987273216248e-02 9.998024702072143555e-01
2.687434852123260498e-02 -1.361954025924205780e-02 1.487753726541996002e-02 -1.900130300782620907e-03 -9.885809384286403656e-03 1.929136551916599274e-02 9.997632503509521484e-01
2.750019356608390808e-02 -1.674546487629413605e-02 1.444520801305770874e-02 -2.330508315935730934e-03 -1.036561746150255203e-02 2.063654921948909760e-02 9.997305870056152344e-01
2.275535278022289276e-02 -1.434088312089443207e-02 1.159949786961078644e-02 -2.943254308775067329e-03 -1.094218995422124863e-02 2.204811014235019684e-02 9.996926784515380859e-01
1.787335984408855438e-02 -1.092087198048830032e-02 9.544175118207931519e-03 -4.384923260658979416e-03 -1.057096198201179504e-02 2.318708598613739014e-02 9.996656179428100586e-01
1.398654561489820480e-02 -8.154409937560558319e-03 5.572689231485128403e-03 -4.321848973631858826e-03 -1.014027837663888931e-02 2.355990745127201080e-02 9.996616840362548828e-01
9.545504115521907806e-03 -4.383984487503767014e-03 6.058402359485626221e-03 -5.112656857818365097e-03 -8.910908363759517670e-03 2.419048175215721130e-02 9.996545910835266113e-01
8.053273893892765045e-03 1.194632379338145256e-03 5.158307030797004700e-03 -4.334899596869945526e-03 -8.962356485426425934e-03 2.244692295789718628e-02 9.996984601020812988e-01
7.549459114670753479e-03 -2.752186032012104988e-03 5.752867087721824646e-03 -4.060441162437200546e-03 -8.953158743679523468e-03 2.442073822021484375e-02 9.996534585952758789e-01
8.007695898413658142e-03 -7.540411897934973240e-04 6.375547498464584351e-03 -3.980175592005252838e-03 -7.104624994099140167e-03 2.339876070618629456e-02 9.996930360794067383e-01
9.103860706090927124e-03 1.052878098562359810e-03 5.709929857403039932e-03 -3.062008880078792572e-03 -6.801364477723836899e-03 2.133167535066604614e-02 9.997446537017822266e-01
9.639434516429901123e-03 -8.555362583138048649e-04 6.125452462583780289e-03 -3.299314063042402267e-03 -5.730880424380302429e-03 2.082335203886032104e-02 9.997612833976745605e-01
1.024994254112243652e-02 2.552188467234373093e-03 6.223555188626050949e-03 -2.348116831853985786e-03 -4.954433534294366837e-03 1.830322295427322388e-02 9.998174309730529785e-01
1.160952728241682053e-02 2.805872820317745209e-03 5.501650273799896240e-03 -1.940341317094862461e-03 -3.650881117209792137e-03 1.691694557666778564e-02 9.998483657836914062e-01
1.229737885296344757e-02 3.372753504663705826e-03 6.329541094601154327e-03 -1.307067461311817169e-03 -2.129760570824146271e-03 1.436247490346431732e-02 9.998937249183654785e-01
1.197643857449293137e-02 -3.020292147994041443e-03 6.122131831943988800e-03 -7.265867316164076328e-04 -2.578061539679765701e-04 1.113906223326921463e-02 9.999376535415649414e-01
8.451403118669986725e-03 -1.009208615869283676e-02 5.235073156654834747e-03 -6.793884040234843269e-06 1.424879184924066067e-03 8.888450451195240021e-03 9.999594688415527344e-01
1.595200449228286743e-01 -1.867730356752872467e-02 6.876908242702484131e-02 -5.132405459880828857e-02 1.480315811932086945e-02 4.706273227930068970e-02 9.974626898765563965e-01
1.430749148130416870e-01 -2.608375065028667450e-02 6.447441130876541138e-02 -4.996972531080245972e-02 1.817240938544273376e-02 4.294392094016075134e-02 9.976615905761718750e-01
1.273060888051986694e-01 -3.109888732433319092e-02 5.797512456774711609e-02 -4.807536303997039795e-02 1.498831994831562042e-02 4.322458058595657349e-02 9.977954626083374023e-01
1.104288175702095032e-01 -3.449456393718719482e-02 5.334210023283958435e-02 -4.662858322262763977e-02 1.462817471474409103e-02 3.968558833003044128e-02 9.980164766311645508e-01
9.449017047882080078e-02 -3.487527742981910706e-02 4.760583117604255676e-02 -4.306629300117492676e-02 1.481772214174270630e-02 3.581913560628890991e-02 9.983199238777160645e-01
7.858849316835403442e-02 -3.379585593938827515e-02 4.210864007472991943e-02 -4.000276699662208557e-02 1.413757447153329849e-02 3.082334995269775391e-02 9.986239671707153320e-01
6.477708369493484497e-02 -2.916909009218215942e-02 3.512639179825782776e-02 -3.535827249288558960e-02 1.426736172288656235e-02 2.591674216091632843e-02 9.989367127418518066e-01
5.124174803495407104e-02 -2.299220114946365356e-02 2.893791720271110535e-02 -3.030992858111858368e-02 1.437424961477518082e-02 1.916076987981796265e-02 9.992535114288330078e-01
3.703868389129638672e-02 -1.897498220205307007e-02 2.217124588787555695e-02 -2.616987936198711395e-02 1.303011924028396606e-02 1.413146127015352249e-02 9.994726777076721191e-01
2.389700897037982941e-02 -1.334044523537158966e-02 1.546843815594911575e-02 -2.174705080687999725e-02 6.423099432140588760e-03 9.144455194473266602e-03 9.997010231018066406e-01
1.266290340572595596e-02 -7.496421691030263901e-03 8.242658339440822601e-03 -1.691683009266853333e-02 -2.270398254040628672e-04 3.006572136655449867e-03 9.998523592948913574e-01
9.466995485126972198e-03 -4.269302356988191605e-03 6.406310014426708221e-03 -1.094423793256282806e-02 5.298784890328533947e-05 -2.750217681750655174e-03 9.999363422393798828e-01
9.870046749711036682e-03 -6.031903438270092010e-03 7.420314941555261612e-03 -7.584580220282077789e-03 7.590614259243011475e-04 -6.422524340450763702e-03 9.999503493309020996e-01
1.120739243924617767e-02 -7.478427141904830933e-03 7.620503660291433334e-03 -2.948146313428878784e-03 1.222204999066889286e-03 -9.889940731227397919e-03 9.999459981918334961e-01
1.280023995786905289e-02 -8.367530070245265961e-03 7.916183210909366608e-03 -4.730418368126265705e-05 1.408855547197163105e-03 -1.267835870385169983e-02 9.999186396598815918e-01
1.355561520904302597e-02 -1.074434537440538406e-02 7.871887646615505219e-03 3.438746789470314980e-03 1.947498531080782413e-03 -1.477333251386880875e-02 9.998830556869506836e-01
1.456625945866107941e-02 -1.240619830787181854e-02 8.116297423839569092e-03 5.971777718514204025e-03 2.291990211233496666e-03 -1.609703525900840759e-02 9.998499751091003418e-01
1.532268151640892029e-02 -1.367436908185482025e-02 9.413178078830242157e-03 8.578033186495304108e-03 2.532543148845434189e-03 -1.708051189780235291e-02 9.998140931129455566e-01
1.666653715074062347e-02 -1.439922116696834564e-02 1.057304162532091141e-02 1.015042513608932495e-02 2.504906849935650826e-03 -1.823377236723899841e-02 9.997791051864624023e-01
1.853585615754127502e-02 -1.530440617352724075e-02 1.074958220124244690e-02 1.168215181678533554e-02 2.453566528856754303e-03 -1.844474114477634430e-02 9.997586011886596680e-01
1.979195140302181244e-02 -1.675149239599704742e-02 1.135684829205274582e-02 1.306919287890195847e-02 1.918094931170344353e-03 -1.744140870869159698e-02 9.997606277465820312e-01
2.236503735184669495e-02 -1.583017967641353607e-02 1.313620153814554214e-02 1.388207543641328812e-02 2.234695013612508774e-03 -1.607947237789630890e-02 9.997718334197998047e-01
2.462439425289630890e-02 -1.650374196469783783e-02 1.361203752458095551e-02 1.443412713706493378e-02 1.742485677823424339e-03 -1.413869485259056091e-02 9.997943639755249023e-01
2.687382325530052185e-02 -1.722349226474761963e-02 1.434332504868507385e-02 1.474491413682699203e-02 1.335629960522055626e-03 -1.138020958751440048e-02 9.998256564140319824e-01
2.911775186657905579e-02 -1.699676550924777985e-02 1.641850359737873077e-02 1.401660498231649399e-02 8.707069209776818752e-04 -8.392194285988807678e-03 9.998661875724792480e-01
3.191129118204116821e-02 -1.669077388942241669e-02 1.780776306986808777e-02 1.352284383028745651e-02 3.482677566353231668e-04 -4.679343663156032562e-03 9.998975396156311035e-01
3.410351648926734924e-02 -1.867564022541046143e-02 1.841417700052261353e-02 1.274530589580535889e-02 -4.646250745281577110e-04 -9.562527993693947792e-04 9.999182224273681641e-01
3.680474683642387390e-02 -1.904842630028724670e-02 2.005476318299770355e-02 1.088378112763166428e-02 -2.982450678246095777e-05 4.606951493769884109e-03 9.999301433563232422e-01
3.914440423250198364e-02 -1.964975707232952118e-02 2.246152982115745544e-02 9.019718505442142487e-03 -4.906964022666215897e-04 9.543750435113906860e-03 9.999136328697204590e-01
4.060697928071022034e-02 -2.122449129819869995e-02 2.567486092448234558e-02 6.435926072299480438e-03 -7.683317642658948898e-03 1.488573290407657623e-02 9.998389482498168945e-01
4.439874365925788879e-02 -2.166958153247833252e-02 2.623586170375347137e-02 3.814177820459008217e-03 -1.640273444354534149e-02 1.977253332734107971e-02 9.996626973152160645e-01
4.675026610493659973e-02 -2.374614030122756958e-02 2.780126780271530151e-02 1.453068573027849197e-03 -1.762607134878635406e-02 2.506811358034610748e-02 9.995293021202087402e-01
5.028347298502922058e-02 -2.517190761864185333e-02 2.764669992029666901e-02 -8.693091222085058689e-04 -1.897804252803325653e-02 3.036703541874885559e-02 9.993582367897033691e-01
5.226320773363113403e-02 -2.702516317367553711e-02 2.935991249978542328e-02 -2.477217931300401688e-03 -1.918265968561172485e-02 3.474796190857887268e-02 9.992089271545410156e-01
5.430507287383079529e-02 -3.056994080543518066e-02 2.935989759862422943e-02 -3.839062293991446495e-03 -2.014808915555477142e-02 3.743084892630577087e-02 9.990887045860290527e-01
5.042274668812751770e-02 -3.006020747125148773e-02 2.685816399753093719e-02 -5.564036313444375992e-03 -2.036646939814090729e-02 3.965272381901741028e-02 9.989904165267944336e-01
4.069377481937408447e-02 -2.494399622082710266e-02 2.126432769000530243e-02 -7.299742195755243301e-03 -2.052590809762477875e-02 4.333486035466194153e-02 9.988230466842651367e-01
3.228564560413360596e-02 -1.877880096435546875e-02 1.434422563761472702e-02 -7.927431724965572357e-03 -2.021847292780876160e-02 4.479570686817169189e-02 9.987601041793823242e-01
2.409976907074451447e-02 -1.213249471038579941e-02 1.032698154449462891e-02 -8.179374039173126221e-03 -1.906107366085052490e-02 4.453333839774131775e-02 9.987925291061401367e-01
1.776160858571529388e-02 -2.732202876359224319e-03 1.033834088593721390e-02 -8.559621870517730713e-03 -1.726948842406272888e-02 4.511428624391555786e-02 9.987958669662475586e-01
1.624703966081142426e-02 3.017064591404050589e-04 1.075942534953355789e-02 -8.334947749972343445e-03 -1.743133924901485443e-02 4.693221300840377808e-02 9.987111687660217285e-01
1.686600595712661743e-02 1.946789794601500034e-03 1.081301178783178329e-02 -7.431834004819393158e-03 -1.637255027890205383e-02 4.571838304400444031e-02 9.987925291061401367e-01
1.747034117579460144e-02 3.469483228400349617e-03 1.120121683925390244e-02 -7.415526080876588821e-03 -1.446703076362609863e-02 4.346060380339622498e-02 9.989228844642639160e-01
1.847679913043975830e-02 3.682260168716311455e-03 1.180770434439182281e-02 -7.452352903783321381e-03 -1.269271876662969589e-02 4.075799882411956787e-02 9.990606307983398438e-01
1.979308016598224640e-02 4.599650856107473373e-03 1.219140551984310150e-02 -6.020942237228155136e-03 -1.017917413264513016e-02 3.857332840561866760e-02 9.991858005523681641e-01
2.171062305569648743e-02 6.081657949835062027e-03 1.169361732900142670e-02 -4.893798381090164185e-03 -8.565633557736873627e-03 3.504214808344841003e-02 9.993371367454528809e-01
2.354967035353183746e-02 6.936887279152870178e-03 1.210423558950424194e-02 -3.546282649040222168e-03 -4.989887122064828873e-03 3.119702450931072235e-02 9.994944930076599121e-01
2.497627958655357361e-02 5.549912806600332260e-03 1.096964813768863678e-02 -1.540200435556471348e-03 -2.086159307509660721e-03 2.364191412925720215e-02 9.997171163558959961e-01
2.101628668606281281e-02 -1.405210699886083603e-02 1.141468062996864319e-02 -7.268507615663111210e-04 2.390160458162426949e-03 2.017310820519924164e-02 9.997934103012084961e-01
