8.322077989578247070e-02 -9.757598862051963806e-03 3.612261638045310974e-02 -2.590337768197059631e-02 7.199493702501058578e-03 2.604237571358680725e-02 9.992992281913757324e-01
7.473601400852203369e-02 -1.423433516174554825e-02 3.433651477098464966e-02 -2.535882592201232910e-02 7.627699058502912521e-03 2.498952113091945648e-02 9.993368983268737793e-01
6.667957454919815063e-02 -1.669952459633350372e-02 3.150748088955879211e-02 -2.478005923330783844e-02 7.746507413685321808e-03 2.252736501395702362e-02 9.994090795516967773e-01
5.843647569417953491e-02 -1.849394477903842926e-02 2.871403656899929047e-02 -2.388244308531284332e-02 7.877822034060955048e-03 2.148029580712318420e-02 9.994529485702514648e-01
5.023659393191337585e-02 -1.907626353204250336e-02 2.603527717292308807e-02 -2.275194041430950165e-02 7.624874822795391083e-03 1.921607740223407745e-02 9.995273351669311523e-01
4.220487922430038452e-02 -1.930954493582248688e-02 2.276432700455188751e-02 -2.110787294805049896e-02 7.192065473645925522e-03 1.709648221731185913e-02 9.996051192283630371e-01
3.467859327793121338e-02 -1.767601631581783295e-02 1.977085880935192108e-02 -1.930216513574123383e-02 7.047042716294527054e-03 1.473546214401721954e-02 9.996802806854248047e-01
2.702017314732074738e-02 -1.588748395442962646e-02 1.687656529247760773e-02 -1.743029803037643433e-02 7.021207362413406372e-03 1.249318011105060577e-02 9.997453689575195312e-01
1.996719464659690857e-02 -1.319865882396697998e-02 1.372822187840938568e-02 -1.528172753751277924e-02 6.812313571572303772e-03 9.433446452021598816e-03 9.998155236244201660e-01
1.313882600516080856e-02 -1.003080606460571289e-02 1.051977463066577911e-02 -1.276914495974779129e-02 6.901834160089492798e-03 6.991182453930377960e-03 9.998701810836791992e-01
7.386612705886363983e-03 -6.454118061810731888e-03 6.863588467240333557e-03 -9.768310934305191040e-03 -1.322041352977976203e-04 3.474012017250061035e-03 9.999462366104125977e-01
2.556872554123401642e-03 -2.342018997296690941e-03 4.629702772945165634e-03 -6.930579431354999542e-03 -3.522014303598552942e-04 8.213940309360623360e-04 9.999755620956420898e-01
2.629153430461883545e-03 -3.226350760087370872e-03 4.902310203760862350e-03 -4.846077878028154373e-03 2.270108234370127320e-04 -1.660539302974939346e-03 9.999868273735046387e-01
3.642404451966285706e-03 -4.065830260515213013e-03 4.882461857050657272e-03 -2.702420577406883240e-03 4.120060766581445932e-04 -3.405729774385690689e-03 9.999904632568359375e-01
4.075002390891313553e-03 -5.145009141415357590e-03 4.851586651057004929e-03 -1.622686104383319616e-04 6.388301262632012367e-04 -5.274004302918910980e-03 9.999858736991882324e-01
4.547480493783950806e-03 -5.682226270437240601e-03 5.403392482548952103e-03 5.857338546775281429e-04 1.074561499990522861e-03 -6.460789591073989868e-03 9.999783635139465332e-01
4.712836816906929016e-03 -7.169010117650032043e-03 5.029652733355760574e-03 2.608259906992316246e-03 1.069042365998029709e-03 -7.441655732691287994e-03 9.999683499336242676e-01
6.054923869669437408e-03 -6.690678186714649200e-03 6.014179904013872147e-03 3.395022358745336533e-03 1.508645131252706051e-03 -8.304772898554801941e-03 9.999586343765258789e-01
5.692332051694393158e-03 -7.822288200259208679e-03 6.673992145806550980e-03 4.439065232872962952e-03 1.109217642806470394e-03 -9.014649316668510437e-03 9.999489188194274902e-01
6.198552437126636505e-03 -8.540547452867031097e-03 7.038211915642023087e-03 5.216949153691530228e-03 1.264812890440225601e-03 -9.315857663750648499e-03 9.999421834945678711e-01
7.566594053059816360e-03 -8.567270822823047638e-03 7.467655930668115616e-03 5.754958838224411011e-03 1.262822304852306843e-03 -8.944344706833362579e-03 9.999426603317260742e-01
8.491118438541889191e-03 -9.426505304872989655e-03 7.347127888351678848e-03 7.036758121103048325e-03 1.002916018478572369e-03 -8.520406670868396759e-03 9.999384284019470215e-01
1.026804745197296143e-02 -8.436763659119606018e-03 8.421356789767742157e-03 7.141519337892532349e-03 9.767318842932581902e-04 -7.678024936467409134e-03 9.999445676803588867e-01
1.101362984627485275e-02 -9.427986107766628265e-03 8.670518174767494202e-03 7.467503193765878677e-03 6.593072903342545033e-04 -6.576844491064548492e-03 9.999502897262573242e-01
1.198986917734146118e-02 -9.956880472600460052e-03 9.220591746270656586e-03 7.464704103767871857e-03 5.165333277545869350e-04 -5.255110096186399460e-03 9.999582171440124512e-01
1.380035001784563065e-02 -9.362562559545040131e-03 9.910978376865386963e-03 7.038617972284555435e-03 3.284762788098305464e-04 -3.394558094441890717e-03 9.999694228172302246e-01
1.503714825958013535e-02 -9.764146991074085236e-03 1.051005348563194275e-02 6.630636751651763916e-03 2.837614147210842930e-06 -1.377822482027113438e-03 9.999770522117614746e-01
1.630573160946369171e-02 -9.981249459087848663e-03 1.137511339038610458e-02 5.996299441903829575e-03 -9.846352622844278812e-05 6.856959080323576927e-04 9.999817609786987305e-01
1.763791590929031372e-02 -1.039317436516284943e-02 1.213677227497100830e-02 5.190488882362842560e-03 -2.316255267942324281e-04 3.765804460272192955e-03 9.999794363975524902e-01
1.895525678992271423e-02 -1.065064314752817154e-02 1.318860333412885666e-02 3.711219877004623413e-03 -2.002501714741811156e-04 6.321630440652370453e-03 9.999731183052062988e-01
1.974901929497718811e-02 -1.159046404063701630e-02 1.448947470635175705e-02 2.677435055375099182e-03 -7.688697893172502518e-03 9.026781655848026276e-03 9.999260902404785156e-01
2.082687430083751678e-02 -1.237659621983766556e-02 1.565782725811004639e-02 1.284235506318509579e-03 -8.737121708691120148e-03 1.179315708577632904e-02 9.998914599418640137e-01
2.273875661194324493e-02 -1.284774299710988998e-02 1.576740108430385590e-02 -1.293490640819072723e-04 -9.503720328211784363e-03 1.407950092107057571e-02 9.998556971549987793e-01
2.434957958757877350e-02 -1.336347125470638275e-02 1.620417833328247070e-02 -8.352732402272522449e-04 -9.846160188317298889e-03 1.671273447573184967e-02 9.998115301132202148e-01
2.529526501893997192e-02 -1.442693267017602921e-02 1.676534302532672882e-02 -1.751944888383150101e-03 -1.001803111284971237e-02 1.882591471076011658e-02 9.997710585594177246e-01
2.570404671132564545e-02 -1.753348670899868011e-02 1.664974540472030640e-02 -2.339830622076988220e-03 -1.047071907669305801e-02 2.037888206541538239e-02 9.997347593307495117e-01
2.060693316161632538e-02 -1.508132088929414749e-02 1.435003429651260376e-02 -2.933645620942115784e-03 -1.071849651634693146e-02 2.173752710223197937e-02 9.997019767761230469e-01
1.610804907977581024e-02 -1.113914791494607925e-02 1.209396123886108398e-02 -4.257912281900644302e-03 -1.035054214298725128e-02 2.272111363708972931e-02 9.996792078018188477e-01
1.224712561815977097e-02 -8.846951648592948914e-03 8.056801743805408478e-03 -4.221670329570770264e-03 -1.015951763838529587e-02 2.341257408261299133e-02 9.996653795242309570e-01
7.101159542798995972e-03 -4.678750410676002502e-03 8.644246496260166168e-03 -4.799337591975927353e-03 -8.997160010039806366e-03 2.383864857256412506e-02 9.996638298034667969e-01
5.860473494976758957e-03 7.524996181018650532e-04 7.614400703459978104e-03 -4.440978635102510452e-03 -9.111514315009117126e-03 2.271336317062377930e-02 9.996906518936157227e-01
5.461849737912416458e-03 -1.698869164101779461e-03 8.058931678533554077e-03 -4.100578371435403824e-03 -8.967835456132888794e-03 2.351161092519760132e-02 9.996749162673950195e-01
6.140160374343395233e-03 -3.976710140705108643e-04 8.214601315557956696e-03 -4.090419970452785492e-03 -7.546584587544202805e-03 2.272072806954383850e-02 9.997050166130065918e-01
7.262460421770811081e-03 1.426556962542235851e-03 7.862172089517116547e-03 -3.330745501443743706e-03 -6.908322218805551529e-03 2.149830944836139679e-02 9.997394680976867676e-01
7.965140044689178467e-03 2.488891768734902143e-04 8.225957863032817841e-03 -3.384705167263746262e-03 -5.713020451366901398e-03 2.037519402801990509e-02 9.997703433036804199e-01
8.339061401784420013e-03 2.731214743107557297e-03 8.562016300857067108e-03 -2.644158434122800827e-03 -4.821603186428546906e-03 1.850535161793231964e-02 9.998136162757873535e-01
1.014672406017780304e-02 3.194669960066676140e-03 7.730478420853614807e-03 -2.143784891813993454e-03 -3.689009929075837135e-03 1.705953292548656464e-02 9.998453855514526367e-01
9.756299667060375214e-03 4.425770137459039688e-03 9.375034831464290619e-03 -1.403479371219873428e-03 -1.984508475288748741e-03 1.444093603640794754e-02 9.998927712440490723e-01
1.127200946211814880e-02 6.659762584604322910e-04 7.907972671091556549e-03 -5.066533922217786312e-04 -5.245169741101562977e-04 1.089858077466487885e-02 9.999403357505798340e-01
6.904242560267448425e-03 -9.451521560549736023e-03 7.980133406817913055e-03 1.648211473366245627e-04 1.249479595571756363e-03 8.799405768513679504e-03 9.999604821205139160e-01
1.594148278236389160e-01 -1.800896413624286652e-02 6.919006258249282837e-02 -5.142223834991455078e-02 1.500658132135868073e-02 4.978198185563087463e-02 9.973225593566894531e-01
1.429923176765441895e-01 -2.549435757100582123e-02 6.489206105470657349e-02 -5.003409087657928467e-02 1.750282756984233856e-02 4.649820551276206970e-02 9.975109696388244629e-01
1.264508515596389771e-01 -3.082166984677314758e-02 5.996085703372955322e-02 -4.831330478191375732e-02 1.514458283782005310e-02 4.406844079494476318e-02 9.977446794509887695e-01
1.101112291216850281e-01 -3.374806791543960571e-02 5.446429923176765442e-02 -4.675661027431488037e-02 1.508428435772657394e-02 4.018130153417587280e-02 9.979838132858276367e-01
9.398955106735229492e-02 -3.493566066026687622e-02 4.854331910610198975e-02 -4.358055442571640015e-02 1.528724376112222672e-02 3.634000569581985474e-02 9.982717037200927734e-01
7.772374898195266724e-02 -3.471017628908157349e-02 4.296127706766128540e-02 -4.074871540069580078e-02 1.437159907072782516e-02 3.169944509863853455e-02 9.985630512237548828e-01
6.352919340133666992e-02 -3.042657114565372467e-02 3.631852939724922180e-02 -3.666048124432563782e-02 1.442816946655511856e-02 2.735842019319534302e-02 9.988490343093872070e-01
4.963958635926246643e-02 -2.473015524446964264e-02 3.026701882481575012e-02 -3.183951973915100098e-02 1.434450875967741013e-02 2.139986865222454071e-02 9.991608858108520508e-01
3.551235422492027283e-02 -2.013708651065826416e-02 2.359764650464057922e-02 -2.754278108477592468e-02 1.312006264925003052e-02 1.633845828473567963e-02 9.994009733200073242e-01
2.238178066909313202e-02 -1.449242979288101196e-02 1.665329933166503906e-02 -2.226932346820831299e-02 6.521670147776603699e-03 1.050801854580640793e-02 9.996755123138427734e-01
1.086299773305654526e-02 -8.689812384545803070e-03 9.537786245346069336e-03 -1.690606959164142609e-02 -8.089910261332988739e-05 4.049254581332206726e-03 9.998489022254943848e-01
7.135282270610332489e-03 -5.598911549896001816e-03 8.162823505699634552e-03 -1.138983387500047684e-02 -9.527122892905026674e-05 -1.946977805346250534e-03 9.999332427978515625e-01
7.301261648535728455e-03 -7.104743272066116333e-03 9.223720058798789978e-03 -7.615784648805856705e-03 6.233619060367345810e-04 -5.499205552041530609e-03 9.999557137489318848e-01
8.345184847712516785e-03 -8.956848643720149994e-03 9.472980163991451263e-03 -3.019635565578937531e-03 1.218215096741914749e-03 -9.324129670858383179e-03 9.999512434005737305e-01
9.931041859090328217e-03 -1.028695423156023026e-02 9.595865383744239807e-03 -1.909737911773845553e-04 1.578217721544206142e-03 -1.217372715473175049e-02 9.999246597290039062e-01
1.061360165476799011e-02 -1.237045880407094955e-02 9.771669283509254456e-03 3.200167324393987656e-03 1.921279821544885635e-03 -1.466068532317876816e-02 9.998855590820312500e-01
1.146622840315103531e-02 -1.396165695041418076e-02 1.027432177215814590e-02 5.775872617959976196e-03 2.253302605822682381e-03 -1.625152304768562317e-02 9.998487234115600586e-01
1.229575462639331818e-02 -1.501974370330572128e-02 1.155865658074617386e-02 8.333673700690269470e-03 2.462985692545771599e-03 -1.739102974534034729e-02 9.998109936714172363e-01
1.374238636344671249e-02 -1.587148196995258331e-02 1.249571982771158218e-02 1.017431449145078659e-02 2.517589135095477104e-03 -1.830446347594261169e-02 9.997774958610534668e-01
1.578593812882900238e-02 -1.682354696094989777e-02 1.269364450126886368e-02 1.178639009594917297e-02 2.481716684997081757e-03 -1.828291639685630798e-02 9.997602701187133789e-01
1.645543240010738373e-02 -1.844051852822303772e-02 1.380137540400028229e-02 1.310949400067329407e-02 2.185914199799299240e-03 -1.740855537354946136e-02 9.997601509094238281e-01
1.928709633648395538e-02 -1.815810613334178925e-02 1.488758996129035950e-02 1.399563159793615341e-02 2.143887104466557503e-03 -1.615876145660877228e-02 9.997692108154296875e-01
2.158254012465476990e-02 -1.861004345118999481e-02 1.587079279124736786e-02 1.449859794229269028e-02 1.808444969356060028e-03 -1.420758292078971863e-02 9.997923374176025391e-01
2.370887808501720428e-02 -1.915630884468555450e-02 1.719031482934951782e-02 1.476425118744373322e-02 1.278228359296917915e-03 -1.160419732332229614e-02 9.998228549957275391e-01
2.612239308655261993e-02 -1.936086639761924744e-02 1.868363469839096069e-02 1.434275787323713303e-02 8.409020956605672836e-04 -8.557059802114963531e-03 9.998601675033569336e-01
2.886510640382766724e-02 -1.927512511610984802e-02 2.023126557469367981e-02 1.378037035465240479e-02 3.316272050142288208e-04 -4.841105081140995026e-03 9.998932480812072754e-01
3.109133802354335785e-02 -2.008064649999141693e-02 2.193189039826393127e-02 1.260288059711456299e-02 -1.201500490424223244e-04 -7.020222838036715984e-04 9.999203085899353027e-01
3.374927863478660583e-02 -2.050646767020225525e-02 2.366635203361511230e-02 1.089945249259471893e-02 -4.981181336916051805e-05 4.470887128263711929e-03 9.999306201934814453e-01
3.635016456246376038e-02 -2.105761691927909851e-02 2.565462142229080200e-02 8.963058702647686005e-03 -6.003346061334013939e-04 9.540419094264507294e-03 9.999141097068786621e-01
3.844525292515754700e-02 -2.228268608450889587e-02 2.800086140632629395e-02 6.433728616684675217e-03 -7.852389477193355560e-03 1.503592263907194138e-02 9.998354315757751465e-01
4.165634140372276306e-02 -2.315162494778633118e-02 2.928977645933628082e-02 3.734329249709844589e-03 -1.635114103555679321e-02 2.046625874936580658e-02 9.996498227119445801e-01
4.412877932190895081e-02 -2.502649277448654175e-02 3.080101870000362396e-02 1.431112177670001984e-03 -1.806312240660190582e-02 2.605216391384601593e-02 9.994963407516479492e-01
4.675505310297012329e-02 -2.691994607448577881e-02 3.186965733766555786e-02 -7.391278631985187531e-04 -1.928965188562870026e-02 3.097690455615520477e-02 9.993336796760559082e-01
4.872105643153190613e-02 -2.921538986265659332e-02 3.311382606625556946e-02 -2.456835936754941940e-03 -1.977606117725372314e-02 3.537911549210548401e-02 9.991752505302429199e-01
5.053110048174858093e-02 -3.240387514233589172e-02 3.379589691758155823e-02 -3.990766126662492752e-03 -2.061870321631431580e-02 3.839797154068946838e-02 9.990417957305908203e-01
4.621831327676773071e-02 -3.183761239051818848e-02 3.190085291862487793e-02 -5.462187808007001877e-03 -2.070693485438823700e-02 4.098283126950263977e-02 9.989303350448608398e-01
3.712782263755798340e-02 -2.584545873105525970e-02 2.615137770771980286e-02 -6.584880873560905457e-03 -2.053403854370117188e-02 4.409643262624740601e-02 9.987944960594177246e-01
2.876158989965915680e-02 -1.992537081241607666e-02 1.940395310521125793e-02 -7.349654566496610641e-03 -2.022224664688110352e-02 4.546584188938140869e-02 9.987341761589050293e-01
1.996882446110248566e-02 -1.350898947566747665e-02 1.591841876506805420e-02 -7.975996471941471100e-03 -1.919914595782756805e-02 4.564591869711875916e-02 9.987413287162780762e-01
1.249096728861331940e-02 -4.834890365600585938e-03 1.582468114793300629e-02 -8.569750934839248657e-03 -1.747833564877510071e-02 4.596704244613647461e-02 9.987532496452331543e-01
1.180506870150566101e-02 5.928238388150930405e-04 1.549553032964468002e-02 -8.204842917621135712e-03 -1.762158423662185669e-02 4.695967957377433777e-02 9.987076520919799805e-01
1.261471118777990341e-02 1.794114825315773487e-03 1.558280084282159805e-02 -7.388140074908733368e-03 -1.637802273035049438e-02 4.590000584721565247e-02 9.987844228744506836e-01
1.294826809316873550e-02 3.089192323386669159e-03 1.629468053579330444e-02 -7.703060284256935120e-03 -1.473070122301578522e-02 4.382721334695816040e-02 9.989008307456970215e-01
1.505132019519805908e-02 4.052657634019851685e-03 1.585581339895725250e-02 -7.180719170719385147e-03 -1.259115338325500488e-02 4.157020151615142822e-02 9.990304112434387207e-01
1.621370948851108551e-02 5.368741229176521301e-03 1.642697118222713470e-02 -6.108317989856004715e-03 -1.031350065022706985e-02 3.900636360049247742e-02 9.991670846939086914e-01
1.820109412074089050e-02 6.410851143300533295e-03 1.651361584663391113e-02 -4.973275121301412582e-03 -8.693946525454521179e-03 3.542304039001464844e-02 9.993222355842590332e-01
2.022419124841690063e-02 7.513611111789941788e-03 1.684481278061866760e-02 -3.813315182924270630e-03 -5.160489585250616074e-03 3.154325112700462341e-02 9.994817972183227539e-01
2.257419936358928680e-02 5.052509717643260956e-03 1.548634935170412064e-02 -1.791515387594699860e-03 -2.136911731213331223e-03 2.472625300288200378e-02 9.996903538703918457e-01
2.192649058997631073e-02 -4.574556834995746613e-03 1.636286638677120209e-02 1.013833243632689118e-04 1.336519489996135235e-03 1.832682453095912933e-02 9.998311400413513184e-01
