0.000000000000000000e+00 0.000000000000000000e+00 0.000000000000000000e+00 0.000000000000000000e+00 0.000000000000000000e+00 0.000000000000000000e+00 1.000000000000000000e+00
8.339076489210128784e-02 -1.000588480383157730e-02 3.565971925854682922e-02 -2.565911327229269956e-02 6.675657553630766003e-03 2.564195475286377632e-02 9.993195363139651954e-01
1.591674305833948311e-01 -2.021601091626502866e-02 6.913710179052590110e-02 -5.051147487571990696e-02 1.406267395839525154e-02 5.030071982764865862e-02 9.973568417030284072e-01
2.280379201614726459e-01 -2.691716990623456776e-02 9.962824936527847619e-02 -7.497674450657951239e-02 2.150575021624035604e-02 7.236882062205522714e-02 9.943232594546929093e-01
2.893937917179085773e-01 -3.371958277737383686e-02 1.273866489285039039e-01 -9.848210849686962753e-02 2.903350468444016938e-02 9.363111939097309988e-02 9.902987142238157681e-01
3.432508351523188561e-01 -3.918225870285836632e-02 1.525865115881201162e-01 -1.208504025988402369e-01 3.612369061221029631e-02 1.123973073469810430e-01 9.856252353046769388e-01
3.897511645224077115e-01 -4.367003847383783138e-02 1.747202843860665711e-01 -1.415394330254342581e-01 4.261322807151324971e-02 1.290176954453071123e-01 9.805636827632082664e-01
4.288629068945389866e-01 -4.660742634583402155e-02 1.938925779896913393e-01 -1.604786297376301907e-01 4.884699947733369546e-02 1.429890846165805807e-01 9.754048911708953495e-01
4.603669268922677138e-01 -4.880224183766460055e-02 2.103242480171036433e-01 -1.776153019898141505e-01 5.507232891588872969e-02 1.544747680528420763e-01 9.703388012039237953e-01
4.845484429703144635e-01 -5.026195323788872765e-02 2.235333742860237394e-01 -1.928370224114795140e-01 6.096762063186513675e-02 1.627025100878522756e-01 9.657249739097958363e-01
5.012985232450114514e-01 -5.162988302890861997e-02 2.336068607215760484e-01 -2.058287690161658690e-01 6.680819282340479115e-02 1.684663168853932080e-01 9.616601703783052013e-01
5.114915087408165029e-01 -5.271933546877963922e-02 2.397909264220937087e-01 -2.149637799569016072e-01 6.558501024378415867e-02 1.720880432128374105e-01 9.591010818058438581e-01
5.161604410694489165e-01 -5.206870276906011563e-02 2.431427242035053005e-01 -2.213047885222250710e-01 6.418102540582037996e-02 1.730937696697043560e-01 9.575716858055703939e-01
5.211522865478639410e-01 -5.213414192255415996e-02 2.471963192165639867e-01 -2.260823251969387992e-01 6.319337982796191522e-02 1.713888951561018115e-01 9.568276885608166804e-01
5.270965820217291542e-01 -5.239232010183063337e-02 2.514665906071417711e-01 -2.289247184656331424e-01 6.241732915203742488e-02 1.679582338542813802e-01 9.568111527242495473e-01
5.338077492526982493e-01 -5.347868209450726967e-02 2.559826410658098683e-01 -2.294642228479605306e-01 6.202015945114332240e-02 1.628623792047444729e-01 9.575883853170975568e-01
5.410950531497118465e-01 -5.470843152667145826e-02 2.612311514391030265e-01 -2.294769482656876802e-01 6.176530458021568804e-02 1.563701688355920716e-01 9.586833406621335651e-01
5.490307367179080300e-01 -5.725134615535515392e-02 2.666589921042881728e-01 -2.275224472941383691e-01 6.151179138248106387e-02 1.487998034671238756e-01 9.603689155664866250e-01
5.579126358023985821e-01 -5.891839229992908850e-02 2.726531936564945968e-01 -2.250012547923863349e-01 6.176922412974501786e-02 1.403529575279060249e-01 9.622162156217441975e-01
5.666279065995282194e-01 -6.175458395923442284e-02 2.800107126307986305e-01 -2.214735289240688798e-01 6.152943044880540557e-02 1.312559539552679566e-01 9.643316233152668948e-01
5.758796047759121572e-01 -6.542633423055670139e-02 2.878735206764380661e-01 -2.171723353620848007e-01 6.133319342077116904e-02 1.216407257358231436e-01 9.665805450042177505e-01
5.864579077378160310e-01 -6.878462846243732498e-02 2.958257998538961764e-01 -2.123293936755116518e-01 6.134751005612809616e-02 1.123754458858737815e-01 9.687747265248272122e-01
5.982242872356651198e-01 -7.320460434374712055e-02 3.033726196068173286e-01 -2.060547487525091481e-01 6.125258054556644710e-02 1.034360347986379991e-01 9.711284923212705200e-01
6.112409613381497575e-01 -7.616012142513163552e-02 3.117010142374306847e-01 -1.997075547595248413e-01 6.142093454122191792e-02 9.532159571015251520e-02 9.732718812147634901e-01
6.250749457500776041e-01 -8.061377369314239039e-02 3.203120961614130957e-01 -1.927516779379079281e-01 6.146922638492189478e-02 8.822043415607160044e-02 9.753386488072101068e-01
6.397249649353703438e-01 -8.549488811996773518e-02 3.297708178809346524e-01 -1.857766451670503083e-01 6.171177230813629233e-02 8.243153678506515147e-02 9.771815271546617776e-01
6.562876138549483818e-01 -8.941954317288608456e-02 3.390772918076929709e-01 -1.791374592703426361e-01 6.205813151182338477e-02 7.867070977859338954e-02 9.787080659841114194e-01
6.741038606502078867e-01 -9.398299705900310663e-02 3.487557161428956332e-01 -1.726739280266764154e-01 6.233499039932641206e-02 7.692873423576880587e-02 9.799898129065609531e-01
6.934071871901535955e-01 -9.825203660473320888e-02 3.589563167119242948e-01 -1.666911927947912764e-01 6.286269203842706488e-02 7.715427250955385341e-02 9.809737745871971448e-01
7.141011838628738007e-01 -1.026056686976270227e-01 3.698750997854442502e-01 -1.612260362101554101e-01 6.374168462815629765e-02 8.047410182215222751e-02 9.815635903112157612e-01
7.362164546499707640e-01 -1.065143785859285208e-01 3.818046457794488369e-01 -1.571677123852498192e-01 6.492468541280378702e-02 8.636335249710187789e-02 9.816437575582586117e-01
7.593918614925130317e-01 -1.110794389299829682e-01 3.950850201689573016e-01 -1.532650138880904678e-01 5.893043305165203416e-02 9.618142805986630572e-02 9.817261188715480369e-01
7.837309109760741688e-01 -1.153945329325021529e-01 4.099543506048950459e-01 -1.504267145685228013e-01 5.232518023287136694e-02 1.088273322251825104e-01 9.812188801783562342e-01
8.101737069025967131e-01 -1.194315914828683323e-01 4.246242890027084327e-01 -1.487556399513269012e-01 4.507196614558704045e-02 1.239003392025768147e-01 9.800453986402510864e-01
8.385008336427536291e-01 -1.224386155504285922e-01 4.395437875235362335e-01 -1.475288118692096861e-01 3.793740332055623582e-02 1.418703696753919052e-01 9.780944746321391658e-01
8.679785403885981188e-01 -1.251864517271680799e-01 4.554364842476431585e-01 -1.471856136360011058e-01 3.096614051232237860e-02 1.618578515398582107e-01 9.752843324770813505e-01
8.987974723772376162e-01 -1.295969552390810464e-01 4.720520188671651352e-01 -1.469762131017620932e-01 2.351610726650902108e-02 1.833542045545296095e-01 9.717130343642979007e-01
9.242784107639093749e-01 -1.326593144633653187e-01 4.861714782622734710e-01 -1.471656072519961778e-01 1.569180580617532753e-02 2.062633921632455181e-01 9.672390936712615961e-01
9.442111081403153916e-01 -1.336341329575854442e-01 4.976410503165426547e-01 -1.487069943069442846e-01 8.110395481429909237e-03 2.299611025668499564e-01 9.617371484119597858e-01
9.596585089084117559e-01 -1.340008563379709028e-01 5.050177742274956083e-01 -1.502575029189425204e-01 9.861738568973940980e-04 2.539048835460021025e-01 9.554862743070563491e-01
9.694736108837678223e-01 -1.325174327687478060e-01 5.119822129855288173e-01 -1.527910699388342342e-01 -5.308001778375716004e-03 2.782390047226716567e-01 9.482667189746796232e-01
9.750275706219991845e-01 -1.263192313178430337e-01 5.168429038063484526e-01 -1.545138581968967806e-01 -1.164110306761967362e-02 3.005486031642069511e-01 9.410953668361790037e-01
9.817381310116319870e-01 -1.233745508741180552e-01 5.234732557757629801e-01 -1.559263133366045606e-01 -1.736139041940400196e-02 3.243916465171897690e-01 9.328213261937287060e-01
9.873625179501575033e-01 -1.177430152542438407e-01 5.299533394358924010e-01 -1.576245263798944085e-01 -2.167263288960047038e-02 3.467270007387465713e-01 9.243728645010409473e-01
9.926467047168484603e-01 -1.099880052991002999e-01 5.352946247066743268e-01 -1.585265081145354471e-01 -2.570949366076564699e-02 3.672108958346550489e-01 9.161683939871694271e-01
9.989915472473899216e-01 -1.027399801338743091e-01 5.414898562560863660e-01 -1.598917634091585049e-01 -2.893445109230487894e-02 3.866931698912420834e-01 9.077807080420687846e-01
1.003491093700601633e+00 -9.285159773088184909e-02 5.471715476180347704e-01 -1.606629466187065869e-01 -3.136817940031086382e-02 4.037777408872025298e-01 9.000927679239133505e-01
1.008404242919052951e+00 -8.148932112144068041e-02 5.516079701146464620e-01 -1.613695046982644155e-01 -3.283932265631021169e-02 4.192581972361255072e-01 8.928068245097736666e-01
1.013668900689210783e+00 -6.887028753189115837e-02 5.555712315112851796e-01 -1.620275940410048077e-01 -3.312318482977140432e-02 4.322306288327550372e-01 8.864686102140657553e-01
1.021834960888993837e+00 -5.991835300008306608e-02 5.621451252034023183e-01 -1.628748050325393437e-01 -3.189457766462428651e-02 4.418769443499614979e-01 8.815890765278053820e-01
1.033034618835927176e+00 -5.826259184400545826e-02 5.706603177523978943e-01 -1.637545057774733304e-01 -2.927662516397889353e-02 4.492507524928578966e-01 8.777819219152238617e-01
