0.000000000000000000e+00 0.000000000000000000e+00 0.000000000000000000e+00 1.073549886140834353e-14 9.018868009184888290e-16 6.745492565126548490e-15 1.000000119209289551e+00
8.344399929046630859e-02 -1.938514411449432373e-02 3.177294507622718811e-02 -2.543387375771999359e-02 1.159120351076126099e-02 2.887102775275707245e-02 9.991922974586486816e-01
1.590338349342346191e-01 -3.821591660380363464e-02 6.274207681417465210e-02 -5.129207298159599304e-02 2.551648020744323730e-02 5.760361999273300171e-02 9.966945052146911621e-01
2.286236137151718140e-01 -5.302606895565986633e-02 9.005776792764663696e-02 -7.632078230381011963e-02 3.875196352601051331e-02 8.470848202705383301e-02 9.927223920822143555e-01
2.912634611129760742e-01 -6.418215483427047729e-02 1.154844388365745544e-01 -1.022006049752235413e-01 5.278760567307472229e-02 1.135154217481613159e-01 9.868549704551696777e-01
3.474634587764739990e-01 -7.061221450567245483e-02 1.377107203006744385e-01 -1.263134032487869263e-01 6.582093238830566406e-02 1.390870660543441772e-01 9.799833297729492188e-01
3.967866003513336182e-01 -7.383362948894500732e-02 1.567458510398864746e-01 -1.485208868980407715e-01 7.796793431043624878e-02 1.618435978889465332e-01 9.724553227424621582e-01
4.391190111637115479e-01 -7.441230863332748413e-02 1.723877489566802979e-01 -1.684151440858840942e-01 8.903064578771591187e-02 1.809468120336532593e-01 9.648668766021728516e-01
4.741583764553070068e-01 -7.309745252132415771e-02 1.849971562623977661e-01 -1.861015856266021729e-01 9.973630309104919434e-02 1.967842131853103638e-01 9.574418067932128906e-01
5.019621253013610840e-01 -7.086636126041412354e-02 1.941962838172912598e-01 -2.008801102638244629e-01 1.085329279303550720e-01 2.077331542968750000e-01 9.511649012565612793e-01
5.222240090370178223e-01 -6.879465281963348389e-02 2.009413391351699829e-01 -2.135512828826904297e-01 1.161770001053810120e-01 2.159288376569747925e-01 9.456603527069091797e-01
5.349168777465820312e-01 -6.682277470827102661e-02 2.049254924058914185e-01 -2.225337624549865723e-01 1.160919666290283203e-01 2.199864983558654785e-01 9.426596760749816895e-01
5.403478145599365234e-01 -6.588546931743621826e-02 2.061971127986907959e-01 -2.288353443145751953e-01 1.153006255626678467e-01 2.210059911012649536e-01 9.410083293914794922e-01
5.462810993194580078e-01 -6.486974656581878662e-02 2.079585939645767212e-01 -2.333169728517532349e-01 1.143644824624061584e-01 2.189458906650543213e-01 9.405034184455871582e-01
5.530000925064086914e-01 -6.400284171104431152e-02 2.097925543785095215e-01 -2.362861782312393188e-01 1.135781928896903992e-01 2.153274863958358765e-01 9.406927227973937988e-01
5.605656504631042480e-01 -6.319257616996765137e-02 2.118238061666488647e-01 -2.382558882236480713e-01 1.130368560552597046e-01 2.099310606718063354e-01 9.414806962013244629e-01
5.690752863883972168e-01 -6.287052482366561890e-02 2.141670137643814087e-01 -2.390354424715042114e-01 1.127345338463783264e-01 2.038940936326980591e-01 9.426453113555908203e-01
5.786160230636596680e-01 -6.295330822467803955e-02 2.166031450033187866e-01 -2.385707050561904907e-01 1.127571687102317810e-01 1.969401836395263672e-01 9.442374706268310547e-01
5.891390442848205566e-01 -6.327291578054428101e-02 2.195688486099243164e-01 -2.374146282672882080e-01 1.130894869565963745e-01 1.895835697650909424e-01 9.459932446479797363e-01
6.007003188133239746e-01 -6.384357064962387085e-02 2.230766415596008301e-01 -2.355484962463378906e-01 1.133704036474227905e-01 1.815729588270187378e-01 9.479954242706298828e-01
6.135017871856689453e-01 -6.494517624378204346e-02 2.265790253877639771e-01 -2.331111878156661987e-01 1.135882362723350525e-01 1.734551340341567993e-01 9.500896930694580078e-01
6.275639533996582031e-01 -6.608116626739501953e-02 2.303840368986129761e-01 -2.299771457910537720e-01 1.141023486852645874e-01 1.654812544584274292e-01 9.522117376327514648e-01
6.429886221885681152e-01 -6.738983094692230225e-02 2.343610823154449463e-01 -2.257545143365859985e-01 1.147357001900672913e-01 1.582412570714950562e-01 9.543743133544921875e-01
6.598902940750122070e-01 -6.813408434391021729e-02 2.386276125907897949e-01 -2.213705778121948242e-01 1.156970262527465820e-01 1.516272276639938354e-01 9.563569426536560059e-01
6.782909035682678223e-01 -6.978709995746612549e-02 2.429561913013458252e-01 -2.162294685840606689e-01 1.166017502546310425e-01 1.461791545152664185e-01 9.582696557044982910e-01
6.982182860374450684e-01 -7.136715948581695557e-02 2.479321211576461792e-01 -2.110243290662765503e-01 1.175426542758941650e-01 1.418649852275848389e-01 9.599618315696716309e-01
7.199599742889404297e-01 -7.232343405485153198e-02 2.528256773948669434e-01 -2.059020698070526123e-01 1.185521483421325684e-01 1.389885544776916504e-01 9.613699316978454590e-01
7.435125708580017090e-01 -7.341083884239196777e-02 2.578193545341491699e-01 -2.007043957710266113e-01 1.195206716656684875e-01 1.376408487558364868e-01 9.625423550605773926e-01
7.689492106437683105e-01 -7.388918846845626831e-02 2.630839347839355469e-01 -1.959081590175628662e-01 1.210217177867889404e-01 1.381148248910903931e-01 9.632746577262878418e-01
7.964104413986206055e-01 -7.398129254579544067e-02 2.682244777679443359e-01 -1.915895640850067139e-01 1.228017956018447876e-01 1.416246891021728516e-01 9.634082913398742676e-01
8.257858753204345703e-01 -7.324889302253723145e-02 2.741994857788085938e-01 -1.886493563652038574e-01 1.250894218683242798e-01 1.482257694005966187e-01 9.627010226249694824e-01
8.572652935981750488e-01 -7.080817967653274536e-02 2.794704437255859375e-01 -1.859699040651321411e-01 1.210813224315643311e-01 1.584761887788772583e-01 9.621018171310424805e-01
8.906555175781250000e-01 -6.770247220993041992e-02 2.854234874248504639e-01 -1.843592673540115356e-01 1.172577589750289917e-01 1.724797487258911133e-01 9.604753851890563965e-01
9.258842468261718750e-01 -6.332781910896301270e-02 2.916049063205718994e-01 -1.841955780982971191e-01 1.132454276084899902e-01 1.896757781505584717e-01 9.577425122261047363e-01
9.629631042480468750e-01 -5.757746100425720215e-02 2.969743907451629639e-01 -1.841574609279632568e-01 1.089147627353668213e-01 2.105271965265274048e-01 9.538878202438354492e-01
1.001659154891967773e+00 -5.076073855161666870e-02 3.023585081100463867e-01 -1.843244880437850952e-01 1.049126684665679932e-01 2.345761507749557495e-01 9.486790299415588379e-01
1.041828513145446777e+00 -4.279458150267601013e-02 3.080342411994934082e-01 -1.847289651632308960e-01 1.008562669157981873e-01 2.601678371429443359e-01 9.423460364341735840e-01
1.075390696525573730e+00 -3.366128727793693542e-02 3.116569817066192627e-01 -1.854123473167419434e-01 9.628828614950180054e-02 2.869701385498046875e-01 9.348790645599365234e-01
1.102256417274475098e+00 -2.468133158981800079e-02 3.148159086704254150e-01 -1.867424696683883667e-01 9.272257983684539795e-02 3.149304687976837158e-01 9.259312748908996582e-01
1.122290134429931641e+00 -1.533411443233489990e-02 3.148761391639709473e-01 -1.871991455554962158e-01 8.868070691823959351e-02 3.415223658084869385e-01 9.167632460594177246e-01
1.134132146835327148e+00 -5.264686420559883118e-03 3.145919442176818848e-01 -1.880538016557693481e-01 8.566709607839584351e-02 3.666128218173980713e-01 9.071339964866638184e-01
1.139536142349243164e+00 2.106501720845699310e-03 3.146852850914001465e-01 -1.897135823965072632e-01 8.379314094781875610e-02 3.939791619777679443e-01 8.954150080680847168e-01
1.144536256790161133e+00 9.020996280014514923e-03 3.144957721233367920e-01 -1.903164535760879517e-01 8.186942338943481445e-02 4.209377765655517578e-01 8.831129670143127441e-01
1.148467063903808594e+00 1.578716002404689789e-02 3.143287003040313721e-01 -1.914407163858413696e-01 8.081399649381637573e-02 4.467801749706268311e-01 8.701765537261962891e-01
1.151625037193298340e+00 2.211190387606620789e-02 3.142918646335601807e-01 -1.924411356449127197e-01 7.985124737024307251e-02 4.707600474357604980e-01 8.573070168495178223e-01
1.154461264610290527e+00 2.771531790494918823e-02 3.140396475791931152e-01 -1.935749650001525879e-01 7.927281409502029419e-02 4.936270713806152344e-01 8.441427946090698242e-01
1.156054735183715820e+00 3.288682550191879272e-02 3.137677609920501709e-01 -1.942786276340484619e-01 7.899868488311767578e-02 5.135661363601684570e-01 8.320245146751403809e-01
1.157579064369201660e+00 3.716965764760971069e-02 3.134901523590087891e-01 -1.952840834856033325e-01 7.979785650968551636e-02 5.314059853553771973e-01 8.204293251037597656e-01
1.158213734626770020e+00 4.068754985928535461e-02 3.131933510303497314e-01 -1.962923854589462280e-01 8.143500238656997681e-02 5.466090440750122070e-01 8.099730014801025391e-01
1.161349058151245117e+00 4.554446041584014893e-02 3.135010302066802979e-01 -1.973861157894134521e-01 8.398447185754776001e-02 5.575172901153564453e-01 8.019724488258361816e-01
1.167946219444274902e+00 5.142691731452941895e-02 3.139416277408599854e-01 -1.992253214120864868e-01 8.756827563047409058e-02 5.652185082435607910e-01 7.957193255424499512e-01
1.253183126449584961e+00 2.042346298694610596e-01 3.215591907501220703e-01 -2.480116039514541626e-01 8.912558853626251221e-02 6.077293157577514648e-01 7.491408586502075195e-01
1.320787668228149414e+00 3.492709100246429443e-01 3.230196833610534668e-01 -2.972365319728851318e-01 9.241701662540435791e-02 6.453204154968261719e-01 6.976181864738464355e-01
1.369774460792541504e+00 4.853165745735168457e-01 3.173514008522033691e-01 -3.441901803016662598e-01 9.508500993251800537e-02 6.792896389961242676e-01 6.411377191543579102e-01
1.400100350379943848e+00 6.103829741477966309e-01 3.052408993244171143e-01 -3.889514505863189697e-01 9.703560918569564819e-02 7.078393101692199707e-01 5.816050767898559570e-01
1.415221571922302246e+00 7.216193675994873047e-01 2.871211767196655273e-01 -4.287554919719696045e-01 9.811728447675704956e-02 7.292140126228332520e-01 5.242030620574951172e-01
1.419479250907897949e+00 8.170958757400512695e-01 2.650852203369140625e-01 -4.636970162391662598e-01 9.804415702819824219e-02 7.441033124923706055e-01 4.708320498466491699e-01
1.416166901588439941e+00 8.959565758705139160e-01 2.415153980255126953e-01 -4.945127367973327637e-01 9.771750122308731079e-02 7.531849741935729980e-01 4.226357340812683105e-01
1.408949613571166992e+00 9.579975605010986328e-01 2.183386236429214478e-01 -5.209757685661315918e-01 9.665708243846893311e-02 7.569561600685119629e-01 3.824384510517120361e-01
1.401082158088684082e+00 1.004015564918518066e+00 1.982631534337997437e-01 -5.430528521537780762e-01 9.426665306091308594e-02 7.573131322860717773e-01 3.502631187438964844e-01
1.394221782684326172e+00 1.034764289855957031e+00 1.832476407289505005e-01 -5.570656061172485352e-01 8.799345046281814575e-02 7.579986453056335449e-01 3.276785314083099365e-01
1.389835476875305176e+00 1.050979971885681152e+00 1.741947084665298462e-01 -5.634370446205139160e-01 7.838579267263412476e-02 7.595496177673339844e-01 3.154025971889495850e-01
1.386993288993835449e+00 1.060947060585021973e+00 1.683021634817123413e-01 -5.679360628128051758e-01 6.936507672071456909e-02 7.589607834815979004e-01 3.108308017253875732e-01
1.383971929550170898e+00 1.072258830070495605e+00 1.620238423347473145e-01 -5.715579986572265625e-01 6.081972643733024597e-02 7.566034793853759766e-01 3.117268383502960205e-01
1.381079912185668945e+00 1.085084915161132812e+00 1.550332754850387573e-01 -5.746771693229675293e-01 5.316413938999176025e-02 7.526926994323730469e-01 3.168177902698516846e-01
1.378568410873413086e+00 1.099815487861633301e+00 1.475755721330642700e-01 -5.772241950035095215e-01 4.639022797346115112e-02 7.477586269378662109e-01 3.248342573642730713e-01
1.376868844032287598e+00 1.116620898246765137e+00 1.396128684282302856e-01 -5.791627764701843262e-01 4.120184481143951416e-02 7.418440580368041992e-01 3.354706168174743652e-01
1.375745415687561035e+00 1.135617852210998535e+00 1.312593519687652588e-01 -5.806038975715637207e-01 3.706048801541328430e-02 7.351890206336975098e-01 3.478833436965942383e-01
1.374925255775451660e+00 1.157015800476074219e+00 1.227839440107345581e-01 -5.814771056175231934e-01 3.381839022040367126e-02 7.278934121131896973e-01 3.618175089359283447e-01
1.375017762184143066e+00 1.180805325508117676e+00 1.138586029410362244e-01 -5.816194415092468262e-01 3.111616149544715881e-02 7.202550768852233887e-01 3.768065869808197021e-01
1.376080036163330078e+00 1.206972956657409668e+00 1.041560545563697815e-01 -5.810967683792114258e-01 2.929693646728992462e-02 7.123650312423706055e-01 3.924339711666107178e-01
1.377758502960205078e+00 1.235656499862670898e+00 9.364690631628036499e-02 -5.795294046401977539e-01 2.938127517700195312e-02 7.047798633575439453e-01 4.081273078918457031e-01
1.379690527915954590e+00 1.266903162002563477e+00 8.193726837635040283e-02 -5.773658752441406250e-01 3.101671487092971802e-02 6.976072192192077637e-01 4.231204390525817871e-01
1.382616758346557617e+00 1.300888538360595703e+00 6.918598711490631104e-02 -5.744709968566894531e-01 3.410273790359497070e-02 6.911759376525878906e-01 4.371452629566192627e-01
1.386876821517944336e+00 1.337894082069396973e+00 5.583287030458450317e-02 -5.707746148109436035e-01 3.855904191732406616e-02 6.859914064407348633e-01 4.496059715747833252e-01
1.391225576400756836e+00 1.377882719039916992e+00 4.091548919677734375e-02 -5.667401552200317383e-01 4.394081979990005493e-02 6.820589900016784668e-01 4.600765407085418701e-01
1.396134257316589355e+00 1.420776844024658203e+00 2.390673756599426270e-02 -5.623391270637512207e-01 5.061830207705497742e-02 6.796952486038208008e-01 4.682167172431945801e-01
1.401418447494506836e+00 1.466816544532775879e+00 4.927188623696565628e-03 -5.580226778984069824e-01 5.853945761919021606e-02 6.788637638092041016e-01 4.736326336860656738e-01
1.406531095504760742e+00 1.515963912010192871e+00 -1.664360798895359039e-02 -5.541414618492126465e-01 6.811863929033279419e-02 6.803681254386901855e-01 4.747488200664520264e-01
1.410979747772216797e+00 1.568442106246948242e+00 -4.073460400104522705e-02 -5.510783791542053223e-01 7.926719635725021362e-02 6.847725510597229004e-01 4.702297151088714600e-01
1.413238048553466797e+00 1.623749732971191406e+00 -6.861550360918045044e-02 -5.444114804267883301e-01 8.782936632633209229e-02 6.954922080039978027e-01 4.606438875198364258e-01
1.412819147109985352e+00 1.681920886039733887e+00 -9.992262721061706543e-02 -5.338650941848754883e-01 9.386330097913742065e-02 7.123591899871826172e-01 4.457826018333435059e-01
1.408919572830200195e+00 1.743051052093505859e+00 -1.339820027351379395e-01 -5.233726501464843750e-01 1.009970977902412415e-01 7.327619194984436035e-01 4.230139851570129395e-01
1.400869011878967285e+00 1.805868864059448242e+00 -1.721131503582000732e-01 -5.116224884986877441e-01 1.084410175681114197e-01 7.556058764457702637e-01 3.943892717361450195e-01
1.388013005256652832e+00 1.869640111923217773e+00 -2.143473029136657715e-01 -4.982999861240386963e-01 1.181073412299156189e-01 7.805824279785156250e-01 3.583836853504180908e-01
1.369556784629821777e+00 1.934177875518798828e+00 -2.596665620803833008e-01 -4.833733737468719482e-01 1.287906616926193237e-01 8.055675625801086426e-01 3.175280094146728516e-01
1.346050858497619629e+00 1.991470217704772949e+00 -3.042009770870208740e-01 -4.666411876678466797e-01 1.392478793859481812e-01 8.298084735870361328e-01 2.725324332714080811e-01
1.320271492004394531e+00 2.035084962844848633e+00 -3.423901796340942383e-01 -4.489513337612152100e-01 1.494396179914474487e-01 8.521771430969238281e-01 2.233937531709671021e-01
1.294570803642272949e+00 2.064522981643676758e+00 -3.743268847465515137e-01 -4.300018250942230225e-01 1.599859148263931274e-01 8.715337514877319336e-01 1.730085015296936035e-01
1.270064830780029297e+00 2.079324483871459961e+00 -3.984298110008239746e-01 -4.108582735061645508e-01 1.693860739469528198e-01 8.870789408683776855e-01 1.248793229460716248e-01
1.249922275543212891e+00 2.083541870117187500e+00 -4.117371439933776855e-01 -3.925466239452362061e-01 1.787323504686355591e-01 8.992313146591186523e-01 7.311037182807922363e-02
1.234074831008911133e+00 2.083571672439575195e+00 -4.195732772350311279e-01 -3.730402290821075439e-01 1.888603568077087402e-01 9.082022905349731445e-01 1.847560703754425049e-02
1.219159722328186035e+00 2.082014083862304688e+00 -4.260696172714233398e-01 -3.528738915920257568e-01 1.986133456230163574e-01 9.136593937873840332e-01 -3.548678010702133179e-02
1.205324769020080566e+00 2.078951120376586914e+00 -4.306527674198150635e-01 -3.336841166019439697e-01 2.068839073181152344e-01 9.155126810073852539e-01 -8.769546449184417725e-02
1.192978978157043457e+00 2.075310945510864258e+00 -4.341637194156646729e-01 -3.147057294845581055e-01 2.139658927917480469e-01 9.144968390464782715e-01 -1.373845338821411133e-01
1.182450413703918457e+00 2.070782184600830078e+00 -4.364365637302398682e-01 -2.970418632030487061e-01 2.203842848539352417e-01 9.107744693756103516e-01 -1.835395395755767822e-01
1.173768877983093262e+00 2.066076755523681641e+00 -4.376339614391326904e-01 -2.817408442497253418e-01 2.257412821054458618e-01 9.050867557525634766e-01 -2.246797680854797363e-01
1.166955471038818359e+00 2.061641693115234375e+00 -4.382261931896209717e-01 -2.695990204811096191e-01 2.303017973899841309e-01 8.976395130157470703e-01 -2.617648541927337646e-01
1.158815026283264160e+00 2.057694435119628906e+00 -4.392178654670715332e-01 -2.614708840847015381e-01 2.342156916856765747e-01 8.896254301071166992e-01 -2.921347320079803467e-01
1.145189404487609863e+00 2.054702997207641602e+00 -4.433539211750030518e-01 -2.584308385848999023e-01 2.361307442188262939e-01 8.821282386779785156e-01 -3.151278495788574219e-01
