-4.452462308108806610e-03 9.506114125251770020e-01 -2.659993059933185577e-02
-1.056046877056360245e-02 8.762199282646179199e-01 -2.046550251543521881e-02
-1.539232116192579269e-02 8.007822036743164062e-01 -1.453401613980531693e-02
-1.999966613948345184e-02 7.244680523872375488e-01 -1.137329824268817902e-02
-2.292829193174839020e-02 6.474649310111999512e-01 -7.927155122160911560e-03
-2.451748773455619812e-02 5.699030160903930664e-01 -5.117128137499094009e-03
-2.471278980374336243e-02 4.921285510063171387e-01 -2.439127769321203232e-03
-2.337424829602241516e-02 4.134516119956970215e-01 8.616931154392659664e-06
-2.056842297315597534e-02 3.358807861804962158e-01 2.358045894652605057e-03
-1.663663424551486969e-02 2.551149129867553711e-01 4.679575096815824509e-03
-1.093740016222000122e-02 1.809764355421066284e-01 6.975177675485610962e-03
-4.782199859619140625e-03 8.947970718145370483e-02 1.085805799812078476e-02
6.582180503755807877e-04 4.838449880480766296e-02 1.132631115615367889e-02
5.830204579979181290e-03 7.162017375230789185e-02 8.017920888960361481e-03
1.034774444997310638e-02 7.392399013042449951e-02 6.197354290634393692e-03
1.441408973187208176e-02 8.592448383569717407e-02 3.945866134017705917e-03
1.784251071512699127e-02 9.466642141342163086e-02 2.023013075813651085e-03
2.056369557976722717e-02 1.055530980229377747e-01 6.807543104514479637e-05
2.269823476672172546e-02 1.163680478930473328e-01 -1.792992232367396355e-03
2.420089021325111389e-02 1.280062049627304077e-01 -3.627751721069216728e-03
2.519696764647960663e-02 1.401524096727371216e-01 -5.451723467558622360e-03
2.573039755225181580e-02 1.529416888952255249e-01 -7.159078959375619888e-03
2.570339664816856384e-02 1.664459258317947388e-01 -9.028447791934013367e-03
2.552350051701068878e-02 1.807012856006622314e-01 -1.032344065606594086e-02
2.509116381406784058e-02 1.956207752227783203e-01 -1.138333324342966080e-02
2.415144443511962891e-02 2.113226801156997681e-01 -1.298082992434501648e-02
2.302022650837898254e-02 2.277328372001647949e-01 -1.422748621553182602e-02
2.159917540848255157e-02 2.449959814548492432e-01 -1.541576813906431198e-02
2.000122517347335815e-02 2.628343105316162109e-01 -1.630077324807643890e-02
1.798837631940841675e-02 2.817221581935882568e-01 -1.707736775279045105e-02
1.572471298277378082e-02 3.005275130271911621e-01 -1.722149923443794250e-02
1.300107967108488083e-02 3.205952346324920654e-01 -1.712814718484878540e-02
9.965237230062484741e-03 3.392349481582641602e-01 -1.706163957715034485e-02
7.018668577075004578e-03 3.597963750362396240e-01 -1.664916798472404480e-02
4.104021470993757248e-03 3.722518980503082275e-01 -1.551248785108327866e-02
1.234417897649109364e-03 4.006340801715850830e-01 -1.509191002696752548e-02
-1.461439300328493118e-03 3.817981481552124023e-01 -1.154037751257419586e-02
-3.972475416958332062e-03 3.030853867530822754e-01 -4.123677033931016922e-03
-6.048989947885274887e-03 2.412965744733810425e-01 2.316472586244344711e-03
-7.467302028089761734e-03 1.755384504795074463e-01 9.025431238114833832e-03
-8.279692381620407104e-03 9.973588585853576660e-02 1.629459112882614136e-02
-8.117633871734142303e-03 5.647486448287963867e-02 2.140733040869235992e-02
-6.952698808163404465e-03 5.899036303162574768e-02 2.347335033118724823e-02
-4.748543258756399155e-03 4.490230977535247803e-02 2.630810812115669250e-02
-1.414438243955373764e-03 3.781857341527938843e-02 2.839376404881477356e-02
3.146804636344313622e-03 2.583712339401245117e-02 3.042407520115375519e-02
8.919661864638328552e-03 1.876783370971679688e-02 3.177804127335548401e-02
1.588305830955505371e-02 1.999043859541416168e-03 3.335947915911674500e-02
2.412592433393001556e-02 1.012550108134746552e-02 3.303304687142372131e-02
3.348607942461967468e-02 5.045898631215095520e-02 3.039681352674961090e-02
4.413504898548126221e-02 7.970080524682998657e-02 2.815945073962211609e-02
