0.000000000000000000e+00 0.000000000000000000e+00 0.000000000000000000e+00 1.003398752974504760e-13 -7.465521256744267475e-13 -4.378719609121617395e-13 1.000000000000000000e+00
8.927972614765167236e-02 7.651742547750473022e-03 1.487773377448320389e-02 -9.911297820508480072e-03 1.889725681394338608e-03 4.316908307373523712e-03 9.999398589134216309e-01
1.712552011013031006e-01 1.932757720351219177e-02 2.917753532528877258e-02 -1.872300170361995697e-02 3.316318849101662636e-03 7.322181016206741333e-03 9.997924566268920898e-01
2.418268024921417236e-01 4.957841336727142334e-02 2.196213975548744202e-02 -2.785066142678260803e-02 -1.940653310157358646e-04 3.149407217279076576e-03 9.996070861816406250e-01
3.079664707183837891e-01 6.345172971487045288e-02 1.069553103297948837e-02 -4.120866954326629639e-02 -3.477326128631830215e-03 2.644460648298263550e-03 9.991409182548522949e-01
3.667818903923034668e-01 7.365690171718597412e-02 9.220313513651490211e-04 -5.482122674584388733e-02 -5.928638391196727753e-03 1.778823323547840118e-03 9.984770417213439941e-01
4.196684062480926514e-01 7.905957102775573730e-02 -1.402045832946896553e-03 -6.795190274715423584e-02 -5.933094769716262817e-03 1.940364367328584194e-03 9.976691007614135742e-01
4.633309543132781982e-01 8.980381488800048828e-02 -4.495253786444664001e-03 -8.002885431051254272e-02 -5.841874517500400543e-03 -1.405100221745669842e-03 9.967744350433349609e-01
4.995445311069488525e-01 9.867852181196212769e-02 -4.841542802751064301e-03 -9.132567048072814941e-02 -4.522452596575021744e-03 -4.655511118471622467e-03 9.957999587059020996e-01
5.275452733039855957e-01 1.075485423207283020e-01 -4.766532219946384430e-03 -1.001162007451057434e-01 -2.874865429475903511e-03 -9.370656684041023254e-03 9.949275255203247070e-01
5.477209091186523438e-01 1.148435845971107483e-01 -5.135588813573122025e-03 -1.079943999648094177e-01 -8.646838832646608353e-04 -1.357951760292053223e-02 9.940583705902099609e-01
5.605815052986145020e-01 1.186343505978584290e-01 -5.366864614188671112e-03 -1.156078502535820007e-01 -1.679442124441266060e-03 -1.598919928073883057e-02 9.931647777557373047e-01
5.657334327697753906e-01 1.209914162755012512e-01 -5.791567265987396240e-03 -1.213444247841835022e-01 -2.459616167470812798e-03 -1.802388392388820648e-02 9.924437999725341797e-01
5.709382891654968262e-01 1.244000717997550964e-01 -5.005142185837030411e-03 -1.239704489707946777e-01 -3.194107906892895699e-03 -2.280839905142784119e-02 9.920185804367065430e-01
5.770494341850280762e-01 1.277481913566589355e-01 -3.651810809969902039e-03 -1.247272491455078125e-01 -4.401974380016326904e-03 -2.911356836557388306e-02 9.917539954185485840e-01
5.845587849617004395e-01 1.289599239826202393e-01 -1.485946588218212128e-03 -1.238979026675224304e-01 -5.621684249490499496e-03 -3.699498996138572693e-02 9.915891885757446289e-01
5.927391648292541504e-01 1.295492351055145264e-01 1.730563002638518810e-03 -1.220645457506179810e-01 -6.733093410730361938e-03 -4.558222368359565735e-02 9.914520978927612305e-01
6.018266081809997559e-01 1.291697621345520020e-01 5.370203405618667603e-03 -1.195437163114547729e-01 -7.900055497884750366e-03 -5.530108883976936340e-02 9.912561774253845215e-01
6.117099523544311523e-01 1.279128193855285645e-01 9.956693276762962341e-03 -1.162293180823326111e-01 -8.918086066842079163e-03 -6.564382463693618774e-02 9.910106658935546875e-01
6.224688291549682617e-01 1.255255639553070068e-01 1.492178067564964294e-02 -1.119253486394882202e-01 -1.037268992513418198e-02 -7.645918428897857666e-02 9.907163977622985840e-01
6.345252394676208496e-01 1.225219592452049255e-01 1.973179355263710022e-02 -1.066233143210411072e-01 -1.180781424045562744e-02 -8.811044692993164062e-02 9.903173446655273438e-01
6.474937200546264648e-01 1.185383871197700500e-01 2.517668902873992920e-02 -1.008694916963577271e-01 -1.346025336533784866e-02 -9.980835020542144775e-02 9.897891283035278320e-01
6.616274714469909668e-01 1.130969747900962830e-01 3.029368631541728973e-02 -9.336245059967041016e-02 -1.573684997856616974e-02 -1.109160557389259338e-01 9.893096089363098145e-01
6.770099401473999023e-01 1.069046333432197571e-01 3.569629043340682983e-02 -8.555296808481216431e-02 -1.790342293679714203e-02 -1.216797083616256714e-01 9.887134432792663574e-01
6.937435865402221680e-01 1.001635417342185974e-01 4.155330359935760498e-02 -7.662922888994216919e-02 -2.016566321253776550e-02 -1.316173672676086426e-01 9.881286025047302246e-01
7.116392254829406738e-01 9.244503080844879150e-02 4.828719794750213623e-02 -6.735762208700180054e-02 -2.212245948612689972e-02 -1.396951377391815186e-01 9.876532554626464844e-01
7.300886511802673340e-01 8.191815018653869629e-02 5.506218224763870239e-02 -5.744510516524314880e-02 -2.466928213834762573e-02 -1.449335366487503052e-01 9.874642491340637207e-01
7.496060132980346680e-01 7.002067565917968750e-02 6.264483183622360229e-02 -4.799383133649826050e-02 -2.683375030755996704e-02 -1.481222510337829590e-01 9.874393343925476074e-01
7.698608040809631348e-01 5.581894516944885254e-02 7.057382166385650635e-02 -3.905953839421272278e-02 -2.916936390101909637e-02 -1.491111516952514648e-01 9.876180291175842285e-01
7.910769581794738770e-01 4.060453176498413086e-02 8.046527206897735596e-02 -3.191317245364189148e-02 -3.049029409885406494e-02 -1.482374966144561768e-01 9.879663586616516113e-01
8.138753771781921387e-01 2.578871324658393860e-02 9.319069981575012207e-02 -2.731840312480926514e-02 -3.098902292549610138e-02 -1.460786759853363037e-01 9.884101152420043945e-01
8.378481864929199219e-01 1.130704581737518311e-02 1.086466982960700989e-01 -2.662103995680809021e-02 -3.386505320668220520e-02 -1.441036313772201538e-01 9.886246919631958008e-01
8.642194271087646484e-01 -2.696445211768150330e-03 1.250677406787872314e-01 -2.607277035713195801e-02 -3.625905513763427734e-02 -1.415615677833557129e-01 9.889215826988220215e-01
8.932192921638488770e-01 -1.593661494553089142e-02 1.418612450361251831e-01 -2.587362192571163177e-02 -3.915080428123474121e-02 -1.385213583707809448e-01 9.892470836639404297e-01
9.236603379249572754e-01 -3.062388300895690918e-02 1.589960902929306030e-01 -2.574477531015872955e-02 -4.188965633511543274e-02 -1.353575736284255981e-01 9.895761013031005859e-01
9.558188915252685547e-01 -4.551708325743675232e-02 1.768377423286437988e-01 -2.598391845822334290e-02 -4.506869986653327942e-02 -1.323580741882324219e-01 9.898358583450317383e-01
9.907634854316711426e-01 -5.865322425961494446e-02 1.945085376501083374e-01 -2.660995163023471832e-02 -4.839469119906425476e-02 -1.292835325002670288e-01 9.900685548782348633e-01
1.023101449012756348e+00 -6.011266633868217468e-02 2.088753432035446167e-01 -2.669024281203746796e-02 -5.006003007292747498e-02 -1.278477013111114502e-01 9.901700019836425781e-01
1.049933314323425293e+00 -5.981677770614624023e-02 2.178473323583602905e-01 -2.733302675187587738e-02 -5.444664880633354187e-02 -1.234763935208320618e-01 9.904757142066955566e-01
1.071689963340759277e+00 -5.686446651816368103e-02 2.210395932197570801e-01 -2.996352501213550568e-02 -6.172976642847061157e-02 -1.161459758877754211e-01 9.908591508865356445e-01
1.086328387260437012e+00 -5.299191176891326904e-02 2.237002849578857422e-01 -3.303595632314682007e-02 -6.908164173364639282e-02 -1.055404171347618103e-01 9.914622902870178223e-01
1.094752430915832520e+00 -5.006384849548339844e-02 2.257814407348632812e-01 -3.538375347852706909e-02 -7.485146075487136841e-02 -9.195159375667572021e-02 9.923155903816223145e-01
1.102656364440917969e+00 -4.769691824913024902e-02 2.279323339462280273e-01 -3.784989938139915466e-02 -8.017916977405548096e-02 -7.766968011856079102e-02 9.930288195610046387e-01
1.109768033027648926e+00 -4.502287507057189941e-02 2.297653257846832275e-01 -3.996797278523445129e-02 -8.500345051288604736e-02 -6.383534520864486694e-02 9.935300350189208984e-01
1.116200804710388184e+00 -4.276964813470840454e-02 2.316440492868423462e-01 -4.199741408228874207e-02 -8.923157304525375366e-02 -4.988589882850646973e-02 9.938738942146301270e-01
1.121893405914306641e+00 -4.081622511148452759e-02 2.334066033363342285e-01 -4.424872621893882751e-02 -9.315124899148941040e-02 -3.593723103404045105e-02 9.940189123153686523e-01
1.126742124557495117e+00 -3.892203792929649353e-02 2.348761707544326782e-01 -4.648893699049949646e-02 -9.619413316249847412e-02 -2.261662669479846954e-02 9.940190911293029785e-01
1.130829691886901855e+00 -3.749982640147209167e-02 2.362857162952423096e-01 -4.848614707589149475e-02 -9.820102155208587646e-02 -1.073179394006729126e-02 9.939268231391906738e-01
1.134008884429931641e+00 -3.609308600425720215e-02 2.371562719345092773e-01 -5.058433860540390015e-02 -9.946986287832260132e-02 -4.773505497723817825e-05 9.937539696693420410e-01
1.139471173286437988e+00 -3.525767475366592407e-02 2.385129928588867188e-01 -5.133374035358428955e-02 -9.981405735015869141e-02 6.870489101856946945e-03 9.936572909355163574e-01
1.147973537445068359e+00 -3.418534994125366211e-02 2.406722009181976318e-01 -5.036186799407005310e-02 -9.941226989030838013e-02 8.206865750253200531e-03 9.937372207641601562e-01
1.310246944427490234e+00 -9.703902527689933777e-03 3.066904544830322266e-01 -8.032207936048507690e-02 -9.677927196025848389e-02 1.695567183196544647e-02 9.919146299362182617e-01
1.455808877944946289e+00 4.765576124191284180e-02 3.403007388114929199e-01 -9.465847909450531006e-02 -9.841778874397277832e-02 1.258919667452573776e-02 9.905529618263244629e-01
1.593514800071716309e+00 9.157249331474304199e-02 3.472772836685180664e-01 -1.150034740567207336e-01 -1.045370325446128845e-01 7.291118148714303970e-03 9.878223538398742676e-01
1.720548987388610840e+00 1.150800809264183044e-01 3.430821895599365234e-01 -1.401686221361160278e-01 -1.114315912127494812e-01 2.885040361434221268e-03 9.838330149650573730e-01
1.832749843597412109e+00 1.279009580612182617e-01 3.563903570175170898e-01 -1.651267707347869873e-01 -1.126186028122901917e-01 7.977094501256942749e-04 9.798212051391601562e-01
1.928972244262695312e+00 1.450390219688415527e-01 3.645783066749572754e-01 -1.886279582977294922e-01 -1.138823553919792175e-01 -5.924105644226074219e-03 9.754051566123962402e-01
2.008482217788696289e+00 1.643483936786651611e-01 3.741091191768646240e-01 -2.099310010671615601e-01 -1.132705658674240112e-01 -1.522312965244054794e-02 9.710134267807006836e-01
2.072058916091918945e+00 1.823586225509643555e-01 3.825926482677459717e-01 -2.277569025754928589e-01 -1.112585663795471191e-01 -2.598743699491024017e-02 9.669916629791259766e-01
2.119987487792968750e+00 1.980087757110595703e-01 3.889564573764801025e-01 -2.425226718187332153e-01 -1.084425821900367737e-01 -3.704025596380233765e-02 9.633540511131286621e-01
2.153357267379760742e+00 2.079269886016845703e-01 3.914246559143066406e-01 -2.566358447074890137e-01 -1.080304384231567383e-01 -4.506868124008178711e-02 9.593936800956726074e-01
2.171752452850341797e+00 2.128813564777374268e-01 3.925273120403289795e-01 -2.695292830467224121e-01 -1.100414618849754333e-01 -5.047124251723289490e-02 9.553520679473876953e-01
2.182212352752685547e+00 2.185297310352325439e-01 3.934383690357208252e-01 -2.765219211578369141e-01 -1.121931597590446472e-01 -5.778980627655982971e-02 9.526849985122680664e-01
2.193431377410888672e+00 2.251726388931274414e-01 3.959890305995941162e-01 -2.788796126842498779e-01 -1.155536323785781860e-01 -6.858710944652557373e-02 9.508782625198364258e-01
2.206522703170776367e+00 2.303899526596069336e-01 4.007992148399353027e-01 -2.775573134422302246e-01 -1.201113238930702209e-01 -8.212072402238845825e-02 9.496269822120666504e-01
2.220584869384765625e+00 2.329919636249542236e-01 4.094251990318298340e-01 -2.731760442256927490e-01 -1.247733980417251587e-01 -9.717296808958053589e-02 9.488750100135803223e-01
2.235564231872558594e+00 2.339072823524475098e-01 4.205378592014312744e-01 -2.670839428901672363e-01 -1.297757774591445923e-01 -1.139804422855377197e-01 9.480680227279663086e-01
2.251348257064819336e+00 2.330487072467803955e-01 4.340305924415588379e-01 -2.593241930007934570e-01 -1.349693834781646729e-01 -1.321480274200439453e-01 9.471384286880493164e-01
2.268357992172241211e+00 2.308645844459533691e-01 4.494017362594604492e-01 -2.494548410177230835e-01 -1.409629583358764648e-01 -1.514050066471099854e-01 9.460329413414001465e-01
2.286852121353149414e+00 2.261797785758972168e-01 4.661835134029388428e-01 -2.373948991298675537e-01 -1.477546840906143188e-01 -1.716328859329223633e-01 9.446451067924499512e-01
2.306913614273071289e+00 2.195322513580322266e-01 4.844420254230499268e-01 -2.239660024642944336e-01 -1.546124517917633057e-01 -1.926112025976181030e-01 9.427805542945861816e-01
2.327582597732543945e+00 2.097451686859130859e-01 5.047644376754760742e-01 -2.085986286401748657e-01 -1.625331789255142212e-01 -2.122838497161865234e-01 9.407471418380737305e-01
2.349430322647094727e+00 1.965791583061218262e-01 5.263640284538269043e-01 -1.916476190090179443e-01 -1.705252379179000854e-01 -2.305168211460113525e-01 9.386449456214904785e-01
2.372800111770629883e+00 1.812219023704528809e-01 5.496914386749267578e-01 -1.730781793594360352e-01 -1.790491342544555664e-01 -2.472327202558517456e-01 9.364087581634521484e-01
2.397540330886840820e+00 1.639484167098999023e-01 5.752926468849182129e-01 -1.532007902860641479e-01 -1.869080364704132080e-01 -2.614245712757110596e-01 9.344795942306518555e-01
2.422177791595458984e+00 1.423117816448211670e-01 6.029579639434814453e-01 -1.329484730958938599e-01 -1.951253116130828857e-01 -2.707455158233642578e-01 9.332458376884460449e-01
2.445973157882690430e+00 1.149484291672706604e-01 6.319118142127990723e-01 -1.131556928157806396e-01 -2.032947093248367310e-01 -2.748695611953735352e-01 9.329060912132263184e-01
2.469974756240844727e+00 8.415307104587554932e-02 6.632705926895141602e-01 -9.489512443542480469e-02 -2.107708901166915894e-01 -2.755047976970672607e-01 9.330957531929016113e-01
2.493067264556884766e+00 4.905738681554794312e-02 6.970630884170532227e-01 -7.987075299024581909e-02 -2.165840566158294678e-01 -2.720440626144409180e-01 9.341862797737121582e-01
2.517011404037475586e+00 1.465152204036712646e-02 7.370261549949645996e-01 -6.935077905654907227e-02 -2.193539142608642578e-01 -2.670216262340545654e-01 9.358279109001159668e-01
2.541527748107910156e+00 -1.932740397751331329e-02 7.826961278915405273e-01 -6.596261262893676758e-02 -2.229383885860443115e-01 -2.615960538387298584e-01 9.367576837539672852e-01
2.568605899810791016e+00 -5.170941352844238281e-02 8.335132002830505371e-01 -6.605822592973709106e-02 -2.281239330768585205e-01 -2.569118142127990723e-01 9.367989301681518555e-01
2.600072145462036133e+00 -8.349446207284927368e-02 8.874739408493041992e-01 -6.699841469526290894e-02 -2.329163849353790283e-01 -2.512679100036621094e-01 9.370836019515991211e-01
2.634650468826293945e+00 -1.163381487131118774e-01 9.439584016799926758e-01 -6.829957664012908936e-02 -2.380859553813934326e-01 -2.448372989892959595e-01 9.373926520347595215e-01
2.671155214309692383e+00 -1.506628990173339844e-01 1.003161072731018066e+00 -7.010046392679214478e-02 -2.433847486972808838e-01 -2.388663887977600098e-01 9.374394416809082031e-01
2.711036443710327148e+00 -1.857047975063323975e-01 1.064326167106628418e+00 -7.277562469244003296e-02 -2.494796365499496460e-01 -2.323556691408157349e-01 9.372696876525878906e-01
2.757822751998901367e+00 -2.045973539352416992e-01 1.121530890464782715e+00 -7.462789118289947510e-02 -2.541446387767791748e-01 -2.285312563180923462e-01 9.368109107017517090e-01
2.800560474395751953e+00 -2.134615182876586914e-01 1.167575597763061523e+00 -7.725025713443756104e-02 -2.594008743762969971e-01 -2.219283282756805420e-01 9.367451071739196777e-01
2.840603113174438477e+00 -2.162952423095703125e-01 1.198163866996765137e+00 -8.429757505655288696e-02 -2.697361111640930176e-01 -2.098966836929321289e-01 9.359912872314453125e-01
2.872171401977539062e+00 -2.133695185184478760e-01 1.218050241470336914e+00 -9.452687948942184448e-02 -2.824496924877166748e-01 -1.933775246143341064e-01 9.348219037055969238e-01
2.891936302185058594e+00 -2.079455554485321045e-01 1.231486082077026367e+00 -1.052068471908569336e-01 -2.930584847927093506e-01 -1.703675538301467896e-01 9.348920583724975586e-01
2.905638456344604492e+00 -2.033061981201171875e-01 1.241648674011230469e+00 -1.153350621461868286e-01 -3.010864853858947754e-01 -1.439137309789657593e-01 9.355926513671875000e-01
2.917933464050292969e+00 -1.986085176467895508e-01 1.251335740089416504e+00 -1.254270821809768677e-01 -3.083427548408508301e-01 -1.170999333262443542e-01 9.356711506843566895e-01
2.929012060165405273e+00 -1.933180987834930420e-01 1.259766340255737305e+00 -1.346274316310882568e-01 -3.141128718852996826e-01 -9.051807224750518799e-02 9.354224205017089844e-01
2.938557147979736328e+00 -1.885451376438140869e-01 1.267773270606994629e+00 -1.446152627468109131e-01 -3.189714848995208740e-01 -6.360242515802383423e-02 9.345043301582336426e-01
2.946847438812255859e+00 -1.837972998619079590e-01 1.274500489234924316e+00 -1.542852371931076050e-01 -3.225639462471008301e-01 -3.730411082506179810e-02 9.331435561180114746e-01
2.953656196594238281e+00 -1.794463396072387695e-01 1.280301451683044434e+00 -1.638247817754745483e-01 -3.244160711765289307e-01 -1.301104761660099030e-02 9.315290451049804688e-01
2.959275245666503906e+00 -1.758325994014739990e-01 1.284971714019775391e+00 -1.724644452333450317e-01 -3.246811926364898682e-01 8.661592379212379456e-03 9.299263954162597656e-01
2.965817928314208984e+00 -1.719230711460113525e-01 1.289945721626281738e+00 -1.792792528867721558e-01 -3.240204155445098877e-01 2.549443207681179047e-02 9.285578727722167969e-01
2.976821899414062500e+00 -1.678339540958404541e-01 1.298542618751525879e+00 -1.807528883218765259e-01 -3.227168619632720947e-01 3.343574702739715576e-02 9.284741878509521484e-01
