8.343210071325302124e-02 -9.690508246421813965e-03 3.565013036131858826e-02 -2.563248015940189362e-02 6.754554808139801025e-03 2.567324601113796234e-02 9.993188977241516113e-01
7.479105889797210693e-02 -1.530726253986358643e-02 3.375010564923286438e-02 -2.491127513349056244e-02 7.434105966240167618e-03 2.478606067597866058e-02 9.993547201156616211e-01
6.692852824926376343e-02 -1.630040816962718964e-02 3.118699416518211365e-02 -2.453577332198619843e-02 7.584201637655496597e-03 2.225944027304649353e-02 9.994223117828369141e-01
5.833845585584640503e-02 -1.933468878269195557e-02 2.835732698440551758e-02 -2.355250716209411621e-02 7.678724359720945358e-03 2.141831628978252411e-02 9.994636178016662598e-01
5.006635189056396484e-02 -2.000980637967586517e-02 2.565975673496723175e-02 -2.247341163456439972e-02 7.428627926856279373e-03 1.905308663845062256e-02 9.995382428169250488e-01
4.217542335391044617e-02 -1.985185220837593079e-02 2.234865166246891022e-02 -2.089202590286731720e-02 6.923253182321786880e-03 1.697993464767932892e-02 9.996135830879211426e-01
3.474732115864753723e-02 -1.797944307327270508e-02 1.937257684767246246e-02 -1.912908814847469330e-02 6.837975233793258667e-03 1.446373388171195984e-02 9.996889829635620117e-01
2.721982821822166443e-02 -1.608562283217906952e-02 1.636012643575668335e-02 -1.722059398889541626e-02 6.929030176252126694e-03 1.213841978460550308e-02 9.997540116310119629e-01
2.031854167580604553e-02 -1.334764901548624039e-02 1.305199787020683289e-02 -1.514835655689239502e-02 6.848379503935575485e-03 9.000833146274089813e-03 9.998213052749633789e-01
1.347451098263263702e-02 -1.042545400559902191e-02 9.677756577730178833e-03 -1.275589503347873688e-02 6.862759590148925781e-03 6.650337949395179749e-03 9.998729825019836426e-01
7.905528880655765533e-03 -6.865361239761114120e-03 5.804821383208036423e-03 -9.739333763718605042e-03 -2.239784953417256474e-04 3.127889242023229599e-03 9.999476671218872070e-01
3.788252128288149834e-03 -2.530404366552829742e-03 3.564126091077923775e-03 -6.713942624628543854e-03 -3.951172111555933952e-04 5.658206646330654621e-04 9.999772310256958008e-01
3.738443832844495773e-03 -3.555419854819774628e-03 3.838940290734171867e-03 -4.775011446326971054e-03 2.706713858060538769e-04 -1.943666487932205200e-03 9.999866485595703125e-01
4.545077681541442871e-03 -4.168397281318902969e-03 3.950095735490322113e-03 -2.617096295580267906e-03 4.916185280308127403e-04 -3.570616012439131737e-03 9.999901056289672852e-01
4.916159901767969131e-03 -5.376332439482212067e-03 3.679820802062749863e-03 -4.010102566098794341e-05 7.638979586772620678e-04 -5.083120893687009811e-03 9.999867677688598633e-01
5.348290782421827316e-03 -5.841188132762908936e-03 4.409109707921743393e-03 6.228664424270391464e-04 1.115353195928037167e-03 -6.399763282388448715e-03 9.999787211418151855e-01
5.609813611954450607e-03 -7.193419151008129120e-03 3.960765432566404343e-03 2.727857558056712151e-03 9.980767499655485153e-04 -7.431085221469402313e-03 9.999681711196899414e-01
6.761938333511352539e-03 -6.822731345891952515e-03 5.032313521951436996e-03 3.425034694373607635e-03 1.609404338523745537e-03 -8.127230219542980194e-03 9.999598264694213867e-01
6.197052542120218277e-03 -8.169163949787616730e-03 5.744068417698144913e-03 4.427676554769277573e-03 1.141154556535184383e-03 -8.847829885780811310e-03 9.999504089355468750e-01
6.573296617716550827e-03 -9.051642380654811859e-03 5.979879293590784073e-03 5.257307551801204681e-03 1.207133522257208824e-03 -9.306145831942558289e-03 9.999421238899230957e-01
8.010435849428176880e-03 -9.004078805446624756e-03 6.416917778551578522e-03 5.758682731539011002e-03 1.245335442945361137e-03 -8.865354582667350769e-03 9.999433159828186035e-01
9.173135273158550262e-03 -9.830780327320098877e-03 5.843607243150472641e-03 7.135549094527959824e-03 9.191976860165596008e-04 -8.517228998243808746e-03 9.999378323554992676e-01
1.067708618938922882e-02 -8.891163393855094910e-03 7.380925118923187256e-03 7.145864889025688171e-03 9.841382270678877831e-04 -7.642877753823995590e-03 9.999447464942932129e-01
1.134668663144111633e-02 -1.016400661319494247e-02 7.301404606550931931e-03 7.620926015079021454e-03 6.514808628708124161e-04 -6.646421737968921661e-03 9.999486804008483887e-01
1.209407858550548553e-02 -1.073629129678010941e-02 8.147455751895904541e-03 7.530637551099061966e-03 6.072439718991518021e-04 -5.318674258887767792e-03 9.999573230743408203e-01
1.418700721114873886e-02 -9.913166984915733337e-03 8.763145655393600464e-03 7.031496148556470871e-03 3.818512777797877789e-04 -3.341375850141048431e-03 9.999696016311645508e-01
1.532463263720273972e-02 -1.056426297873258591e-02 9.244868531823158264e-03 6.663147360086441040e-03 1.768643960531335324e-05 -1.363382209092378616e-03 9.999768733978271484e-01
1.675945334136486053e-02 -1.053260173648595810e-02 1.015285309404134750e-02 6.045508198440074921e-03 -2.543899427109863609e-05 6.074777338653802872e-04 9.999815225601196289e-01
1.798517815768718719e-02 -1.098398026078939438e-02 1.105897780507802963e-02 5.292578134685754776e-03 -1.343223848380148411e-04 3.686235519126057625e-03 9.999791979789733887e-01
1.924064569175243378e-02 -1.115389261394739151e-02 1.233148574829101562e-02 3.693434642627835274e-03 -1.205581356771290302e-04 6.189952604472637177e-03 9.999740123748779297e-01
1.985310390591621399e-02 -1.239596121013164520e-02 1.365657523274421692e-02 2.702243858948349953e-03 -7.745870389044284821e-03 8.907166309654712677e-03 9.999266862869262695e-01
2.076081559062004089e-02 -1.310541108250617981e-02 1.514407806098461151e-02 1.342597999610006809e-03 -8.664535358548164368e-03 1.155664678663015366e-02 9.998947978019714355e-01
2.280047535896301270e-02 -1.375926192849874496e-02 1.488447189331054688e-02 -9.600716293789446354e-05 -9.514366276562213898e-03 1.386567670851945877e-02 9.998586177825927734e-01
2.465590089559555054e-02 -1.408679503947496414e-02 1.509001385420560837e-02 -7.745405891910195351e-04 -9.764261543750762939e-03 1.675578393042087555e-02 9.998116493225097656e-01
2.549825049936771393e-02 -1.531026698648929596e-02 1.563644781708717346e-02 -1.793865114450454712e-03 -9.776332415640354156e-03 1.884704641997814178e-02 9.997729659080505371e-01
2.588809095323085785e-02 -1.851917617022991180e-02 1.523751672357320786e-02 -2.190281171351671219e-03 -1.038011163473129272e-02 2.035292610526084900e-02 9.997365474700927734e-01
2.113733999431133270e-02 -1.584745943546295166e-02 1.265252009034156799e-02 -2.790857804939150810e-03 -1.086417771875858307e-02 2.185548096895217896e-02 9.996982216835021973e-01
1.669750176370143890e-02 -1.199356000870466232e-02 1.035189628601074219e-02 -4.203526768833398819e-03 -1.044638920575380325e-02 2.281657792627811432e-02 9.996762275695800781e-01
1.292118523269891739e-02 -9.324256330728530884e-03 6.266890093684196472e-03 -4.200092982500791550e-03 -1.006754674017429352e-02 2.337950468063354492e-02 9.996671676635742188e-01
8.627120405435562134e-03 -5.587239284068346024e-03 6.433951202780008316e-03 -5.056337919086217880e-03 -9.112583473324775696e-03 2.408909983932971954e-02 9.996554851531982422e-01
7.569015026092529297e-03 6.090506794862449169e-04 5.935448687523603439e-03 -4.351966083049774170e-03 -9.047902189195156097e-03 2.222526818513870239e-02 9.997025728225708008e-01
6.622587796300649643e-03 -3.330193925648927689e-03 6.535706575959920883e-03 -4.039707593619823456e-03 -8.779072202742099762e-03 2.401571162045001984e-02 9.996648430824279785e-01
7.355931214988231659e-03 -1.150208176113665104e-03 7.064466830343008041e-03 -3.934108186513185501e-03 -7.168043870478868484e-03 2.289539203047752380e-02 9.997044205665588379e-01
8.642587810754776001e-03 4.849772958550602198e-04 6.454657297581434250e-03 -3.107320051640272141e-03 -6.845408584922552109e-03 2.121982909739017487e-02 9.997465610504150391e-01
9.188190102577209473e-03 -1.068103360012173653e-03 6.753379013389348984e-03 -3.263267921283841133e-03 -5.797851830720901489e-03 2.043119817972183228e-02 9.997691512107849121e-01
9.807796217501163483e-03 1.645371667109429836e-03 7.169903721660375595e-03 -2.413594629615545273e-03 -4.894142504781484604e-03 1.816717162728309631e-02 9.998200535774230957e-01
1.139199733734130859e-02 2.158027142286300659e-03 6.203832570463418961e-03 -1.944529823958873749e-03 -3.788790665566921234e-03 1.669284887611865997e-02 9.998515844345092773e-01
1.262837275862693787e-02 2.772894920781254768e-03 5.958131048828363419e-03 -1.313466927967965603e-03 -2.280784538015723228e-03 1.426291186362504959e-02 9.998947978019714355e-01
1.153068244457244873e-02 -2.990759909152984619e-03 6.938043516129255295e-03 -6.593426805920898914e-04 -3.404628660064190626e-04 1.090372726321220398e-02 9.999402761459350586e-01
7.240623235702514648e-03 -1.041007041931152344e-02 6.315550766885280609e-03 4.101477315998636186e-06 1.311434665694832802e-03 8.663545362651348114e-03 9.999616146087646484e-01
1.595596075057983398e-01 -1.874054037034511566e-02 6.866005063056945801e-02 -5.103189870715141296e-02 1.495960634201765060e-02 4.856858029961585999e-02 9.974031448364257812e-01
1.430129408836364746e-01 -2.652088738977909088e-02 6.443357467651367188e-02 -4.973312467336654663e-02 1.806143671274185181e-02 4.464467987418174744e-02 9.976007342338562012e-01
1.264093220233917236e-01 -3.169368952512741089e-02 5.959268659353256226e-02 -4.785966500639915466e-02 1.516912039369344711e-02 4.318222403526306152e-02 9.978049397468566895e-01
1.099318414926528931e-01 -3.513351827859878540e-02 5.394813418388366699e-02 -4.617695882916450500e-02 1.468288525938987732e-02 3.935643285512924194e-02 9.980496764183044434e-01
9.412684291601181030e-02 -3.574644401669502258e-02 4.767933860421180725e-02 -4.281681030988693237e-02 1.477799192070960999e-02 3.560379147529602051e-02 9.983389973640441895e-01
7.823080569505691528e-02 -3.481885418295860291e-02 4.194086790084838867e-02 -4.003734514117240906e-02 1.394334249198436737e-02 3.106304444372653961e-02 9.986178874969482422e-01
6.437527388334274292e-02 -3.011840768158435822e-02 3.506388515233993530e-02 -3.574553504586219788e-02 1.408168207854032516e-02 2.650551870465278625e-02 9.989101290702819824e-01
5.072635784745216370e-02 -2.400680631399154663e-02 2.902191132307052612e-02 -3.086430951952934265e-02 1.417465880513191223e-02 2.005746029317378998e-02 9.992218017578125000e-01
3.646599128842353821e-02 -1.962943002581596375e-02 2.254762500524520874e-02 -2.670332789421081543e-02 1.307270396500825882e-02 1.502595841884613037e-02 9.994449615478515625e-01
2.314100414514541626e-02 -1.409766823053359985e-02 1.593916304409503937e-02 -2.201683260500431061e-02 6.531281862407922745e-03 9.752978570759296417e-03 9.996886849403381348e-01
1.197906956076622009e-02 -8.312140591442584991e-03 8.479216136038303375e-03 -1.691263727843761444e-02 -1.743561733746901155e-04 3.312296001240611076e-03 9.998514652252197266e-01
8.540893904864788055e-03 -5.608384963124990463e-03 6.670149974524974823e-03 -1.115311309695243835e-02 -8.035776409087702632e-05 -2.431314438581466675e-03 9.999348521232604980e-01
9.023911319673061371e-03 -7.079560775309801102e-03 7.570446003228425980e-03 -7.608616724610328674e-03 6.803420837968587875e-04 -6.099206861108541489e-03 9.999521970748901367e-01
1.010585855692625046e-02 -8.950374089181423187e-03 7.574101909995079041e-03 -2.913719741627573967e-03 1.232414855621755123e-03 -9.512878954410552979e-03 9.999497532844543457e-01
1.132493652403354645e-02 -1.046456862241029739e-02 7.665914017707109451e-03 -1.227886095875874162e-04 1.499434583820402622e-03 -1.226504798978567123e-02 9.999236464500427246e-01
1.190812420099973679e-02 -1.271395385265350342e-02 7.596990559250116348e-03 3.465383546426892281e-03 1.813934650272130966e-03 -1.450469344854354858e-02 9.998871684074401855e-01
1.271428354084491730e-02 -1.437222864478826523e-02 7.984356954693794250e-03 5.913472268730401993e-03 2.227435586974024773e-03 -1.585947349667549133e-02 9.998542666435241699e-01
1.324358023703098297e-02 -1.574972644448280334e-02 9.323872625827789307e-03 8.568954654037952423e-03 2.425784012302756310e-03 -1.691929996013641357e-02 9.998171925544738770e-01
1.437659375369548798e-02 -1.675212755799293518e-02 1.046804618090391159e-02 1.028501242399215698e-02 2.429666230455040932e-03 -1.816403679549694061e-02 9.997791647911071777e-01
1.643871143460273743e-02 -1.762684248387813568e-02 1.060280017554759979e-02 1.184769067913293839e-02 2.383548533543944359e-03 -1.828475855290889740e-02 9.997597932815551758e-01
1.729937456548213959e-02 -1.936495117843151093e-02 1.127129886299371719e-02 1.310541667044162750e-02 1.978775253519415855e-03 -1.730201020836830139e-02 9.997624754905700684e-01
1.983235217630863190e-02 -1.898786239326000214e-02 1.301876455545425415e-02 1.409265212714672089e-02 2.278067171573638916e-03 -1.615066640079021454e-02 9.997676610946655273e-01
2.221722528338432312e-02 -1.959924213588237762e-02 1.364868227392435074e-02 1.459842920303344727e-02 1.850774860940873623e-03 -1.413114182651042938e-02 9.997918605804443359e-01
2.429275028407573700e-02 -2.035582065582275391e-02 1.483525894582271576e-02 1.488844584673643112e-02 1.398669555783271790e-03 -1.158734690397977829e-02 9.998210668563842773e-01
2.681156992912292480e-02 -2.011973783373832703e-02 1.681179925799369812e-02 1.415097992867231369e-02 1.019335701130330563e-03 -8.523320779204368591e-03 9.998630285263061523e-01
2.968539111316204071e-02 -2.000752463936805725e-02 1.823473535478115082e-02 1.365459430962800980e-02 6.338555831462144852e-04 -4.794449079781770706e-03 9.998950958251953125e-01
3.195228800177574158e-02 -2.160995081067085266e-02 1.905183866620063782e-02 1.261404436081647873e-02 -4.269153942004777491e-05 -8.701487677171826363e-04 9.999200701713562012e-01
3.476389870047569275e-02 -2.175772190093994141e-02 2.092123962938785553e-02 1.079254690557718277e-02 1.449029514333233237e-04 4.481097217649221420e-03 9.999316930770874023e-01
3.728464990854263306e-02 -2.213130705058574677e-02 2.330187708139419556e-02 9.001016616821289062e-03 -3.137931053061038256e-04 9.400731883943080902e-03 9.999152421951293945e-01
3.894944116473197937e-02 -2.364345081150531769e-02 2.612531371414661407e-02 6.374276243150234222e-03 -7.642984390258789062e-03 1.482192333787679672e-02 9.998406171798706055e-01
4.224222898483276367e-02 -2.462208084762096405e-02 2.717511169612407684e-02 3.736033104360103607e-03 -1.621499657630920410e-02 2.010792493820190430e-02 9.996593594551086426e-01
4.484488070011138916e-02 -2.657297439873218536e-02 2.837588265538215637e-02 1.467767055146396160e-03 -1.792014017701148987e-02 2.552507445216178894e-02 9.995124936103820801e-01
4.750099405646324158e-02 -2.864037640392780304e-02 2.915095724165439606e-02 -7.115517510101199150e-04 -1.913606002926826477e-02 3.053534403443336487e-02 9.993502497673034668e-01
4.924889653921127319e-02 -3.120585717260837555e-02 3.040637262165546417e-02 -2.363658044487237930e-03 -1.938027143478393555e-02 3.470775485038757324e-02 9.992067813873291016e-01
5.119803175330162048e-02 -3.428714722394943237e-02 3.080128319561481476e-02 -3.714518621563911438e-03 -2.044841460883617401e-02 3.757504001259803772e-02 9.990776777267456055e-01
4.736186936497688293e-02 -3.352348878979682922e-02 2.829239517450332642e-02 -5.262328311800956726e-03 -2.077576890587806702e-02 4.008208960294723511e-02 9.989665150642395020e-01
3.827633336186408997e-02 -2.731411904096603394e-02 2.278638072311878204e-02 -6.748218555003404617e-03 -2.073728293180465698e-02 4.348836466670036316e-02 9.988158941268920898e-01
3.020573966205120087e-02 -2.089502476155757904e-02 1.586739532649517059e-02 -7.597452495247125626e-03 -2.033676765859127045e-02 4.506688937544822693e-02 9.987480640411376953e-01
2.212262153625488281e-02 -1.457782182842493057e-02 1.152040250599384308e-02 -8.282150141894817352e-03 -1.923558861017227173e-02 4.502303525805473328e-02 9.987664222717285156e-01
1.634381525218486786e-02 -5.384999327361583710e-03 1.156297605484724045e-02 -8.762807585299015045e-03 -1.718561351299285889e-02 4.528078809380531311e-02 9.987879991531372070e-01
1.495832018554210663e-02 -1.284782891161739826e-03 1.242660637944936752e-02 -8.261616341769695282e-03 -1.737297698855400085e-02 4.668782278895378113e-02 9.987242817878723145e-01
1.588431373238563538e-02 1.709792122710496187e-04 1.236255280673503876e-02 -7.564903236925601959e-03 -1.611727289855480194e-02 4.557069391012191772e-02 9.988024234771728516e-01
1.643284223973751068e-02 1.744971727021038532e-03 1.302436739206314087e-02 -7.657448761165142059e-03 -1.447362639009952545e-02 4.341014847159385681e-02 9.989231228828430176e-01
1.794568262994289398e-02 2.210655948147177696e-03 1.293980143964290619e-02 -7.444424554705619812e-03 -1.251507736742496490e-02 4.083337634801864624e-02 9.990598559379577637e-01
1.920925639569759369e-02 3.603189717978239059e-03 1.340055186301469803e-02 -6.149555556476116180e-03 -1.014993246644735336e-02 3.844334185123443604e-02 9.991903305053710938e-01
2.140574529767036438e-02 4.807311110198497772e-03 1.279695704579353333e-02 -4.926837515085935593e-03 -8.594057522714138031e-03 3.494358807802200317e-02 9.993401765823364258e-01
2.325733937323093414e-02 6.145832128822803497e-03 1.305928081274032593e-02 -3.616653615608811378e-03 -5.152701400220394135e-03 3.100733272731304169e-02 9.994993209838867188e-01
2.483415603637695312e-02 3.015730064362287521e-03 1.221144665032625198e-02 -1.660833833739161491e-03 -2.055275952443480492e-03 2.395210228860378265e-02 9.997096061706542969e-01
2.020373009145259857e-02 -1.456557493656873703e-02 1.221041474491357803e-02 -6.001875735819339752e-04 2.127175219357013702e-03 2.032263576984405518e-02 9.997910261154174805e-01
