0.000000000000000000e+00 0.000000000000000000e+00 0.000000000000000000e+00 0.000000000000000000e+00 0.000000000000000000e+00 0.000000000000000000e+00 1.000000000000000000e+00
8.338978141546249390e-02 -9.946043603122234344e-03 3.567877411842346191e-02 -2.557677244179286033e-02 7.012107021636541579e-03 2.545011316980608576e-02 9.993242470821079859e-01
1.594730227784673104e-01 -1.849228091964167861e-02 6.892615273502633588e-02 -5.071563385223236409e-02 1.448493824501084250e-02 5.002777672045185392e-02 9.973541660831488631e-01
2.283541223415905819e-01 -2.516130722671240660e-02 9.940038283498754679e-02 -7.521504840459559971e-02 2.188742402748807686e-02 7.218657437131192900e-02 9.943101808004735087e-01
2.898440485785274134e-01 -3.086828643740215788e-02 1.271089211164022348e-01 -9.869617809107369966e-02 2.930848686628058364e-02 9.300065785214142733e-02 9.903287104123019713e-01
3.438487727207945599e-01 -3.540809206393157743e-02 1.521755335351431537e-01 -1.209693100905004370e-01 3.644577741913575947e-02 1.114593914754973547e-01 9.857052984419100161e-01
3.903923358605041471e-01 -3.932462368686705928e-02 1.743268772548837164e-01 -1.417168662984195360e-01 4.310862444008070615e-02 1.278816430503193491e-01 9.806652138605664870e-01
4.294736009258664500e-01 -4.186788202024661204e-02 1.936172912783447886e-01 -1.607098301348902081e-01 4.954187142960465862e-02 1.418283937764802105e-01 9.755012353616222542e-01
4.609091824810347404e-01 -4.401933583487338542e-02 2.101851984209359703e-01 -1.778133919517119188e-01 5.579605950662674257e-02 1.534162529613472825e-01 9.704291064850948390e-01
4.848188640321758336e-01 -4.558163732046669608e-02 2.238689082201283653e-01 -1.929447381398955164e-01 6.158937693189466683e-02 1.620840098203959467e-01 9.657680106701660439e-01
5.012138954271575519e-01 -4.675439893118069762e-02 2.345337610359288227e-01 -2.058529137236677076e-01 6.737013941029776354e-02 1.681928838220441425e-01 9.616636605689837802e-01
5.109434745507794862e-01 -4.763401123439631873e-02 2.414538841892069632e-01 -2.149213052373012411e-01 6.622747271569778826e-02 1.721997635211822142e-01 9.590463992195764620e-01
5.148412586384224499e-01 -4.725526080334396112e-02 2.457107175725704862e-01 -2.214216737717189798e-01 6.481026957564231528e-02 1.735055402256767410e-01 9.574277512442695981e-01
5.189974621218258477e-01 -4.734709418353199445e-02 2.506170374339355966e-01 -2.261490088095939321e-01 6.378120946331512775e-02 1.721788037878912159e-01 9.566310901596318805e-01
5.242278342377759692e-01 -4.779303245667001349e-02 2.557239810503818545e-01 -2.290109799408834579e-01 6.292611778047481341e-02 1.690248434653205400e-01 9.565693268441750607e-01
5.302443693687665105e-01 -4.904702335544567499e-02 2.610945924741865931e-01 -2.296453874164531839e-01 6.238194952739938709e-02 1.639515115481612328e-01 9.573355682688183821e-01
5.368488031150517870e-01 -5.049828701130729125e-02 2.671310833481868596e-01 -2.296403227759107324e-01 6.202290169059598846e-02 1.575809203844412976e-01 9.584293063925198863e-01
5.439983764390247112e-01 -5.329511417454225325e-02 2.734528162956756381e-01 -2.277227456033750763e-01 6.171380415789716467e-02 1.500707211254519724e-01 9.601106895416320341e-01
5.522229735320502986e-01 -5.518590566336706305e-02 2.802629964948279984e-01 -2.251645632520376250e-01 6.183033730564082425e-02 1.415655181942521990e-01 9.619964308159270061e-01
5.603751147133846366e-01 -5.801275119454744889e-02 2.882432552145902660e-01 -2.215348802316722265e-01 6.157478930614965207e-02 1.323608264896316833e-01 9.641636032197147266e-01
5.692595209996417216e-01 -6.133233102993575214e-02 2.966662680655713924e-01 -2.172023678056411444e-01 6.146266837328743377e-02 1.227829157408352606e-01 9.664211439213430399e-01
5.792721264886350196e-01 -6.462018438220981653e-02 3.053469993660336002e-01 -2.122572122069069922e-01 6.146385867029899308e-02 1.135471519264329987e-01 9.686465373049681915e-01
5.903901019543476014e-01 -6.871438147321290435e-02 3.139821915050965973e-01 -2.059853158821579044e-01 6.146758096894740925e-02 1.046593514256592694e-01 9.709985614252546471e-01
6.029115849147738126e-01 -7.155782953365993904e-02 3.230738527678316818e-01 -1.995786077904830869e-01 6.160543728711129902e-02 9.660046623171630875e-02 9.731605722247953505e-01
6.164344846441668357e-01 -7.535578825393587921e-02 3.324584965074000587e-01 -1.927651421308966273e-01 6.176265906388701821e-02 8.964059708961906459e-02 9.751879497194526625e-01
6.308768856783948387e-01 -7.956058622187904550e-02 3.425407823567568899e-01 -1.858864215448058632e-01 6.205476986091418984e-02 8.395528499340053352e-02 9.770091882599940547e-01
6.469751651681440174e-01 -8.312064716418567090e-02 3.527636051335039102e-01 -1.792377763002410140e-01 6.240035179128992915e-02 8.010614529808743334e-02 9.785514913016839511e-01
6.642673480796005281e-01 -8.695799673068263513e-02 3.636342437421378748e-01 -1.728790875162439789e-01 6.281792214143189224e-02 7.828219868473569598e-02 9.798156087379233936e-01
6.829781951971348741e-01 -9.066233270229542840e-02 3.750831518578561785e-01 -1.670150358773244692e-01 6.340414719704413893e-02 7.854549861505166763e-02 9.807734175416993327e-01
7.031581062411672578e-01 -9.452971074323322787e-02 3.870927345168707068e-01 -1.616814122029750500e-01 6.430900784844155449e-02 8.173955155807487161e-02 9.813470936262488342e-01
7.248392382604941231e-01 -9.807684080982621844e-02 3.998999067162117282e-01 -1.576758575922644345e-01 6.547869436967672374e-02 8.750929293488057814e-02 9.814239594417000223e-01
7.476692916925068433e-01 -1.018685403314210924e-01 4.139966841268967190e-01 -1.538237851344188833e-01 5.969965848447520568e-02 9.720831364926803275e-02 9.814910787476484044e-01
7.717164418731204956e-01 -1.055853613854905448e-01 4.294894619986165951e-01 -1.509929944359394982e-01 5.312504207866364236e-02 1.098489422993333270e-01 9.809750534091711272e-01
7.977141506105537294e-01 -1.090423321783762223e-01 4.450745425149016388e-01 -1.491870024213228785e-01 4.598531683748779270e-02 1.248758051186536489e-01 9.798135650417705289e-01
8.253561753984400839e-01 -1.116623068886967995e-01 4.612953314065547650e-01 -1.479241219586056311e-01 3.872994582886134934e-02 1.424047533058388493e-01 9.779260358916579410e-01
8.542190783792825703e-01 -1.139084791256675944e-01 4.783526159530926969e-01 -1.473768166490803666e-01 3.140144801963932336e-02 1.620061560146436042e-01 9.752169135069450601e-01
8.841789057336443269e-01 -1.177435494599904792e-01 4.966018923921046158e-01 -1.472268764932807283e-01 2.386449105442916066e-02 1.829987053422988674e-01 9.717336089421770851e-01
9.085185861766232884e-01 -1.205013653844087679e-01 5.126639552645176900e-01 -1.473999586545451101e-01 1.609945754249522687e-02 2.053270052515660249e-01 9.673959275136002622e-01
9.273358619830655014e-01 -1.208434312331107957e-01 5.259156291022503149e-01 -1.487654557497478103e-01 8.552316822215313974e-03 2.283552430819298096e-01 9.621068443834785988e-01
9.418978289698016759e-01 -1.214049898058995047e-01 5.349048732901010572e-01 -1.500909263252420134e-01 1.328225498220194419e-03 2.520279514482364203e-01 9.560088186521408238e-01
9.503251765007715290e-01 -1.200863494026495337e-01 5.435235264160631630e-01 -1.522351982394766212e-01 -5.248678023152756299e-03 2.759941202414643580e-01 9.490121924338679182e-01
9.546674549965716849e-01 -1.145225405484351228e-01 5.500869964282552038e-01 -1.539602948954381656e-01 -1.170503125028614366e-02 2.985206821282117562e-01 9.418304636084174897e-01
9.596217874879602316e-01 -1.111727664403944077e-01 5.579545202697396844e-01 -1.553097502171688626e-01 -1.764183690084375478e-02 3.218550873279782398e-01 9.337970603077223597e-01
9.641783265308252471e-01 -1.058094887436408504e-01 5.654253020983577294e-01 -1.569707647026371000e-01 -2.234591849706676903e-02 3.437738814983995472e-01 9.255702876360692999e-01
9.683636331679084108e-01 -9.824645600053985572e-02 5.718964590139563597e-01 -1.580081953694106034e-01 -2.649570074536328895e-02 3.643966303876791657e-01 9.173584271157154690e-01
9.731197149153939518e-01 -9.065317544398540650e-02 5.790304314389557172e-01 -1.594477906114745436e-01 -2.973689052202257641e-02 3.835683097534305364e-01 9.091575612423278274e-01
9.764799517558828690e-01 -8.092541234144010054e-02 5.856927922569358236e-01 -1.603904650794386322e-01 -3.221652177061063577e-02 4.008330710688492449e-01 9.014265602777189468e-01
9.801888071057225371e-01 -6.964394633735043749e-02 5.913403701004744661e-01 -1.612176260871067135e-01 -3.370390771955154852e-02 4.164057840332514027e-01 8.941359777276178811e-01
9.837352586287042566e-01 -5.678308974390092884e-02 5.963087811265372906e-01 -1.619113068493908680e-01 -3.395617831537636744e-02 4.294777783961695183e-01 8.877953280640913380e-01
9.895264992832252249e-01 -4.641923007691307890e-02 6.033151844851347700e-01 -1.625267265178303722e-01 -3.280287038715806736e-02 4.389834695846758228e-01 8.830642945409817868e-01
9.997216544739359056e-01 -4.469746418256377585e-02 6.129990215612727278e-01 -1.632406859657643816e-01 -3.015834387412984208e-02 4.465127923784982800e-01 8.792435834184703092e-01
