8.549702912569046021e-02 3.075513429939746857e-02 9.587111882865428925e-03 -1.267395354807376862e-02 7.924293167889118195e-04 3.491867682896554470e-04 9.999192953109741211e-01
7.829853892326354980e-02 2.992058172821998596e-02 5.441368557512760162e-04 -1.419672649353742599e-02 -1.951833604834973812e-03 -1.690830336883664131e-03 9.998958706855773926e-01
6.328244507312774658e-02 3.618274256587028503e-02 -2.220843359827995300e-02 -1.271307561546564102e-02 -7.963019423186779022e-03 -6.206357385963201523e-03 9.998682141304016113e-01
6.036722660064697266e-02 2.753347344696521759e-02 -1.704712770879268646e-02 -1.510523445904254913e-02 -6.915276870131492615e-03 -5.013254471123218536e-03 9.998494386672973633e-01
5.469627305865287781e-02 2.368351817131042480e-02 -1.177532039582729340e-02 -1.588349603116512299e-02 -4.988749977201223373e-03 -4.798289854079484940e-03 9.998499155044555664e-01
5.025402829051017761e-02 1.539088040590286255e-02 -6.495222914963960648e-03 -1.537571568042039871e-02 -2.911345334723591805e-03 -2.971972571685910225e-03 9.998731017112731934e-01
4.279845207929611206e-02 1.424808707088232040e-02 -1.139494241215288639e-03 -1.401627156883478165e-02 -4.209351318422704935e-04 -3.410206642001867294e-03 9.998958706855773926e-01
3.541522100567817688e-02 1.154751796275377274e-02 -4.489612765610218048e-04 -1.310806348919868469e-02 3.281051176600158215e-04 -3.426508046686649323e-03 9.999081492424011230e-01
2.758335322141647339e-02 1.006124261766672134e-02 6.878000567667186260e-04 -1.017831265926361084e-02 1.101563684642314911e-03 -4.260383546352386475e-03 9.999384880065917969e-01
1.994376629590988159e-02 7.826096378266811371e-03 1.084116986021399498e-03 -8.628053590655326843e-03 1.960108522325754166e-03 -4.194212611764669418e-03 9.999520778656005859e-01
1.269717514514923096e-02 3.515427466481924057e-03 2.727445680648088455e-03 -7.450983393937349319e-03 -4.775174893438816071e-04 -2.616216661408543587e-03 9.999687075614929199e-01
4.964330233633518219e-03 2.598780440166592598e-03 8.421441307291388512e-04 -5.586515646427869797e-03 -4.626875743269920349e-04 -2.642836887389421463e-03 9.999808073043823242e-01
5.589796230196952820e-03 2.276737010106444359e-03 1.714228652417659760e-03 -2.851643366739153862e-03 -2.532116486690938473e-04 -4.859024193137884140e-03 9.999840855598449707e-01
6.491745356470346451e-03 -2.365066320635378361e-04 2.667232416570186615e-03 -5.090737249702215195e-04 -4.548304423224180937e-04 -5.939035210758447647e-03 9.999821186065673828e-01
7.142094429582357407e-03 -2.304038032889366150e-03 2.388253808021545410e-03 1.297901850193738937e-03 -4.441171186044812202e-04 -7.733301259577274323e-03 9.999691843986511230e-01
7.948788814246654510e-03 -2.026679227128624916e-03 3.265987848863005638e-03 2.200210466980934143e-03 -4.180334799457341433e-04 -8.908390998840332031e-03 9.999577999114990234e-01
8.973968215286731720e-03 -2.072663046419620514e-03 3.482540370896458626e-03 3.168020397424697876e-03 -2.913522184826433659e-04 -1.014715060591697693e-02 9.999434351921081543e-01
9.807801805436611176e-03 -2.468107035383582115e-03 4.164463374763727188e-03 3.784442786127328873e-03 6.790106272092089057e-05 -1.070982031524181366e-02 9.999355077743530273e-01
1.061617303639650345e-02 -3.731281729415059090e-03 4.429931286722421646e-03 4.715036600828170776e-03 -1.111959063564427197e-04 -1.089267339557409286e-02 9.999295473098754883e-01
1.186160650104284286e-02 -3.854668699204921722e-03 4.665603395551443100e-03 5.908509716391563416e-03 -1.913943378895055503e-05 -1.157535985112190247e-02 9.999155402183532715e-01
1.311557833105325699e-02 -4.139414057135581970e-03 4.938537254929542542e-03 6.760189309716224670e-03 -2.168449427699670196e-04 -1.199085079133510590e-02 9.999052286148071289e-01
1.488689333200454712e-02 -4.291773773729801178e-03 3.922221250832080841e-03 9.010236710309982300e-03 -8.347521652467548847e-04 -1.206582039594650269e-02 9.998862743377685547e-01
1.637701503932476044e-02 -3.668900113552808762e-03 4.754694644361734390e-03 9.109806269407272339e-03 -6.451249355450272560e-04 -1.209562271833419800e-02 9.998851418495178223e-01
1.775133609771728516e-02 -4.046121146529912949e-03 5.339876748621463776e-03 9.813041426241397858e-03 -6.107980734668672085e-04 -1.086182333528995514e-02 9.998926520347595215e-01
1.897973380982875824e-02 -5.128366407006978989e-03 6.145065184682607651e-03 9.687412530183792114e-03 -2.574631944298744202e-04 -8.586847223341464996e-03 9.999161958694458008e-01
2.032257057726383209e-02 -6.481927353888750076e-03 6.514090579003095627e-03 9.928171522915363312e-03 -5.019320524297654629e-04 -6.063535809516906738e-03 9.999322295188903809e-01
2.187779732048511505e-02 -6.728077307343482971e-03 7.546046748757362366e-03 9.162871167063713074e-03 -2.132819936377927661e-04 -3.868143074214458466e-03 9.999505281448364258e-01
2.342832833528518677e-02 -8.114291355013847351e-03 7.753768470138311386e-03 8.734062314033508301e-03 -8.478495874442160130e-04 -1.844154321588575840e-03 9.999598264694213867e-01
2.479649335145950317e-02 -8.936659432947635651e-03 9.264685213565826416e-03 7.410232443362474442e-03 -7.017260650172829628e-04 -1.507789856987074018e-04 9.999722838401794434e-01
2.607480064034461975e-02 -9.019020013511180878e-03 1.172124315053224564e-02 5.020963959395885468e-03 -3.662300878204405308e-04 1.430770847946405411e-03 9.999862909317016602e-01
2.680216729640960693e-02 -8.786995895206928253e-03 1.511935144662857056e-02 1.443629036657512188e-03 -2.485756063833832741e-03 1.247019390575587749e-03 9.999951124191284180e-01
2.860793657600879669e-02 -8.689455687999725342e-03 1.631549187004566193e-02 7.393371779471635818e-04 -2.172729698941111565e-03 2.673590788617730141e-03 9.999938011169433594e-01
3.060202300548553467e-02 -8.425277657806873322e-03 1.704353839159011841e-02 4.295215185265988111e-04 -3.006344661116600037e-03 3.723691916093230247e-03 9.999884366989135742e-01
3.288935497403144836e-02 -8.965339511632919312e-03 1.655914448201656342e-02 5.144755123183131218e-04 -2.960715908557176590e-03 3.543583909049630165e-03 9.999892115592956543e-01
3.487931936979293823e-02 -7.371982093900442123e-03 1.738651841878890991e-02 1.449026458431035280e-04 -3.181661479175090790e-03 2.986827865242958069e-03 9.999904632568359375e-01
3.633029013872146606e-02 -8.321692235767841339e-03 1.785784773528575897e-02 -3.078164008911699057e-04 -3.311431501060724258e-03 4.026021342724561691e-03 9.999863505363464355e-01
3.066390380263328552e-02 -1.755082048475742340e-03 1.668554730713367462e-02 -6.790464394725859165e-04 -2.474687760695815086e-03 4.193148575723171234e-03 9.999879002571105957e-01
2.544314600527286530e-02 4.640878643840551376e-03 1.197097357362508774e-02 -2.117769909091293812e-04 -3.129409160465002060e-03 4.670085385441780090e-03 9.999842047691345215e-01
2.049243263900279999e-02 3.249145345762372017e-03 7.268870715051889420e-03 -1.043620519340038300e-03 -5.426624789834022522e-03 8.690604940056800842e-03 9.999469518661499023e-01
1.520708575844764709e-02 8.196876151487231255e-04 2.752489643171429634e-03 -1.921380287967622280e-03 -7.504146080464124680e-03 1.265040691941976547e-02 9.998899698257446289e-01
8.937424048781394958e-03 -1.777190918801352382e-04 2.001359127461910248e-03 -2.292207907885313034e-03 -7.147522177547216415e-03 1.513140089809894562e-02 9.998573660850524902e-01
8.304240182042121887e-03 6.153913564048707485e-04 1.829554559662938118e-03 -2.211256884038448334e-03 -7.178029045462608337e-03 1.598269492387771606e-02 9.998440742492675781e-01
7.512570824474096298e-03 1.905853510834276676e-03 1.074549392797052860e-03 -2.038607839494943619e-03 -6.609831005334854126e-03 1.549291424453258514e-02 9.998560547828674316e-01
6.950732786208391190e-03 -9.982599294744431973e-05 1.321156276389956474e-03 -1.785148866474628448e-03 -5.717851221561431885e-03 1.492610014975070953e-02 9.998706579208374023e-01
6.126471795141696930e-03 -5.104760639369487762e-04 1.253854832611978054e-03 -1.809430890716612339e-03 -5.044479388743638992e-03 1.446703542023897171e-02 9.998809695243835449e-01
5.114438477903604507e-03 -1.374796614982187748e-03 1.151149044744670391e-03 -1.718288287520408630e-03 -4.026236943900585175e-03 1.345536112785339355e-02 9.998998641967773438e-01
4.273536149412393570e-03 -1.065648044459521770e-03 1.098622917197644711e-03 -1.466779620386660099e-03 -2.822123933583498001e-03 1.160536892712116241e-02 9.999275803565979004e-01
3.524404251947999001e-03 -8.372465963475406170e-04 2.169832150684669614e-04 -1.551879104226827621e-03 -1.862960401922464371e-03 1.019028015434741974e-02 9.999451637268066406e-01
5.465560127049684525e-03 -2.040108665823936462e-03 4.819982495973818004e-05 -3.722971887327730656e-04 -6.960862083360552788e-04 7.158153224736452103e-03 9.999740719795227051e-01
8.234597742557525635e-03 -2.888213377445936203e-03 1.236223615705966949e-03 1.155322184786200523e-03 2.673025883268564939e-04 2.387872198596596718e-03 9.999964237213134766e-01
1.726731061935424805e-01 2.750810422003269196e-02 1.082929223775863647e-02 -1.795912161469459534e-02 -7.635825313627719879e-04 4.903759807348251343e-03 9.998264312744140625e-01
1.403734087944030762e-01 7.598143815994262695e-02 1.140916254371404648e-02 -1.341244950890541077e-02 -3.184536937624216080e-03 -6.934531033039093018e-03 9.998809099197387695e-01
1.283357143402099609e-01 6.504182517528533936e-02 -1.548441313207149506e-02 -1.976186782121658325e-02 -7.731446065008640289e-03 -7.735926192253828049e-03 9.997448921203613281e-01
1.129873991012573242e-01 5.005715042352676392e-02 -3.789539635181427002e-02 -2.550964802503585815e-02 -1.034169364720582962e-02 -9.044713340699672699e-03 9.995801448822021484e-01
1.057205423712730408e-01 3.388126567006111145e-02 -2.461146935820579529e-02 -2.635643444955348969e-02 -6.604461930692195892e-03 -6.885226815938949585e-03 9.996070861816406250e-01
9.194169938564300537e-02 3.016256168484687805e-02 -1.601364091038703918e-02 -2.518538571894168854e-02 -3.831374924629926682e-03 -8.617713116109371185e-03 9.996383190155029297e-01
7.665349543094635010e-02 2.944798767566680908e-02 -6.524134892970323563e-03 -2.314474806189537048e-02 -6.654776516370475292e-04 -9.866035543382167816e-03 9.996832013130187988e-01
6.171252578496932983e-02 2.508764341473579407e-02 -7.201355183497071266e-04 -1.962513662874698639e-02 1.918977708555757999e-03 -1.010451838374137878e-02 9.997544884681701660e-01
4.642363265156745911e-02 2.052634023129940033e-02 2.467704704031348228e-03 -1.657506078481674194e-02 3.498632693663239479e-03 -9.604191407561302185e-03 9.998103976249694824e-01
3.219474852085113525e-02 1.345678977668285370e-02 -6.532390834763646126e-04 -1.556419767439365387e-02 3.445243055466562510e-04 -6.991627160459756851e-03 9.998543858528137207e-01
1.796696335077285767e-02 6.399382371455430984e-03 -6.145705119706690311e-04 -1.393412332981824875e-02 -2.281439024955034256e-03 -4.781892057508230209e-03 9.998888969421386719e-01
9.783744812011718750e-03 6.474018562585115433e-03 2.123879035934805870e-03 -8.003332652151584625e-03 -8.120803977362811565e-04 -7.198346778750419617e-03 9.999417066574096680e-01
1.155697088688611984e-02 5.012248642742633820e-03 4.220578819513320923e-03 -3.727741772308945656e-03 -3.207311965525150299e-04 -1.030612923204898834e-02 9.999399185180664062e-01
1.363479346036911011e-02 2.928648842498660088e-03 5.220755469053983688e-03 -3.550441178958863020e-04 -6.696701166220009327e-04 -1.396765187382698059e-02 9.999021887779235840e-01
1.498192269355058670e-02 -2.083207014948129654e-03 7.079637143760919571e-03 2.369735157117247581e-03 -8.518061076756566763e-05 -1.556808594614267349e-02 9.998760223388671875e-01
1.677620969712734222e-02 -2.136452123522758484e-03 7.918849587440490723e-03 3.779252525418996811e-03 3.563627979019656777e-05 -1.805019937455654144e-02 9.998299479484558105e-01
1.849076896905899048e-02 -3.141812048852443695e-03 8.952420204877853394e-03 5.068309139460325241e-03 3.768076712731271982e-04 -1.996735669672489166e-02 9.997876882553100586e-01
2.066338434815406799e-02 -2.632542978972196579e-03 9.822006337344646454e-03 6.910430267453193665e-03 1.346041099168360233e-04 -2.182387188076972961e-02 9.997379183769226074e-01
2.343867532908916473e-02 -3.006869228556752205e-03 9.338103234767913818e-03 8.921887725591659546e-03 -3.679104556795209646e-04 -2.358914352953433990e-02 9.996818304061889648e-01
2.611275203526020050e-02 -3.138042055070400238e-03 9.396077133715152740e-03 9.924694895744323730e-03 -1.745816261973232031e-04 -2.469668537378311157e-02 9.996457099914550781e-01
2.859192714095115662e-02 -5.355024244636297226e-03 9.477969259023666382e-03 1.224193163216114044e-02 -1.201142324134707451e-03 -2.390685118734836578e-02 9.996384978294372559e-01
3.146720677614212036e-02 -6.718186661601066589e-03 9.048965759575366974e-03 1.379521377384662628e-02 -1.494456315413117409e-03 -2.315462566912174225e-02 9.996355772018432617e-01
3.471674770116806030e-02 -5.988688673824071884e-03 9.221734479069709778e-03 1.574564166367053986e-02 -2.127679763361811638e-03 -2.225258015096187592e-02 9.996261000633239746e-01
3.808322548866271973e-02 -4.995723720639944077e-03 9.517553262412548065e-03 1.735934987664222717e-02 -1.776149147190153599e-03 -2.030802704393863678e-02 9.996414780616760254e-01
4.102195426821708679e-02 -8.739489130675792694e-03 9.018995799124240875e-03 1.900159753859043121e-02 -2.115213079378008842e-03 -1.517496258020401001e-02 9.997020363807678223e-01
4.354220256209373474e-02 -1.374802272766828537e-02 8.269057609140872955e-03 2.024607546627521515e-02 -3.156841965392231941e-03 -9.871179237961769104e-03 9.997413158416748047e-01
4.643800482153892517e-02 -1.597659662365913391e-02 9.800961241126060486e-03 1.922887004911899567e-02 -2.988691208884119987e-03 -5.739252083003520966e-03 9.997941851615905762e-01
4.884446784853935242e-02 -1.936614140868186951e-02 1.208611577749252319e-02 1.657374389469623566e-02 -2.267424715682864189e-03 -6.997453747317194939e-04 9.998598098754882812e-01
5.181774124503135681e-02 -1.771789230406284332e-02 1.884475350379943848e-02 1.176204811781644821e-02 -6.354036304401233792e-05 1.197706558741629124e-03 9.999300837516784668e-01
5.382816120982170105e-02 -1.739766076207160950e-02 2.532227151095867157e-02 5.135534331202507019e-03 -2.187340054661035538e-03 2.875062171369791031e-03 9.999802708625793457e-01
5.675729736685752869e-02 -1.541342120617628098e-02 3.008723445236682892e-02 2.273512072861194611e-03 -4.675512667745351791e-03 2.694217721000313759e-03 9.999828338623046875e-01
6.100583821535110474e-02 -1.409202255308628082e-02 3.149369731545448303e-02 1.560221309773623943e-03 -4.665699321776628494e-03 4.409913439303636551e-03 9.999781847000122070e-01
6.551346182823181152e-02 -1.386100333184003830e-02 3.131660446524620056e-02 1.587199280038475990e-03 -5.515677388757467270e-03 5.459775216877460480e-03 9.999686479568481445e-01
6.916733831167221069e-02 -1.626375503838062286e-02 3.109869547188282013e-02 1.163656124845147133e-03 -5.858105607330799103e-03 5.616462323814630508e-03 9.999663829803466797e-01
7.327928394079208374e-02 -1.741624623537063599e-02 2.977288514375686646e-02 4.073414020240306854e-04 -7.483166176825761795e-03 6.758911535143852234e-03 9.999490976333618164e-01
7.020686566829681396e-02 -7.641814649105072021e-03 2.882449701428413391e-02 -1.862513745436444879e-04 -6.617831997573375702e-03 5.895733833312988281e-03 9.999607205390930176e-01
5.803961679339408875e-02 3.353561274707317352e-03 2.540425769984722137e-02 1.272817462449893355e-04 -6.344591733068227768e-03 8.515479974448680878e-03 9.999436140060424805e-01
4.788332432508468628e-02 8.577478118240833282e-03 1.344229560345411301e-02 -1.100265770219266415e-03 -1.139353308826684952e-02 1.455343607813119888e-02 9.998285770416259766e-01
3.438445553183555603e-02 1.393265649676322937e-02 4.916273523122072220e-03 -1.950425794348120689e-03 -1.621308177709579468e-02 1.839268580079078674e-02 9.996974468231201172e-01
1.864438690245151520e-02 1.563663594424724579e-02 2.912046853452920914e-03 -1.769951777532696724e-03 -1.495532318949699402e-02 2.381284534931182861e-02 9.996029734611511230e-01
1.060155965387821198e-02 1.403238438069820404e-02 1.801691949367523193e-03 -7.770792581140995026e-04 -1.316693611443042755e-02 2.724481560289859772e-02 9.995417594909667969e-01
1.106883957982063293e-02 1.188497059047222137e-02 1.819516066461801529e-03 -1.043419237248599529e-03 -1.256767939776182175e-02 2.780642546713352203e-02 9.995337724685668945e-01
7.814616896212100983e-03 1.264385879039764404e-02 9.274909389205276966e-04 -4.421120975166559219e-04 -1.109439879655838013e-02 2.742770500481128693e-02 9.995621442794799805e-01
9.609573520720005035e-03 9.075430221855640411e-03 1.814398914575576782e-03 -1.243396080099046230e-03 -1.036109495908021927e-02 2.794825844466686249e-02 9.995548725128173828e-01
8.220362477004528046e-03 8.184434846043586731e-03 1.402505557052791119e-03 -1.021440606564283371e-03 -9.003511629998683929e-03 2.755852602422237396e-02 9.995791316032409668e-01
8.160722441971302032e-03 5.439882632344961166e-03 1.659379922784864902e-03 -1.548372092656791210e-03 -7.097120396792888641e-03 2.597851119935512543e-02 9.996361136436462402e-01
7.703978568315505981e-03 2.330811228603124619e-03 1.287573133595287800e-03 -1.214600633829832077e-03 -4.873727913945913315e-03 2.360518090426921844e-02 9.997087121009826660e-01
9.037733078002929688e-03 4.733148962259292603e-04 9.633502922952175140e-04 -7.806408102624118328e-04 -2.923241350799798965e-03 1.873179897665977478e-02 9.998199939727783203e-01
1.441300287842750549e-02 -1.966092269867658615e-03 -3.386161115486174822e-04 7.523784297518432140e-04 -4.537919012364000082e-04 9.639978408813476562e-03 9.999531507492065430e-01
