8.309351652860641479e-02 -9.533602744340896606e-03 3.647371754050254822e-02 -2.598081715404987335e-02 7.370436098426580429e-03 2.588199265301227570e-02 9.993001818656921387e-01
7.467618584632873535e-02 -1.378487516194581985e-02 3.464864939451217651e-02 -2.539069019258022308e-02 7.702916394919157028e-03 2.466827817261219025e-02 9.993435144424438477e-01
6.650965660810470581e-02 -1.669422537088394165e-02 3.186737373471260071e-02 -2.481378056108951569e-02 7.815054617822170258e-03 2.242355234920978546e-02 9.994100332260131836e-01
5.834743008017539978e-02 -1.835525222122669220e-02 2.898286841809749603e-02 -2.388657256960868835e-02 7.899964228272438049e-03 2.121023833751678467e-02 9.994584321975708008e-01
5.011370033025741577e-02 -1.901767961680889130e-02 2.631348930299282074e-02 -2.271875552833080292e-02 7.678182329982519150e-03 1.895631849765777588e-02 9.995326995849609375e-01
4.202798753976821899e-02 -1.927108503878116608e-02 2.312137559056282043e-02 -2.111997082829475403e-02 7.303072605282068253e-03 1.692894287407398224e-02 9.996069073677062988e-01
3.443470224738121033e-02 -1.774465292692184448e-02 2.013236097991466522e-02 -1.928199268877506256e-02 7.140619680285453796e-03 1.457194425165653229e-02 9.996823668479919434e-01
2.670694515109062195e-02 -1.595901697874069214e-02 1.730228587985038757e-02 -1.739978790283203125e-02 7.086778525263071060e-03 1.234470214694738388e-02 9.997472763061523438e-01
1.954502053558826447e-02 -1.332865655422210693e-02 1.420199405401945114e-02 -1.523026078939437866e-02 6.819204892963171005e-03 9.343057870864868164e-03 9.998171329498291016e-01
1.268874201923608780e-02 -1.022577658295631409e-02 1.087845582515001297e-02 -1.265247911214828491e-02 6.917057093232870102e-03 6.972767878323793411e-03 9.998717308044433594e-01
6.669637281447649002e-03 -6.648655980825424194e-03 7.391742896288633347e-03 -9.779556654393672943e-03 -2.310737272637197748e-06 3.509977133944630623e-03 9.999459981918334961e-01
1.586650963872671127e-03 -2.460442250594496727e-03 4.988543223589658737e-03 -7.059729192405939102e-03 -2.453657507430762053e-04 8.317711181007325649e-04 9.999747276306152344e-01
1.836310606449842453e-03 -3.371309954673051834e-03 5.159134045243263245e-03 -4.901358857750892639e-03 2.891270851250737906e-04 -1.598534057848155499e-03 9.999866485595703125e-01
2.588491421192884445e-03 -4.437530878931283951e-03 5.219631362706422806e-03 -2.744631143286824226e-03 4.807842778973281384e-04 -3.362361574545502663e-03 9.999904632568359375e-01
2.718437695875763893e-03 -5.751923657953739166e-03 5.112742073833942413e-03 -2.361628721700981259e-04 7.399517344310879707e-04 -5.305450409650802612e-03 9.999856352806091309e-01
3.261513542383909225e-03 -6.138245575129985809e-03 5.817937199026346207e-03 5.636743735522031784e-04 1.134985708631575108e-03 -6.446269806474447250e-03 9.999784231185913086e-01
3.399322973564267159e-03 -7.578067947179079056e-03 5.469956900924444199e-03 2.559197600930929184e-03 1.167115289717912674e-03 -7.450145203620195389e-03 9.999682903289794922e-01
4.839336965233087540e-03 -7.253871764987707138e-03 6.446689367294311523e-03 3.396571613848209381e-03 1.584399607963860035e-03 -8.314361795783042908e-03 9.999583959579467773e-01
4.397733137011528015e-03 -8.249937556684017181e-03 7.122603245079517365e-03 4.491888452321290970e-03 1.225342857651412487e-03 -9.064239449799060822e-03 9.999480843544006348e-01
5.203919019550085068e-03 -8.833019994199275970e-03 7.469700649380683899e-03 5.295774433761835098e-03 1.471603522077202797e-03 -9.288724511861801147e-03 9.999417662620544434e-01
6.515613757073879242e-03 -9.002388454973697662e-03 7.932283915579319000e-03 5.797129124402999878e-03 1.427393988706171513e-03 -8.925265632569789886e-03 9.999423623085021973e-01
7.488019764423370361e-03 -9.878249838948249817e-03 7.828672416508197784e-03 7.025698665529489517e-03 1.137050334364175797e-03 -8.526055142283439636e-03 9.999383091926574707e-01
8.987562730908393860e-03 -9.060199372470378876e-03 9.201495908200740814e-03 7.104896008968353271e-03 1.088335760869085789e-03 -7.678597699850797653e-03 9.999446868896484375e-01
9.840201586484909058e-03 -1.010881830006837845e-02 9.292313829064369202e-03 7.347575388848781586e-03 7.830812828615307808e-04 -6.506265606731176376e-03 9.999515414237976074e-01
1.090067066252231598e-02 -1.056652888655662537e-02 9.871150366961956024e-03 7.379044312983751297e-03 6.816674140281975269e-04 -5.215086974203586578e-03 9.999589323997497559e-01
1.279064174741506577e-02 -1.002961862832307816e-02 1.058966293931007385e-02 6.974278483539819717e-03 4.842621856369078159e-04 -3.398280823603272438e-03 9.999697804450988770e-01
1.400337740778923035e-02 -1.041028741747140884e-02 1.128924451768398285e-02 6.564444862306118011e-03 1.444692607037723064e-04 -1.367845339700579643e-03 9.999775290489196777e-01
1.534181926399469376e-02 -1.060725376009941101e-02 1.212476938962936401e-02 5.942176561802625656e-03 1.752660864440258592e-05 7.242870633490383625e-04 9.999820590019226074e-01
1.677836664021015167e-02 -1.095495279878377914e-02 1.284098345786333084e-02 5.113529041409492493e-03 -1.137667131843045354e-04 3.680395660921931267e-03 9.999801516532897949e-01
1.821540668606758118e-02 -1.118723675608634949e-02 1.377395726740360260e-02 3.630290273576974869e-03 -6.284493429120630026e-05 6.273732986301183701e-03 9.999737143516540527e-01
1.882680132985115051e-02 -1.213936042040586472e-02 1.524778548628091812e-02 2.566816983744502068e-03 -7.451249286532402039e-03 8.964338339865207672e-03 9.999287724494934082e-01
1.984978839755058289e-02 -1.307023596018552780e-02 1.634812727570533752e-02 1.233274233527481556e-03 -8.489744737744331360e-03 1.176161132752895355e-02 9.998940229415893555e-01
2.166833169758319855e-02 -1.351590268313884735e-02 1.668922603130340576e-02 -1.270285138161852956e-04 -9.229799732565879822e-03 1.395786833018064499e-02 9.998599886894226074e-01
2.334574982523918152e-02 -1.397247519344091415e-02 1.714075729250907898e-02 -8.748747641220688820e-04 -9.720881469547748566e-03 1.644023321568965912e-02 9.998171925544738770e-01
2.435810118913650513e-02 -1.492397021502256393e-02 1.769241876900196075e-02 -1.818261225707828999e-03 -9.884780272841453552e-03 1.853883266448974609e-02 9.997776150703430176e-01
2.454409748315811157e-02 -1.796014606952667236e-02 1.789847761392593384e-02 -2.383238403126597404e-03 -1.022549718618392944e-02 2.013888955116271973e-02 9.997420310974121094e-01
1.947306469082832336e-02 -1.547986362129449844e-02 1.546573545783758163e-02 -2.990355016663670540e-03 -1.049056276679039001e-02 2.146903425455093384e-02 9.997100234031677246e-01
1.523576304316520691e-02 -1.125458534806966782e-02 1.307744719088077545e-02 -4.278621170669794083e-03 -1.017007790505886078e-02 2.240148559212684631e-02 9.996881484985351562e-01
1.082458999007940292e-02 -9.209878742694854736e-03 9.548776783049106598e-03 -4.296311642974615097e-03 -9.962951764464378357e-03 2.305885963141918182e-02 9.996752142906188965e-01
5.792910698801279068e-03 -4.858104512095451355e-03 9.480568580329418182e-03 -5.030442960560321808e-03 -8.971772156655788422e-03 2.361597493290901184e-02 9.996681809425354004e-01
4.284155089408159256e-03 2.132071531377732754e-04 8.630820550024509430e-03 -4.555060062557458878e-03 -8.983773179352283478e-03 2.281921170651912689e-02 9.996888637542724609e-01
3.919340204447507858e-03 -1.854743808507919312e-03 8.880485780537128448e-03 -4.146621096879243851e-03 -8.766591548919677734e-03 2.324904501438140869e-02 9.996826648712158203e-01
4.705256316810846329e-03 -6.922804750502109528e-04 9.095091372728347778e-03 -4.306289367377758026e-03 -7.573704700917005539e-03 2.256079390645027161e-02 9.997075200080871582e-01
5.774889606982469559e-03 1.114012440666556358e-03 9.055482223629951477e-03 -3.603766672313213348e-03 -6.685920059680938721e-03 2.147532440721988678e-02 9.997405409812927246e-01
6.695089861750602722e-03 6.897457933519035578e-05 9.292083792388439178e-03 -3.530882997438311577e-03 -5.543175153434276581e-03 2.027730457484722137e-02 9.997727870941162109e-01
6.661538500338792801e-03 2.290054224431514740e-03 1.003429945558309555e-02 -2.679665340110659599e-03 -4.550811368972063065e-03 1.841501705348491669e-02 9.998164772987365723e-01
8.458438329398632050e-03 3.005546284839510918e-03 9.609563276171684265e-03 -2.197718713432550430e-03 -3.538592951372265816e-03 1.697516813874244690e-02 9.998472332954406738e-01
5.815122742205858231e-03 3.137593856081366539e-03 1.260967645794153214e-02 -1.487808651290833950e-03 -1.782317180186510086e-03 1.437374763190746307e-02 9.998940229415893555e-01
1.028209924697875977e-02 2.012077311519533396e-04 9.180178865790367126e-03 -5.436774808913469315e-04 -3.146929084323346615e-04 1.106119249016046524e-02 9.999386072158813477e-01
6.134203635156154633e-03 -8.960541337728500366e-03 9.097395464777946472e-03 9.379078983329236507e-05 1.390641555190086365e-03 8.893822319805622101e-03 9.999594688415527344e-01
1.592748165130615234e-01 -1.743598841130733490e-02 6.965771317481994629e-02 -5.148285999894142151e-02 1.505149435251951218e-02 4.969558119773864746e-02 9.973230957984924316e-01
1.429840326309204102e-01 -2.496270090341567993e-02 6.511662155389785767e-02 -5.002965033054351807e-02 1.717863790690898895e-02 4.650188609957695007e-02 9.975166916847229004e-01
1.263358592987060547e-01 -3.033591806888580322e-02 6.044896692037582397e-02 -4.846156388521194458e-02 1.512987725436687469e-02 4.367831721901893616e-02 9.977548718452453613e-01
1.099560409784317017e-01 -3.334628418087959290e-02 5.502244457602500916e-02 -4.674733802676200867e-02 1.521810702979564667e-02 3.992181271314620972e-02 9.979926347732543945e-01
9.374446421861648560e-02 -3.470932692289352417e-02 4.917550086975097656e-02 -4.356169328093528748e-02 1.535641588270664215e-02 3.602055460214614868e-02 9.982830882072448730e-01
7.748140394687652588e-02 -3.463820368051528931e-02 4.345429316163063049e-02 -4.065594077110290527e-02 1.441182009875774384e-02 3.133627027273178101e-02 9.985777139663696289e-01
6.314232200384140015e-02 -3.065971098840236664e-02 3.679401800036430359e-02 -3.661338239908218384e-02 1.440266799181699753e-02 2.707118541002273560e-02 9.988589286804199219e-01
4.899147525429725647e-02 -2.525260671973228455e-02 3.088531270623207092e-02 -3.196850791573524475e-02 1.428384054452180862e-02 2.145532891154289246e-02 9.991564750671386719e-01
3.479329869151115417e-02 -2.060141973197460175e-02 2.425873465836048126e-02 -2.756835892796516418e-02 1.316474378108978271e-02 1.638594828546047211e-02 9.993988871574401855e-01
2.157875895500183105e-02 -1.499762758612632751e-02 1.725501380860805511e-02 -2.221277542412281036e-02 6.611585617065429688e-03 1.052204798907041550e-02 9.996760487556457520e-01
9.869625791907310486e-03 -9.073042310774326324e-03 1.023509819060564041e-02 -1.690026558935642242e-02 -1.182508094643708318e-05 4.124816972762346268e-03 9.998486638069152832e-01
5.244570784270763397e-03 -6.174595560878515244e-03 9.124723263084888458e-03 -1.150214020162820816e-02 -9.536548168398439884e-05 -1.724506146274507046e-03 9.999323487281799316e-01
5.217971280217170715e-03 -7.770073134452104568e-03 1.006287802010774612e-02 -7.566889747977256775e-03 6.963398773223161697e-04 -5.269112996757030487e-03 9.999572634696960449e-01
6.228706799447536469e-03 -9.797095321118831635e-03 1.023839786648750305e-02 -3.090701764449477196e-03 1.277801115065813065e-03 -9.272862225770950317e-03 9.999514222145080566e-01
7.813001982867717743e-03 -1.122062839567661285e-02 1.046814862638711929e-02 -1.220459307660348713e-04 1.857160124927759171e-03 -1.212155167013406754e-02 9.999247789382934570e-01
8.559130132198333740e-03 -1.319811306893825531e-02 1.066364999860525131e-02 3.197852056473493576e-03 2.220369409769773483e-03 -1.460794173181056976e-02 9.998857378959655762e-01
9.205834008753299713e-03 -1.499445922672748566e-02 1.106267329305410385e-02 5.712665151804685593e-03 2.419479191303253174e-03 -1.622095145285129547e-02 9.998492002487182617e-01
9.836328215897083282e-03 -1.599193550646305084e-02 1.256525050848722458e-02 8.235236629843711853e-03 2.698334166780114174e-03 -1.727196946740150452e-02 9.998132586479187012e-01
1.137044373899698257e-02 -1.689524762332439423e-02 1.349680498242378235e-02 1.010389067232608795e-02 2.724166028201580048e-03 -1.827282644808292389e-02 9.997782707214355469e-01
1.358050759881734848e-02 -1.777383126318454742e-02 1.389305852353572845e-02 1.169844064861536026e-02 2.880862914025783539e-03 -1.819121465086936951e-02 9.997619390487670898e-01
1.422214601188898087e-02 -1.931258104741573334e-02 1.503551192581653595e-02 1.301707979291677475e-02 2.478872425854206085e-03 -1.725876145064830780e-02 9.997632503509521484e-01
1.692427881062030792e-02 -1.925268210470676422e-02 1.631723903119564056e-02 1.387798693031072617e-02 2.382398350164294243e-03 -1.615110784769058228e-02 9.997704029083251953e-01
1.943247951567173004e-02 -1.988053321838378906e-02 1.706356368958950043e-02 1.432741247117519379e-02 1.974835526198148727e-03 -1.418137084692716599e-02 9.997948408126831055e-01
2.152243070304393768e-02 -2.035652287304401398e-02 1.862736791372299194e-02 1.456755679100751877e-02 1.494252821430563927e-03 -1.155440043658018112e-02 9.998260140419006348e-01
2.410209178924560547e-02 -2.072404697537422180e-02 1.989732682704925537e-02 1.419906504452228546e-02 1.008052960969507694e-03 -8.464449085295200348e-03 9.998628497123718262e-01
2.676319330930709839e-02 -2.093178778886795044e-02 2.143876627087593079e-02 1.358559262007474899e-02 5.334022571332752705e-04 -4.702268633991479874e-03 9.998965263366699219e-01
2.918309345841407776e-02 -2.132866345345973969e-02 2.333123609423637390e-02 1.245709694921970367e-02 6.431702786358073354e-05 -5.790289724245667458e-04 9.999222159385681152e-01
3.207240626215934753e-02 -2.172728814184665680e-02 2.487791702151298523e-02 1.081071142107248306e-02 1.040810457197949290e-04 4.401685204356908798e-03 9.999318718910217285e-01
3.480347990989685059e-02 -2.241484075784683228e-02 2.663099579513072968e-02 8.856772445142269135e-03 -4.278651031199842691e-04 9.589396417140960693e-03 9.999147057533264160e-01
3.669893369078636169e-02 -2.345378883183002472e-02 2.935493364930152893e-02 6.301400717347860336e-03 -7.519945036619901657e-03 1.505118142813444138e-02 9.998385906219482422e-01
3.984380885958671570e-02 -2.439547143876552582e-02 3.076478280127048492e-02 3.501264611259102821e-03 -1.599037833511829376e-02 2.031562477350234985e-02 9.996595978736877441e-01
4.210426285862922668e-02 -2.628698013722896576e-02 3.253617882728576660e-02 1.199737656861543655e-03 -1.769283786416053772e-02 2.584878169000148773e-02 9.995085597038269043e-01
4.469825327396392822e-02 -2.796660177409648895e-02 3.385747969150543213e-02 -9.010559879243373871e-04 -1.876194961369037628e-02 3.071753680706024170e-02 9.993516206741333008e-01
4.678858444094657898e-02 -3.021697513759136200e-02 3.495095670223236084e-02 -2.640844322741031647e-03 -1.943397894501686096e-02 3.509924933314323425e-02 9.991913437843322754e-01
4.842899739742279053e-02 -3.327388688921928406e-02 3.595896065235137939e-02 -4.291152115911245346e-03 -2.019684389233589172e-02 3.828364983201026917e-02 9.990535974502563477e-01
4.416465014219284058e-02 -3.268288075923919678e-02 3.389311581850051880e-02 -5.708233918994665146e-03 -2.043691650032997131e-02 4.097301512956619263e-02 9.989349246025085449e-01
3.536661714315414429e-02 -2.621318586170673370e-02 2.815011516213417053e-02 -6.821568589657545090e-03 -2.017340436577796936e-02 4.381931945681571960e-02 9.988124966621398926e-01
2.618975378572940826e-02 -2.074548229575157166e-02 2.201100997626781464e-02 -7.584548555314540863e-03 -1.982708834111690521e-02 4.512798786163330078e-02 9.987556338310241699e-01
1.711383834481239319e-02 -1.426406763494014740e-02 1.839281804859638214e-02 -8.286661468446254730e-03 -1.904608123004436493e-02 4.567825794219970703e-02 9.987402558326721191e-01
9.769161231815814972e-03 -5.830725189298391342e-03 1.733167842030525208e-02 -8.769499137997627258e-03 -1.734486222267150879e-02 4.583285748958587646e-02 9.987600445747375488e-01
9.902014397084712982e-03 -7.684396696276962757e-04 1.676848530769348145e-02 -8.351125754415988922e-03 -1.727009378373622894e-02 4.666593670845031738e-02 9.987263083457946777e-01
1.101742219179868698e-02 1.245426246896386147e-03 1.679996401071548462e-02 -7.392297498881816864e-03 -1.629507541656494141e-02 4.576307907700538635e-02 9.987920522689819336e-01
1.097881142050027847e-02 2.424421953037381172e-03 1.778497174382209778e-02 -7.874201051890850067e-03 -1.434270851314067841e-02 4.358987882733345032e-02 9.989154934883117676e-01
1.297225803136825562e-02 2.941495971754193306e-03 1.781687885522842407e-02 -7.291168905794620514e-03 -1.228193752467632294e-02 4.136529192328453064e-02 9.990419745445251465e-01
1.363402232527732849e-02 4.175777081400156021e-03 1.892695389688014984e-02 -6.209883373230695724e-03 -1.000703871250152588e-02 3.894296288490295410e-02 9.991720318794250488e-01
1.480328105390071869e-02 5.900424439460039139e-03 1.977690868079662323e-02 -5.166552495211362839e-03 -8.395104669034481049e-03 3.529720008373260498e-02 9.993282556533813477e-01
1.798490062355995178e-02 7.059772033244371414e-03 1.938872970640659332e-02 -3.821589983999729156e-03 -5.053826607763767242e-03 3.147372975945472717e-02 9.994844794273376465e-01
2.080974169075489044e-02 4.380656406283378601e-03 1.796423830091953278e-02 -1.902892370708286762e-03 -2.010804368183016777e-03 2.495079673826694489e-02 9.996848702430725098e-01
2.061085775494575500e-02 -4.842131864279508591e-03 1.792169921100139618e-02 -1.457006437703967094e-04 1.215839642100036144e-03 1.899784244596958160e-02 9.998188018798828125e-01
