8.347741514444351196e-02 -9.749644435942173004e-03 3.552773594856262207e-02 -2.540718205273151398e-02 6.868715398013591766e-03 2.558337710797786713e-02 9.993261694908142090e-01
7.496270537376403809e-02 -1.464320532977581024e-02 3.366383537650108337e-02 -2.494050748646259308e-02 7.514392025768756866e-03 2.476683072745800018e-02 9.993538260459899902e-01
6.689400970935821533e-02 -1.626852154731750488e-02 3.127760440111160278e-02 -2.451647073030471802e-02 7.570819929242134094e-03 2.225318551063537598e-02 9.994230270385742188e-01
5.846325680613517761e-02 -1.875547505915164948e-02 2.848900668323040009e-02 -2.349458821117877960e-02 7.591355592012405396e-03 2.113800682127475739e-02 9.994716644287109375e-01
5.020747333765029907e-02 -1.944123022258281708e-02 2.582059614360332489e-02 -2.232909947633743286e-02 7.347038947045803070e-03 1.872112043201923370e-02 9.995483756065368652e-01
4.219666495919227600e-02 -1.958769373595714569e-02 2.254082821309566498e-02 -2.086510509252548218e-02 6.910301744937896729e-03 1.677452586591243744e-02 9.996176958084106445e-01
3.474200889468193054e-02 -1.782785542309284210e-02 1.952162757515907288e-02 -1.909695006906986237e-02 6.828170269727706909e-03 1.433584559708833694e-02 9.996915459632873535e-01
2.709547989070415497e-02 -1.610572822391986847e-02 1.654571481049060822e-02 -1.720297895371913910e-02 6.875033956021070480e-03 1.214592903852462769e-02 9.997546076774597168e-01
2.002654038369655609e-02 -1.342887151986360550e-02 1.341493893414735794e-02 -1.517293695360422134e-02 6.749738473445177078e-03 9.197751060128211975e-03 9.998198151588439941e-01
1.320156455039978027e-02 -1.033943891525268555e-02 1.013539265841245651e-02 -1.277234312146902084e-02 6.803025491535663605e-03 6.831877864897251129e-03 9.998719692230224609e-01
7.620733231306076050e-03 -6.851207930594682693e-03 6.189660169184207916e-03 -9.735276922583580017e-03 -2.197953435825183988e-04 3.353898180648684502e-03 9.999469518661499023e-01
3.464435692876577377e-03 -2.491622697561979294e-03 3.904650919139385223e-03 -6.810095161199569702e-03 -4.635701479855924845e-04 7.478310726583003998e-04 9.999763965606689453e-01
3.292563837021589279e-03 -3.507071640342473984e-03 4.267774987965822220e-03 -4.820875357836484909e-03 1.783422485459595919e-04 -1.793981995433568954e-03 9.999867677688598633e-01
4.098007455468177795e-03 -4.242613445967435837e-03 4.340861923992633820e-03 -2.717434661462903023e-03 4.661754646804183722e-04 -3.426763694733381271e-03 9.999903440475463867e-01
4.547416232526302338e-03 -5.288821179419755936e-03 4.238400142639875412e-03 -1.589619641890749335e-04 7.536543416790664196e-04 -5.088584963232278824e-03 9.999867677688598633e-01
4.934678785502910614e-03 -5.850524641573429108e-03 4.856361076235771179e-03 5.940216942690312862e-04 1.092823455110192299e-03 -6.342810112982988358e-03 9.999791383743286133e-01
5.158749874681234360e-03 -7.160224951803684235e-03 4.584911745041608810e-03 2.649429487064480782e-03 1.048084115609526634e-03 -7.354288827627897263e-03 9.999688863754272461e-01
6.319031119346618652e-03 -6.853286176919937134e-03 5.540754646062850952e-03 3.378194058313965797e-03 1.543359132483601570e-03 -8.176169358193874359e-03 9.999596476554870605e-01
5.890550557523965836e-03 -8.019352331757545471e-03 6.254951469600200653e-03 4.426419269293546677e-03 1.131106400862336159e-03 -8.919206447899341583e-03 9.999498128890991211e-01
6.375259719789028168e-03 -8.765756152570247650e-03 6.589157972484827042e-03 5.217133089900016785e-03 1.280127093195915222e-03 -9.271773509681224823e-03 9.999426007270812988e-01
7.607944775372743607e-03 -8.833822794258594513e-03 7.106341887265443802e-03 5.772100295871496201e-03 1.264797057956457138e-03 -8.844672702252864838e-03 9.999434351921081543e-01
8.683723397552967072e-03 -9.622341021895408630e-03 6.851413752883672714e-03 7.132483646273612976e-03 9.609470143914222717e-04 -8.496318943798542023e-03 9.999380111694335938e-01
1.033305842429399490e-02 -8.649771101772785187e-03 8.120369166135787964e-03 7.153296843171119690e-03 9.233094169758260250e-04 -7.626952603459358215e-03 9.999449253082275391e-01
1.118095591664314270e-02 -9.663036093115806580e-03 8.183935657143592834e-03 7.516290061175823212e-03 6.614330341108143330e-04 -6.563959177583456039e-03 9.999499917030334473e-01
1.198268868029117584e-02 -1.027306076139211655e-02 8.876665495336055756e-03 7.480857428163290024e-03 5.647335201501846313e-04 -5.235178861767053604e-03 9.999581575393676758e-01
1.390572544187307358e-02 -9.495439939200878143e-03 9.633388370275497437e-03 7.031567394733428955e-03 3.542268532328307629e-04 -3.372926032170653343e-03 9.999695420265197754e-01
1.503885351121425629e-02 -1.007614191621541977e-02 1.020881626754999161e-02 6.621006410568952560e-03 4.298800558899529278e-05 -1.384828239679336548e-03 9.999771118164062500e-01
1.636615395545959473e-02 -1.021702587604522705e-02 1.107504870742559433e-02 5.995376501232385635e-03 -4.670384441851638258e-05 6.536382716149091721e-04 9.999818205833435059e-01
1.765204034745693207e-02 -1.071940455585718155e-02 1.182857900857925415e-02 5.209627561271190643e-03 -1.543247490189969540e-04 3.664653748273849487e-03 9.999796748161315918e-01
1.899174787104129791e-02 -1.094149798154830933e-02 1.289474312216043472e-02 3.653359133750200272e-03 -1.820003672037273645e-04 6.164110265672206879e-03 9.999743103981018066e-01
1.973044686019420624e-02 -1.194178685545921326e-02 1.422711275517940521e-02 2.686809282749891281e-03 -7.675620727241039276e-03 8.872375823557376862e-03 9.999275803565979004e-01
2.066670171916484833e-02 -1.275934185832738876e-02 1.556254737079143524e-02 1.341643393971025944e-03 -8.663014508783817291e-03 1.157025806605815887e-02 9.998946189880371094e-01
2.258542366325855255e-02 -1.330458000302314758e-02 1.560811325907707214e-02 -6.977141310926526785e-05 -9.445192292332649231e-03 1.386183407157659531e-02 9.998593330383300781e-01
2.433949336409568787e-02 -1.373862102627754211e-02 1.590280048549175262e-02 -8.030370809137821198e-04 -9.788894094526767731e-03 1.657960005104541779e-02 9.998143315315246582e-01
2.523873560130596161e-02 -1.484769117087125778e-02 1.648076623678207397e-02 -1.729486975818872452e-03 -9.936010465025901794e-03 1.868398301303386688e-02 9.997745752334594727e-01
2.558269537985324860e-02 -1.805040985345840454e-02 1.628016307950019836e-02 -2.237166278064250946e-03 -1.035475637763738632e-02 2.011713758111000061e-02 9.997414946556091309e-01
2.071096375584602356e-02 -1.551194675266742706e-02 1.372774131596088409e-02 -2.790925325825810432e-03 -1.076033990830183029e-02 2.160231210291385651e-02 9.997048377990722656e-01
1.628943905234336853e-02 -1.152218878269195557e-02 1.147636957466602325e-02 -4.141826182603836060e-03 -1.041263528168201447e-02 2.248706668615341187e-02 9.996843338012695312e-01
1.249015424400568008e-02 -9.300913661718368530e-03 7.117709610611200333e-03 -4.172960296273231506e-03 -1.006143726408481598e-02 2.330245450139045715e-02 9.996691346168518066e-01
8.203256875276565552e-03 -5.233110394328832626e-03 7.236110046505928040e-03 -4.952646326273679733e-03 -9.226550348103046417e-03 2.383314073085784912e-02 9.996610879898071289e-01
6.802760064601898193e-03 7.751521188765764236e-04 6.783221382647752762e-03 -4.361197352409362793e-03 -9.062244556844234467e-03 2.225122414529323578e-02 9.997017979621887207e-01
6.140171550214290619e-03 -2.276124665513634682e-03 7.401478011161088943e-03 -4.112382419407367706e-03 -8.978758938610553741e-03 2.368334122002124786e-02 9.996707439422607422e-01
6.747439038008451462e-03 -8.965364540927112103e-04 7.681645918637514114e-03 -4.051802214235067368e-03 -7.363910321146249771e-03 2.263969555497169495e-02 9.997083544731140137e-01
7.952127605676651001e-03 7.135496125556528568e-04 7.269570138305425644e-03 -3.188304603099822998e-03 -6.912480108439922333e-03 2.136743627488613129e-02 9.997426867485046387e-01
8.460640907287597656e-03 -2.206648787250742316e-04 7.716261781752109528e-03 -3.364257980138063431e-03 -5.732611287385225296e-03 2.024607732892036438e-02 9.997729063034057617e-01
9.141527116298675537e-03 2.015174133703112602e-03 7.917018607258796692e-03 -2.502424642443656921e-03 -4.948645364493131638e-03 1.831279508769512177e-02 9.998169541358947754e-01
1.056063454598188400e-02 2.570369048044085503e-03 7.401918061077594757e-03 -1.990685472264885902e-03 -3.784462809562683105e-03 1.683186367154121399e-02 9.998492002487182617e-01
1.146414224058389664e-02 3.391479374840855598e-03 7.728867698460817337e-03 -1.316626090556383133e-03 -2.279851585626602173e-03 1.435081101953983307e-02 9.998935461044311523e-01
1.116175297647714615e-02 -1.553005306050181389e-03 7.939847186207771301e-03 -6.289336597546935081e-04 -3.752653719857335091e-04 1.080956589430570602e-02 9.999412894248962402e-01
7.102708797901868820e-03 -9.858367033302783966e-03 7.283302955329418182e-03 1.514546693215379491e-05 1.357289613224565983e-03 8.711149916052818298e-03 9.999611377716064453e-01
1.595641225576400757e-01 -1.872482150793075562e-02 6.865378469228744507e-02 -5.074083432555198669e-02 1.491576526314020157e-02 4.939947649836540222e-02 9.973778724670410156e-01
1.429623812437057495e-01 -2.625059336423873901e-02 6.465607136487960815e-02 -4.978642240166664124e-02 1.795833557844161987e-02 4.587320238351821899e-02 9.975442290306091309e-01
1.264539211988449097e-01 -3.163744881749153137e-02 5.952791497111320496e-02 -4.786220937967300415e-02 1.493395306169986725e-02 4.319223761558532715e-02 9.978079199790954590e-01
1.097617819905281067e-01 -3.509825468063354492e-02 5.431609973311424255e-02 -4.621557891368865967e-02 1.487122382968664169e-02 3.925039991736412048e-02 9.980492591857910156e-01
9.375182539224624634e-02 -3.612495213747024536e-02 4.813077673316001892e-02 -4.295254871249198914e-02 1.487803459167480469e-02 3.542941808700561523e-02 9.983378648757934570e-01
7.772409915924072266e-02 -3.535756096243858337e-02 4.242943599820137024e-02 -4.010998457670211792e-02 1.406366564333438873e-02 3.090799041092395782e-02 9.986180663108825684e-01
6.373912096023559570e-02 -3.079333901405334473e-02 3.563517332077026367e-02 -3.595323488116264343e-02 1.402574125677347183e-02 2.647886425256729126e-02 9.989041686058044434e-01
4.992862790822982788e-02 -2.474416606128215790e-02 2.977616153657436371e-02 -3.129146620631217957e-02 1.409168262034654617e-02 2.049327082931995392e-02 9.992008209228515625e-01
3.574693948030471802e-02 -2.012518607079982758e-02 2.325105667114257812e-02 -2.710975706577301025e-02 1.304245088249444962e-02 1.556518487632274628e-02 9.994261860847473145e-01
2.258332818746566772e-02 -1.452684216201305389e-02 1.634842902421951294e-02 -2.213560417294502258e-02 6.441499106585979462e-03 1.014184299856424332e-02 9.996827840805053711e-01
1.141622196882963181e-02 -8.587028831243515015e-03 8.967701345682144165e-03 -1.683091931045055389e-02 -1.438503823010250926e-04 3.665342461317777634e-03 9.998516440391540527e-01
7.932511158287525177e-03 -5.994415376335382462e-03 7.073470391333103180e-03 -1.127534452825784683e-02 -1.600551331648603082e-04 -2.175189787521958351e-03 9.999340772628784180e-01
8.407166227698326111e-03 -7.311764638870954514e-03 8.044902235269546509e-03 -7.665138226002454758e-03 6.092034163884818554e-04 -5.843066144734621048e-03 9.999533891677856445e-01
9.215927682816982269e-03 -9.153128601610660553e-03 8.419710211455821991e-03 -3.000946249812841415e-03 1.292370143346488476e-03 -9.359905496239662170e-03 9.999508857727050781e-01
1.057984493672847748e-02 -1.055597513914108276e-02 8.553705178201198578e-03 -2.310848794877529144e-04 1.562227495014667511e-03 -1.221655961126089096e-02 9.999241232872009277e-01
1.095434930175542831e-02 -1.267388742417097092e-02 8.974246680736541748e-03 3.331448184326291084e-03 1.951623591594398022e-03 -1.463659107685089111e-02 9.998854398727416992e-01
1.167605444788932800e-02 -1.435292139649391174e-02 9.467172436416149139e-03 5.846109241247177124e-03 2.226029522716999054e-03 -1.597854122519493103e-02 9.998527765274047852e-01
1.238465774804353714e-02 -1.561854686588048935e-02 1.063306443393230438e-02 8.445226587355136871e-03 2.434482099488377571e-03 -1.705975271761417389e-02 9.998158216476440430e-01
1.358559262007474899e-02 -1.656368561089038849e-02 1.174632832407951355e-02 1.021787710487842560e-02 2.513965591788291931e-03 -1.825220696628093719e-02 9.997780323028564453e-01
1.559007819741964340e-02 -1.744129322469234467e-02 1.208747457712888718e-02 1.187231391668319702e-02 2.540159970521926880e-03 -1.835461333394050598e-02 9.997578263282775879e-01
1.646290905773639679e-02 -1.905876584351062775e-02 1.292470470070838928e-02 1.314906124025583267e-02 2.061688806861639023e-03 -1.734286732971668243e-02 9.997609853744506836e-01
1.925348304212093353e-02 -1.861043274402618408e-02 1.436330284923315048e-02 1.402703858911991119e-02 2.163789933547377586e-03 -1.609319448471069336e-02 9.997697472572326660e-01
2.166388742625713348e-02 -1.908955723047256470e-02 1.517520099878311157e-02 1.452661491930484772e-02 1.793381408788263798e-03 -1.414410769939422607e-02 9.997928142547607422e-01
2.392886579036712646e-02 -1.944016292691230774e-02 1.655510254204273224e-02 1.481419429183006287e-02 1.411344972439110279e-03 -1.158292684704065323e-02 9.998221993446350098e-01
2.638211287558078766e-02 -1.954315975308418274e-02 1.812042482197284698e-02 1.424316130578517914e-02 9.513070108368992805e-04 -8.593065664172172546e-03 9.998611807823181152e-01
2.917714044451713562e-02 -1.925254799425601959e-02 1.980057731270790100e-02 1.371663622558116913e-02 5.683359340764582157e-04 -4.854323808103799820e-03 9.998939633369445801e-01
3.148797526955604553e-02 -2.035889588296413422e-02 2.109345421195030212e-02 1.257729530334472656e-02 9.157833119388669729e-06 -7.960877264849841595e-04 9.999206066131591797e-01
3.412881493568420410e-02 -2.108174003660678864e-02 2.259224094450473785e-02 1.082163024693727493e-02 5.390251681092195213e-05 4.459182266145944595e-03 9.999315142631530762e-01
3.664968907833099365e-02 -2.185782417654991150e-02 2.453473769128322601e-02 8.926226757466793060e-03 -4.687186738010495901e-04 9.438741020858287811e-03 9.999154806137084961e-01
3.854302316904067993e-02 -2.316848747432231903e-02 2.713411860167980194e-02 6.409779656678438187e-03 -7.734772283583879471e-03 1.484885904937982559e-02 9.998393058776855469e-01
4.172062873840332031e-02 -2.395383082330226898e-02 2.854369767010211945e-02 3.740246174857020378e-03 -1.617649570107460022e-02 2.014174312353134155e-02 9.996592402458190918e-01
4.419314116239547729e-02 -2.588864229619503021e-02 2.998535335063934326e-02 1.420014770701527596e-03 -1.785781234502792358e-02 2.558153308928012848e-02 9.995121955871582031e-01
4.657762125134468079e-02 -2.803396433591842651e-02 3.116110898554325104e-02 -7.199415122158825397e-04 -1.901627331972122192e-02 3.052707016468048096e-02 9.993527531623840332e-01
4.861352220177650452e-02 -3.005328960716724396e-02 3.251664340496063232e-02 -2.412678673863410950e-03 -1.946553029119968414e-02 3.470247611403465271e-02 9.992051720619201660e-01
5.050351470708847046e-02 -3.317516669631004333e-02 3.308126702904701233e-02 -3.895089728757739067e-03 -2.046875469386577606e-02 3.764862567186355591e-02 9.990738034248352051e-01
4.654051363468170166e-02 -3.289933502674102783e-02 3.031575307250022888e-02 -5.342573393136262894e-03 -2.071240730583667755e-02 4.018763825297355652e-02 9.989631772041320801e-01
3.755635023117065430e-02 -2.682599425315856934e-02 2.449988387525081635e-02 -6.613440811634063721e-03 -2.053029835224151611e-02 4.338123649358749390e-02 9.988257288932800293e-01
2.930701896548271179e-02 -2.096966281533241272e-02 1.738203130662441254e-02 -7.428770419210195541e-03 -2.026575803756713867e-02 4.501521959900856018e-02 9.987530708312988281e-01
2.114174328744411469e-02 -1.454473007470369339e-02 1.327103562653064728e-02 -8.107266388833522797e-03 -1.936630532145500183e-02 4.522636532783508301e-02 9.987561106681823730e-01
1.511943433433771133e-02 -4.938532598316669464e-03 1.329791639000177383e-02 -8.477130904793739319e-03 -1.738908328115940094e-02 4.513137787580490112e-02 9.987937211990356445e-01
1.360893622040748596e-02 -7.979159709066152573e-04 1.392776798456907272e-02 -8.090022020041942596e-03 -1.763284951448440552e-02 4.641409963369369507e-02 9.987338781356811523e-01
1.462876051664352417e-02 9.934476111084222794e-04 1.379078906029462814e-02 -7.218097336590290070e-03 -1.627318374812602997e-02 4.511917009949684143e-02 9.988229870796203613e-01
1.496451441198587418e-02 2.057981444522738457e-03 1.464736647903919220e-02 -7.547307293862104416e-03 -1.467101834714412689e-02 4.335488751530647278e-02 9.989234805107116699e-01
1.648589409887790680e-02 3.161838278174400330e-03 1.458050403743982315e-02 -7.203628774732351303e-03 -1.240728143602609634e-02 4.073446616530418396e-02 9.990670084953308105e-01
1.778504252433776855e-02 4.223548807203769684e-03 1.508002355694770813e-02 -6.043998058885335922e-03 -1.020718738436698914e-02 3.853113949298858643e-02 9.991869926452636719e-01
1.962061412632465363e-02 5.531244445592164993e-03 1.514975726604461670e-02 -4.907221067696809769e-03 -8.658243343234062195e-03 3.501666337251663208e-02 9.993371963500976562e-01
2.162683941423892975e-02 6.823282223194837570e-03 1.532783731818199158e-02 -3.631907515227794647e-03 -5.218601319938898087e-03 3.108827397227287292e-02 9.994964003562927246e-01
2.329885214567184448e-02 3.979001659899950027e-03 1.470647286623716354e-02 -1.687411568127572536e-03 -2.036526100710034370e-03 2.427278831601142883e-02 9.997018575668334961e-01
2.010288275778293610e-02 -1.269538700580596924e-02 1.428783219307661057e-02 -5.662591429427266121e-04 1.990441931411623955e-03 2.008095011115074158e-02 9.997962117195129395e-01
