0.000000000000000000e+00 0.000000000000000000e+00 0.000000000000000000e+00 -7.360401350908762907e-13 -1.061317917230852892e-13 -4.764634867204797786e-13 1.000000000000000000e+00
9.110724925994873047e-02 6.360490340739488602e-03 3.922211006283760071e-03 -2.018201537430286407e-02 2.269717166200280190e-03 1.723608933389186859e-02 9.996451735496520996e-01
1.741989105939865112e-01 7.696230895817279816e-03 1.561711169779300690e-02 -4.035237058997154236e-02 7.235638331621885300e-03 3.351068869233131409e-02 9.985971450805664062e-01
2.491522431373596191e-01 7.768541574478149414e-03 2.882567420601844788e-02 -6.065095588564872742e-02 1.298490725457668304e-02 4.850948601961135864e-02 9.968949556350708008e-01
3.158797025680541992e-01 2.086839405819773674e-03 4.377534613013267517e-02 -8.187483996152877808e-02 2.015325985848903656e-02 6.503500044345855713e-02 9.943142533302307129e-01
3.753308951854705811e-01 -1.894075889140367508e-03 5.552507191896438599e-02 -1.015288084745407104e-01 2.644500881433486938e-02 7.898334413766860962e-02 9.913395047187805176e-01
4.270014762878417969e-01 -8.223328739404678345e-03 6.538286805152893066e-02 -1.195167675614356995e-01 3.251038864254951477e-02 9.123681485652923584e-02 9.880964159965515137e-01
4.709997773170471191e-01 -1.438842713832855225e-02 7.301912456750869751e-02 -1.355691105127334595e-01 3.797005861997604370e-02 1.003945693373680115e-01 9.849366545677185059e-01
5.075407624244689941e-01 -1.887960359454154968e-02 7.918736338615417480e-02 -1.499552279710769653e-01 4.350329190492630005e-02 1.071663051843643188e-01 9.819044470787048340e-01
5.364904999732971191e-01 -2.328608930110931396e-02 8.064748346805572510e-02 -1.621655374765396118e-01 4.741122201085090637e-02 1.115819066762924194e-01 9.792873859405517578e-01
5.576966404914855957e-01 -2.664770931005477905e-02 8.208961784839630127e-02 -1.726172864437103271e-01 5.177722498774528503e-02 1.146572306752204895e-01 9.769217371940612793e-01
5.707135200500488281e-01 -2.972495928406715393e-02 8.107656240463256836e-02 -1.808455288410186768e-01 4.898943379521369934e-02 1.163157075643539429e-01 9.753797650337219238e-01
5.761676430702209473e-01 -3.069112263619899750e-02 8.012220263481140137e-02 -1.872048228979110718e-01 4.788121208548545837e-02 1.158561557531356812e-01 9.742890596389770508e-01
5.824562311172485352e-01 -2.984276041388511658e-02 7.994329929351806641e-02 -1.911452263593673706e-01 4.703887179493904114e-02 1.121828034520149231e-01 9.739947915077209473e-01
5.894809961318969727e-01 -2.989127114415168762e-02 7.917990535497665405e-02 -1.933739483356475830e-01 4.588077962398529053e-02 1.069275960326194763e-01 9.742011427879333496e-01
5.969315767288208008e-01 -3.130447492003440857e-02 7.738363742828369141e-02 -1.939180791378021240e-01 4.444395378232002258e-02 9.932390600442886353e-02 9.749643206596374512e-01
6.056227684020996094e-01 -3.234818205237388611e-02 7.589835673570632935e-02 -1.928709596395492554e-01 4.288464412093162537e-02 9.067571908235549927e-02 9.760837554931640625e-01
6.148144006729125977e-01 -3.531448170542716980e-02 7.395899295806884766e-02 -1.905172020196914673e-01 4.135152697563171387e-02 8.055910468101501465e-02 9.774985909461975098e-01
6.253255009651184082e-01 -3.769572451710700989e-02 7.204518467187881470e-02 -1.868128180503845215e-01 3.981903567910194397e-02 6.963228434324264526e-02 9.791152477264404297e-01
6.370657086372375488e-01 -4.035818204283714294e-02 7.089848816394805908e-02 -1.818358600139617920e-01 3.842071816325187683e-02 5.817322432994842529e-02 9.808543920516967773e-01
6.498050093650817871e-01 -4.387200251221656799e-02 6.949287652969360352e-02 -1.763055920600891113e-01 3.686301782727241516e-02 4.625311493873596191e-02 9.825568199157714844e-01
6.638269424438476562e-01 -4.780655354261398315e-02 6.808716058731079102e-02 -1.699824333190917969e-01 3.550689667463302612e-02 3.456708416342735291e-02 9.842002987861633301e-01
6.789999008178710938e-01 -5.220402032136917114e-02 6.595145165920257568e-02 -1.626483947038650513e-01 3.399154171347618103e-02 2.345888316631317139e-02 9.858192801475524902e-01
6.960977315902709961e-01 -5.579499900341033936e-02 6.515546143054962158e-02 -1.548808664083480835e-01 3.277827799320220947e-02 1.294341869652271271e-02 9.873043894767761230e-01
7.141533493995666504e-01 -6.114447489380836487e-02 6.290268898010253906e-02 -1.465560346841812134e-01 3.133527934551239014e-02 3.435370977967977524e-03 9.887000918388366699e-01
7.336060404777526855e-01 -6.799469888210296631e-02 6.239499151706695557e-02 -1.383613348007202148e-01 3.000203892588615417e-02 -4.142283461987972260e-03 9.899185895919799805e-01
7.553004026412963867e-01 -7.310355454683303833e-02 6.344985961914062500e-02 -1.306403130292892456e-01 2.915668487548828125e-02 -1.016985811293125153e-02 9.909487366676330566e-01
7.781922221183776855e-01 -8.057089895009994507e-02 6.476464122533798218e-02 -1.230162084102630615e-01 2.800325118005275726e-02 -1.379477605223655701e-02 9.919134974479675293e-01
8.028476834297180176e-01 -8.789795637130737305e-02 6.840468198060989380e-02 -1.162380352616310120e-01 2.786196023225784302e-02 -1.549203135073184967e-02 9.927096366882324219e-01
8.292676806449890137e-01 -9.557108581066131592e-02 7.310580462217330933e-02 -1.102822944521903992e-01 2.819962427020072937e-02 -1.448555570095777512e-02 9.933946132659912109e-01
8.572488427162170410e-01 -1.024357751011848450e-01 8.153146505355834961e-02 -1.059590801596641541e-01 3.000327013432979584e-02 -1.045614387840032578e-02 9.938627481460571289e-01
8.863425254821777344e-01 -1.096053272485733032e-01 9.290368854999542236e-02 -1.033025309443473816e-01 2.569772861897945404e-02 -4.327232949435710907e-03 9.943084716796875000e-01
9.158663749694824219e-01 -1.161182150244712830e-01 1.086097583174705505e-01 -1.024181544780731201e-01 2.223312854766845703e-02 4.160269163548946381e-03 9.944841861724853516e-01
9.471676945686340332e-01 -1.216814070940017700e-01 1.255816519260406494e-01 -1.025977656245231628e-01 1.862481981515884399e-02 1.394033152610063553e-02 9.944508075714111328e-01
9.829966425895690918e-01 -1.264965832233428955e-01 1.373071968555450439e-01 -1.032758802175521851e-01 1.269023586064577103e-02 2.665809355676174164e-02 9.942144751548767090e-01
1.020738601684570312e+00 -1.325192898511886597e-01 1.477725505828857422e-01 -1.036248430609703064e-01 5.890889558941125870e-03 4.185419529676437378e-02 9.937179088592529297e-01
1.059451103210449219e+00 -1.411038339138031006e-01 1.596810817718505859e-01 -1.044764816761016846e-01 -2.459657844156026840e-04 5.776474624872207642e-02 9.928482770919799805e-01
1.092079043388366699e+00 -1.470593214035034180e-01 1.702094376087188721e-01 -1.061657220125198364e-01 -6.698403973132371902e-03 7.428503781557083130e-02 9.915471673011779785e-01
1.118852138519287109e+00 -1.532125622034072876e-01 1.792431175708770752e-01 -1.091020330786705017e-01 -1.245863456279039383e-02 9.226067364215850830e-02 9.896612167358398438e-01
1.140985369682312012e+00 -1.538726389408111572e-01 1.777293384075164795e-01 -1.104274466633796692e-01 -2.049420773983001709e-02 1.097575575113296509e-01 9.875925183296203613e-01
1.155105233192443848e+00 -1.513129770755767822e-01 1.710581481456756592e-01 -1.123732700943946838e-01 -2.933112904429435730e-02 1.266750246286392212e-01 9.851219654083251953e-01
1.161902427673339844e+00 -1.501622945070266724e-01 1.653009653091430664e-01 -1.150479763746261597e-01 -3.613916039466857910e-02 1.461829096078872681e-01 9.818800091743469238e-01
1.165421009063720703e+00 -1.472841948270797729e-01 1.577575504779815674e-01 -1.170466020703315735e-01 -4.358839243650436401e-02 1.656417101621627808e-01 9.782449007034301758e-01
1.169375658035278320e+00 -1.461324244737625122e-01 1.512289643287658691e-01 -1.194130480289459229e-01 -4.986623302102088928e-02 1.844311803579330444e-01 9.742890000343322754e-01
1.173036217689514160e+00 -1.450665444135665894e-01 1.452346593141555786e-01 -1.222060397267341614e-01 -5.609318986535072327e-02 2.022136747837066650e-01 9.700663685798645020e-01
1.176304578781127930e+00 -1.431358605623245239e-01 1.402211785316467285e-01 -1.246204227209091187e-01 -6.217210367321968079e-02 2.191370874643325806e-01 9.657035470008850098e-01
1.178907752037048340e+00 -1.423155963420867920e-01 1.355382204055786133e-01 -1.271927803754806519e-01 -6.691663712263107300e-02 2.350260317325592041e-01 9.613048434257507324e-01
1.181119322776794434e+00 -1.416554152965545654e-01 1.316405534744262695e-01 -1.289554238319396973e-01 -7.031027972698211670e-02 2.492160797119140625e-01 9.572452306747436523e-01
1.182384133338928223e+00 -1.405697315931320190e-01 1.283651739358901978e-01 -1.300379633903503418e-01 -7.238130271434783936e-02 2.615569829940795898e-01 9.536451101303100586e-01
1.187279939651489258e+00 -1.394765973091125488e-01 1.253204643726348877e-01 -1.311494708061218262e-01 -7.331929355859756470e-02 2.703446447849273682e-01 9.509667754173278809e-01
1.196079850196838379e+00 -1.389712840318679810e-01 1.240387931466102600e-01 -1.314017772674560547e-01 -7.230466604232788086e-02 2.759374976158142090e-01 9.494019746780395508e-01
1.331192493438720703e+00 -3.457113727927207947e-02 1.409370303153991699e-01 -1.723465919494628906e-01 -7.632195204496383667e-02 3.053072690963745117e-01 9.334125518798828125e-01
1.453948855400085449e+00 6.246093660593032837e-02 1.744590103626251221e-01 -2.141725122928619385e-01 -7.255852222442626953e-02 3.272980749607086182e-01 9.174646139144897461e-01
1.566278100013732910e+00 1.469052433967590332e-01 2.089776694774627686e-01 -2.579115331172943115e-01 -6.703931093215942383e-02 3.508228659629821777e-01 8.977252840995788574e-01
1.664935350418090820e+00 2.251116186380386353e-01 2.382766306400299072e-01 -3.007752001285552979e-01 -6.141401454806327820e-02 3.718014359474182129e-01 8.760857582092285156e-01
1.751401424407958984e+00 2.955958545207977295e-01 2.603243887424468994e-01 -3.401712179183959961e-01 -5.556776374578475952e-02 3.892535567283630371e-01 8.542115688323974609e-01
1.826831579208374023e+00 3.555974364280700684e-01 2.784790396690368652e-01 -3.749187588691711426e-01 -5.092997103929519653e-02 4.017961919307708740e-01 8.339076042175292969e-01
1.890232205390930176e+00 4.066479206085205078e-01 2.911169528961181641e-01 -4.058303833007812500e-01 -4.677146673202514648e-02 4.094197154045104980e-01 8.157753944396972656e-01
1.942054033279418945e+00 4.479667544364929199e-01 2.978691160678863525e-01 -4.319985210895538330e-01 -4.395982995629310608e-02 4.129823744297027588e-01 8.005562424659729004e-01
1.983381748199462891e+00 4.774319827556610107e-01 3.003981411457061768e-01 -4.541613161563873291e-01 -4.215738922357559204e-02 4.142150878906250000e-01 7.876459360122680664e-01
2.012209177017211914e+00 4.970725774765014648e-01 3.015165925025939941e-01 -4.703301489353179932e-01 -4.527221992611885071e-02 4.152883589267730713e-01 7.773516178131103516e-01
2.029012680053710938e+00 5.060905218124389648e-01 3.008420169353485107e-01 -4.813916385173797607e-01 -5.332274734973907471e-02 4.158215224742889404e-01 7.697474956512451172e-01
2.037861347198486328e+00 5.138397812843322754e-01 2.988947927951812744e-01 -4.888285696506500244e-01 -5.970060825347900391e-02 4.113356173038482666e-01 7.669976949691772461e-01
2.047659635543823242e+00 5.226019620895385742e-01 2.969650030136108398e-01 -4.929936230182647705e-01 -6.644135713577270508e-02 4.037151634693145752e-01 7.678260803222656250e-01
2.059990882873535156e+00 5.306584239006042480e-01 2.947788238525390625e-01 -4.937238395214080811e-01 -7.361002266407012939e-02 3.932306468486785889e-01 7.721321582794189453e-01
2.074526071548461914e+00 5.386685729026794434e-01 2.929120957851409912e-01 -4.914747774600982666e-01 -8.111827075481414795e-02 3.806384205818176270e-01 7.790935635566711426e-01
2.091648101806640625e+00 5.460627675056457520e-01 2.919803261756896973e-01 -4.863665699958801270e-01 -8.852173388004302979e-02 3.659039139747619629e-01 7.884958982467651367e-01
2.110873460769653320e+00 5.539523363113403320e-01 2.917306423187255859e-01 -4.789974391460418701e-01 -9.563659131526947021e-02 3.498022854328155518e-01 7.994081377983093262e-01
2.131936550140380859e+00 5.632585883140563965e-01 2.920756638050079346e-01 -4.690364599227905273e-01 -1.021647751331329346e-01 3.325934112071990967e-01 8.117565512657165527e-01
2.154917001724243164e+00 5.738729238510131836e-01 2.942785024642944336e-01 -4.573238790035247803e-01 -1.084021925926208496e-01 3.147170245647430420e-01 8.246557116508483887e-01
2.180913448333740234e+00 5.837092995643615723e-01 2.970067858695983887e-01 -4.441929757595062256e-01 -1.144433096051216125e-01 2.962452769279479980e-01 8.377553820610046387e-01
2.209441423416137695e+00 5.941317677497863770e-01 3.006826341152191162e-01 -4.294537007808685303e-01 -1.195742636919021606e-01 2.786025702953338623e-01 8.506774306297302246e-01
2.240320920944213867e+00 6.061462759971618652e-01 3.050777316093444824e-01 -4.134400188922882080e-01 -1.237579807639122009e-01 2.620249092578887939e-01 8.631884455680847168e-01
2.274170398712158203e+00 6.182754635810852051e-01 3.108462691307067871e-01 -3.966299593448638916e-01 -1.270411610603332520e-01 2.470154315233230591e-01 8.749448657035827637e-01
2.311473608016967773e+00 6.291080713272094727e-01 3.183957338333129883e-01 -3.794444799423217773e-01 -1.293854564428329468e-01 2.345909178256988525e-01 8.855779767036437988e-01
2.350489139556884766e+00 6.426936984062194824e-01 3.299601078033447266e-01 -3.633999228477478027e-01 -1.305885314941406250e-01 2.252394407987594604e-01 8.945134878158569336e-01
2.391867637634277344e+00 6.585778594017028809e-01 3.437016010284423828e-01 -3.483692109584808350e-01 -1.305813640356063843e-01 2.190038561820983887e-01 9.020114541053771973e-01
2.436510324478149414e+00 6.734750866889953613e-01 3.608157038688659668e-01 -3.343121111392974854e-01 -1.295730620622634888e-01 2.168170362710952759e-01 9.079849123954772949e-01
2.482390642166137695e+00 6.923386454582214355e-01 3.819359242916107178e-01 -3.230718374252319336e-01 -1.260144561529159546e-01 2.179424464702606201e-01 9.122751951217651367e-01
2.529553174972534180e+00 7.146408557891845703e-01 4.070841968059539795e-01 -3.150275349617004395e-01 -1.202388033270835876e-01 2.240075170993804932e-01 9.143964648246765137e-01
2.576873779296875000e+00 7.402957677841186523e-01 4.378079175949096680e-01 -3.092606365680694580e-01 -1.188761889934539795e-01 2.353058606386184692e-01 9.137053489685058594e-01
2.623009443283081055e+00 7.709265351295471191e-01 4.738282859325408936e-01 -3.059442639350891113e-01 -1.227450296282768250e-01 2.509610950946807861e-01 9.101374745368957520e-01
2.668465137481689453e+00 8.045558929443359375e-01 5.152407288551330566e-01 -3.056304752826690674e-01 -1.257433742284774780e-01 2.701689302921295166e-01 9.043159484863281250e-01
2.718673467636108398e+00 8.439140915870666504e-01 5.525897145271301270e-01 -3.060643076896667480e-01 -1.307532042264938354e-01 2.926024794578552246e-01 8.964440822601318359e-01
2.775079250335693359e+00 8.861744403839111328e-01 5.849655270576477051e-01 -3.061766326427459717e-01 -1.367625445127487183e-01 3.207214176654815674e-01 8.858271241188049316e-01
2.834079980850219727e+00 9.302810430526733398e-01 6.186270713806152344e-01 -3.063798248767852783e-01 -1.426354646682739258e-01 3.510259389877319336e-01 8.732509613037109375e-01
2.887460231781005859e+00 9.735190868377685547e-01 6.517823934555053711e-01 -3.081005811691284180e-01 -1.477623581886291504e-01 3.818233609199523926e-01 8.587498068809509277e-01
2.930516242980957031e+00 1.011203050613403320e+00 6.791934370994567871e-01 -3.114843666553497314e-01 -1.536552459001541138e-01 4.138524234294891357e-01 8.414830565452575684e-01
2.967099189758300781e+00 1.042711019515991211e+00 6.938896775245666504e-01 -3.142067790031433105e-01 -1.589738279581069946e-01 4.469105303287506104e-01 8.223578333854675293e-01
2.993505001068115234e+00 1.068412661552429199e+00 6.873516440391540527e-01 -3.137816488742828369e-01 -1.681239455938339233e-01 4.783748388290405273e-01 8.027657270431518555e-01
3.009706020355224609e+00 1.083894371986389160e+00 6.774297952651977539e-01 -3.155390918254852295e-01 -1.747001856565475464e-01 5.106323957443237305e-01 7.804930806159973145e-01
3.019366979598999023e+00 1.090433239936828613e+00 6.641461849212646484e-01 -3.174276649951934814e-01 -1.793452799320220947e-01 5.443439483642578125e-01 7.554895877838134766e-01
3.026488780975341797e+00 1.095253229141235352e+00 6.502490639686584473e-01 -3.185836374759674072e-01 -1.837055385112762451e-01 5.764058232307434082e-01 7.297348380088806152e-01
3.034421682357788086e+00 1.098843097686767578e+00 6.381668448448181152e-01 -3.206441998481750488e-01 -1.868204027414321899e-01 6.055901050567626953e-01 7.039502859115600586e-01
3.040740251541137695e+00 1.103576183319091797e+00 6.274117231369018555e-01 -3.221442997455596924e-01 -1.910861581563949585e-01 6.326939463615417480e-01 6.777960658073425293e-01
3.045872449874877930e+00 1.107550144195556641e+00 6.176959872245788574e-01 -3.239024579524993896e-01 -1.937504708766937256e-01 6.575890779495239258e-01 6.520157456398010254e-01
3.051001548767089844e+00 1.110338687896728516e+00 6.096425652503967285e-01 -3.256806135177612305e-01 -1.948095411062240601e-01 6.792016029357910156e-01 6.282248497009277344e-01
3.054558753967285156e+00 1.112421631813049316e+00 6.026105284690856934e-01 -3.272040784358978271e-01 -1.935231387615203857e-01 6.979178786277770996e-01 6.069568991661071777e-01
3.058479070663452148e+00 1.117065310478210449e+00 5.958355069160461426e-01 -3.287265896797180176e-01 -1.915600746870040894e-01 7.121649384498596191e-01 5.899699330329895020e-01
3.064550638198852539e+00 1.129276752471923828e+00 5.907630920410156250e-01 -3.308655321598052979e-01 -1.879742890596389771e-01 7.212393283843994141e-01 5.787982940673828125e-01
