2.616429710388183594e+01 -2.226403045654296875e+01 -9.312875270843505859e-01 -9.828075766563415527e-02 1.950348913669586182e-01 7.394629120826721191e-01 6.367863416671752930e-01
2.616341209411621094e+01 -2.217285156250000000e+01 -9.338096976280212402e-01 -1.150438636541366577e-01 1.832592785358428955e-01 7.594122290611267090e-01 6.135743856430053711e-01
2.616119956970214844e+01 -2.208931159973144531e+01 -9.363844990730285645e-01 -1.317147016525268555e-01 1.714168936014175415e-01 7.774053812026977539e-01 5.906836986541748047e-01
2.615837478637695312e+01 -2.201345825195312500e+01 -9.390065073966979980e-01 -1.481143981218338013e-01 1.596853137016296387e-01 7.933975458145141602e-01 5.684018135070800781e-01
2.615511131286621094e+01 -2.194535636901855469e+01 -9.416809678077697754e-01 -1.640754044055938721e-01 1.482434719800949097e-01 8.073757290840148926e-01 5.470315814018249512e-01
2.615112495422363281e+01 -2.188505935668945312e+01 -9.441362023353576660e-01 -1.794415712356567383e-01 1.372694075107574463e-01 8.193556666374206543e-01 5.268853902816772461e-01
2.614652252197265625e+01 -2.183262252807617188e+01 -9.462831616401672363e-01 -1.940703690052032471e-01 1.269402205944061279e-01 8.293762207031250000e-01 5.082818865776062012e-01
2.614144325256347656e+01 -2.178809165954589844e+01 -9.481213688850402832e-01 -2.078238725662231445e-01 1.174262315034866333e-01 8.374948501586914062e-01 4.915422797203063965e-01
2.613617134094238281e+01 -2.175150680541992188e+01 -9.497181773185729980e-01 -2.205971777439117432e-01 1.089066192507743835e-01 8.437737822532653809e-01 4.769819974899291992e-01
2.613107872009277344e+01 -2.172280883789062500e+01 -9.510913491249084473e-01 -2.322057634592056274e-01 1.015074476599693298e-01 8.482974767684936523e-01 4.649261832237243652e-01
2.612648963928222656e+01 -2.170203399658203125e+01 -9.521265029907226562e-01 -2.427954077720642090e-01 9.553101658821105957e-02 8.510639071464538574e-01 4.556329846382141113e-01
2.612257575988769531e+01 -2.168909454345703125e+01 -9.527237415313720703e-01 -2.468531429767608643e-01 8.807563036680221558e-02 8.535135984420776367e-01 4.503409266471862793e-01
2.611914443969726562e+01 -2.168420791625976562e+01 -9.528623819351196289e-01 -2.498855739831924438e-01 8.211373537778854370e-02 8.544835448265075684e-01 4.479483067989349365e-01
2.611610603332519531e+01 -2.167886352539062500e+01 -9.530611634254455566e-01 -2.523159682750701904e-01 7.769184559583663940e-02 8.541028499603271484e-01 4.480992853641510010e-01
2.611346054077148438e+01 -2.167254257202148438e+01 -9.533447623252868652e-01 -2.541522383689880371e-01 7.464516162872314453e-02 8.525701761245727539e-01 4.504908025264739990e-01
2.611116409301757812e+01 -2.166532897949218750e+01 -9.537132978439331055e-01 -2.554753720760345459e-01 7.286849617958068848e-02 8.500399589538574219e-01 4.547928273677825928e-01
2.610930061340332031e+01 -2.165701866149902344e+01 -9.541857838630676270e-01 -2.563172578811645508e-01 7.224478572607040405e-02 8.466647267341613770e-01 4.606751501560211182e-01
2.610784530639648438e+01 -2.164759445190429688e+01 -9.547535181045532227e-01 -2.567006945610046387e-01 7.266455888748168945e-02 8.425920605659484863e-01 4.678057432174682617e-01
2.610668373107910156e+01 -2.163701248168945312e+01 -9.553567767143249512e-01 -2.566360235214233398e-01 7.401965558528900146e-02 8.379731774330139160e-01 4.758551716804504395e-01
2.610580253601074219e+01 -2.162521171569824219e+01 -9.560080766677856445e-01 -2.561276555061340332e-01 7.620406895875930786e-02 8.329641819000244141e-01 4.844989180564880371e-01
2.610512542724609375e+01 -2.161215209960937500e+01 -9.567758440971374512e-01 -2.551788687705993652e-01 7.911200821399688721e-02 8.277305364608764648e-01 4.934192895889282227e-01
2.610455513000488281e+01 -2.159777450561523438e+01 -9.576938152313232422e-01 -2.537955641746520996e-01 8.263911306858062744e-02 8.224467635154724121e-01 5.023083686828613281e-01
2.610402488708496094e+01 -2.158202362060546875e+01 -9.587994813919067383e-01 -2.519907653331756592e-01 8.668009191751480103e-02 8.172975182533264160e-01 5.108668208122253418e-01
2.610345268249511719e+01 -2.156481933593750000e+01 -9.601386785507202148e-01 -2.497865706682205200e-01 9.112989902496337891e-02 8.124746680259704590e-01 5.188052058219909668e-01
2.610296821594238281e+01 -2.154610633850097656e+01 -9.617208242416381836e-01 -2.472181469202041626e-01 9.588398039340972900e-02 8.081766963005065918e-01 5.258432626724243164e-01
2.610242652893066406e+01 -2.152580833435058594e+01 -9.635803699493408203e-01 -2.443349957466125488e-01 1.008372381329536438e-01 8.046048283576965332e-01 5.317082405090332031e-01
2.610167503356933594e+01 -2.150386428833007812e+01 -9.657254219055175781e-01 -2.412053942680358887e-01 1.058855131268501282e-01 8.019593954086303711e-01 5.361333489418029785e-01
2.610091590881347656e+01 -2.148018455505371094e+01 -9.681687355041503906e-01 -2.379084676504135132e-01 1.109191402792930603e-01 8.004371523857116699e-01 5.388563871383666992e-01
2.610006332397460938e+01 -2.145471000671386719e+01 -9.708682894706726074e-01 -2.345677018165588379e-01 1.158419027924537659e-01 8.002177476882934570e-01 5.396103858947753906e-01
2.609907150268554688e+01 -2.142737007141113281e+01 -9.738032221794128418e-01 -2.312301546335220337e-01 1.204882860183715820e-01 8.014888167381286621e-01 5.381452441215515137e-01
2.609804725646972656e+01 -2.139810180664062500e+01 -9.769386649131774902e-01 -2.283161133527755737e-01 1.249198764562606812e-01 8.043247461318969727e-01 5.341331362724304199e-01
2.609709548950195312e+01 -2.136692047119140625e+01 -9.803528785705566406e-01 -2.197891920804977417e-01 1.249000877141952515e-01 8.103657960891723633e-01 5.285549759864807129e-01
2.609605598449707031e+01 -2.133377838134765625e+01 -9.840929508209228516e-01 -2.106177508831024170e-01 1.238915100693702698e-01 8.181642293930053711e-01 5.204507112503051758e-01
2.609471702575683594e+01 -2.129882240295410156e+01 -9.881674051284790039e-01 -2.011679708957672119e-01 1.221819445490837097e-01 8.273475766181945801e-01 5.099709033966064453e-01
2.609290313720703125e+01 -2.126211929321289062e+01 -9.925426840782165527e-01 -1.914409548044204712e-01 1.198076903820037842e-01 8.376268148422241211e-01 4.973429143428802490e-01
2.609062767028808594e+01 -2.122393608093261719e+01 -9.970965981483459473e-01 -1.815388798713684082e-01 1.168731972575187683e-01 8.486931324005126953e-01 4.827802181243896484e-01
2.608786010742187500e+01 -2.118407440185546875e+01 -1.001707911491394043e+00 -1.715422272682189941e-01 1.134681999683380127e-01 8.602541089057922363e-01 4.665127098560333252e-01
2.608450508117675781e+01 -2.115058898925781250e+01 -1.005755186080932617e+00 -1.615436524152755737e-01 1.096900776028633118e-01 8.720316290855407715e-01 4.487825036048889160e-01
2.608044433593750000e+01 -2.112400054931640625e+01 -1.009238004684448242e+00 -1.516396850347518921e-01 1.056385412812232971e-01 8.837703466415405273e-01 4.298479557037353516e-01
2.607526588439941406e+01 -2.110469436645507812e+01 -1.012238383293151855e+00 -1.419335752725601196e-01 1.014175415039062500e-01 8.952401280403137207e-01 4.099843204021453857e-01
2.606925582885742188e+01 -2.109233474731445312e+01 -1.014518260955810547e+00 -1.325347721576690674e-01 9.713479131460189819e-02 9.062417745590209961e-01 3.894840180873870850e-01
2.606336784362792969e+01 -2.108648490905761719e+01 -1.015988826751708984e+00 -1.235581561923027039e-01 9.290088713169097900e-02 9.166085124015808105e-01 3.686522841453552246e-01
2.605760955810546875e+01 -2.108140754699707031e+01 -1.017199397087097168e+00 -1.151228323578834534e-01 8.882965147495269775e-02 9.262055754661560059e-01 3.478105664253234863e-01
2.605189514160156250e+01 -2.107704544067382812e+01 -1.018160581588745117e+00 -1.073524877429008484e-01 8.503738790750503540e-02 9.349320530891418457e-01 3.272910416126251221e-01
2.604635047912597656e+01 -2.107359886169433594e+01 -1.019000411033630371e+00 -1.003736630082130432e-01 8.164202421903610229e-02 9.427179098129272461e-01 3.074345588684082031e-01
2.604115676879882812e+01 -2.107094764709472656e+01 -1.019779205322265625e+00 -9.431544691324234009e-02 7.876288890838623047e-02 9.495218992233276367e-01 2.885875403881072998e-01
2.603642272949218750e+01 -2.106918525695800781e+01 -1.020432591438293457e+00 -8.930885791778564453e-02 7.652010023593902588e-02 9.553258419036865234e-01 2.710986733436584473e-01
2.603227806091308594e+01 -2.106820678710937500e+01 -1.020982503890991211e+00 -8.548545837402343750e-02 7.503432035446166992e-02 9.601292610168457031e-01 2.553178966045379639e-01
2.602883720397949219e+01 -2.106823158264160156e+01 -1.021469712257385254e+00 -8.297743648290634155e-02 7.442634552717208862e-02 9.639407396316528320e-01 2.415924370288848877e-01
2.602620506286621094e+01 -2.106500816345214844e+01 -1.022172451019287109e+00 -8.191668987274169922e-02 7.481704652309417725e-02 9.667691588401794434e-01 2.302654236555099487e-01
2.602458381652832031e+01 -2.105842399597167969e+01 -1.023102283477783203e+00 -8.243471384048461914e-02 7.632735371589660645e-02 9.686134457588195801e-01 2.216734141111373901e-01
