0.000000000000000000e+00 0.000000000000000000e+00 0.000000000000000000e+00 0.000000000000000000e+00 0.000000000000000000e+00 0.000000000000000000e+00 1.000000000000000000e+00
8.757963776588439941e-02 2.627667505294084549e-03 2.589273639023303986e-02 -2.323319115962632631e-02 4.926888685840621201e-03 1.844292179980243016e-02 9.995477993732485578e-01
1.662908211092556099e-01 3.461496543621387159e-04 5.462499162584170953e-02 -4.773273745724994355e-02 1.131472737314721116e-02 3.849396667401322469e-02 9.980539951570799317e-01
2.369821662467394563e-01 3.563581047835869507e-04 8.308209616249528917e-02 -7.187117575429929905e-02 1.859603847614134386e-02 5.583122637736521315e-02 9.956764512681255397e-01
2.993592495063798209e-01 -3.870688131977623441e-03 1.110844183725310796e-01 -9.554729462589194033e-02 2.732074410412276694e-02 7.373953898292893994e-02 9.923138474403423448e-01
3.542238134508516323e-01 -8.526490124550813524e-03 1.367642209405176557e-01 -1.171846693839755094e-01 3.504356151075612574e-02 8.907902227003508533e-02 9.884860291624889550e-01
4.018640508482135831e-01 -1.416413010933792807e-02 1.591954232353009757e-01 -1.366378886115336144e-01 4.190137015956958005e-02 1.022686052368978055e-01 9.844366383660414499e-01
4.425431916403233523e-01 -1.795149213097541052e-02 1.783494766474134907e-01 -1.542340700594412306e-01 4.848225836901879499e-02 1.127213339661949087e-01 9.803852422008506595e-01
4.759502303179694582e-01 -2.026666459973018933e-02 1.946710769668927310e-01 -1.700492681985652510e-01 5.484338830405258852e-02 1.207515442421536467e-01 9.764704366787551049e-01
5.028934601669063920e-01 -2.202592830124952203e-02 2.062257548835048082e-01 -1.835369608686442666e-01 6.026296789669387255e-02 1.259653847769720003e-01 9.730443363657038658e-01
5.224363359542562035e-01 -2.339556503648719532e-02 2.149651503099084815e-01 -1.950548433476974874e-01 6.576173699701286235e-02 1.295472776662803527e-01 9.699724248054666376e-01
5.351217971347999036e-01 -2.513653455097193679e-02 2.190959532036564905e-01 -2.033135723908834069e-01 6.388932789895138131e-02 1.311622479971818467e-01 9.681829423009904456e-01
5.403900184114258654e-01 -2.358008649152032801e-02 2.204854696341534137e-01 -2.092410229802068589e-01 6.256186300580077186e-02 1.305659507338815251e-01 9.670867283281254778e-01
5.457423007268633608e-01 -2.072824706989055341e-02 2.220942027179633460e-01 -2.128861053485119337e-01 6.136346436598115461e-02 1.269567636341973615e-01 9.668484946247151157e-01
5.519832780726693366e-01 -1.817229514520617151e-02 2.240512751094273780e-01 -2.147134360206357506e-01 6.025665143012016306e-02 1.217338064654664570e-01 9.671856888488733484e-01
5.583520666059751392e-01 -1.405985234274468101e-02 2.261839266284038363e-01 -2.145009941694744071e-01 5.912740151612421585e-02 1.143545803907933256e-01 9.682026150728491043e-01
5.664632022367960262e-01 -1.246634846972404995e-02 2.292867592899466289e-01 -2.135812433570902502e-01 5.810509941769877174e-02 1.058325775933225965e-01 9.694360811459681315e-01
5.756638755414423825e-01 -1.263135818533512450e-02 2.327905456729409961e-01 -2.108824728147038197e-01 5.738428967087531862e-02 9.662637080681001078e-02 9.710298504285177490e-01
5.855992116888319998e-01 -1.210158559734116762e-02 2.373332000374802075e-01 -2.077218565865751876e-01 5.711440324523536088e-02 8.652170340611255173e-02 9.726785543425287006e-01
5.957546383338028217e-01 -1.364153708646087190e-02 2.437164387042272673e-01 -2.036437014422667335e-01 5.707235915503471729e-02 7.635232970856535573e-02 9.743933037698105926e-01
6.066344017098297403e-01 -1.706096194609963215e-02 2.505911965614929238e-01 -1.992536194962941098e-01 5.704907110894642808e-02 6.614406943596616573e-02 9.760473147761242751e-01
6.191713833930381217e-01 -2.014984369816215370e-02 2.574340924250772544e-01 -1.943222381219417705e-01 5.691818522354446380e-02 5.628504168385736750e-02 9.776661915218221033e-01
6.332691243956861671e-01 -2.462584932514592234e-02 2.634873382723688651e-01 -1.879129763440617884e-01 5.627004315071989365e-02 4.680415172250436406e-02 9.794548314990686455e-01
6.488886644190078323e-01 -2.725546246952408741e-02 2.707941650390333632e-01 -1.812871446507805240e-01 5.603081157204721496e-02 3.797452920744383287e-02 9.810980860599095577e-01
6.653110157352657428e-01 -3.289428339291775027e-02 2.784430442126211713e-01 -1.741516223455241430e-01 5.575211079244019041e-02 3.044160931276562732e-02 9.826679108422430309e-01
6.827376903725846935e-01 -3.977271508914266562e-02 2.870040249985013059e-01 -1.669955996539394527e-01 5.572859987925697645e-02 2.439140526630634645e-02 9.840791900049780105e-01
7.029709668983180615e-01 -4.408184932664700739e-02 2.953407830270630141e-01 -1.600145810877592334e-01 5.579391517744015927e-02 1.979719877474903772e-02 9.853377308259105849e-01
7.243645869921666591e-01 -5.122794460619756879e-02 3.038316142038675616e-01 -1.533702098556080917e-01 5.559633219853426372e-02 1.749834556013107542e-02 9.864483942293054142e-01
7.476914950923567726e-01 -5.741876704450715740e-02 3.134429840251293786e-01 -1.474388035862016222e-01 5.610510666721138517e-02 1.696406403306160646e-02 9.873328905361212771e-01
7.728623885967507157e-01 -6.441372720223180470e-02 3.233455611332915480e-01 -1.421319854587224096e-01 5.702463319060188662e-02 1.935910325885634165e-02 9.880141269435633866e-01
7.994345932904416419e-01 -7.028142092659410423e-02 3.359198774664789999e-01 -1.387787271578705128e-01 5.911353112020128336e-02 2.445008590296997991e-02 9.882551536047153862e-01
8.271709088308769608e-01 -7.803826913070892324e-02 3.498730224814484147e-01 -1.362567491555372046e-01 5.454099152273645529e-02 3.228733906451450308e-02 9.886439734754948194e-01
8.559252368522185517e-01 -8.525365929951643496e-02 3.666433165194463717e-01 -1.350782686889908102e-01 5.035621593436296478e-02 4.249650258780905687e-02 9.886415731257516271e-01
8.875819613458711954e-01 -9.163562538655033174e-02 3.826143335263381129e-01 -1.352306214326450540e-01 4.574670550924978679e-02 5.443725719292287490e-02 9.882593298276025617e-01
9.227192456776392993e-01 -9.592074673489264791e-02 3.961532173995890860e-01 -1.362476542451746542e-01 3.978456324039072317e-02 6.938532425343688081e-02 9.874408549471224150e-01
9.594453316297425483e-01 -1.020517458135973832e-01 4.098210389101300533e-01 -1.376986756447369231e-01 3.376213129960835280e-02 8.639794096436280435e-02 9.861209809211606281e-01
9.973605729279457766e-01 -1.104532056134042012e-01 4.239593990031942372e-01 -1.391502224780858388e-01 2.766953332858404849e-02 1.045162120169342013e-01 9.843515499735391305e-01
1.029545779593132870e+00 -1.168923316234040943e-01 4.359765976125756781e-01 -1.409047470206756802e-01 2.143195544843952069e-02 1.237253915919722669e-01 9.820277750797624661e-01
1.055759212665575264e+00 -1.211946067960191081e-01 4.462985213094167736e-01 -1.438992859580503769e-01 1.530703770748996148e-02 1.435137792689314962e-01 9.790109730014946443e-01
1.077287904353787518e+00 -1.234436985571560341e-01 4.501443308850582303e-01 -1.457672096159662312e-01 8.744164837435805179e-03 1.632428553176314967e-01 9.757188275163176661e-01
1.092601997657786095e+00 -1.224558448031965313e-01 4.521458852948427865e-01 -1.475685570023076709e-01 2.539994239265013030e-03 1.828992919713927634e-01 9.719901843176630418e-01
1.100984254374123061e+00 -1.187720777935195177e-01 4.518592131284520086e-01 -1.493652358393392221e-01 -4.165578928915034812e-03 2.025721700268256487e-01 9.678001809286194135e-01
1.109374404268620662e+00 -1.186777765577385069e-01 4.533701349433393313e-01 -1.511931491158300667e-01 -9.610523932011831583e-03 2.232630695943310650e-01 9.629132210357834731e-01
1.116438572110023397e+00 -1.162929544648933500e-01 4.557441224640136901e-01 -1.532441269300104658e-01 -1.324785305244280224e-02 2.430897291335682719e-01 9.577307113905914049e-01
1.122910993138298785e+00 -1.134759237002188198e-01 4.552540093368409591e-01 -1.549275314166264073e-01 -1.769395406980367111e-02 2.618284561761521911e-01 9.524338525771428587e-01
1.128759163473868510e+00 -1.113106504754504539e-01 4.545634327524703533e-01 -1.565308545853239808e-01 -2.146979268642895330e-02 2.797050519216827125e-01 9.469964221127125104e-01
1.133143682043198375e+00 -1.094435471075422828e-01 4.519822279902269146e-01 -1.578177324787292668e-01 -2.514921342010423971e-02 2.958230376954676943e-01 9.417801286649916115e-01
1.137013494194243579e+00 -1.073951802870566075e-01 4.507845490831293156e-01 -1.588539472263735819e-01 -2.709617823989689256e-02 3.103868272514518356e-01 9.368517695154179314e-01
1.139145887255630818e+00 -1.058537384924091718e-01 4.482852801189344261e-01 -1.595947680925152434e-01 -2.856092041381605787e-02 3.227127322178930946e-01 9.325075207670306954e-01
1.144714128086969041e+00 -1.043681611820001798e-01 4.473772775227268794e-01 -1.602684784352695624e-01 -2.848704150753346431e-02 3.320664759646034248e-01 9.291040624314593765e-01
1.153120814871940514e+00 -1.047586863798692647e-01 4.499952418824533784e-01 -1.609758085595926203e-01 -2.535419309112255451e-02 3.391949575809773965e-01 9.264937855716692816e-01
1.275168250659254321e+00 1.257616357412914831e-02 4.950167250440760114e-01 -2.043094942153225180e-01 -2.487302635027690417e-02 3.646898578584416017e-01 9.080970601807094589e-01
1.381024097929868910e+00 1.228401834115497027e-01 5.423921425549027564e-01 -2.472588302898064416e-01 -2.124907566854699129e-02 3.860206873785164694e-01 8.884816129457979716e-01
1.485905045165613281e+00 2.123594554631652032e-01 5.862845800292169063e-01 -2.897986536786161804e-01 -1.665843854325592746e-02 4.115696650898463815e-01 8.639153011315368058e-01
1.574330122398365672e+00 2.984507642290447071e-01 6.247192641573243721e-01 -3.320589173022103768e-01 -1.216259206175971871e-02 4.344602105272677983e-01 8.371578538501714961e-01
1.646818487792053087e+00 3.800439650123141333e-01 6.566329579095847579e-01 -3.709615755018805250e-01 -6.788022104137679709e-03 4.534600336360910533e-01 8.103798061105863537e-01
1.704663215631346818e+00 4.551646166127004678e-01 6.817400980382632980e-01 -4.063802532461184280e-01 -2.201199786270214339e-03 4.676012861264240428e-01 7.849836187488472561e-01
1.749398173405593004e+00 5.222834761271831772e-01 6.984538346356219396e-01 -4.380956212562206464e-01 2.811101103188963762e-03 4.766955794881362340e-01 7.621191828337503527e-01
1.782269828414147383e+00 5.795760220688546127e-01 7.071350422709169470e-01 -4.651712046723509575e-01 6.351411453357502963e-03 4.801563484568179829e-01 7.436567023518571018e-01
1.808382996824163369e+00 6.228682576755660838e-01 7.122788318901649429e-01 -4.877936130254396097e-01 8.000125453164398659e-03 4.810970852745407034e-01 7.283810703365803940e-01
1.826758887663460840e+00 6.523666846712254941e-01 7.154699467117711098e-01 -5.043188726288727608e-01 5.099128512038927398e-03 4.821458825447644259e-01 7.163601200121979540e-01
1.836825685851882550e+00 6.685776856488633291e-01 7.154019097321911991e-01 -5.145561653585521977e-01 -3.030961414228741570e-03 4.824007349084287188e-01 7.088810174664119668e-01
1.839874781227503808e+00 6.798010108984218203e-01 7.127779025648365296e-01 -5.208629340708633704e-01 -1.060485485763608404e-02 4.785645652230717806e-01 7.067993335292500623e-01
1.843036426102648173e+00 6.925194387651372185e-01 7.105995846479404854e-01 -5.246853280571709410e-01 -1.772340277074199028e-02 4.718208186538858095e-01 7.083617032283309189e-01
1.847400887158317628e+00 7.066946995521258268e-01 7.092750670203177288e-01 -5.259256806041626708e-01 -2.448367692226931236e-02 4.623910502741238604e-01 7.134404282571927824e-01
1.852521122308038892e+00 7.225068938162839682e-01 7.076389942298235702e-01 -5.247066289722243093e-01 -3.137635186435760309e-02 4.506293757450457460e-01 7.215480883294741465e-01
1.861352384193017073e+00 7.389142775004468033e-01 7.088720662308409803e-01 -5.210479376977509292e-01 -3.721838233030153736e-02 4.370932512906423040e-01 7.321702864182700887e-01
1.872048188859567031e+00 7.564065330075817606e-01 7.122700153644681009e-01 -5.160703272630723371e-01 -4.203733381953050907e-02 4.223079515016930352e-01 7.440163129813583964e-01
1.884181859232262779e+00 7.746700601645613027e-01 7.193123996095051043e-01 -5.094496020966132743e-01 -4.593804829289187958e-02 4.066581990258049117e-01 7.569543630944544077e-01
1.898654075203299207e+00 7.931268155320975177e-01 7.290856336623343648e-01 -5.015926363607171590e-01 -4.970118032616242104e-02 3.903660949771593502e-01 7.704212689919555102e-01
1.916118626653203760e+00 8.121573976662500582e-01 7.397080525576806842e-01 -4.925781576115277338e-01 -5.321074139198832958e-02 3.738910988948773717e-01 7.840540936770428182e-01
1.935934059145722808e+00 8.317220879205665662e-01 7.523799899669515456e-01 -4.821446257977575200e-01 -5.604709418734087067e-02 3.585296246936096609e-01 7.974031547871848202e-01
1.957630342913750487e+00 8.536018237650868645e-01 7.653318741544473669e-01 -4.708839515542398990e-01 -5.787856495252519107e-02 3.442715001190576607e-01 8.101823931026113090e-01
1.982579489199324918e+00 8.759343644869492795e-01 7.796481217478271608e-01 -4.588348901416879899e-01 -5.865625421459145367e-02 3.319336113338114402e-01 8.221010066269670569e-01
2.011612239264191970e+00 8.968883916745757912e-01 7.964974910550282061e-01 -4.462146978635049832e-01 -5.833433427296027401e-02 3.222102662203359391e-01 8.328685929951564759e-01
2.042412049701568311e+00 9.217076134491418715e-01 8.131077232831196433e-01 -4.341438318607862001e-01 -5.718084075886101236e-02 3.147738797437368841e-01 8.421204719862940280e-01
2.076193031886336637e+00 9.486841007447369689e-01 8.299725729590989864e-01 -4.224201969570886006e-01 -5.472198034159823921e-02 3.103636666457955662e-01 8.498476784085519098e-01
2.113637721890033294e+00 9.753969141803822129e-01 8.497745894063259975e-01 -4.112677222469383054e-01 -5.144630546771937485e-02 3.094168644408101798e-01 8.558465646896964429e-01
2.153203950151538759e+00 1.006014059674886552e+00 8.698745407366896831e-01 -4.024932427210578534e-01 -4.553549590037397204e-02 3.117697282501956657e-01 8.594913290567821607e-01
2.194606910159627056e+00 1.040281023693704343e+00 8.914545452258441083e-01 -3.959470197911730827e-01 -3.805471270958708796e-02 3.183070570531238430e-01 8.604989330552703652e-01
2.238567323174739165e+00 1.075803457063321922e+00 9.168908592983627814e-01 -3.901883503880720916e-01 -3.543198376224220708e-02 3.309756274238140894e-01 8.584595271761621404e-01
2.285957507879861517e+00 1.113378654889065844e+00 9.434705657374466981e-01 -3.849432582246714585e-01 -3.880104367487378220e-02 3.490413869459541019e-01 8.535123181044075302e-01
2.335472706177498026e+00 1.153196782366507023e+00 9.730494685724822013e-01 -3.814494157607242752e-01 -4.161005274495747225e-02 3.707515944637726490e-01 8.457589502505630241e-01
2.387114095937424185e+00 1.198825706531060575e+00 9.998083625903426697e-01 -3.789854352305470631e-01 -4.523336760689170705e-02 3.959674391620497946e-01 8.351848714275785790e-01
2.441285138324133630e+00 1.248789791348646316e+00 1.023991966603094994e+00 -3.765140844245360441e-01 -4.876524818169514219e-02 4.247817612195865511e-01 8.218391266756025493e-01
2.497520847991556270e+00 1.302124142034389864e+00 1.047499318918136524e+00 -3.739006034244195531e-01 -5.235417105624803197e-02 4.553331571299545910e-01 8.063058325163822149e-01
2.548692338938062907e+00 1.354197254106802584e+00 1.069592808897044556e+00 -3.718526993410561365e-01 -5.586122505403203625e-02 4.865493853984889094e-01 7.885903810576094797e-01
2.589460063085343489e+00 1.399135618151232885e+00 1.088133440622666148e+00 -3.711806158003704281e-01 -6.016719015443972030e-02 5.194630995640886484e-01 7.673088999055380777e-01
2.622440199043053255e+00 1.436293356943060484e+00 1.097004409369449318e+00 -3.689761781928325712e-01 -6.389573568745991750e-02 5.532589328522935501e-01 7.440957385352443554e-01
2.643293198138021438e+00 1.467369318006729539e+00 1.096875821213833424e+00 -3.654732419542849886e-01 -6.815554150842359493e-02 5.845186167799819588e-01 7.211949238692233477e-01
2.651075531275163044e+00 1.490301147318279007e+00 1.093112298467500576e+00 -3.628792726300322791e-01 -7.120548093066819684e-02 6.151013984796599443e-01 6.963466683838571702e-01
2.655175926918141194e+00 1.507496871317618892e+00 1.092910200034461710e+00 -3.615893671024008049e-01 -7.151258673269113297e-02 6.464129730938001916e-01 6.680489111983630712e-01
2.659370547000940554e+00 1.523112071736475226e+00 1.090532585973493562e+00 -3.583892919963274082e-01 -7.213791745492011132e-02 6.765283279583029774e-01 6.392672819076393731e-01
2.659301617035094711e+00 1.537848804927995250e+00 1.088383257765304757e+00 -3.571651172434557320e-01 -7.091343854072722219e-02 7.028751611120628295e-01 6.110408097259059090e-01
2.660762558639145681e+00 1.550530854693610960e+00 1.084506321008681828e+00 -3.545773572959513009e-01 -7.085582828873017436e-02 7.276700870825376644e-01 5.828812860744710944e-01
2.662130787980550028e+00 1.560854216898953650e+00 1.079207029254633410e+00 -3.514136593687134935e-01 -7.005466123676813706e-02 7.503428046931012174e-01 5.555055894348696066e-01
2.663101852634965905e+00 1.568800423871654637e+00 1.073302956954319098e+00 -3.486194199987261433e-01 -6.826082988766755955e-02 7.699724334138832171e-01 5.300447253633429057e-01
2.662825433893579952e+00 1.575411777412233372e+00 1.068543187401687300e+00 -3.473573785748298448e-01 -6.457244489351469940e-02 7.860990290736427077e-01 5.071701562587966894e-01
2.662108159986802391e+00 1.583233152458763060e+00 1.063944893967656791e+00 -3.472884637730332402e-01 -5.993419038679355382e-02 7.978835756853291938e-01 4.890607481739253637e-01
2.664295285178642114e+00 1.597502865451878806e+00 1.062126483559467705e+00 -3.495962434458820267e-01 -5.341833027616737367e-02 8.058050552240116904e-01 4.749812222966939279e-01
