2.616429710388183594e+01 -2.226403045654296875e+01 -9.312875270843505859e-01 -9.828075766563415527e-02 1.950348913669586182e-01 7.394629120826721191e-01 6.367863416671752930e-01
2.616370773315429688e+01 -2.217281341552734375e+01 -9.335812330245971680e-01 -1.150440424680709839e-01 1.832592636346817017e-01 7.594122886657714844e-01 6.135743260383605957e-01
2.616239738464355469e+01 -2.208923721313476562e+01 -9.352497458457946777e-01 -1.317151039838790894e-01 1.714168787002563477e-01 7.774055004119873047e-01 5.906835794448852539e-01
2.616040992736816406e+01 -2.201338958740234375e+01 -9.365476965904235840e-01 -1.481149047613143921e-01 1.596852689981460571e-01 7.933976054191589355e-01 5.684015750885009766e-01
2.615786743164062500e+01 -2.194535255432128906e+01 -9.375521540641784668e-01 -1.640759855508804321e-01 1.482434272766113281e-01 8.073757886886596680e-01 5.470312833786010742e-01
2.615491867065429688e+01 -2.188517379760742188e+01 -9.382873773574829102e-01 -1.794422417879104614e-01 1.372693628072738647e-01 8.193557858467102051e-01 5.268851518630981445e-01
2.615170669555664062e+01 -2.183290290832519531e+01 -9.387851357460021973e-01 -1.940710842609405518e-01 1.269402056932449341e-01 8.293762803077697754e-01 5.082815885543823242e-01
2.614838409423828125e+01 -2.178856658935546875e+01 -9.390645623207092285e-01 -2.078245580196380615e-01 1.174262017011642456e-01 8.374948501586914062e-01 4.915419816970825195e-01
2.614510726928710938e+01 -2.175220298767089844e+01 -9.391403198242187500e-01 -2.205978929996490479e-01 1.089066341519355774e-01 8.437737822532653809e-01 4.769817590713500977e-01
2.614201545715332031e+01 -2.172379684448242188e+01 -9.390162825584411621e-01 -2.322064638137817383e-01 1.015075072646141052e-01 8.482973575592041016e-01 4.649260044097900391e-01
2.613924598693847656e+01 -2.170343208312988281e+01 -9.386971592903137207e-01 -2.427961230278015137e-01 9.553112834692001343e-02 8.510637879371643066e-01 4.556328952312469482e-01
2.613695335388183594e+01 -2.169103240966796875e+01 -9.381130337715148926e-01 -2.468537688255310059e-01 8.807577192783355713e-02 8.535134196281433105e-01 4.503409266471862793e-01
2.613509559631347656e+01 -2.168678855895996094e+01 -9.372590780258178711e-01 -2.498860955238342285e-01 8.211386203765869141e-02 8.544832468032836914e-01 4.479482769966125488e-01
2.613364028930664062e+01 -2.168218803405761719e+01 -9.366600513458251953e-01 -2.523164153099060059e-01 7.769196480512619019e-02 8.541026711463928223e-01 4.480992853641510010e-01
2.613253784179687500e+01 -2.167675399780273438e+01 -9.363219738006591797e-01 -2.541527152061462402e-01 7.464525848627090454e-02 8.525699973106384277e-01 4.504908621311187744e-01
2.613174629211425781e+01 -2.167056465148925781e+01 -9.362226724624633789e-01 -2.554757893085479736e-01 7.286857813596725464e-02 8.500398397445678711e-01 4.547927975654602051e-01
2.613121414184570312e+01 -2.166349220275878906e+01 -9.363492131233215332e-01 -2.563176453113555908e-01 7.224485278129577637e-02 8.466645479202270508e-01 4.606750905513763428e-01
2.613088226318359375e+01 -2.165550231933593750e+01 -9.366989135742187500e-01 -2.567010819911956787e-01 7.266458868980407715e-02 8.425920605659484863e-01 4.678055644035339355e-01
2.613068580627441406e+01 -2.164653015136718750e+01 -9.372603893280029297e-01 -2.566363513469696045e-01 7.401966303586959839e-02 8.379731178283691406e-01 4.758548736572265625e-01
2.613057327270507812e+01 -2.163651657104492188e+01 -9.380266070365905762e-01 -2.561280429363250732e-01 7.620407640933990479e-02 8.329641819000244141e-01 4.844985306262969971e-01
2.613048934936523438e+01 -2.162540245056152344e+01 -9.389950037002563477e-01 -2.551792860031127930e-01 7.911197841167449951e-02 8.277306556701660156e-01 4.934189021587371826e-01
2.613039398193359375e+01 -2.161312103271484375e+01 -9.401589632034301758e-01 -2.537960708141326904e-01 8.263908326625823975e-02 8.224469423294067383e-01 5.023079514503479004e-01
2.613023757934570312e+01 -2.159960365295410156e+01 -9.415189027786254883e-01 -2.519912421703338623e-01 8.668003231287002563e-02 8.172976374626159668e-01 5.108662843704223633e-01
2.612998771667480469e+01 -2.158477401733398438e+01 -9.430665969848632812e-01 -2.497870773077011108e-01 9.112980216741561890e-02 8.124747276306152344e-01 5.188046693801879883e-01
2.612963867187500000e+01 -2.156855773925781250e+01 -9.447278380393981934e-01 -2.472186684608459473e-01 9.588386118412017822e-02 8.081768155097961426e-01 5.258427858352661133e-01
2.612915039062500000e+01 -2.155087471008300781e+01 -9.465497732162475586e-01 -2.443355470895767212e-01 1.008371040225028992e-01 8.046050667762756348e-01 5.317077636718750000e-01
2.612848663330078125e+01 -2.153165817260742188e+01 -9.485254883766174316e-01 -2.412059754133224487e-01 1.058853939175605774e-01 8.019596934318542480e-01 5.361328721046447754e-01
2.612763977050781250e+01 -2.151081085205078125e+01 -9.506404995918273926e-01 -2.379090189933776855e-01 1.109190210700035095e-01 8.004373908042907715e-01 5.388558506965637207e-01
2.612658309936523438e+01 -2.148826408386230469e+01 -9.528726339340209961e-01 -2.345682382583618164e-01 1.158417686820030212e-01 8.002178668975830078e-01 5.396097898483276367e-01
2.612529945373535156e+01 -2.146393775939941406e+01 -9.552018642425537109e-01 -2.312306612730026245e-01 1.204881668090820312e-01 8.014889359474182129e-01 5.381446480751037598e-01
2.612374877929687500e+01 -2.143775749206542969e+01 -9.575974941253662109e-01 -2.283166199922561646e-01 1.249197944998741150e-01 8.043249845504760742e-01 5.341326594352722168e-01
2.612191390991210938e+01 -2.140970039367675781e+01 -9.599941968917846680e-01 -2.197895646095275879e-01 1.248999908566474915e-01 8.103659152984619141e-01 5.285543799400329590e-01
2.611974334716796875e+01 -2.137969017028808594e+01 -9.624089598655700684e-01 -2.106180638074874878e-01 1.238914355635643005e-01 8.181644678115844727e-01 5.204501748085021973e-01
2.611723518371582031e+01 -2.134784126281738281e+01 -9.648035764694213867e-01 -2.011681944131851196e-01 1.221818849444389343e-01 8.273478150367736816e-01 5.099704861640930176e-01
2.611439704895019531e+01 -2.131418228149414062e+01 -9.671421647071838379e-01 -1.914410740137100220e-01 1.198076456785202026e-01 8.376268744468688965e-01 4.973425865173339844e-01
2.611123847961425781e+01 -2.127894020080566406e+01 -9.693875908851623535e-01 -1.815389245748519897e-01 1.168732047080993652e-01 8.486933112144470215e-01 4.827800989151000977e-01
2.610777091979980469e+01 -2.124188041687011719e+01 -9.715246558189392090e-01 -1.715421676635742188e-01 1.134682148694992065e-01 8.602541089057922363e-01 4.665127396583557129e-01
2.610401153564453125e+01 -2.121100997924804688e+01 -9.730384349822998047e-01 -1.615434288978576660e-01 1.096900776028633118e-01 8.720315694808959961e-01 4.487827122211456299e-01
2.609999084472656250e+01 -2.118679237365722656e+01 -9.738886952400207520e-01 -1.516393274068832397e-01 1.056385189294815063e-01 8.837701678276062012e-01 4.298483133316040039e-01
2.609576988220214844e+01 -2.116922187805175781e+01 -9.740686416625976562e-01 -1.419330984354019165e-01 1.014174595475196838e-01 8.952400684356689453e-01 4.099845588207244873e-01
2.609141349792480469e+01 -2.115834426879882812e+01 -9.735779762268066406e-01 -1.325341910123825073e-01 9.713456034660339355e-02 9.062419533729553223e-01 3.894838094711303711e-01
2.608699798583984375e+01 -2.115446281433105469e+01 -9.724043011665344238e-01 -1.235574260354042053e-01 9.290055185556411743e-02 9.166087508201599121e-01 3.686519265174865723e-01
2.608263397216796875e+01 -2.115162849426269531e+01 -9.709353446960449219e-01 -1.151219457387924194e-01 8.882922679185867310e-02 9.262058734893798828e-01 3.478100597858428955e-01
2.607841682434082031e+01 -2.114961051940917969e+01 -9.692084789276123047e-01 -1.073514521121978760e-01 8.503685891628265381e-02 9.349324107170104980e-01 3.272903859615325928e-01
2.607446098327636719e+01 -2.114855575561523438e+01 -9.672461152076721191e-01 -1.003724262118339539e-01 8.164138346910476685e-02 9.427182674407958984e-01 3.074338436126708984e-01
2.607088470458984375e+01 -2.114844512939453125e+01 -9.650821685791015625e-01 -9.431395679712295532e-02 7.876210659742355347e-02 9.495222568511962891e-01 2.885866463184356689e-01
2.606781387329101562e+01 -2.114935874938964844e+01 -9.627464413642883301e-01 -8.930709213018417358e-02 7.651917636394500732e-02 9.553262591361999512e-01 2.710977792739868164e-01
2.606536674499511719e+01 -2.115122985839843750e+01 -9.602794051170349121e-01 -8.548343181610107422e-02 7.503324747085571289e-02 9.601297974586486816e-01 2.553170919418334961e-01
2.606367492675781250e+01 -2.115424728393554688e+01 -9.577080607414245605e-01 -8.297508209943771362e-02 7.442510128021240234e-02 9.639412164688110352e-01 2.415916770696640015e-01
2.606286239624023438e+01 -2.115414810180664062e+01 -9.553295373916625977e-01 -8.191405981779098511e-02 7.481559365987777710e-02 9.667696952819824219e-01 2.302644699811935425e-01
2.606305313110351562e+01 -2.115073966979980469e+01 -9.531829953193664551e-01 -8.243195712566375732e-02 7.632577419281005859e-02 9.686141014099121094e-01 2.216722071170806885e-01
