8.836799860000610352e-02 1.849790662527084351e-02 1.401633210480213165e-02 -1.229719445109367371e-02 2.674569608643651009e-03 3.291615983471274376e-03 9.999154210090637207e-01
8.223334699869155884e-02 1.289520226418972015e-02 9.878744371235370636e-03 -1.424000971019268036e-02 1.494546886533498764e-03 3.275438211858272552e-03 9.998921155929565430e-01
7.147634774446487427e-02 2.225234732031822205e-02 -1.424913015216588974e-02 -1.390020083636045456e-02 -5.351729225367307663e-03 -2.966244239360094070e-03 9.998846650123596191e-01
6.635773181915283203e-02 1.461580023169517517e-02 -8.713722229003906250e-03 -1.603644341230392456e-02 -3.324162680655717850e-03 -6.076001445762813091e-04 9.998657107353210449e-01
5.873911455273628235e-02 1.378811150789260864e-02 -7.131164427846670151e-03 -1.631012186408042908e-02 -2.401440870016813278e-03 -9.650557767599821091e-04 9.998636245727539062e-01
5.216577276587486267e-02 8.890932425856590271e-03 -2.053805394098162651e-03 -1.537727285176515579e-02 -2.955920353997498751e-04 6.407107139239087701e-05 9.998817443847656250e-01
4.387376829981803894e-02 1.048634853214025497e-02 1.069131656549870968e-03 -1.376084797084331512e-02 1.421534456312656403e-03 -1.763916923664510250e-03 9.999027252197265625e-01
3.605468198657035828e-02 9.324145503342151642e-03 9.514825069345533848e-04 -1.303219515830278397e-02 1.724761445075273514e-03 -2.296597696840763092e-03 9.999109506607055664e-01
2.798334881663322449e-02 8.837948553264141083e-03 1.168681192211806774e-03 -1.016680337488651276e-02 1.965011237189173698e-03 -3.917002584785223007e-03 9.999387264251708984e-01
2.002159878611564636e-02 7.590896915644407272e-03 1.300284871831536293e-03 -8.579764515161514282e-03 2.519422676414251328e-03 -4.113502334803342819e-03 9.999515414237976074e-01
1.263207942247390747e-02 4.083987791091203690e-03 2.183362375944852829e-03 -7.413945626467466354e-03 -6.990780821070075035e-05 -2.745232777670025826e-03 9.999687671661376953e-01
4.990689456462860107e-03 2.616308629512786865e-03 5.961407441645860672e-04 -5.675078369677066803e-03 -4.782948235515505075e-04 -2.220591995865106583e-03 9.999813437461853027e-01
5.117329303175210953e-03 3.329679137095808983e-03 1.447103568352758884e-03 -2.685346873477101326e-03 -4.189535684417933226e-04 -5.035697482526302338e-03 9.999836087226867676e-01
5.897556431591510773e-03 3.058287315070629120e-03 2.275636885315179825e-03 -9.034476533997803926e-05 -5.584738682955503464e-04 -6.596185266971588135e-03 9.999780654907226562e-01
7.492464035749435425e-03 1.024645986035466194e-03 2.198849571868777275e-03 1.251966343261301517e-03 -4.346765927039086819e-04 -8.429894223809242249e-03 9.999635815620422363e-01
8.282106369733810425e-03 1.274584326893091202e-03 2.781996037811040878e-03 2.181275747716426849e-03 -3.320008690934628248e-04 -9.430686011910438538e-03 9.999530911445617676e-01
9.330682456493377686e-03 8.702685008756816387e-04 3.022770164534449577e-03 3.128321608528494835e-03 -1.592184271430596709e-04 -1.058972626924514771e-02 9.999390244483947754e-01
1.021830923855304718e-02 -6.779303075745701790e-04 3.841073717921972275e-03 3.810162190347909927e-03 3.076496941503137350e-04 -1.096508931368589401e-02 9.999325871467590332e-01
1.110854838043451309e-02 -2.182806376367807388e-03 4.252690821886062622e-03 4.659264348447322845e-03 2.556981635279953480e-04 -1.101804990321397781e-02 9.999284148216247559e-01
1.238254457712173462e-02 -2.460970310494303703e-03 4.235592205077409744e-03 5.933259148150682449e-03 2.746422251220792532e-04 -1.168492808938026428e-02 9.999141097068786621e-01
1.360313966870307922e-02 -3.060693619772791862e-03 4.373676143586635590e-03 6.803024094551801682e-03 9.618329204386100173e-05 -1.194475777447223663e-02 9.999055266380310059e-01
1.524683646857738495e-02 -3.217580495402216911e-03 3.550193505361676216e-03 9.045736864209175110e-03 -4.839765315409749746e-04 -1.190079562366008759e-02 9.998881220817565918e-01
1.667436398565769196e-02 -3.130306955426931381e-03 4.054792691022157669e-03 9.253690019249916077e-03 -1.848713582148775458e-04 -1.167816948145627975e-02 9.998889565467834473e-01
1.804031617939472198e-02 -3.518608631566166878e-03 4.707620944827795029e-03 9.817953221499919891e-03 -1.097722051781602204e-04 -1.046271529048681259e-02 9.998970627784729004e-01
1.933895237743854523e-02 -4.410864785313606262e-03 5.553503986448049545e-03 9.766853414475917816e-03 6.872762605780735612e-05 -8.216522634029388428e-03 9.999185204505920410e-01
2.073406241834163666e-02 -5.542430561035871506e-03 6.069250404834747314e-03 9.894457645714282990e-03 -1.087052805814892054e-04 -5.685369949787855148e-03 9.999348521232604980e-01
2.231102995574474335e-02 -5.823179613798856735e-03 7.011168636381626129e-03 9.082223288714885712e-03 1.336733694188296795e-04 -3.428787691518664360e-03 9.999528527259826660e-01
2.392292767763137817e-02 -7.118436042219400406e-03 7.202134933322668076e-03 8.887262083590030670e-03 -4.271260695531964302e-04 -1.453090924769639969e-03 9.999593496322631836e-01
2.544065751135349274e-02 -7.760013919323682785e-03 8.550995960831642151e-03 7.478904444724321365e-03 -4.399887984618544579e-04 2.610199444461613894e-04 9.999719262123107910e-01
2.702488191425800323e-02 -7.410401944071054459e-03 1.064740028232336044e-02 5.389594938606023788e-03 -2.607892383821308613e-04 1.709747244603931904e-03 9.999839663505554199e-01
2.815596386790275574e-02 -7.021675352007150650e-03 1.349444128572940826e-02 1.515400479547679424e-03 -2.746551064774394035e-03 1.748934038914740086e-03 9.999935626983642578e-01
3.022699244320392609e-02 -6.768054794520139694e-03 1.416468806564807892e-02 8.825389668345451355e-04 -2.462107455357909203e-03 2.934914082288742065e-03 9.999922513961791992e-01
3.259410336613655090e-02 -5.245876498520374298e-03 1.442416105419397354e-02 5.550537607632577419e-04 -3.183402586728334427e-03 3.169573843479156494e-03 9.999897480010986328e-01
3.453943878412246704e-02 -6.349050439894199371e-03 1.424812246114015579e-02 3.414495440665632486e-04 -3.025527345016598701e-03 3.482094500213861465e-03 9.999893307685852051e-01
3.643117100000381470e-02 -4.335884470492601395e-03 1.507229078561067581e-02 3.063083568122237921e-05 -3.218208672478795052e-03 2.975498558953404427e-03 9.999904036521911621e-01
3.812803700566291809e-02 -4.073061980307102203e-03 1.541772205382585526e-02 -3.453242825344204903e-04 -3.176455618813633919e-03 3.503358690068125725e-03 9.999887347221374512e-01
3.233270347118377686e-02 6.549312733113765717e-03 1.155273243784904480e-02 4.668824840337038040e-05 -1.799019868485629559e-03 1.538957818411290646e-03 9.999971985816955566e-01
2.623774483799934387e-02 9.218299761414527893e-03 6.228905636817216873e-03 1.946482661878690124e-04 -4.645835608243942261e-03 2.886041067540645599e-03 9.999850392341613770e-01
2.036532014608383179e-02 8.138218894600868225e-03 1.535026705823838711e-03 -1.515186857432126999e-03 -7.467050570994615555e-03 7.507317699491977692e-03 9.999427795410156250e-01
1.409242209047079086e-02 6.353158038109540939e-03 7.379179005511105061e-04 -2.694924594834446907e-03 -7.936292327940464020e-03 1.195236295461654663e-02 9.998934268951416016e-01
8.198496885597705841e-03 4.013981670141220093e-03 7.662699790671467781e-04 -2.997897099703550339e-03 -7.005422841757535934e-03 1.483033597469329834e-02 9.998610019683837891e-01
7.578252814710140228e-03 3.830343950539827347e-03 7.648120517842471600e-04 -3.392237471416592598e-03 -6.549555342644453049e-03 1.566155068576335907e-02 9.998501539230346680e-01
6.848705466836690903e-03 3.753825323656201363e-03 4.792629915755242109e-04 -3.159742336720228195e-03 -5.929178092628717422e-03 1.509299036115407944e-02 9.998635053634643555e-01
6.391773000359535217e-03 2.972778398543596268e-03 6.131354020908474922e-04 -2.727133687585592270e-03 -5.330224987119436264e-03 1.473083440214395523e-02 9.998735785484313965e-01
5.710889119654893875e-03 2.530941972509026527e-03 5.886246799491345882e-04 -2.642961684614419937e-03 -4.728462547063827515e-03 1.423250138759613037e-02 9.998840689659118652e-01
4.948276095092296600e-03 2.150133717805147171e-03 5.139876739121973515e-04 -2.394475508481264114e-03 -3.687821328639984131e-03 1.326574198901653290e-02 9.999023675918579102e-01
4.145859740674495697e-03 1.776050776243209839e-03 5.130103672854602337e-04 -1.815162715502083302e-03 -2.532040001824498177e-03 1.143747474998235703e-02 9.999297261238098145e-01
3.396424464881420135e-03 1.273212837986648083e-03 1.127715950133278966e-04 -1.587594393640756607e-03 -1.659864326938986778e-03 1.017906796187162399e-02 9.999455809593200684e-01
5.811072420328855515e-03 4.868213145527988672e-04 1.765121560310944915e-04 -2.425149577902629972e-04 -7.021718192845582962e-04 6.693661212921142578e-03 9.999773502349853516e-01
8.750082924962043762e-03 9.129528189077973366e-04 5.302745266817510128e-04 9.161921916529536247e-04 1.687204930931329727e-04 1.333907712250947952e-03 9.999986886978149414e-01
1.725355237722396851e-01 5.892862100154161453e-03 2.977805398404598236e-02 -1.634532958269119263e-02 2.583783818408846855e-03 8.703635074198246002e-03 9.998251795768737793e-01
1.525456011295318604e-01 4.669396579265594482e-02 1.255208812654018402e-02 -1.485639065504074097e-02 -1.133820042014122009e-03 -2.799595706164836884e-03 9.998850822448730469e-01
1.386218518018722534e-01 3.932200372219085693e-02 -1.334253977984189987e-02 -2.106416784226894379e-02 -5.607350263744592667e-03 -3.634410677477717400e-03 9.997557997703552246e-01
1.245557665824890137e-01 2.335630171000957489e-02 -2.546126581728458405e-02 -2.580012753605842590e-02 -6.431553512811660767e-03 -2.157301642000675201e-03 9.996441006660461426e-01
1.129062771797180176e-01 1.017250120639801025e-02 -8.898740634322166443e-03 -2.533641271293163300e-02 -1.174989272840321064e-03 9.087433572858572006e-04 9.996778964996337891e-01
9.637392312288284302e-02 1.604173332452774048e-02 -8.615240454673767090e-03 -2.453555911779403687e-02 -6.034690886735916138e-04 -3.907752688974142075e-03 9.996911287307739258e-01
8.038051426410675049e-02 1.787397824227809906e-02 -2.236011438071727753e-03 -2.272345125675201416e-02 1.680199988186359406e-03 -6.346860900521278381e-03 9.997202157974243164e-01
6.436511129140853882e-02 1.716402545571327209e-02 9.343011770397424698e-04 -1.950790919363498688e-02 3.419410204514861107e-03 -7.893322035670280457e-03 9.997726678848266602e-01
4.832164198160171509e-02 1.553844287991523743e-02 2.479784889146685600e-03 -1.652777567505836487e-02 4.407938104122877121e-03 -8.374792523682117462e-03 9.998186230659484863e-01
3.302135318517684937e-02 1.129476167261600494e-02 1.802997285267338157e-04 -1.553336810320615768e-02 1.344863791018724442e-03 -6.162105128169059753e-03 9.998594522476196289e-01
1.806783117353916168e-02 6.138721946626901627e-03 -1.057508707162924111e-04 -1.395385246723890305e-02 -1.580061041750013828e-03 -4.438030533492565155e-03 9.998915195465087891e-01
1.027518883347511292e-02 5.801610648632049561e-03 1.705064205452799797e-03 -8.151210844516754150e-03 -7.394952699542045593e-04 -6.926599889993667603e-03 9.999425411224365234e-01
1.129140052944421768e-02 6.015161052346229553e-03 3.580727381631731987e-03 -3.788258181884884834e-03 -5.501103005371987820e-04 -1.104866713285446167e-02 9.999316334724426270e-01
1.361052319407463074e-02 4.116798751056194305e-03 4.421140532940626144e-03 -3.451134252827614546e-04 -5.780765786767005920e-04 -1.434640027582645416e-02 9.998968839645385742e-01
1.563011482357978821e-02 5.748285911977291107e-04 5.855606868863105774e-03 2.548438496887683868e-03 3.583593570510856807e-05 -1.617614924907684326e-02 9.998658895492553711e-01
1.735363341867923737e-02 -1.258583157323300838e-03 6.780946161597967148e-03 3.986474592238664627e-03 3.584004880394786596e-04 -1.813821494579315186e-02 9.998275041580200195e-01
1.913351751863956451e-02 -2.837015083059668541e-03 7.601655088365077972e-03 5.390202626585960388e-03 7.071247673593461514e-04 -1.974019221961498260e-02 9.997903704643249512e-01
2.119300514459609985e-02 -3.589838510379195213e-03 8.267233148217201233e-03 7.316754665225744247e-03 4.814167623408138752e-04 -2.128485776484012604e-02 9.997465610504150391e-01
2.366705052554607391e-02 -4.746958613395690918e-03 7.934106513857841492e-03 9.313487447798252106e-03 2.746092795860022306e-04 -2.273936942219734192e-02 9.996979832649230957e-01
2.627317421138286591e-02 -5.124835763126611710e-03 7.966536097228527069e-03 1.039109937846660614e-02 5.625870544463396072e-04 -2.373791486024856567e-02 9.996640682220458984e-01
2.869754284620285034e-02 -6.719333585351705551e-03 8.204145357012748718e-03 1.258560828864574432e-02 -3.931555256713181734e-04 -2.309055253863334656e-02 9.996540546417236328e-01
3.159366920590400696e-02 -7.826712913811206818e-03 7.601679768413305283e-03 1.431296113878488541e-02 -4.126868734601885080e-04 -2.199898473918437958e-02 9.996554255485534668e-01
3.467733412981033325e-02 -7.722533773630857468e-03 8.000136353075504303e-03 1.617907173931598663e-02 -8.390089496970176697e-04 -2.096863649785518646e-02 9.996488690376281738e-01
3.780600428581237793e-02 -7.399789057672023773e-03 9.045557118952274323e-03 1.774247922003269196e-02 -2.982589357998222113e-04 -1.863237284123897552e-02 9.996688961982727051e-01
4.072623327374458313e-02 -9.647098369896411896e-03 9.424940682947635651e-03 1.920773275196552277e-02 -1.165934721939265728e-03 -1.402366347610950470e-02 9.997164607048034668e-01
4.349701479077339172e-02 -1.342407427728176117e-02 9.006263688206672668e-03 1.986464299261569977e-02 -1.744593959301710129e-03 -8.822442963719367981e-03 9.997622370719909668e-01
4.657696932554244995e-02 -1.522025931626558304e-02 1.033094525337219238e-02 1.899142004549503326e-02 -1.806307584047317505e-03 -5.042796954512596130e-03 9.998052716255187988e-01
4.922191053628921509e-02 -1.848187483847141266e-02 1.193849183619022369e-02 1.644042506814002991e-02 -1.346891745924949646e-03 -1.682443980826064944e-04 9.998639225959777832e-01
5.236956477165222168e-02 -1.719999872148036957e-02 1.776838302612304688e-02 1.178805809468030930e-02 2.634603006299585104e-04 2.651341026648879051e-03 9.999269843101501465e-01
5.508621409535408020e-02 -1.645335927605628967e-02 2.315518446266651154e-02 5.372104700654745102e-03 -2.578352577984333038e-03 4.339461214840412140e-03 9.999728202819824219e-01
5.863155424594879150e-02 -1.414474286139011383e-02 2.695315703749656677e-02 2.329332288354635239e-03 -5.115257110446691513e-03 4.121614620089530945e-03 9.999756813049316406e-01
6.333094835281372070e-02 -1.179279386997222900e-02 2.760925516486167908e-02 1.676983665674924850e-03 -4.996667616069316864e-03 5.308239720761775970e-03 9.999720454216003418e-01
6.751402467489242554e-02 -1.172244735062122345e-02 2.773646637797355652e-02 1.623359043151140213e-03 -5.471882410347461700e-03 6.107456050813198090e-03 9.999650716781616211e-01
7.104530185461044312e-02 -1.295932475477457047e-02 2.829100005328655243e-02 1.042229821905493736e-03 -5.725483875721693039e-03 5.736263934522867203e-03 9.999666213989257812e-01
7.507450878620147705e-02 -1.276668813079595566e-02 2.757594920694828033e-02 5.137380212545394897e-04 -6.796601694077253342e-03 6.389801856130361557e-03 9.999563694000244141e-01
7.219645380973815918e-02 3.259645076468586922e-03 2.439873851835727692e-02 2.734506851993501186e-04 -5.225968081504106522e-03 3.826193278655409813e-03 9.999789595603942871e-01
5.980942770838737488e-02 1.069273985922336578e-02 1.826790533959865570e-02 4.192837513983249664e-04 -6.049774121493101120e-03 6.542516872286796570e-03 9.999601840972900391e-01
4.776600748300552368e-02 1.461686287075281143e-02 7.199760992079973221e-03 -1.249456079676747322e-03 -1.231517177075147629e-02 1.218598615378141403e-02 9.998491406440734863e-01
3.403320908546447754e-02 1.535753719508647919e-02 2.542845439165830612e-03 -2.554065780714154243e-03 -1.570484042167663574e-02 1.690782979130744934e-02 9.997304677963256836e-01
2.113525755703449249e-02 1.207249332219362259e-02 2.855408238247036934e-03 -1.428591203875839710e-03 -1.411718223243951797e-02 2.350413799285888672e-02 9.996230602264404297e-01
1.536143012344837189e-02 8.378264494240283966e-03 2.525497227907180786e-03 -2.991377550642937422e-04 -1.178836822509765625e-02 2.691985666751861572e-02 9.995680451393127441e-01
1.444421615451574326e-02 7.208808325231075287e-03 2.545599127188324928e-03 -3.448262868914753199e-04 -1.128404866904020309e-02 2.723358385264873505e-02 9.995653629302978516e-01
1.309776771813631058e-02 6.771924439817667007e-03 2.094081370159983635e-03 2.083916624542325735e-04 -9.869318455457687378e-03 2.688496373593807220e-02 9.995898008346557617e-01
1.203669887036085129e-02 5.315328016877174377e-03 2.205576281994581223e-03 -6.000580615364015102e-04 -9.346473962068557739e-03 2.750429138541221619e-02 9.995778203010559082e-01
1.057380344718694687e-02 4.658342339098453522e-03 1.738069928251206875e-03 -6.493408582173287868e-04 -8.203914389014244080e-03 2.698022313416004181e-02 9.996020793914794922e-01
9.078555740416049957e-03 3.721048589795827866e-03 1.636116649024188519e-03 -1.283913501538336277e-03 -6.341247353702783585e-03 2.532447874546051025e-02 9.996583461761474609e-01
7.580754347145557404e-03 2.751996275037527084e-03 1.183422282338142395e-03 -1.316514797508716583e-03 -4.423013422638177872e-03 2.285209111869335175e-02 9.997282028198242188e-01
8.652145043015480042e-03 2.686156425625085831e-03 8.704235078766942024e-04 -1.143760629929602146e-03 -2.673271112143993378e-03 1.793152093887329102e-02 9.998350143432617188e-01
1.444105803966522217e-02 1.594606437720358372e-03 7.924039382487535477e-04 1.207864144816994667e-03 -2.063567662844434381e-04 8.036192506551742554e-03 9.999669790267944336e-01
