8.346945792436599731e-02 -9.976688772439956665e-03 3.548336774110794067e-02 -2.537811547517776489e-02 7.167832460254430771e-03 2.538998611271381378e-02 9.993297457695007324e-01
7.496780157089233398e-02 -1.428611204028129578e-02 3.380563855171203613e-02 -2.484870515763759613e-02 7.379618007689714432e-03 2.406921051442623138e-02 9.993742108345031738e-01
6.669192761182785034e-02 -1.728061959147453308e-02 3.116611950099468231e-02 -2.440289221704006195e-02 7.359805982559919357e-03 2.211073040962219238e-02 9.994305372238159180e-01
5.820246413350105286e-02 -1.926749385893344879e-02 2.868067286908626556e-02 -2.357375063002109528e-02 7.510068826377391815e-03 2.072070352733135223e-02 9.994791150093078613e-01
4.998322576284408569e-02 -1.998716220259666443e-02 2.583882398903369904e-02 -2.239585481584072113e-02 7.305717095732688904e-03 1.846393011510372162e-02 9.995519518852233887e-01
4.175427928566932678e-02 -2.024869620800018311e-02 2.277927286922931671e-02 -2.082255855202674866e-02 7.026191335171461105e-03 1.643598265945911407e-02 9.996233582496643066e-01
3.396876156330108643e-02 -1.896620355546474457e-02 1.980756968259811401e-02 -1.906553655862808228e-02 6.856180727481842041e-03 1.407116465270519257e-02 9.996957182884216309e-01
2.603092417120933533e-02 -1.737528294324874878e-02 1.696498319506645203e-02 -1.726575195789337158e-02 6.751915439963340759e-03 1.193863991647958755e-02 9.997568726539611816e-01
1.848195865750312805e-02 -1.476325374096632004e-02 1.420637406408786774e-02 -1.498004887253046036e-02 6.544462870806455612e-03 9.055858477950096130e-03 9.998253583908081055e-01
1.145019941031932831e-02 -1.155736204236745834e-02 1.091933250427246094e-02 -1.236237399280071259e-02 6.559250876307487488e-03 6.699092220515012741e-03 9.998795986175537109e-01
4.792375490069389343e-03 -7.802066393196582794e-03 7.712809368968009949e-03 -9.724739938974380493e-03 -1.658171386225149035e-04 3.445330774411559105e-03 9.999467730522155762e-01
-9.994776919484138489e-04 -3.074298147112131119e-03 4.796512890607118607e-03 -7.037093862891197205e-03 -2.218077133875340223e-04 5.351506988517940044e-04 9.999750852584838867e-01
-7.096507470123469830e-04 -4.137281328439712524e-03 4.871727898716926575e-03 -4.797869361937046051e-03 7.049286068649962544e-05 -1.800023135729134083e-03 9.999868869781494141e-01
-2.543092705309391022e-04 -5.523405969142913818e-03 4.802481736987829208e-03 -2.579841297119855881e-03 3.354163491167128086e-04 -3.555587958544492722e-03 9.999902844429016113e-01
-6.250001752050593495e-05 -6.885719951242208481e-03 4.381507635116577148e-03 -2.035503566730767488e-04 5.801368970423936844e-04 -5.541827529668807983e-03 9.999844431877136230e-01
3.672421735245734453e-04 -7.170889526605606079e-03 5.532397422939538956e-03 7.211798802018165588e-04 1.103503745980560780e-03 -6.651156116276979446e-03 9.999769926071166992e-01
1.948041244759224355e-05 -8.549078367650508881e-03 5.080926232039928436e-03 2.710206666961312294e-03 9.589211549609899521e-04 -7.788257673382759094e-03 9.999655485153198242e-01
1.507562352344393730e-03 -8.672589436173439026e-03 6.333331577479839325e-03 3.513524541631340981e-03 1.460395636968314648e-03 -8.248887024819850922e-03 9.999587535858154297e-01
1.256058458238840103e-03 -9.521303698420524597e-03 6.774961482733488083e-03 4.598332569003105164e-03 9.690231527201831341e-04 -9.008566848933696747e-03 9.999483823776245117e-01
2.323039574548602104e-03 -1.012862659990787506e-02 7.274188566952943802e-03 5.460042040795087814e-03 1.407613977789878845e-03 -9.166587144136428833e-03 9.999420642852783203e-01
4.085227381438016891e-03 -1.037651672959327698e-02 7.877573370933532715e-03 5.984732881188392639e-03 1.350403879769146442e-03 -8.892159909009933472e-03 9.999416470527648926e-01
4.805250093340873718e-03 -1.159458979964256287e-02 7.577167358249425888e-03 7.203683722764253616e-03 1.040659961290657520e-03 -8.520195260643959045e-03 9.999372363090515137e-01
5.996888037770986557e-03 -1.133016403764486313e-02 9.121170267462730408e-03 7.255617529153823853e-03 1.066108350642025471e-03 -7.750719320029020309e-03 9.999430775642395020e-01
6.682708393782377243e-03 -1.228579413145780563e-02 9.474468417465686798e-03 7.533779833465814590e-03 7.325808401219546795e-04 -6.595559883862733841e-03 9.999495744705200195e-01
7.830219343304634094e-03 -1.275258511304855347e-02 1.019681058824062347e-02 7.464234717190265656e-03 5.988865159451961517e-04 -5.348804872483015060e-03 9.999576807022094727e-01
9.696682915091514587e-03 -1.286383997648954391e-02 1.080882735550403595e-02 7.147433701902627945e-03 3.271247260272502899e-04 -3.446102142333984375e-03 9.999684691429138184e-01
1.094413828104734421e-02 -1.334229577332735062e-02 1.158122066408395767e-02 6.703414022922515869e-03 -4.810958853340707719e-05 -1.470876857638359070e-03 9.999764561653137207e-01
1.239153090864419937e-02 -1.362110767513513565e-02 1.248241681605577469e-02 6.062845233827829361e-03 -2.628851216286420822e-04 5.442239926196634769e-04 9.999814629554748535e-01
1.398236583918333054e-02 -1.375249493867158890e-02 1.348250079900026321e-02 5.387750454246997833e-03 -3.059791342820972204e-04 3.453246317803859711e-03 9.999794960021972656e-01
1.569293253123760223e-02 -1.368899829685688019e-02 1.459522265940904617e-02 3.918381407856941223e-03 -2.375586482230573893e-04 6.072796415537595749e-03 9.999738335609436035e-01
1.631326228380203247e-02 -1.504390407353639603e-02 1.555203925818204880e-02 2.657109638676047325e-03 -7.575014606118202209e-03 9.003219194710254669e-03 9.999272227287292480e-01
1.732810586690902710e-02 -1.600769162178039551e-02 1.660111360251903534e-02 1.376098953187465668e-03 -8.705291897058486938e-03 1.184975542128086090e-02 9.998909235000610352e-01
1.927341893315315247e-02 -1.650847680866718292e-02 1.693315990269184113e-02 1.297012058785185218e-04 -9.441641159355640411e-03 1.382094901055097580e-02 9.998599290847778320e-01
2.093109488487243652e-02 -1.703501679003238678e-02 1.748591475188732147e-02 -7.675184751860797405e-04 -9.840318933129310608e-03 1.619966700673103333e-02 9.998200535774230957e-01
2.208174765110015869e-02 -1.772438548505306244e-02 1.809160411357879639e-02 -1.760301878675818443e-03 -9.972990490496158600e-03 1.818145997822284698e-02 9.997833967208862305e-01
2.188691124320030212e-02 -2.077313140034675598e-02 1.829686202108860016e-02 -2.138329437002539635e-03 -1.056056097149848938e-02 1.980041339993476868e-02 9.997459053993225098e-01
1.622585952281951904e-02 -1.800661347806453705e-02 1.644684746861457825e-02 -2.882942091673612595e-03 -1.068561617285013199e-02 2.096495404839515686e-02 9.997189640998840332e-01
1.227853354066610336e-02 -1.325195934623479843e-02 1.426313165575265884e-02 -3.955833148211240768e-03 -1.024481747299432755e-02 2.210878394544124603e-02 9.996952414512634277e-01
6.478414870798587799e-03 -1.047157123684883118e-02 1.189743820577859879e-02 -3.821960650384426117e-03 -1.012959424406290054e-02 2.269667759537696838e-02 9.996837973594665527e-01
7.592907059006392956e-04 -4.604930989444255829e-03 1.119188405573368073e-02 -4.742977209389209747e-03 -9.897296316921710968e-03 2.315450645983219147e-02 9.996716380119323730e-01
-3.934444859623908997e-03 5.906126461923122406e-04 8.778485469520092010e-03 -4.089408554136753082e-03 -9.733415208756923676e-03 2.233060821890830994e-02 9.996948838233947754e-01
-3.933892119675874710e-03 -4.326521302573382854e-04 9.055474773049354553e-03 -4.452764987945556641e-03 -8.373320102691650391e-03 2.302215062081813812e-02 9.996899962425231934e-01
-3.465458983555436134e-03 -5.113832885399460793e-04 9.647199884057044983e-03 -4.274433478713035583e-03 -7.582729216665029526e-03 2.224913984537124634e-02 9.997145533561706543e-01
-4.165624734014272690e-03 2.674846618901938200e-04 9.958320297300815582e-03 -3.648414276540279388e-03 -6.792636122554540634e-03 2.102080173790454865e-02 9.997493028640747070e-01
-3.683041781187057495e-03 -7.873893482610583305e-04 1.081605441868305206e-02 -3.403097623959183693e-03 -5.771237891167402267e-03 2.023361623287200928e-02 9.997728466987609863e-01
-4.790395963937044144e-03 1.084921183064579964e-03 1.123310718685388565e-02 -2.654077950865030289e-03 -4.911449272185564041e-03 1.851479895412921906e-02 9.998130202293395996e-01
-5.792095791548490524e-03 1.339309033937752247e-03 1.172945369035005569e-02 -2.076131291687488556e-03 -3.226555185392498970e-03 1.655238308012485504e-02 9.998556375503540039e-01
-7.982420735061168671e-03 3.287254134193062782e-03 1.131984964013099670e-02 -8.896026993170380592e-04 -1.680025015957653522e-03 1.444829814136028290e-02 9.998937845230102539e-01
3.922263626009225845e-03 3.363550640642642975e-04 1.321137510240077972e-02 -4.132711910642683506e-04 -7.153050391934812069e-04 1.086357422173023224e-02 9.999406337738037109e-01
3.225948661565780640e-03 -8.839304558932781219e-03 1.058972720056772232e-02 2.580889849923551083e-04 1.311780535615980625e-03 8.471082895994186401e-03 9.999632239341735840e-01
1.596597284078598022e-01 -1.850386150181293488e-02 6.849127262830734253e-02 -5.072897672653198242e-02 1.427462603896856308e-02 4.915635287761688232e-02 9.973998665809631348e-01
1.431082487106323242e-01 -2.595514059066772461e-02 6.445233523845672607e-02 -4.925986006855964661e-02 1.601074263453483582e-02 4.588630050420761108e-02 9.976029396057128906e-01
1.261691749095916748e-01 -3.223581612110137939e-02 5.981045961380004883e-02 -4.783888161182403564e-02 1.444743014872074127e-02 4.311358556151390076e-02 9.978196024894714355e-01
1.095159426331520081e-01 -3.528748452663421631e-02 5.468845739960670471e-02 -4.601126909255981445e-02 1.475674007087945938e-02 3.929568827152252197e-02 9.980586171150207520e-01
9.309258311986923218e-02 -3.693955019116401672e-02 4.878762364387512207e-02 -4.277781024575233459e-02 1.471269223839044571e-02 3.530250862240791321e-02 9.983522891998291016e-01
7.680154591798782349e-02 -3.660186007618904114e-02 4.304967448115348816e-02 -3.989107534289360046e-02 1.385946664959192276e-02 3.047583252191543579e-02 9.986429810523986816e-01
6.215707957744598389e-02 -3.305092453956604004e-02 3.639923408627510071e-02 -3.594553470611572266e-02 1.374468766152858734e-02 2.635252848267555237e-02 9.989116787910461426e-01
4.740371182560920715e-02 -2.768010459840297699e-02 3.128036856651306152e-02 -3.174873441457748413e-02 1.371079776436090469e-02 2.104006521403789520e-02 9.991803169250488281e-01
3.293273597955703735e-02 -2.297875285148620605e-02 2.471619471907615662e-02 -2.731454558670520782e-02 1.285186223685741425e-02 1.595016568899154663e-02 9.994170069694519043e-01
1.890193857252597809e-02 -1.725026778876781464e-02 1.826067082583904266e-02 -2.198513410985469818e-02 6.380505859851837158e-03 1.021667104214429855e-02 9.996857047080993652e-01
6.923110224306583405e-03 -1.100772153586149216e-02 1.074185408651828766e-02 -1.670156978070735931e-02 -3.006871265824884176e-04 4.114709328860044479e-03 9.998520016670227051e-01
4.572077305056154728e-04 -7.954872213304042816e-03 9.241358377039432526e-03 -1.113079860806465149e-02 -2.965095045510679483e-04 -1.720332656987011433e-03 9.999365210533142090e-01
9.294693591073155403e-04 -9.223737753927707672e-03 1.014502625912427902e-02 -7.265258580446243286e-03 5.132841761223971844e-04 -5.185543093830347061e-03 9.999600052833557129e-01
1.178747857920825481e-03 -1.198288891464471817e-02 9.727565571665763855e-03 -2.902484731748700142e-03 1.031450927257537842e-03 -9.303679689764976501e-03 9.999519586563110352e-01
2.538156230002641678e-03 -1.364119537174701691e-02 1.019819453358650208e-02 8.454071212327107787e-05 1.689267461188137531e-03 -1.226102653890848160e-02 9.999234080314636230e-01
2.362699713557958603e-03 -1.573767885565757751e-02 1.038775313645601273e-02 3.593599423766136169e-03 1.735146506689488888e-03 -1.484774705022573471e-02 9.998818039894104004e-01
2.719026990234851837e-03 -1.772026903927326202e-02 1.051489077508449554e-02 5.892717279493808746e-03 2.118281321600079536e-03 -1.621535979211330414e-02 9.998489022254943848e-01
3.207528498023748398e-03 -1.879289001226425171e-02 1.212105061858892441e-02 8.345425128936767578e-03 2.516205655410885811e-03 -1.698663644492626190e-02 9.998177289962768555e-01
4.789883736521005630e-03 -2.008497901260852814e-02 1.305951271206140518e-02 1.034244801849126816e-02 2.576406812295317650e-03 -1.802822574973106384e-02 9.997806549072265625e-01
7.577000185847282410e-03 -2.111328206956386566e-02 1.379038300365209579e-02 1.194651611149311066e-02 2.620728453621268272e-03 -1.819465495645999908e-02 9.997596740722656250e-01
8.489295840263366699e-03 -2.245767228305339813e-02 1.499655749648809433e-02 1.297309901565313339e-02 2.287493320181965828e-03 -1.729672029614448547e-02 9.997636079788208008e-01
1.066316664218902588e-02 -2.302657999098300934e-02 1.671594381332397461e-02 1.399009767919778824e-02 2.550249220803380013e-03 -1.618673838675022125e-02 9.997678399085998535e-01
1.307404693216085434e-02 -2.449349686503410339e-02 1.712191291153430939e-02 1.446375157684087753e-02 1.936894841492176056e-03 -1.448236033320426941e-02 9.997886419296264648e-01
1.530173886567354202e-02 -2.528505213558673859e-02 1.873779855668544769e-02 1.478062942624092102e-02 1.190895796753466129e-03 -1.207951549440622330e-02 9.998170733451843262e-01
1.821500994265079498e-02 -2.563787996768951416e-02 2.042579650878906250e-02 1.431843452155590057e-02 8.088821778073906898e-04 -8.584770374000072479e-03 9.998602867126464844e-01
2.121625654399394989e-02 -2.626064978539943695e-02 2.177792042493820190e-02 1.357669755816459656e-02 3.873543464578688145e-04 -4.651485010981559753e-03 9.998969435691833496e-01
2.342261373996734619e-02 -2.700542099773883820e-02 2.393741160631179810e-02 1.257961988449096680e-02 -1.304048346355557442e-04 -7.739915163256227970e-04 9.999205470085144043e-01
2.705748006701469421e-02 -2.703522704541683197e-02 2.562448754906654358e-02 1.109104510396718979e-02 -1.204090367536991835e-04 4.428773187100887299e-03 9.999286532402038574e-01
2.988867089152336121e-02 -2.729769237339496613e-02 2.800751291215419769e-02 9.078035131096839905e-03 -6.368652102537453175e-04 9.612802416086196899e-03 9.999123811721801758e-01
3.197439759969711304e-02 -2.835006639361381531e-02 3.053711913526058197e-02 6.492745596915483475e-03 -7.831412367522716522e-03 1.480861380696296692e-02 9.998385906219482422e-01
3.489643335342407227e-02 -3.011633269488811493e-02 3.169203922152519226e-02 3.786722663789987564e-03 -1.620159670710563660e-02 2.038068696856498718e-02 9.996538162231445312e-01
3.787863627076148987e-02 -3.188179805874824524e-02 3.272823616862297058e-02 1.707401243038475513e-03 -1.807715743780136108e-02 2.560209110379219055e-02 9.995073080062866211e-01
4.046092182397842407e-02 -3.328413516283035278e-02 3.437257185578346252e-02 -4.732641682494431734e-04 -1.893387176096439362e-02 3.022046573460102081e-02 9.993637800216674805e-01
4.252488166093826294e-02 -3.563774004578590393e-02 3.529012203216552734e-02 -2.329668262973427773e-03 -1.962798088788986206e-02 3.468118607997894287e-02 9.992029666900634766e-01
4.398390650749206543e-02 -3.822658956050872803e-02 3.673840314149856567e-02 -3.778535407036542892e-03 -2.061185427010059357e-02 3.804585337638854980e-02 9.990562200546264648e-01
3.894331306219100952e-02 -3.778180480003356934e-02 3.497690334916114807e-02 -5.120712332427501678e-03 -2.089514583349227905e-02 4.061537608504295349e-02 9.989432096481323242e-01
2.994776517152786255e-02 -3.065355122089385986e-02 2.989730611443519592e-02 -6.105309352278709412e-03 -2.045999094843864441e-02 4.353591054677963257e-02 9.988237023353576660e-01
1.890008896589279175e-02 -2.460424602031707764e-02 2.526223659515380859e-02 -6.798404734581708908e-03 -2.022280916571617126e-02 4.430972784757614136e-02 9.987900257110595703e-01
8.298859931528568268e-03 -1.679521240293979645e-02 2.199301309883594513e-02 -7.688107434660196304e-03 -1.981862075626850128e-02 4.527312144637107849e-02 9.987484216690063477e-01
-2.944801701232790947e-03 -5.213320255279541016e-03 1.984868757426738739e-02 -7.931973785161972046e-03 -1.909887790679931641e-02 4.546086117625236511e-02 9.987520575523376465e-01
-6.031089462339878082e-03 -1.062343944795429707e-04 1.853206008672714233e-02 -7.979165762662887573e-03 -1.761676929891109467e-02 4.606761038303375244e-02 9.987511038780212402e-01
-5.830386187881231308e-03 5.673913983628153801e-04 1.925767771899700165e-02 -7.377318106591701508e-03 -1.642654277384281158e-02 4.521661624312400818e-02 9.988148808479309082e-01
-8.230170235037803650e-03 2.135380404070019722e-03 1.924634538590908051e-02 -7.522620260715484619e-03 -1.445278804749250412e-02 4.353229701519012451e-02 9.989191293716430664e-01
-3.932373598217964172e-03 1.572827808558940887e-03 2.182740531861782074e-02 -7.123313378542661667e-03 -1.305940095335245132e-02 4.116543382406234741e-02 9.990416169166564941e-01
-5.347954574972391129e-03 2.343948232010006905e-03 2.296646498143672943e-02 -6.480183918029069901e-03 -1.042310055345296860e-02 3.875723108649253845e-02 9.991732835769653320e-01
-8.775399997830390930e-03 3.486368805170059204e-03 2.357786893844604492e-02 -4.936737008392810822e-03 -8.590796031057834625e-03 3.510634973645210266e-02 9.993344545364379883e-01
-8.956321515142917633e-03 3.899413859471678734e-03 2.556948922574520111e-02 -3.573708701878786087e-03 -5.214064847677946091e-03 3.133656457066535950e-02 9.994888901710510254e-01
1.410284778103232384e-03 3.497696714475750923e-03 2.758127078413963318e-02 -1.891584252007305622e-03 -2.217827131971716881e-03 2.473213337361812592e-02 9.996898770332336426e-01
1.700188964605331421e-02 -1.973644131794571877e-03 2.182845212519168854e-02 1.116378189180977643e-04 8.245576755143702030e-04 1.808463782072067261e-02 9.998360872268676758e-01
