-4.452462308108806610e-03 9.506114125251770020e-01 -2.659993059933185577e-02
-1.053559780120849609e-02 8.748543262481689453e-01 -1.857492513954639435e-02
-1.537226978689432144e-02 7.980862855911254883e-01 -1.080093812197446823e-02
-2.000237256288528442e-02 7.204772830009460449e-01 -5.852568428963422775e-03
-2.296036109328269958e-02 6.422151923179626465e-01 -6.819352274760603905e-04
-2.459347434341907501e-02 5.634311437606811523e-01 3.793514566496014595e-03
-2.485604397952556610e-02 4.844719767570495605e-01 8.081019856035709381e-03
-2.361416816711425781e-02 4.046480953693389893e-01 1.208389177918434143e-02
-2.093874104321002960e-02 3.259677588939666748e-01 1.593511551618576050e-02
-1.717094890773296356e-02 2.441300898790359497e-01 1.970297098159790039e-02
-1.166565436869859695e-02 1.689578294754028320e-01 2.339084632694721222e-02
-5.730285309255123138e-03 7.646349817514419556e-02 2.861468866467475891e-02
-5.355027387849986553e-04 3.440100699663162231e-02 3.037521801888942719e-02
4.363402258604764938e-03 5.669653788208961487e-02 2.831233479082584381e-02
8.581391535699367523e-03 5.808682739734649658e-02 2.769131772220134735e-02
1.232450362294912338e-02 6.920025497674942017e-02 2.659287303686141968e-02
1.540873385965824127e-02 7.708171010017395020e-02 2.577630057930946350e-02
1.776890829205513000e-02 8.713459968566894531e-02 2.488007023930549622e-02
1.952555403113365173e-02 9.714365750551223755e-02 2.403132990002632141e-02
2.063439600169658661e-02 1.080052778124809265e-01 2.316331863403320312e-02
2.122352458536624908e-02 1.194052249193191528e-01 2.226115949451923370e-02
2.133866026997566223e-02 1.314796358346939087e-01 2.143113315105438232e-02
2.088309824466705322e-02 1.443017125129699707e-01 2.039501257240772247e-02
2.026589214801788330e-02 1.579091399908065796e-01 1.988958381116390228e-02
1.939310133457183838e-02 1.722154617309570312e-01 1.957396045327186584e-02
1.801187358796596527e-02 1.873405128717422485e-01 1.867475174367427826e-02
1.643879339098930359e-02 2.032117843627929688e-01 1.807994022965431213e-02
1.458180509507656097e-02 2.199746221303939819e-01 1.749658212065696716e-02
1.255521923303604126e-02 2.373526841402053833e-01 1.717030070722103119e-02
1.011814177036285400e-02 2.558223009109497070e-01 1.690787635743618011e-02
7.435450796037912369e-03 2.742532193660736084e-01 1.723658852279186249e-02
4.304086789488792419e-03 2.939909696578979492e-01 1.776041463017463684e-02
8.757715113461017609e-04 3.123456239700317383e-01 1.821549609303474426e-02
-2.448536921292543411e-03 3.326675891876220703e-01 1.897529512643814087e-02
-5.730463191866874695e-03 3.449300229549407959e-01 2.041864022612571716e-02
-8.956828154623508453e-03 3.731657266616821289e-01 2.110626362264156342e-02
-1.199853606522083282e-02 3.542286753654479980e-01 2.488838322460651398e-02
-1.484254375100135803e-02 2.754576802253723145e-01 3.250548616051673889e-02
-1.723767444491386414e-02 2.136507332324981689e-01 3.912125155329704285e-02
-1.896312832832336426e-02 1.479092091321945190e-01 4.598218575119972229e-02
-2.007108926773071289e-02 7.215048372745513916e-02 5.338146537542343140e-02
-2.018759213387966156e-02 2.895048260688781738e-02 5.860522389411926270e-02
-1.927714236080646515e-02 3.153824433684349060e-02 6.076214835047721863e-02
-1.730278320610523224e-02 1.752923242747783661e-02 6.367045640945434570e-02
-1.417128369212150574e-02 1.052704825997352600e-02 6.581278890371322632e-02
-9.779098443686962128e-03 -1.374375075101852417e-03 6.788264960050582886e-02
-4.138320684432983398e-03 -8.370099589228630066e-03 6.926225870847702026e-02
2.735845744609832764e-03 -2.507720142602920532e-02 7.085850089788436890e-02
1.093665510416030884e-02 -1.690497435629367828e-02 7.053890079259872437e-02
2.028832398355007172e-02 2.344879880547523499e-02 6.790494918823242188e-02
3.093717247247695923e-02 5.269056931138038635e-02 6.566762924194335938e-02
