-4.452462308108806610e-03 9.506114125251770020e-01 -2.659993059933185577e-02
-1.030142512172460556e-02 8.747006058692932129e-01 -1.795822568237781525e-02
-1.490960642695426941e-02 7.977829575538635254e-01 -9.582959115505218506e-03
-1.931837387382984161e-02 7.200282216072082520e-01 -4.048638977110385895e-03
-2.206091955304145813e-02 6.416242718696594238e-01 1.692706486210227013e-03
-2.348480373620986938e-02 5.627022385597229004e-01 6.723568774759769440e-03
-2.354421652853488922e-02 4.836088716983795166e-01 1.155093312263488770e-02
-2.210558578372001648e-02 4.036544561386108398e-01 1.607833430171012878e-02
-1.924054138362407684e-02 3.248471319675445557e-01 2.043876424431800842e-02
-1.529049407690763474e-02 2.428860217332839966e-01 2.470011822879314423e-02
-9.609621018171310425e-03 1.675939112901687622e-01 2.886593341827392578e-02
-3.505083732306957245e-03 7.498352229595184326e-02 3.455182909965515137e-02
1.852226210758090019e-03 3.280933946371078491e-02 3.675771132111549377e-02
6.907145958393812180e-03 5.499783903360366821e-02 3.512319922447204590e-02
1.127438899129629135e-02 5.628583952784538269e-02 3.491325676441192627e-02
1.516028679907321930e-02 6.730152666568756104e-02 3.420881181955337524e-02
1.838080026209354401e-02 7.508965581655502319e-02 3.376958519220352173e-02
2.087101526558399200e-02 8.505368232727050781e-02 3.323422744870185852e-02
2.275156415998935699e-02 9.497821331024169922e-02 3.273045271635055542e-02
2.397854067385196686e-02 1.057596430182456970e-01 3.219224140048027039e-02
2.468058094382286072e-02 1.170833408832550049e-01 3.160512447357177734e-02
2.490370906889438629e-02 1.290853619575500488e-01 3.107511624693870544e-02
2.455152757465839386e-02 1.418387740850448608e-01 3.032388165593147278e-02
2.403300069272518158e-02 1.553809642791748047e-01 3.008897230029106140e-02
2.325509302318096161e-02 1.696251630783081055e-01 3.002969734370708466e-02
2.196446061134338379e-02 1.846910715103149414e-01 2.937337011098861694e-02
2.047616243362426758e-02 2.005061656236648560e-01 2.900841645896434784e-02
1.869888417422771454e-02 2.172156721353530884e-01 2.864123135805130005e-02
1.674696430563926697e-02 2.345431447029113770e-01 2.851731143891811371e-02
1.437914278358221054e-02 2.529647648334503174e-01 2.844430319964885712e-02
1.176065020263195038e-02 2.713501155376434326e-01 2.895049750804901123e-02
8.689041249454021454e-03 2.910445034503936768e-01 2.964050509035587311e-02
5.315896123647689819e-03 3.093580007553100586e-01 3.025048039853572845e-02
2.042162697762250900e-03 3.296409249305725098e-01 3.115336224436759949e-02
-1.194037497043609619e-03 3.418662846088409424e-01 3.272858634591102600e-02
-4.379291087388992310e-03 3.700667321681976318e-01 3.353799507021903992e-02
-7.383729331195354462e-03 3.510964214801788330e-01 3.743030503392219543e-02
-1.019380707293748856e-02 2.722942531108856201e-01 4.514538124203681946e-02
-1.255819946527481079e-02 2.104581296443939209e-01 5.184739828109741211e-02
-1.425640005618333817e-02 1.446892917156219482e-01 5.878273770213127136e-02
-1.534174382686614990e-02 6.890647113323211670e-02 6.624349206686019897e-02
-1.544088870286941528e-02 2.568579651415348053e-02 7.151762396097183228e-02
-1.451627444475889206e-02 2.825696952641010284e-02 7.371603697538375854e-02
-1.253136433660984039e-02 1.423453539609909058e-02 7.665795087814331055e-02
-9.392963722348213196e-03 7.221287116408348083e-03 7.882665097713470459e-02
-4.996593110263347626e-03 -4.688949324190616608e-03 8.091669529676437378e-02
6.452864035964012146e-04 -1.169172301888465881e-02 8.231008797883987427e-02
7.518043741583824158e-03 -2.840469777584075928e-02 8.391430974006652832e-02
1.571630127727985382e-02 -2.023609168827533722e-02 8.359824866056442261e-02
2.506699040532112122e-02 2.011688984930515289e-02 8.096504956483840942e-02
3.571584820747375488e-02 4.935865476727485657e-02 7.872774451971054077e-02
