0.000000000000000000e+00 0.000000000000000000e+00 0.000000000000000000e+00 0.000000000000000000e+00 0.000000000000000000e+00 0.000000000000000000e+00 1.000000000000000000e+00
8.772328495979309082e-02 4.803602118045091629e-03 2.508152276277542114e-02 -2.275199846156889666e-02 5.424115863925070558e-03 1.904398227222895909e-02 9.995450226339553934e-01
1.671923693429502311e-01 4.124953429858484524e-03 5.173492712284676054e-02 -4.675062888897740104e-02 1.229204671200044389e-02 3.953153490546960913e-02 9.980483665805643945e-01
2.387772722141816018e-01 5.056808285019883872e-03 7.784634065591521102e-02 -7.070025370908467055e-02 1.968615919025175354e-02 5.737390586234769607e-02 9.956516279240974487e-01
3.024531461524220255e-01 2.846119726854379021e-03 1.030136757308075107e-01 -9.438642373275135666e-02 2.832636060683492094e-02 7.608121690739963472e-02 9.922199699379177229e-01
3.587758681314369147e-01 1.795573109225626768e-03 1.257710183625773137e-01 -1.160809937977094475e-01 3.612744849636427558e-02 9.210800808143128349e-02 9.882996130685014480e-01
4.077687408088733756e-01 -1.103919521690303884e-03 1.456663936729517828e-01 -1.354121162413363111e-01 4.308716488386412496e-02 1.059024533035625576e-01 9.841705773805677904e-01
4.495636610138709632e-01 -3.183071473508347106e-03 1.625446543832952395e-01 -1.526693041223775305e-01 4.964674085839396872e-02 1.168210509082664023e-01 9.800918971023159232e-01
4.839684952342349078e-01 -4.308920089175315507e-03 1.767863052782475963e-01 -1.683573453397410047e-01 5.600811829053888719e-02 1.252192191566286472e-01 9.761347458775927466e-01
5.114757414571325933e-01 -4.858075771937347270e-03 1.870621478222838086e-01 -1.817253910189633170e-01 6.165122910302440334e-02 1.306955049669381586e-01 9.726734771702826299e-01
5.314484920828140835e-01 -5.468063161490482882e-03 1.948656157301162650e-01 -1.929991555360391076e-01 6.722337874305839289e-02 1.343861750178195480e-01 9.696250302445904579e-01
5.440782748468875329e-01 -6.763600660896055584e-03 1.993182126583568081e-01 -2.009112137522516550e-01 6.575130006411038230e-02 1.362720631246624459e-01 9.678540052819043504e-01
5.490226235806948685e-01 -4.410855701097564537e-03 2.007761040824400101e-01 -2.063945798739789117e-01 6.469120392817057086e-02 1.357959258968693128e-01 9.668380381650174549e-01
5.542189518613289678e-01 -1.281322939124013467e-03 2.023798907740148589e-01 -2.097679170236380064e-01 6.379299742081361024e-02 1.323367196996321771e-01 9.666513679123271974e-01
5.604342009794086588e-01 1.333587204653862227e-03 2.043409508686462317e-01 -2.114759913875557118e-01 6.299475319878236612e-02 1.275219676637603661e-01 9.669786522458693190e-01
5.663072350178944836e-01 6.265780373449890243e-03 2.061305878544504033e-01 -2.112838217394672757e-01 6.206977287192916304e-02 1.202959985559231837e-01 9.680058691445136976e-01
5.745488143783372692e-01 7.507874624436395271e-03 2.090445068607340584e-01 -2.103376923537122467e-01 6.129678724977388055e-02 1.121806444941742670e-01 9.692348848700416131e-01
5.838168577982749685e-01 6.296692770809953626e-03 2.121416908264086021e-01 -2.076393199426114222e-01 6.068183228777229016e-02 1.032910148556108881e-01 9.708422087517963872e-01
5.939342787053198958e-01 6.695785444819062765e-03 2.162776056694130089e-01 -2.044664606947584895e-01 6.048601535259773287e-02 9.341406037319399669e-02 9.725269773750842006e-01
6.045720120206707904e-01 5.216516086645297742e-03 2.218364074498686278e-01 -2.004574461759771886e-01 6.031219718092174081e-02 8.341000681253343818e-02 9.742802583996803545e-01
6.159559119651477621e-01 1.725633581139588129e-03 2.277983334641290603e-01 -1.960926743203582623e-01 6.008794909279983887e-02 7.334580926170482240e-02 9.759905192753957071e-01
6.289673161990160244e-01 -1.116119016174054335e-03 2.338124907019535348e-01 -1.910693605104974435e-01 5.992072459150310504e-02 6.363965246595935932e-02 9.776768386704017821e-01
6.434304798472412212e-01 -5.272258502435444097e-03 2.391945104372340813e-01 -1.846533099834810343e-01 5.932263192677474789e-02 5.434018257764684778e-02 9.795055512914936369e-01
6.594780019244362856e-01 -7.068665012032277969e-03 2.457918256060922790e-01 -1.779152995371864332e-01 5.917962752875251947e-02 4.567567620733108819e-02 9.812021455740679299e-01
6.764885021831615886e-01 -1.223033983140154116e-02 2.524247215564566771e-01 -1.706461196647427181e-01 5.883614231645728498e-02 3.817228051949510953e-02 9.828331939859503708e-01
6.945175837872227254e-01 -1.863035230928263009e-02 2.600591350848793226e-01 -1.635220170255081984e-01 5.876131992425487338e-02 3.222764682010408055e-02 9.842606545062682066e-01
7.153519680493470867e-01 -2.145354929730306989e-02 2.675031689396314971e-01 -1.563964345067749007e-01 5.886354105946495913e-02 2.763258938014415481e-02 9.855514592407933483e-01
7.373413530742254363e-01 -2.780683940339950463e-02 2.750497286568467370e-01 -1.496153564742967457e-01 5.863751873748369176e-02 2.542374640257626106e-02 9.866765020117980178e-01
7.613163259003660199e-01 -3.306147273934390007e-02 2.835608236887119382e-01 -1.435495635978365492e-01 5.906683642179017674e-02 2.504408602079058119e-02 9.875613527175793882e-01
7.871782567357753502e-01 -3.917296231499213521e-02 2.921848870366138273e-01 -1.380231571237554578e-01 5.989929334029950314e-02 2.781041277637029754e-02 9.882248042303592994e-01
8.144736341340961250e-01 -4.427303649307218897e-02 3.034798871949752064e-01 -1.344103868794790657e-01 6.189006786705204127e-02 3.333809486664665589e-02 9.884290762765848282e-01
8.431335629969488599e-01 -5.225918773025558378e-02 3.152693856570764619e-01 -1.313179488640180415e-01 5.661952241196717417e-02 4.195987095843604908e-02 9.888322381562704155e-01
8.731563711481347134e-01 -6.023561750793737790e-02 3.292380506846844801e-01 -1.297077054440215760e-01 5.122819539252895099e-02 5.317315521501067566e-02 9.887993723247159306e-01
9.059391199728126232e-01 -6.802375801952421919e-02 3.419890366203326981e-01 -1.293991533548436990e-01 4.533675752777662632e-02 6.629932850268642486e-02 9.883343748792764449e-01
9.417040153945029912e-01 -7.360815455612454428e-02 3.532130761799339713e-01 -1.295997395464289770e-01 3.865105933092913282e-02 8.227097488532507386e-02 9.873912546774520349e-01
9.790253056606885718e-01 -8.062036277921123817e-02 3.646653437109964591e-01 -1.303601631003775407e-01 3.189162828129166877e-02 1.002438877051209792e-01 9.858703337152274759e-01
1.017589120118240986e+00 -8.959810609642990253e-02 3.765091470246230143e-01 -1.310553578276355546e-01 2.489874386418862440e-02 1.195855620262932656e-01 9.838210401762667034e-01
1.050227355529496309e+00 -9.697426164872323395e-02 3.866136402756578661e-01 -1.322179559363520496e-01 1.760892544095845128e-02 1.400438769757170188e-01 9.811197941099945030e-01
1.076741492189498661e+00 -1.017349703941004269e-01 3.959158916848567467e-01 -1.348757183152204109e-01 1.085146488229932552e-02 1.612200149219253642e-01 9.775985337076952275e-01
1.098293095847181045e+00 -1.051083874708289012e-01 3.986511565977814420e-01 -1.359514942142416027e-01 3.262232289541676551e-03 1.816222995477650703e-01 9.739198577749537122e-01
1.111589946153005659e+00 -9.719037481654599353e-02 3.986023320062532238e-01 -1.367093029812399274e-01 -3.613430359481038627e-03 1.987725600414007865e-01 9.704570979564260957e-01
1.118696438312774433e+00 -9.147673166407289946e-02 3.994778988308511081e-01 -1.382050218274816500e-01 -9.809373255213830675e-03 2.175372464808161821e-01 9.661680467349093027e-01
1.127107780135802262e+00 -9.118155244623381284e-02 4.008375318059064774e-01 -1.396273299459206141e-01 -1.563092505550655459e-02 2.383329522214046592e-01 9.609668500003066827e-01
1.133814411205497974e+00 -8.818405820345487367e-02 4.035323022719783381e-01 -1.412717241560756953e-01 -1.924357270839421874e-02 2.585744495272997989e-01 9.554115547318026147e-01
1.139609448648451595e+00 -8.412494950155810503e-02 4.036286641778093487e-01 -1.422749229985993957e-01 -2.342392592290867132e-02 2.767910099400012758e-01 9.500504738152045769e-01
1.145241153332958284e+00 -8.135904835445798011e-02 4.036190323059214435e-01 -1.434919665715773396e-01 -2.693978593512733749e-02 2.949601261115689099e-01 9.442895887742478456e-01
1.148993824271405950e+00 -7.753602949373711306e-02 4.027976451913645173e-01 -1.443183971675197630e-01 -2.982759098993245997e-02 3.105138690504319343e-01 9.390759565562663003e-01
1.152538334938951747e+00 -7.470290033537368979e-02 4.026731051332443356e-01 -1.451406552527453042e-01 -3.124836877628352563e-02 3.251567603470427725e-01 9.339329798450426434e-01
1.154199688884231634e+00 -7.223951430700828458e-02 4.005895695252758015e-01 -1.457893852347851293e-01 -3.219806608490768940e-02 3.374207098107995795e-01 9.294385424997348988e-01
1.159874399556484637e+00 -7.089751092896991180e-02 4.004068065113517982e-01 -1.463689903295759265e-01 -3.164492722279244746e-02 3.474440039764566945e-01 9.256659123851177506e-01
1.168361129409238419e+00 -7.171437211923339938e-02 4.026399166931291518e-01 -1.468127778793744120e-01 -2.893912624636952452e-02 3.548609019949856558e-01 9.228663367241994875e-01
