-4.452462308108806610e-03 9.506114125251770020e-01 -2.659993059933185577e-02
-1.226557046175003052e-02 8.749323487281799316e-01 -2.025220170617103577e-02
-1.876485720276832581e-02 7.982392907142639160e-01 -1.411025319248437881e-02
-2.499413117766380310e-02 7.207023501396179199e-01 -1.074280869215726852e-02
-2.949012257158756256e-02 6.425095200538635254e-01 -7.096996065229177475e-03
-3.259439766407012939e-02 5.637919902801513672e-01 -4.093476571142673492e-03
-3.425795584917068481e-02 4.848968088626861572e-01 -1.227369997650384903e-03
-3.434551879763603210e-02 4.051347672939300537e-01 1.403052825480699539e-03
-3.292822465300559998e-02 3.265145421028137207e-01 3.930203150957822800e-03
-3.034998476505279541e-02 2.447351664304733276e-01 6.423476152122020721e-03
-2.596981823444366455e-02 1.696187257766723633e-01 8.885695599019527435e-03
-2.109884098172187805e-02 7.717747241258621216e-02 1.293098274618387222e-02
-1.690835691988468170e-02 3.516580909490585327e-02 1.355803292244672775e-02
-1.295313239097595215e-02 5.751002207398414612e-02 1.040606293827295303e-02
-9.618950076401233673e-03 5.894666165113449097e-02 8.739966899156570435e-03
-6.700704805552959442e-03 7.010389119386672974e-02 6.640567444264888763e-03
-4.384951665997505188e-03 7.802620530128479004e-02 4.867434967309236526e-03
-2.739669289439916611e-03 8.811643719673156738e-02 3.059520153328776360e-03
-1.645627897232770920e-03 9.815911948680877686e-02 1.343062613159418106e-03
-1.148358918726444244e-03 1.090499833226203918e-01 -3.490276285447180271e-04
-1.121702138334512711e-03 1.204748079180717468e-01 -2.032237593084573746e-03
-1.521233003586530685e-03 1.325698643922805786e-01 -3.600702388212084770e-03
-2.444313373416662216e-03 1.454085856676101685e-01 -5.332737695425748825e-03
-3.483603242784738541e-03 1.590292453765869141e-01 -6.492668762803077698e-03
-4.736256785690784454e-03 1.733456403017044067e-01 -7.421337068080902100e-03
-6.456498987972736359e-03 1.884777843952178955e-01 -8.892757818102836609e-03
-8.327325806021690369e-03 2.043538242578506470e-01 -1.002030353993177414e-02
-1.044411770999431610e-02 2.211193740367889404e-01 -1.109731197357177734e-02
-1.269383728504180908e-02 2.384983152151107788e-01 -1.187938731163740158e-02
-1.531747076660394669e-02 2.569672763347625732e-01 -1.256159320473670959e-02
-1.815214008092880249e-02 2.753959596157073975e-01 -1.261958479881286621e-02
-2.140466123819351196e-02 2.951298356056213379e-01 -1.244909130036830902e-02
-2.492788806557655334e-02 3.134792149066925049e-01 -1.231392193585634232e-02
-2.832280471920967102e-02 3.337948918342590332e-01 -1.183962728828191757e-02
-3.165039792656898499e-02 3.460503518581390381e-01 -1.064490992575883865e-02
-3.489926457405090332e-02 3.742784857749938965e-01 -1.016846485435962677e-02
-3.794203698635101318e-02 3.553332388401031494e-01 -6.561773829162120819e-03
-4.077089577913284302e-02 2.765533924102783203e-01 9.110306855291128159e-04
-4.314056411385536194e-02 2.147373408079147339e-01 7.408550940454006195e-03
-4.483181983232498169e-02 1.489877253770828247e-01 1.417371165007352829e-02
-4.589814320206642151e-02 7.322243601083755493e-02 2.149616554379463196e-02
-4.596873745322227478e-02 3.001704066991806030e-02 2.665881998836994171e-02
-4.501217231154441833e-02 3.259877860546112061e-02 2.876958064734935760e-02
-4.299160093069076538e-02 1.858456991612911224e-02 3.164342790842056274e-02
-3.981466591358184814e-02 1.157951261848211288e-02 3.376157209277153015e-02
-3.538089245557785034e-02 -3.245901316404342651e-04 3.581597656011581421e-02
-2.970236539840698242e-02 -7.319522090256214142e-03 3.718680143356323242e-02
-2.279704064130783081e-02 -2.402438968420028687e-02 3.877774253487586975e-02
-1.457268092781305313e-02 -1.584702357649803162e-02 3.845273330807685852e-02
-5.211567040532827377e-03 2.450942620635032654e-02 3.581660985946655273e-02
5.437333602458238602e-03 5.375119671225547791e-02 3.357926383614540100e-02
