8.414172381162643433e-02 -2.438418380916118622e-02 2.594444900751113892e-02 -2.576003037393093109e-02 2.021177671849727631e-02 3.463675826787948608e-02 9.988634586334228516e-01
7.659346610307693481e-02 -2.389279566705226898e-02 2.426466904580593109e-02 -2.835392020642757416e-02 2.056359313428401947e-02 3.501837328076362610e-02 9.987726807594299316e-01
7.013705372810363770e-02 -2.119816467165946960e-02 2.094049751758575439e-02 -3.018392249941825867e-02 2.067879214882850647e-02 3.379549458622932434e-02 9.987587928771972656e-01
6.317705661058425903e-02 -1.911309547722339630e-02 1.833706535398960114e-02 -3.024788387119770050e-02 2.085260301828384399e-02 3.450405970215797424e-02 9.987290501594543457e-01
5.612419545650482178e-02 -1.714232936501502991e-02 1.573101244866847992e-02 -2.925347164273262024e-02 1.949397101998329163e-02 3.153932467103004456e-02 9.988841414451599121e-01
4.917969927191734314e-02 -1.428733021020889282e-02 1.348198391497135162e-02 -2.722366712987422943e-02 1.892295852303504944e-02 2.840210124850273132e-02 9.990466237068176270e-01
4.208958148956298828e-02 -1.157531514763832092e-02 1.142336800694465637e-02 -2.415280044078826904e-02 1.744452491402626038e-02 2.330482937395572662e-02 9.992843270301818848e-01
3.485221043229103088e-02 -9.243390522897243500e-03 9.363124147057533264e-03 -2.258073538541793823e-02 1.634494587779045105e-02 1.889671571552753448e-02 9.994328022003173828e-01
2.757799252867698669e-02 -6.838998291641473770e-03 7.431391626596450806e-03 -1.867919042706489563e-02 1.394327264279127121e-02 1.236137747764587402e-02 9.996518492698669434e-01
2.023415081202983856e-02 -4.823034629225730896e-03 5.243505351245403290e-03 -1.491233333945274353e-02 1.118072587996721268e-02 7.552193477749824524e-03 9.997977614402770996e-01
1.287889480590820312e-02 -1.849180785939097404e-03 3.424915485084056854e-03 -1.299154944717884064e-02 6.537653505802154541e-03 3.121460555121302605e-03 9.998893737792968750e-01
5.477688740938901901e-03 -5.712201818823814392e-04 1.332694897428154945e-03 -1.084024924784898758e-02 2.700690645724534988e-03 -1.806393149308860302e-03 9.999359846115112305e-01
5.900385323911905289e-03 -8.818538044579327106e-04 1.943121198564767838e-03 -5.382197909057140350e-03 8.070258190855383873e-04 -6.082458421587944031e-03 9.999666810035705566e-01
6.460924167186021805e-03 -1.379167428240180016e-03 2.380584133788943291e-03 -1.752959098666906357e-03 3.365843804203905165e-05 -8.611961267888545990e-03 9.999613761901855469e-01
7.174639031291007996e-03 -1.702343462966382504e-03 2.765582874417304993e-03 1.629155129194259644e-03 4.856280575040727854e-04 -1.136681530624628067e-02 9.999339580535888672e-01
7.991996593773365021e-03 -1.821928424760699272e-03 3.281146753579378128e-03 3.202483989298343658e-03 8.484983118250966072e-05 -1.334525085985660553e-02 9.999058246612548828e-01
8.906530216336250305e-03 -1.885065226815640926e-03 3.751848824322223663e-03 4.982029553502798080e-03 -1.697444095043465495e-04 -1.561398245394229889e-02 9.998656511306762695e-01
9.794605895876884460e-03 -2.064029220491647720e-03 4.408259410411119461e-03 6.031112279742956161e-03 1.106274339690571651e-05 -1.648342609405517578e-02 9.998459219932556152e-01
1.075422484427690506e-02 -2.294074278324842453e-03 5.033264402300119400e-03 7.190664298832416534e-03 -4.132681060582399368e-04 -1.744746975600719452e-02 9.998218417167663574e-01
1.184064894914627075e-02 -2.528746379539370537e-03 5.543327424675226212e-03 8.409259840846061707e-03 -6.690716254524886608e-04 -1.853037253022193909e-02 9.997926950454711914e-01
1.297181285917758942e-02 -2.785305259749293327e-03 6.125065032392740250e-03 9.756506420671939850e-03 -1.069551915861666203e-03 -1.946806721389293671e-02 9.997622966766357422e-01
1.411689631640911102e-02 -3.071161219850182533e-03 6.834027823060750961e-03 1.166473608464002609e-02 -1.961136935278773308e-03 -1.912719756364822388e-02 9.997470974922180176e-01
1.541609223932027817e-02 -3.339176764711737633e-03 7.447724696248769760e-03 1.168459467589855194e-02 -1.856676186434924603e-03 -1.889060623943805695e-02 9.997515678405761719e-01
1.664873771369457245e-02 -3.929753787815570831e-03 8.208039216697216034e-03 1.168143935501575470e-02 -1.642997143790125847e-03 -1.557993050664663315e-02 9.998090267181396484e-01
1.798431389033794403e-02 -4.675229545682668686e-03 8.888136595487594604e-03 1.082851458340883255e-02 -8.484309073537588120e-04 -1.096851192414760590e-02 9.998808503150939941e-01
1.929545029997825623e-02 -6.024734117090702057e-03 9.425699710845947266e-03 1.012040302157402039e-02 -4.651101189665496349e-04 -5.567519459873437881e-03 9.999331831932067871e-01
2.078501321375370026e-02 -6.969774607568979263e-03 1.001266017556190491e-02 8.456049486994743347e-03 1.225419837282970548e-04 -1.760763116180896759e-04 9.999642372131347656e-01
2.244425751268863678e-02 -7.941395975649356842e-03 1.039417367428541183e-02 7.531788200139999390e-03 2.610825176816433668e-04 3.817859571427106857e-03 9.999642968177795410e-01
2.435406297445297241e-02 -8.661286905407905579e-03 1.060312055051326752e-02 4.113816190510988235e-03 1.701742643490433693e-03 9.727946482598781586e-03 9.999427795410156250e-01
2.634970284998416901e-02 -9.174916893243789673e-03 1.096081733703613281e-02 -8.333979640156030655e-04 3.929309546947479248e-03 1.630752719938755035e-02 9.998589754104614258e-01
2.872102521359920502e-02 -8.601937443017959595e-03 1.119248475879430771e-02 -6.643316708505153656e-03 2.219743793830275536e-03 2.007665112614631653e-02 9.997739195823669434e-01
3.094029426574707031e-02 -8.464596234261989594e-03 1.145272236317396164e-02 -8.108466863632202148e-03 3.029895713552832603e-03 2.225485816597938538e-02 9.997148513793945312e-01
3.310772031545639038e-02 -7.956732995808124542e-03 1.176946144551038742e-02 -7.091966923326253891e-03 2.103700302541255951e-03 2.077631093561649323e-02 9.997567534446716309e-01
3.476037457585334778e-02 -8.805943652987480164e-03 1.226638071238994598e-02 -7.267113775014877319e-03 2.126515610143542290e-03 2.097812853753566742e-02 9.997512698173522949e-01
3.642432391643524170e-02 -9.138266555964946747e-03 1.276576332747936249e-02 -7.221751380711793900e-03 1.520186080597341061e-03 2.106526680290699005e-02 9.997508525848388672e-01
3.796578571200370789e-02 -9.703351184725761414e-03 1.313343830406665802e-02 -9.108542464673519135e-03 2.693993505090475082e-03 2.384512498974800110e-02 9.996705651283264160e-01
3.309199586510658264e-02 -3.351477673277258873e-03 1.074478216469287872e-02 -4.240300972014665604e-03 1.443938526790589094e-04 1.422754395753145218e-02 9.998897910118103027e-01
2.684824541211128235e-02 5.860760342329740524e-03 7.551086600869894028e-03 -2.412011090200394392e-04 -3.625037847086787224e-03 5.495755467563867569e-03 9.999783039093017578e-01
2.007549814879894257e-02 6.825662218034267426e-03 5.806704983115196228e-03 4.504960998019669205e-06 -3.829812863841652870e-03 4.919440485537052155e-03 9.999805688858032227e-01
1.395986415445804596e-02 5.220535211265087128e-03 4.167941398918628693e-03 -7.403219933621585369e-04 -3.290764056146144867e-03 6.237477529793977737e-03 9.999748468399047852e-01
8.185280486941337585e-03 3.159618470817804337e-03 2.632973250001668930e-03 -5.716856685467064381e-04 -3.076433436945080757e-03 7.371473126113414764e-03 9.999679327011108398e-01
7.627345155924558640e-03 2.948888111859560013e-03 2.411233959719538689e-03 -6.924273329786956310e-04 -2.800011774525046349e-03 7.344493642449378967e-03 9.999688863754272461e-01
6.996864918619394302e-03 2.692382084205746651e-03 2.240672707557678223e-03 -4.482853109948337078e-04 -2.608004026114940643e-03 7.242398802191019058e-03 9.999702572822570801e-01
6.331492681056261063e-03 2.460260875523090363e-03 1.981773180887103081e-03 -5.329707637429237366e-04 -2.312813652679324150e-03 6.855210755020380020e-03 9.999737143516540527e-01
5.641027819365262985e-03 2.119520213454961777e-03 1.747237402014434338e-03 -5.701039917767047882e-04 -1.963609829545021057e-03 6.760473363101482391e-03 9.999750852584838867e-01
4.861969966441392899e-03 1.874503330327570438e-03 1.490027527324855328e-03 -3.993553400505334139e-04 -1.879827119410037994e-03 6.207636557519435883e-03 9.999788999557495117e-01
4.073820542544126511e-03 1.558900228701531887e-03 1.256781746633350849e-03 -2.361591614317148924e-04 -1.417575986124575138e-03 5.424020811915397644e-03 9.999842643737792969e-01
3.267669584602117538e-03 1.235632109455764294e-03 9.823624277487397194e-04 -1.518814533483237028e-04 -9.848447516560554504e-04 4.687706939876079559e-03 9.999884963035583496e-01
5.364641547203063965e-03 1.745350891724228859e-03 1.486971625126898289e-03 7.132273167371749878e-04 -6.859895074740052223e-04 2.187985926866531372e-03 9.999971389770507812e-01
8.349159732460975647e-03 1.940715941600501537e-03 2.050317358225584030e-03 2.421691780909895897e-03 -7.140467059798538685e-04 -2.062871819362044334e-03 9.999946951866149902e-01
1.613643020391464233e-01 -4.719873145222663879e-02 4.923220351338386536e-02 -4.234804213047027588e-02 3.336840867996215820e-02 5.441319197416305542e-02 9.970619082450866699e-01
1.466856598854064941e-01 -4.540768638253211975e-02 4.505002498626708984e-02 -4.197412729263305664e-02 2.895100601017475128e-02 4.573872312903404236e-02 9.976512193679809570e-01
1.335539221763610840e-01 -4.001562669873237610e-02 3.876032307744026184e-02 -4.905835166573524475e-02 3.055753931403160095e-02 5.012670159339904785e-02 9.970691204071044922e-01
1.196601912379264832e-01 -3.549695760011672974e-02 3.360564634203910828e-02 -5.039818584918975830e-02 3.225117549300193787e-02 5.132086202502250671e-02 9.968881607055664062e-01
1.056999787688255310e-01 -3.004590235650539398e-02 2.924473769962787628e-02 -4.770568758249282837e-02 3.235909342765808105e-02 4.850652441382408142e-02 9.971580505371093750e-01
9.166088700294494629e-02 -2.470736764371395111e-02 2.464385703206062317e-02 -4.408711567521095276e-02 3.022998571395874023e-02 4.123523831367492676e-02 9.977184534072875977e-01
7.715883105993270874e-02 -2.001675963401794434e-02 2.076897397637367249e-02 -4.017847776412963867e-02 2.797109261155128479e-02 3.377901762723922729e-02 9.982295632362365723e-01
6.267269700765609741e-02 -1.530928164720535278e-02 1.661635376513004303e-02 -3.455158695578575134e-02 2.470321767032146454e-02 2.450176328420639038e-02 9.987970590591430664e-01
4.788278043270111084e-02 -1.131322141736745834e-02 1.272100768983364105e-02 -2.880676463246345520e-02 2.066064067184925079e-02 1.638896018266677856e-02 9.992370605468750000e-01
3.318971022963523865e-02 -6.635224446654319763e-03 8.510606363415718079e-03 -2.585184387862682343e-02 1.649753749370574951e-02 1.033229380846023560e-02 9.994762539863586426e-01
1.835270784795284271e-02 -2.425068058073520660e-03 4.630194511264562607e-03 -2.181450277566909790e-02 9.576180018484592438e-03 2.696383977308869362e-03 9.997125267982482910e-01
1.140889246016740799e-02 -1.391773694194853306e-03 3.169474424794316292e-03 -1.466735638678073883e-02 3.829105757176876068e-03 -7.072291802614927292e-03 9.998601078987121582e-01
1.237762439996004105e-02 -2.280997578054666519e-03 4.253346007317304611e-03 -5.675091873854398727e-03 1.139587257057428360e-03 -1.405204646289348602e-02 9.998844861984252930e-01
1.359306555241346359e-02 -3.221042919903993607e-03 5.156967788934707642e-03 5.976977990940213203e-04 5.379876820370554924e-04 -1.955422386527061462e-02 9.998084902763366699e-01
1.512030046433210373e-02 -3.684689057990908623e-03 6.059586536139249802e-03 5.434627179056406021e-03 -6.166722741909325123e-04 -2.510025352239608765e-02 9.996699690818786621e-01
1.686025224626064301e-02 -3.865337697789072990e-03 7.035980001091957092e-03 8.928823284804821014e-03 -1.208462519571185112e-03 -2.898468263447284698e-02 9.995392560958862305e-01
1.860290952026844025e-02 -4.348641261458396912e-03 8.182073011994361877e-03 1.152978464961051941e-02 -1.272158348001539707e-03 -3.193376585841178894e-02 9.994226694107055664e-01
2.041595987975597382e-02 -4.870868287980556488e-03 9.478435851633548737e-03 1.496520359069108963e-02 -1.789898728020489216e-03 -3.461470082402229309e-02 9.992870688438415527e-01
2.249716967344284058e-02 -5.366490222513675690e-03 1.052098348736763000e-02 1.844931580126285553e-02 -2.204166725277900696e-03 -3.742042556405067444e-02 9.991268515586853027e-01
2.471471205353736877e-02 -5.911044776439666748e-03 1.158671453595161438e-02 2.073467150330543518e-02 -2.043488435447216034e-03 -3.937580436468124390e-02 9.990072250366210938e-01
2.690457738935947418e-02 -6.661968305706977844e-03 1.295253820717334747e-02 2.319740690290927887e-02 -3.084685420617461205e-03 -3.938099741935729980e-02 9.989501833915710449e-01
2.934728935360908508e-02 -7.308914326131343842e-03 1.423092838376760483e-02 2.479446120560169220e-02 -3.072443185374140739e-03 -3.819623962044715881e-02 9.989578723907470703e-01
3.187619894742965698e-02 -8.215273730456829071e-03 1.557479891926050186e-02 2.587048895657062531e-02 -3.324109595268964767e-03 -3.432777523994445801e-02 9.990702271461486816e-01
3.443771228194236755e-02 -9.527714923024177551e-03 1.700410060584545135e-02 2.454580366611480713e-02 -2.519104396924376488e-03 -2.625769004225730896e-02 9.993506073951721191e-01
3.700902685523033142e-02 -1.172570604830980301e-02 1.825820095837116241e-02 2.307503670454025269e-02 -1.716766739264130592e-03 -1.634454727172851562e-02 9.995986223220825195e-01
3.997229039669036865e-02 -1.363039016723632812e-02 1.922855339944362640e-02 2.120933122932910919e-02 -2.538942208047956228e-04 -5.939324386417865753e-03 9.997574090957641602e-01
4.319686070084571838e-02 -1.529348269104957581e-02 2.019752375781536102e-02 1.848122850060462952e-02 7.756545091979205608e-04 2.354918047785758972e-03 9.998261332511901855e-01
4.688619822263717651e-02 -1.672220416367053986e-02 2.071124128997325897e-02 1.401522103697061539e-02 2.680339151993393898e-03 1.261796522885560989e-02 9.998185634613037109e-01
5.102884024381637573e-02 -1.747495681047439575e-02 2.109051495790481567e-02 3.517190460115671158e-03 7.455643732100725174e-03 2.511135302484035492e-02 9.996506571769714355e-01
5.541148409247398376e-02 -1.709130965173244476e-02 2.188198640942573547e-02 -7.131426595151424408e-03 6.022307090461254120e-03 3.335123136639595032e-02 9.994000792503356934e-01
5.980035290122032166e-02 -1.652113348245620728e-02 2.269749343395233154e-02 -1.259857695549726486e-02 3.965661861002445221e-03 3.618475794792175293e-02 9.992578029632568359e-01
6.426220387220382690e-02 -1.571909338235855103e-02 2.313935197889804840e-02 -1.323783863335847855e-02 4.149003885686397552e-03 3.700792416930198669e-02 9.992187023162841797e-01
6.806486099958419800e-02 -1.589108817279338837e-02 2.407320216298103333e-02 -1.300023682415485382e-02 3.516628174111247063e-03 3.634298592805862427e-02 9.992486238479614258e-01
7.135684043169021606e-02 -1.716966927051544189e-02 2.508311718702316284e-02 -1.217122189700603485e-02 2.468750113621354103e-03 3.497089073061943054e-02 9.993111491203308105e-01
7.459817826747894287e-02 -1.797014847397804260e-02 2.591888792812824249e-02 -1.410593837499618530e-02 3.402185859158635139e-03 3.816567361354827881e-02 9.991660714149475098e-01
7.144141197204589844e-02 -1.225863024592399597e-02 2.375086583197116852e-02 -1.085863262414932251e-02 1.658838940784335136e-03 3.164439648389816284e-02 9.994388222694396973e-01
6.068636849522590637e-02 3.728040261194109917e-03 1.812417432665824890e-02 -3.056156914681196213e-03 -2.977515570819377899e-03 1.702998392283916473e-02 9.998458623886108398e-01
4.696113243699073792e-02 1.270968560129404068e-02 1.342372596263885498e-02 -4.632104537449777126e-04 -4.935074597597122192e-03 9.255827404558658600e-03 9.999448657035827637e-01
3.406045585870742798e-02 1.197519153356552124e-02 9.851874783635139465e-03 -1.232081791386008263e-03 -5.161345005035400391e-03 1.024470292031764984e-02 9.999334216117858887e-01
2.198037691414356232e-02 8.405926637351512909e-03 6.841128692030906677e-03 -1.046330085955560207e-03 -5.374631844460964203e-03 1.284051779657602310e-02 9.999025464057922363e-01
1.573728583753108978e-02 6.246367935091257095e-03 5.086033139377832413e-03 -8.714883006177842617e-04 -5.076376721262931824e-03 1.421566028147935867e-02 9.998856782913208008e-01
1.457137893885374069e-02 5.747282877564430237e-03 4.661118146032094955e-03 -1.144375302828848362e-03 -4.671223927289247513e-03 1.427316479384899139e-02 9.998865723609924316e-01
1.325562223792076111e-02 5.299624055624008179e-03 4.242417868226766586e-03 -9.980119066312909126e-04 -4.208571277558803558e-03 1.356132887303829193e-02 9.998986721038818359e-01
1.192721910774707794e-02 4.658041056245565414e-03 3.747462993487715721e-03 -1.522713107988238335e-03 -3.626388264819979668e-03 1.355746667832136154e-02 9.999003410339355469e-01
1.046375650912523270e-02 4.064719658344984055e-03 3.242563921958208084e-03 -1.348546240478754044e-03 -3.305936465039849281e-03 1.284313946962356567e-02 9.999111294746398926e-01
8.907000534236431122e-03 3.460056614130735397e-03 2.763443160802125931e-03 -8.626254857517778873e-04 -2.693809103220701218e-03 1.132742129266262054e-02 9.999318122863769531e-01
7.320618722587823868e-03 2.794610336422920227e-03 2.245109062641859055e-03 -5.428922595456242561e-04 -1.966861542314291000e-03 1.028612535446882248e-02 9.999449849128723145e-01
8.259614929556846619e-03 2.971846144646406174e-03 2.404075581580400467e-03 -4.837238520849496126e-05 -1.252514077350497246e-03 7.790524046868085861e-03 9.999688863754272461e-01
1.359285973012447357e-02 3.825253108516335487e-03 3.509482368826866150e-03 1.655394211411476135e-03 -2.285738592036068439e-04 2.855781000107526779e-03 9.999945163726806641e-01
