8.637124300003051758e-02 2.600871492177248001e-03 2.930864877998828888e-02 -2.555435337126255035e-02 5.547186359763145447e-03 2.378721162676811218e-02 9.993749856948852539e-01
7.709724456071853638e-02 -6.871229503303766251e-03 3.123915381729602814e-02 -2.673058584332466125e-02 6.965536158531904221e-03 2.521622367203235626e-02 9.993003010749816895e-01
6.847877055406570435e-02 -9.152149781584739685e-03 3.073525801301002502e-02 -2.656336873769760132e-02 7.902988232672214508e-03 2.278361469507217407e-02 9.993562102317810059e-01
5.956814438104629517e-02 -1.460812706500291824e-02 2.862836048007011414e-02 -2.623959816992282867e-02 8.903655223548412323e-03 2.375124953687191010e-02 9.993337988853454590e-01
5.145179107785224915e-02 -1.586153171956539154e-02 2.581819891929626465e-02 -2.409874089062213898e-02 8.175835013389587402e-03 2.069171890616416931e-02 9.994620084762573242e-01
4.341422393918037415e-02 -1.750913448631763458e-02 2.193080633878707886e-02 -2.156978100538253784e-02 7.286066189408302307e-03 1.806637644767761230e-02 9.995775222778320312e-01
3.606595471501350403e-02 -1.614759489893913269e-02 1.855897344648838043e-02 -1.917022652924060822e-02 6.953434087336063385e-03 1.494860649108886719e-02 9.996802806854248047e-01
2.882084250450134277e-02 -1.370765082538127899e-02 1.577274501323699951e-02 -1.734475605189800262e-02 7.050493266433477402e-03 1.200639735907316208e-02 9.997526407241821289e-01
2.258440665900707245e-02 -1.081356685608625412e-02 1.159175764769315720e-02 -1.473050564527511597e-02 6.662467960268259048e-03 8.451391942799091339e-03 9.998335838317871094e-01
1.548658404499292374e-02 -8.351139724254608154e-03 8.621816523373126984e-03 -1.235608756542205811e-02 6.631931755691766739e-03 6.257301662117242813e-03 9.998821020126342773e-01
9.502395987510681152e-03 -5.856743082404136658e-03 4.327767062932252884e-03 -9.276477620005607605e-03 -5.811238079331815243e-04 2.977223601192235947e-03 9.999523758888244629e-01
5.008183885365724564e-03 -2.618111611809581518e-04 2.882073633372783661e-03 -6.181552074849605560e-03 -1.791276881704106927e-04 2.896524965763092041e-04 9.999808073043823242e-01
5.579949356615543365e-03 -1.927090779645368457e-04 3.190840827301144600e-03 -3.677018685266375542e-03 3.258547803852707148e-04 -2.684231847524642944e-03 9.999895691871643066e-01
6.366319954395294189e-03 -8.945171139203011990e-04 3.508038353174924850e-03 -1.704004826024174690e-03 4.189691389910876751e-04 -4.206059034913778305e-03 9.999896287918090820e-01
7.014572154730558395e-03 -9.418834233656525612e-04 4.064885433763265610e-03 5.053367931395769119e-04 5.535222589969635010e-04 -6.197931244969367981e-03 9.999805092811584473e-01
7.732857950031757355e-03 -2.724399557337164879e-03 3.865810809656977654e-03 1.331902458332479000e-03 8.534102234989404678e-04 -7.238071877509355545e-03 9.999725818634033203e-01
8.100610226392745972e-03 -4.842159338295459747e-03 3.136328887194395065e-03 3.191782627254724503e-03 8.989639463834464550e-04 -7.859568111598491669e-03 9.999636411666870117e-01
8.898742496967315674e-03 -3.863157005980610847e-03 4.846241790801286697e-03 3.671126207336783409e-03 1.539578312076628208e-03 -8.581877686083316803e-03 9.999552369117736816e-01
8.773078210651874542e-03 -5.866634659469127655e-03 5.171915050595998764e-03 4.540347028523683548e-03 1.348947989754378796e-03 -8.754579350352287292e-03 9.999504685401916504e-01
9.219405241310596466e-03 -7.304311729967594147e-03 4.748580045998096466e-03 4.971039015799760818e-03 1.194028183817863464e-03 -8.906686678528785706e-03 9.999472498893737793e-01
1.056754775345325470e-02 -6.750845350325107574e-03 5.400960333645343781e-03 5.518941674381494522e-03 1.212003058753907681e-03 -8.473033085465431213e-03 9.999481439590454102e-01
1.194381713867187500e-02 -7.323866244405508041e-03 4.317933227866888046e-03 6.946989335119724274e-03 5.419603548943996429e-04 -8.086218498647212982e-03 9.999430179595947266e-01
1.323511824011802673e-02 -5.696214269846677780e-03 6.317899096757173538e-03 7.212908938527107239e-03 8.686808869242668152e-04 -7.300461642444133759e-03 9.999469518661499023e-01
1.391148287802934647e-02 -7.886912673711776733e-03 5.443540401756763458e-03 7.647584192454814911e-03 4.267675976734608412e-04 -6.152463611215353012e-03 9.999517202377319336e-01
1.457237731665372849e-02 -8.835401386022567749e-03 6.123501341789960861e-03 7.405293639749288559e-03 3.762709384318441153e-04 -4.629547242075204849e-03 9.999617934226989746e-01
1.692134141921997070e-02 -5.827797576785087585e-03 7.485969457775354385e-03 7.267463486641645432e-03 3.618927439674735069e-04 -3.122824244201183319e-03 9.999686479568481445e-01
1.778861135244369507e-02 -8.316273801028728485e-03 6.805917713791131973e-03 6.808144506067037582e-03 -3.852156805805861950e-04 -9.069344378076493740e-04 9.999763369560241699e-01
1.926652900874614716e-02 -7.673963438719511032e-03 8.050250820815563202e-03 5.979377776384353638e-03 7.209557224996387959e-05 1.040976145304739475e-03 9.999815821647644043e-01
2.065397799015045166e-02 -8.474799804389476776e-03 8.246605284512042999e-03 5.198824219405651093e-03 -1.043039883370511234e-04 4.313542973250150681e-03 9.999771714210510254e-01
2.147733978927135468e-02 -8.451608009636402130e-03 1.067574042826890945e-02 3.138427622616291046e-03 6.326975999400019646e-04 7.241541519761085510e-03 9.999686479568481445e-01
2.236893773078918457e-02 -1.089281029999256134e-02 1.073708012700080872e-02 2.191723790019750595e-03 -7.171721663326025009e-03 9.786354377865791321e-03 9.999240040779113770e-01
2.320949546992778778e-02 -1.171053387224674225e-02 1.250156387686729431e-02 4.255519015714526176e-04 -7.666446734219789505e-03 1.242350321263074875e-02 9.998933672904968262e-01
2.563488855957984924e-02 -1.187106966972351074e-02 1.151766348630189896e-02 -1.222608727402985096e-03 -8.421105332672595978e-03 1.454767398536205292e-02 9.998579621315002441e-01
2.844222448766231537e-02 -1.033917907625436783e-02 1.087202504277229309e-02 -2.033631550148129463e-03 -9.623069316148757935e-03 1.762376539409160614e-02 9.997963309288024902e-01
2.934463322162628174e-02 -1.269448827952146530e-02 1.033469475805759430e-02 -2.852735575288534164e-03 -9.933254681527614594e-03 1.972432434558868408e-02 9.997520446777343750e-01
3.004989027976989746e-02 -1.573207415640354156e-02 9.738639928400516510e-03 -3.054512431845068932e-03 -1.033851131796836853e-02 2.125125937163829803e-02 9.997160434722900391e-01
2.458377182483673096e-02 -1.394450198858976364e-02 7.694444153457880020e-03 -3.761601867154240608e-03 -1.064690109342336655e-02 2.250520139932632446e-02 9.996829628944396973e-01
1.911938190460205078e-02 -1.101536210626363754e-02 6.551703903824090958e-03 -5.342193413525819778e-03 -1.017550751566886902e-02 2.360127866268157959e-02 9.996553659439086914e-01
1.499242894351482391e-02 -8.066815324127674103e-03 1.823821687139570713e-03 -4.062382038682699203e-03 -1.073381770402193069e-02 2.299714460968971252e-02 9.996696710586547852e-01
1.096325181424617767e-02 -4.509500693529844284e-03 2.551803598180413246e-03 -4.164179321378469467e-03 -9.359405376017093658e-03 2.326755970716476440e-02 9.996767640113830566e-01
9.000875987112522125e-03 1.867896295152604580e-03 2.895805751904845238e-03 -4.116944968700408936e-03 -8.974163793027400970e-03 2.158518694341182709e-02 9.997182488441467285e-01
8.440582081675529480e-03 -4.454300273209810257e-03 2.565174829214811325e-03 -4.126159474253654480e-03 -8.844470605254173279e-03 2.415626123547554016e-02 9.996605515480041504e-01
9.078626520931720734e-03 -1.634283224120736122e-03 4.499672912061214447e-03 -3.918239381164312363e-03 -6.694671697914600372e-03 2.345330640673637390e-02 9.996948242187500000e-01
1.058963593095541000e-02 6.127043161541223526e-04 2.018989296630024910e-03 -3.196734935045242310e-03 -7.136150263249874115e-03 2.128184586763381958e-02 9.997429251670837402e-01
1.106126792728900909e-02 -2.208465943112969398e-03 1.985655864700675011e-03 -3.473651129752397537e-03 -6.261387374252080917e-03 2.158168889582157135e-02 9.997414350509643555e-01
1.198483631014823914e-02 2.469871426001191139e-03 7.556904456578195095e-04 -2.579876687377691269e-03 -5.391388200223445892e-03 1.845038682222366333e-02 9.998118877410888672e-01
1.301496010273694992e-02 2.406968269497156143e-04 1.864154008217155933e-03 -2.210759092122316360e-03 -3.810713998973369598e-03 1.769044809043407440e-02 9.998338222503662109e-01
1.181496027857065201e-02 5.880663171410560608e-03 -5.337472073733806610e-03 -1.654559862799942493e-03 -3.052125917747616768e-03 1.475044805556535721e-02 9.998852014541625977e-01
1.252863463014364243e-02 -5.642001051455736160e-03 -1.113053178414702415e-03 -1.013854518532752991e-03 -1.365073141641914845e-03 1.231453660875558853e-02 9.999227523803710938e-01
9.559563361108303070e-03 -1.034029480069875717e-02 1.541245728731155396e-03 2.083753497572615743e-05 1.241477439180016518e-03 9.247071109712123871e-03 9.999564886093139648e-01
1.632174253463745117e-01 -1.106680836528539658e-02 6.133731454610824585e-02 -4.525672271847724915e-02 1.145433820784091949e-02 3.913201019167900085e-02 9.981429576873779297e-01
1.442612558603286743e-01 -1.758413389325141907e-02 6.470885872840881348e-02 -4.355408251285552979e-02 1.580527797341346741e-02 3.465577960014343262e-02 9.983246922492980957e-01
1.265464276075363159e-01 -4.517854750156402588e-02 4.979957640171051025e-02 -4.451053589582443237e-02 1.351545844227075577e-02 4.313032329082489014e-02 9.979859590530395508e-01
1.108242049813270569e-01 -4.212019219994544983e-02 4.662254080176353455e-02 -4.525191709399223328e-02 1.388405170291662216e-02 4.115299880504608154e-02 9.980310201644897461e-01
9.569395333528518677e-02 -3.730317205190658569e-02 4.315242543816566467e-02 -4.227195307612419128e-02 1.465840823948383331e-02 3.762056678533554077e-02 9.982900023460388184e-01
8.069107681512832642e-02 -3.066357597708702087e-02 4.049868881702423096e-02 -3.937893733382225037e-02 1.445386279374361038e-02 3.156330063939094543e-02 9.986211061477661133e-01
6.749597191810607910e-02 -2.265238761901855469e-02 3.481283783912658691e-02 -3.483731672167778015e-02 1.536870002746582031e-02 2.563549391925334930e-02 9.989459514617919922e-01
5.457106605172157288e-02 -1.543030608445405960e-02 2.785077132284641266e-02 -2.952440828084945679e-02 1.483372878283262253e-02 1.743778958916664124e-02 9.993018507957458496e-01
4.063092917203903198e-02 -1.329788472503423691e-02 1.989402063190937042e-02 -2.513190358877182007e-02 1.259476970881223679e-02 1.220323052257299423e-02 9.995303153991699219e-01
2.647724188864231110e-02 -9.893713518977165222e-03 1.376144308596849442e-02 -2.076150663197040558e-02 6.324765272438526154e-03 7.986625656485557556e-03 9.997325539588928223e-01
1.430551521480083466e-02 -5.476529244333505630e-03 7.060219068080186844e-03 -1.593383029103279114e-02 -3.768993483390659094e-04 2.307154936715960503e-03 9.998703002929687500e-01
1.069405488669872284e-02 -9.451602236367762089e-04 5.799621343612670898e-03 -9.536665864288806915e-03 -2.233011400676332414e-06 -3.866994986310601234e-03 9.999470710754394531e-01
1.157568674534559250e-02 -1.414163853041827679e-03 7.270929403603076935e-03 -5.937652662396430969e-03 7.990679587237536907e-04 -7.627112325280904770e-03 9.999529719352722168e-01
1.310169417411088943e-02 -3.136228304356336594e-03 7.623272482305765152e-03 -1.927776844240725040e-03 1.117395004257559776e-03 -1.104296930134296417e-02 9.999365210533142090e-01
1.486505474895238876e-02 -3.797814017161726952e-03 7.818846963346004486e-03 1.206111395731568336e-03 1.193797565065324306e-03 -1.388268079608678818e-02 9.999021887779235840e-01
1.597876101732254028e-02 -7.618379779160022736e-03 6.913881748914718628e-03 4.676104057580232620e-03 1.683754147961735725e-03 -1.602922752499580383e-02 9.998591542243957520e-01
1.708676666021347046e-02 -9.349855594336986542e-03 7.251660339534282684e-03 6.758109666407108307e-03 2.371686277911067009e-03 -1.703822053968906403e-02 9.998291730880737305e-01
1.746384799480438232e-02 -1.119869947433471680e-02 8.943372406065464020e-03 8.980772458016872406e-03 2.716848859563469887e-03 -1.786318607628345490e-02 9.997963905334472656e-01
1.872327923774719238e-02 -1.201171893626451492e-02 1.010236050933599472e-02 1.021131779998540878e-02 2.750537823885679245e-03 -1.874707452952861786e-02 9.997683167457580566e-01
2.092606388032436371e-02 -1.232239510864019394e-02 1.017913315445184708e-02 1.154911052435636520e-02 2.610215684399008751e-03 -1.893580332398414612e-02 9.997506141662597656e-01
2.197886817157268524e-02 -1.388585194945335388e-02 1.119930855929851532e-02 1.264946628361940384e-02 2.180457580834627151e-03 -1.757504418492317200e-02 9.997631311416625977e-01
2.458198368549346924e-02 -1.244417671114206314e-02 1.281474716961383820e-02 1.340530905872583389e-02 2.165233716368675232e-03 -1.607673987746238708e-02 9.997785687446594238e-01
2.695952355861663818e-02 -1.349901128560304642e-02 1.244920957833528519e-02 1.420827489346265793e-02 1.643698313273489475e-03 -1.381649915128946304e-02 9.998022317886352539e-01
2.916603535413742065e-02 -1.557896286249160767e-02 1.145514566451311111e-02 1.472379453480243683e-02 1.007986487820744514e-03 -1.092383731156587601e-02 9.998314380645751953e-01
3.232598304748535156e-02 -1.254163216799497604e-02 1.428422052413225174e-02 1.392543129622936249e-02 7.693208754062652588e-04 -8.240950293838977814e-03 9.998687505722045898e-01
3.530515730381011963e-02 -1.167005859315395355e-02 1.521133072674274445e-02 1.369506958872079849e-02 5.372755113057792187e-04 -4.539509303867816925e-03 9.998957514762878418e-01
3.726504743099212646e-02 -1.504867523908615112e-02 1.535464078187942505e-02 1.294120494276285172e-02 -4.065287066623568535e-04 -7.572300382889807224e-04 9.999158978462219238e-01
4.031293094158172607e-02 -1.356862485408782959e-02 1.761775091290473938e-02 1.108468510210514069e-02 9.869900532066822052e-04 4.289064090698957443e-03 9.999288916587829590e-01
4.277244582772254944e-02 -1.338421460241079330e-02 2.035431563854217529e-02 8.887308649718761444e-03 7.940387004055082798e-04 9.596311487257480621e-03 9.999141693115234375e-01
4.422029852867126465e-02 -1.840418763458728790e-02 2.155121602118015289e-02 5.762968212366104126e-03 -6.604922935366630554e-03 1.506537105888128281e-02 9.998480677604675293e-01
4.765728861093521118e-02 -2.166004478931427002e-02 1.971712149679660797e-02 3.019880037754774094e-03 -1.505384873598814011e-02 1.964346878230571747e-02 9.996891617774963379e-01
4.933509975671768188e-02 -2.626129239797592163e-02 1.996922865509986877e-02 2.954498922917991877e-04 -1.622724905610084534e-02 2.503874339163303375e-02 9.995547533035278320e-01
5.399226769804954529e-02 -2.554081752896308899e-02 1.894452795386314392e-02 -2.038271864876151085e-03 -1.817698404192924500e-02 3.007537126541137695e-02 9.993802905082702637e-01
5.696525052189826965e-02 -2.693910151720046997e-02 1.878966391086578369e-02 -2.969647990539669991e-03 -1.852042041718959808e-02 3.381496295332908630e-02 9.992520809173583984e-01
5.936628207564353943e-02 -2.991044893860816956e-02 1.807139068841934204e-02 -3.970835357904434204e-03 -1.940599083900451660e-02 3.638812527060508728e-02 9.991413950920104980e-01
5.452142283320426941e-02 -2.988997474312782288e-02 1.736186258494853973e-02 -5.567945539951324463e-03 -1.917137019336223602e-02 3.795116394758224487e-02 9.990801811218261719e-01
4.298023879528045654e-02 -2.598258666694164276e-02 1.442087627947330475e-02 -8.572549559175968170e-03 -1.973874866962432861e-02 4.199354723095893860e-02 9.988861083984375000e-01
3.352591022849082947e-02 -2.045283280313014984e-02 7.645768113434314728e-03 -7.802324835211038589e-03 -2.047899179160594940e-02 4.333171993494033813e-02 9.988203644752502441e-01
2.789334021508693695e-02 -6.564502138644456863e-03 3.675810759887099266e-03 -6.394785828888416290e-03 -2.035145089030265808e-02 3.669754415750503540e-02 9.990987181663513184e-01
1.981545425951480865e-02 -1.688032876700162888e-03 5.858261603862047195e-03 -7.828598842024803162e-03 -1.723543182015419006e-02 4.116040095686912537e-02 9.989731907844543457e-01
1.758872345089912415e-02 -1.693699043244123459e-03 8.221360854804515839e-03 -8.170314133167266846e-03 -1.570382528007030487e-02 4.498008266091346741e-02 9.988310337066650391e-01
1.900368370115756989e-02 -1.018669223412871361e-03 6.557114422321319580e-03 -7.136986590921878815e-03 -1.636383496224880219e-02 4.316134005784988403e-02 9.989085793495178223e-01
1.873361505568027496e-02 2.767518628388643265e-03 9.171144105494022369e-03 -7.015326060354709625e-03 -1.258388813585042953e-02 4.108300060033798218e-02 9.990518689155578613e-01
2.146777324378490448e-02 4.257935564965009689e-03 3.921445459127426147e-03 -7.360380608588457108e-03 -1.385307218879461288e-02 3.881902992725372314e-02 9.991230964660644531e-01
2.297012321650981903e-02 1.205190899781882763e-03 5.698611959815025330e-03 -6.130961235612630844e-03 -1.101877726614475250e-02 3.742715716361999512e-02 9.992197751998901367e-01
2.390923164784908295e-02 8.137164637446403503e-03 2.685793908312916756e-03 -4.833229351788759232e-03 -9.341920726001262665e-03 3.365477919578552246e-02 9.993781447410583496e-01
2.627591788768768311e-02 1.733946497552096844e-03 7.469233591109514236e-03 -3.864074125885963440e-03 -5.239009391516447067e-03 3.109208121895790100e-02 9.994953274726867676e-01
2.728349529206752777e-02 -9.267187851946800947e-05 5.527348257601261139e-03 -2.147854305803775787e-03 -2.551841782405972481e-03 2.444462664425373077e-02 9.996955990791320801e-01
2.074188366532325745e-02 -1.785671338438987732e-02 4.511418752372264862e-03 -7.600054959766566753e-04 1.469769398681819439e-03 2.171728201210498810e-02 9.997627735137939453e-01
