9.024891257286071777e-02 1.195660047233104706e-02 -7.727017626166343689e-03 -1.504396926611661911e-02 -5.576634066528640687e-05 2.292525023221969604e-03 9.998841881752014160e-01
8.162607997655868530e-02 1.258726418018341064e-02 -1.431579701602458954e-02 -1.558668818324804306e-02 -2.487333258613944054e-03 -4.134228511247783899e-04 9.998753666877746582e-01
6.774463504552841187e-02 2.051146514713764191e-02 -2.823147363960742950e-02 -1.441500522196292877e-02 -8.126885630190372467e-03 -5.610318854451179504e-03 9.998473525047302246e-01
6.246536225080490112e-02 1.412265654653310776e-02 -2.432133629918098450e-02 -1.636411063373088837e-02 -7.655268535017967224e-03 -3.736471990123391151e-03 9.998298287391662598e-01
5.592855811119079590e-02 1.152546610683202744e-02 -2.074630185961723328e-02 -1.687689311802387238e-02 -6.178980693221092224e-03 -3.234981093555688858e-03 9.998332262039184570e-01
5.056205391883850098e-02 7.029831409454345703e-03 -1.409235130995512009e-02 -1.635347492992877960e-02 -3.676387481391429901e-03 -2.040070015937089920e-03 9.998574256896972656e-01
4.350479319691658020e-02 7.047552149742841721e-03 -9.678790345788002014e-03 -1.522107515484094620e-02 -1.617302419617772102e-03 -3.094081766903400421e-03 9.998780488967895508e-01
3.598310798406600952e-02 6.013945210725069046e-03 -7.538786157965660095e-03 -1.427370682358741760e-02 -8.820217335596680641e-04 -3.560994053259491920e-03 9.998914003372192383e-01
2.872177585959434509e-02 5.062463693320751190e-03 -3.460349980741739273e-03 -1.134158577769994736e-02 8.276925073005259037e-04 -4.437899682670831680e-03 9.999254941940307617e-01
2.090331539511680603e-02 4.261552821844816208e-03 -2.251105848699808121e-03 -9.585891850292682648e-03 1.597409136593341827e-03 -4.476401489228010178e-03 9.999427795410156250e-01
1.323171891272068024e-02 2.394976327195763588e-03 4.484925302676856518e-04 -8.643778041005134583e-03 -3.754938079509884119e-04 -3.150451229885220528e-03 9.999576210975646973e-01
5.468468181788921356e-03 1.357475877739489079e-03 -6.004609167575836182e-04 -6.498711183667182922e-03 -6.361784762702882290e-04 -2.637079916894435883e-03 9.999752044677734375e-01
5.914863664656877518e-03 1.971939345821738243e-03 7.026934763416647911e-04 -3.172082826495170593e-03 -4.593126650433987379e-04 -5.530637688934803009e-03 9.999795556068420410e-01
6.634049583226442337e-03 1.075901673175394535e-03 2.035839948803186417e-03 -1.913460728246718645e-04 -3.410124045331031084e-04 -7.039616815745830536e-03 9.999751448631286621e-01
7.498016580939292908e-03 -1.544567989185452461e-03 1.848221174441277981e-03 1.664184848777949810e-03 -1.095183397410437465e-04 -8.765770122408866882e-03 9.999601840972900391e-01
8.243928663432598114e-03 -2.156566595658659935e-03 2.311753807589411736e-03 2.759853377938270569e-03 8.478355448460206389e-05 -9.652258828282356262e-03 9.999495744705200195e-01
9.161591529846191406e-03 -2.824611961841583252e-03 2.245650161057710648e-03 3.854080103337764740e-03 3.798619145527482033e-04 -1.069749146699905396e-02 9.999352693557739258e-01
1.009016484022140503e-02 -3.194314194843173027e-03 2.759019145742058754e-03 4.721805453300476074e-03 8.026503492146730423e-04 -1.121743395924568176e-02 9.999256134033203125e-01
1.099737267941236496e-02 -4.165975842624902725e-03 2.819987712427973747e-03 5.787461996078491211e-03 6.477666320279240608e-04 -1.159175485372543335e-02 9.999158382415771484e-01
1.220491528511047363e-02 -4.521630238741636276e-03 2.814061241224408150e-03 7.246470544487237930e-03 7.509934366680681705e-04 -1.239248365163803101e-02 9.998966455459594727e-01
1.339628919959068298e-02 -5.003148224204778671e-03 3.008362371474504471e-03 8.331477642059326172e-03 7.980583468452095985e-04 -1.260013319551944733e-02 9.998855590820312500e-01
1.479873619973659515e-02 -5.395763553678989410e-03 2.702932804822921753e-03 1.057253871113061905e-02 2.367615670664235950e-04 -1.247461419552564621e-02 9.998662471771240234e-01
1.633271388709545135e-02 -5.222997162491083145e-03 3.199589904397726059e-03 1.079340372234582901e-02 5.373819149099290371e-04 -1.234515290707349777e-02 9.998654127120971680e-01
1.775749586522579193e-02 -5.571431014686822891e-03 3.691308666020631790e-03 1.128397695720195770e-02 4.786045465152710676e-04 -1.099486928433179855e-02 9.998757839202880859e-01
1.911343075335025787e-02 -6.526696495711803436e-03 4.046133253723382950e-03 1.107908785343170166e-02 4.436498566064983606e-04 -8.580707944929599762e-03 9.999017119407653809e-01
2.028540708124637604e-02 -8.281826041638851166e-03 4.167643375694751740e-03 1.091569196432828903e-02 2.249305252917110920e-04 -5.461755208671092987e-03 9.999254941940307617e-01
2.180860191583633423e-02 -9.054986760020256042e-03 4.820784553885459900e-03 1.017480622977018356e-02 3.917283902410417795e-04 -2.796895336359739304e-03 9.999442696571350098e-01
2.333561889827251434e-02 -1.029705442488193512e-02 4.926356021314859390e-03 9.511342272162437439e-03 -2.718137402553111315e-04 -7.676691166125237942e-04 9.999544620513916016e-01
2.495563589036464691e-02 -1.085807289928197861e-02 6.315285805612802505e-03 7.880778983235359192e-03 -3.398115804884582758e-04 1.171565963886678219e-03 9.999682307243347168e-01
2.692065201699733734e-02 -1.038592774420976639e-02 8.126276545226573944e-03 5.604336038231849670e-03 -1.653736253501847386e-04 2.627262379974126816e-03 9.999808073043823242e-01
2.866328880190849304e-02 -9.405978024005889893e-03 1.068202778697013855e-02 1.728526782244443893e-03 -2.630886854603886604e-03 2.229037927463650703e-03 9.999925494194030762e-01
3.086261451244354248e-02 -8.823631331324577332e-03 1.139115635305643082e-02 1.010494423098862171e-03 -2.183590782806277275e-03 3.424514085054397583e-03 9.999912381172180176e-01
3.334078937768936157e-02 -7.270010188221931458e-03 1.155377086251974106e-02 8.196059498004615307e-04 -2.802504226565361023e-03 3.487647045403718948e-03 9.999896287918090820e-01
3.506434708833694458e-02 -8.868793025612831116e-03 1.131938211619853973e-02 4.939928767271339893e-04 -2.605716232210397720e-03 4.025079309940338135e-03 9.999883770942687988e-01
3.692355379462242126e-02 -8.625490590929985046e-03 1.163856405764818192e-02 -3.716540231835097075e-05 -2.788577927276492119e-03 3.919515293091535568e-03 9.999884366989135742e-01
3.846764564514160156e-02 -9.224540553987026215e-03 1.196626108139753342e-02 -5.258604651317000389e-04 -2.946950495243072510e-03 4.940689541399478912e-03 9.999833106994628906e-01
3.328833729028701782e-02 4.779868177138268948e-04 1.064992323517799377e-02 -5.376088083721697330e-04 -2.095033181831240654e-03 3.608618862926959991e-03 9.999911785125732422e-01
2.708808891475200653e-02 5.905128549784421921e-03 6.600042339414358139e-03 -6.296141509665176272e-05 -3.838477656245231628e-03 3.811456961557269096e-03 9.999853968620300293e-01
2.057505585253238678e-02 6.987883243709802628e-03 3.342126030474901199e-03 -2.043086569756269455e-03 -5.785068497061729431e-03 6.985444109886884689e-03 9.999567866325378418e-01
1.424294896423816681e-02 5.662317387759685516e-03 2.140116877853870392e-03 -3.335345303639769554e-03 -6.280393805354833603e-03 1.145931705832481384e-02 9.999090433120727539e-01
8.370105177164077759e-03 3.374062012881040573e-03 1.572130480781197548e-03 -3.523541847243905067e-03 -5.299213808029890060e-03 1.448880322277545929e-02 9.998747706413269043e-01
7.772417739033699036e-03 3.160548629239201546e-03 1.512233284302055836e-03 -3.758465405553579330e-03 -4.825372248888015747e-03 1.532706618309020996e-02 9.998638033866882324e-01
7.112087216228246689e-03 2.991874935105443001e-03 1.300980569794774055e-03 -3.471635747700929642e-03 -4.300723318010568619e-03 1.475407090038061142e-02 9.998759031295776367e-01
6.480981130152940750e-03 2.550191478803753853e-03 1.249605673365294933e-03 -2.948108827695250511e-03 -3.761372063308954239e-03 1.426740642637014389e-02 9.998868107795715332e-01
5.778568796813488007e-03 2.158204093575477600e-03 1.147475559264421463e-03 -2.823785645887255669e-03 -3.234288655221462250e-03 1.381215546280145645e-02 9.998953938484191895e-01
4.989821463823318481e-03 1.860518590547144413e-03 1.006400445476174355e-03 -2.490940503776073456e-03 -2.426693681627511978e-03 1.286934781819581985e-02 9.999111294746398926e-01
4.159952048212289810e-03 1.571947126649320126e-03 9.107527439482510090e-04 -1.722066430374979973e-03 -1.443176763132214546e-03 1.092371158301830292e-02 9.999378323554992676e-01
3.385243006050586700e-03 1.186009845696389675e-03 5.504516884684562683e-04 -1.594803528860211372e-03 -7.359337760135531425e-04 9.879820980131626129e-03 9.999496340751647949e-01
5.686956457793712616e-03 1.006345148198306561e-03 8.261423790827393532e-04 -3.604868252296000719e-04 -1.607333106221631169e-04 5.799032282084226608e-03 9.999831318855285645e-01
8.704514242708683014e-03 1.031797961331903934e-03 9.194794110953807831e-04 9.823923464864492416e-04 4.362486652098596096e-04 7.434802246280014515e-04 9.999991655349731445e-01
1.729658395051956177e-01 1.587004028260707855e-02 -2.282386831939220428e-02 -1.977061666548252106e-02 -2.759116468951106071e-03 3.544330596923828125e-03 9.997944235801696777e-01
1.499437242746353149e-01 3.943048045039176941e-02 -3.962524607777595520e-02 -1.603922061622142792e-02 -5.976566579192876816e-03 -6.444479338824748993e-03 9.998327493667602539e-01
1.315369755029678345e-01 3.634434193372726440e-02 -4.813909158110618591e-02 -2.281886339187622070e-02 -1.021234132349491119e-02 -6.802927702665328979e-03 9.996643066406250000e-01
1.171890422701835632e-01 2.505368739366531372e-02 -4.844557121396064758e-02 -2.860578522086143494e-02 -1.094981748610734940e-02 -6.802448071539402008e-03 9.995076656341552734e-01
1.073986068367958069e-01 1.495011709630489349e-02 -3.424222394824028015e-02 -2.854824066162109375e-02 -7.009595166891813278e-03 -5.363450851291418076e-03 9.995534420013427734e-01
9.378416836261749268e-02 1.278396695852279663e-02 -2.570196799933910370e-02 -2.738559804856777191e-02 -4.218124318867921829e-03 -6.567194592207670212e-03 9.995944499969482422e-01
7.928843796253204346e-02 1.285522058606147766e-02 -1.826452650129795074e-02 -2.549278549849987030e-02 -2.084159757941961288e-03 -8.159737102687358856e-03 9.996395111083984375e-01
6.479507684707641602e-02 1.066593732684850693e-02 -1.123301405459642410e-02 -2.237578853964805603e-02 4.703512822743505239e-04 -8.486686274409294128e-03 9.997134804725646973e-01
4.962012544274330139e-02 9.105232544243335724e-03 -6.124678533524274826e-03 -1.897245459258556366e-02 2.320291474461555481e-03 -8.340586908161640167e-03 9.997825026512145996e-01
3.403972089290618896e-02 6.448418833315372467e-03 -4.210595972836017609e-03 -1.736943237483501434e-02 5.921734846197068691e-04 -6.652682553976774216e-03 9.998268485069274902e-01
1.865745894610881805e-02 3.659840440377593040e-03 -1.626770244911313057e-03 -1.529833581298589706e-02 -1.623713760636746883e-03 -5.060295108705759048e-03 9.998688697814941406e-01
1.145812589675188065e-02 3.290529595687985420e-03 -1.708279742160812020e-04 -9.185772389173507690e-03 -8.643724722787737846e-04 -7.587791420519351959e-03 9.999286532402038574e-01
1.266266778111457825e-02 2.955882577225565910e-03 2.723798388615250587e-03 -4.100570920854806900e-03 -3.785865264944732189e-04 -1.178021263331174850e-02 9.999221563339233398e-01
1.436949521303176880e-02 -5.052908090874552727e-04 3.873390145599842072e-03 1.590600295457988977e-04 -1.598256058059632778e-04 -1.506937015801668167e-02 9.998864531517028809e-01
1.573624461889266968e-02 -3.721286542713642120e-03 4.176330287009477615e-03 3.753916593268513680e-03 3.448364732321351767e-04 -1.689218170940876007e-02 9.998502135276794434e-01
1.735575310885906219e-02 -5.194500088691711426e-03 4.528667312115430832e-03 5.760927684605121613e-03 8.460566750727593899e-04 -1.894989795982837677e-02 9.998034834861755371e-01
1.911473460495471954e-02 -6.380539387464523315e-03 5.083390977233648300e-03 7.605186197906732559e-03 1.149942050687968731e-03 -2.101421356201171875e-02 9.997496008872985840e-01
2.098650112748146057e-02 -7.683801930397748947e-03 5.559085402637720108e-03 9.925097227096557617e-03 1.078129746019840240e-03 -2.242581918835639954e-02 9.996986389160156250e-01
2.321299724280834198e-02 -8.793819695711135864e-03 5.425711162388324738e-03 1.213883794844150543e-02 1.012083492241799831e-03 -2.376632951200008392e-02 9.996433258056640625e-01
2.573506720364093781e-02 -9.260741993784904480e-03 5.652835592627525330e-03 1.354537624865770340e-02 1.622275332920253277e-03 -2.464132010936737061e-02 9.996032714843750000e-01
2.808207646012306213e-02 -1.060950756072998047e-02 5.902691744267940521e-03 1.600761711597442627e-02 8.482033736072480679e-04 -2.386555634438991547e-02 9.995866417884826660e-01
3.092906624078750610e-02 -1.114852912724018097e-02 6.025457289069890976e-03 1.762268505990505219e-02 1.164064276963472366e-03 -2.250443398952484131e-02 9.995907545089721680e-01
3.395116701722145081e-02 -1.126816496253013611e-02 6.819377653300762177e-03 1.920078322291374207e-02 8.332912693731486797e-04 -2.119141258299350739e-02 9.995906949043273926e-01
3.687101230025291443e-02 -1.206152606755495071e-02 7.805187255144119263e-03 2.043027058243751526e-02 7.579268421977758408e-04 -1.835792511701583862e-02 9.996224641799926758e-01
3.941179811954498291e-02 -1.490424573421478271e-02 8.068190887570381165e-03 2.102004550397396088e-02 -4.461387652554549277e-05 -1.313909050077199936e-02 9.996927380561828613e-01
4.203638806939125061e-02 -1.801168173551559448e-02 7.863240316510200500e-03 2.107887901365756989e-02 -3.212539013475179672e-04 -7.375422399491071701e-03 9.997505545616149902e-01
4.508429765701293945e-02 -1.987413875758647919e-02 8.956752717494964600e-03 1.971324905753135681e-02 -5.261307233013212681e-04 -3.431874560192227364e-03 9.997996687889099121e-01
4.833886027336120605e-02 -2.180644683539867401e-02 9.733328595757484436e-03 1.678765192627906799e-02 -4.797347937710583210e-04 6.967834196984767914e-04 9.998587369918823242e-01
5.204075947403907776e-02 -2.110451832413673401e-02 1.415927056223154068e-02 1.222250331193208694e-02 6.097516161389648914e-04 3.894390072673559189e-03 9.999175071716308594e-01
5.561684444546699524e-02 -1.970117166638374329e-02 1.897358894348144531e-02 5.567608866840600967e-03 -2.281352179124951363e-03 5.167627241462469101e-03 9.999685287475585938e-01
5.937939882278442383e-02 -1.836827769875526428e-02 2.238079160451889038e-02 2.426118822768330574e-03 -4.730884917080402374e-03 5.565577652305364609e-03 9.999703764915466309e-01
6.413702666759490967e-02 -1.619202271103858948e-02 2.316054515540599823e-02 1.801160979084670544e-03 -4.622528329491615295e-03 6.589097902178764343e-03 9.999659657478332520e-01
6.841105222702026367e-02 -1.573752239346504211e-02 2.317607030272483826e-02 1.801616745069622993e-03 -4.952843766659498215e-03 7.316517643630504608e-03 9.999593496322631836e-01
7.190980017185211182e-02 -1.723255217075347900e-02 2.340468950569629669e-02 1.214619842357933521e-03 -5.098359193652868271e-03 6.888601463288068771e-03 9.999625682830810547e-01
7.542952895164489746e-02 -1.762271858751773834e-02 2.365227043628692627e-02 3.659143694676458836e-04 -6.104997359216213226e-03 7.827856577932834625e-03 9.999506473541259766e-01
7.218527793884277344e-02 -8.830960839986801147e-03 2.301200106739997864e-02 -2.438430819893255830e-04 -5.425974261015653610e-03 7.095548324286937714e-03 9.999600648880004883e-01
6.067633256316184998e-02 6.267858203500509262e-03 1.744462922215461731e-02 -1.856314775068312883e-04 -5.766903050243854523e-03 7.925033569335937500e-03 9.999519586563110352e-01
4.803913086652755737e-02 1.196966879069805145e-02 9.800503961741924286e-03 -1.702462555840611458e-03 -9.491176344454288483e-03 1.187531463801860809e-02 9.998829960823059082e-01
3.486055508255958557e-02 1.243516430258750916e-02 5.539666395634412766e-03 -3.334790701046586037e-03 -1.240161340683698654e-02 1.714857108891010284e-02 9.997704625129699707e-01
2.223161794245243073e-02 9.383126161992549896e-03 4.278990905731916428e-03 -2.857595682144165039e-03 -1.156301423907279968e-02 2.377822063863277435e-02 9.996463060379028320e-01
1.590413041412830353e-02 6.943345535546541214e-03 3.375734668225049973e-03 -2.095206640660762787e-03 -9.850610978901386261e-03 2.716470137238502502e-02 9.995802640914916992e-01
1.482486724853515625e-02 6.145057268440723419e-03 3.089326201006770134e-03 -2.398927230387926102e-03 -9.358266368508338928e-03 2.742104791104793549e-02 9.995772838592529297e-01
1.347932126373052597e-02 5.701838992536067963e-03 2.755462890490889549e-03 -1.806651474907994270e-03 -8.199959993362426758e-03 2.693617343902587891e-02 9.996019005775451660e-01
1.220698002725839615e-02 4.731926601380109787e-03 2.568634925410151482e-03 -2.666466170921921730e-03 -7.597736082971096039e-03 2.733643166720867157e-02 9.995938539505004883e-01
1.071775704622268677e-02 4.130734130740165710e-03 2.143149031326174736e-03 -2.655256772413849831e-03 -6.550840567797422409e-03 2.690780535340309143e-02 9.996129274368286133e-01
9.132001549005508423e-03 3.446791321039199829e-03 1.915576984174549580e-03 -3.047041594982147217e-03 -4.865893162786960602e-03 2.500687912106513977e-02 9.996708035469055176e-01
7.582726888358592987e-03 2.609533956274390221e-03 1.460956642404198647e-03 -2.618819940835237503e-03 -3.158869687467813492e-03 2.250304445624351501e-02 9.997383356094360352e-01
8.703459985554218292e-03 2.255839761346578598e-03 1.411966979503631592e-03 -1.667948556132614613e-03 -1.586275408044457436e-03 1.749074831604957581e-02 9.998443722724914551e-01
1.428711134940385818e-02 2.130138920620083809e-03 1.748089678585529327e-03 9.611177956685423851e-04 5.184320616535842419e-04 6.964126601815223694e-03 9.999751448631286621e-01
