8.691201359033584595e-02 3.733565565198659897e-03 2.753390930593013763e-02 -2.430726960301399231e-02 5.486923269927501678e-03 2.136613614857196808e-02 9.994611144065856934e-01
7.785827666521072388e-02 -5.989629309624433517e-03 2.948385104537010193e-02 -2.551313862204551697e-02 6.892200559377670288e-03 2.286283858120441437e-02 9.993892312049865723e-01
6.915909796953201294e-02 -8.478556759655475616e-03 2.937504462897777557e-02 -2.541693672537803650e-02 7.700105663388967514e-03 2.040548436343669891e-02 9.994390010833740234e-01
6.007434427738189697e-02 -1.426189858466386795e-02 2.773112431168556213e-02 -2.518988028168678284e-02 8.747919462621212006e-03 2.147713303565979004e-02 9.994136691093444824e-01
5.195628479123115540e-02 -1.513487659394741058e-02 2.523756958544254303e-02 -2.317651361227035522e-02 8.110592141747474670e-03 1.865314505994319916e-02 9.995244741439819336e-01
4.380066320300102234e-02 -1.716272719204425812e-02 2.143052034080028534e-02 -2.065375633537769318e-02 7.201097439974546432e-03 1.621891185641288757e-02 9.996291995048522949e-01
3.640111163258552551e-02 -1.589923724532127380e-02 1.811372116208076477e-02 -1.838507503271102905e-02 6.951859220862388611e-03 1.325410045683383942e-02 9.997189640998840332e-01
2.911780215799808502e-02 -1.355772186070680618e-02 1.535128429532051086e-02 -1.657111570239067078e-02 6.990313064306974411e-03 1.047788653522729874e-02 9.997833371162414551e-01
2.279831282794475555e-02 -1.067857816815376282e-02 1.129435282200574875e-02 -1.404573488980531693e-02 6.560274865478277206e-03 7.213190197944641113e-03 9.998537898063659668e-01
1.570164225995540619e-02 -8.266415446996688843e-03 8.308809250593185425e-03 -1.171961706131696701e-02 6.522276904433965683e-03 5.246713291853666306e-03 9.998962879180908203e-01
9.483795613050460815e-03 -5.865849088877439499e-03 4.356144461780786514e-03 -8.813627995550632477e-03 -5.065153236500918865e-04 2.150064101442694664e-03 9.999586939811706543e-01
5.040876101702451706e-03 8.794471068540588021e-05 2.835247665643692017e-03 -5.841915495693683624e-03 -2.034704375546425581e-04 -3.730236203409731388e-04 9.999828338623046875e-01
5.537197925150394440e-03 4.076551413163542747e-04 3.244641236960887909e-03 -3.377677407115697861e-03 3.083017945755273104e-04 -3.302791854366660118e-03 9.999887943267822266e-01
6.367698311805725098e-03 -5.164464237168431282e-04 3.580812131986021996e-03 -1.517481054179370403e-03 4.316647537052631378e-04 -4.575929138809442520e-03 9.999882578849792480e-01
6.924192886799573898e-03 -1.897797628771513700e-04 4.316734150052070618e-03 6.391169736161828041e-04 5.607790662907063961e-04 -6.606063805520534515e-03 9.999778270721435547e-01
7.680279202759265900e-03 -2.819052664563059807e-03 3.902586642652750015e-03 1.396738691255450249e-03 8.678065496496856213e-04 -7.571504916995763779e-03 9.999699592590332031e-01
7.888854481279850006e-03 -5.306410137563943863e-03 2.917349338531494141e-03 3.286576597020030022e-03 9.022491285577416420e-04 -8.142017759382724762e-03 9.999610185623168945e-01
8.856193162500858307e-03 -4.124356899410486221e-03 4.706927575170993805e-03 3.780114697292447090e-03 1.509452937170863152e-03 -8.938701823353767395e-03 9.999517798423767090e-01
8.742786012589931488e-03 -6.004512310028076172e-03 5.063847173005342484e-03 4.592379089444875717e-03 1.347358804196119308e-03 -9.065015241503715515e-03 9.999474883079528809e-01
9.062158875167369843e-03 -7.574439514428377151e-03 4.626507870852947235e-03 5.034452769905328751e-03 1.194286742247641087e-03 -9.216734208166599274e-03 9.999441504478454590e-01
1.044454891234636307e-02 -7.063203491270542145e-03 5.238313227891921997e-03 5.529026966542005539e-03 1.253550173714756966e-03 -8.755626156926155090e-03 9.999455809593200684e-01
1.166883017867803574e-02 -7.769776042550802231e-03 4.290379118174314499e-03 6.903555709868669510e-03 6.038568099029362202e-04 -8.368849754333496094e-03 9.999409914016723633e-01
1.306035555899143219e-02 -6.159166339784860611e-03 6.246825214475393295e-03 7.165000773966312408e-03 9.525151108391582966e-04 -7.547524292021989822e-03 9.999454021453857422e-01
1.363250240683555603e-02 -8.556268177926540375e-03 5.129328463226556778e-03 7.668239530175924301e-03 3.948739322368055582e-04 -6.463132333010435104e-03 9.999496340751647949e-01
1.433195825666189194e-02 -9.399731643497943878e-03 5.844296887516975403e-03 7.412638980895280838e-03 4.154172202106565237e-04 -4.937703721225261688e-03 9.999602437019348145e-01
1.683560386300086975e-02 -6.555385887622833252e-03 7.065701764076948166e-03 7.324840873479843140e-03 3.695831983350217342e-04 -3.460963023826479912e-03 9.999670982360839844e-01
1.756895892322063446e-02 -9.109610691666603088e-03 6.345260422676801682e-03 6.815827917307615280e-03 -3.275468770880252123e-04 -1.262151054106652737e-03 9.999759197235107422e-01
1.909216120839118958e-02 -8.635397069156169891e-03 7.470923010259866714e-03 6.014108657836914062e-03 2.423918158456217498e-05 6.557638989761471748e-04 9.999817013740539551e-01
2.054998651146888733e-02 -9.225517511367797852e-03 7.681367453187704086e-03 5.259832367300987244e-03 -2.777883855742402375e-05 3.862518817186355591e-03 9.999787211418151855e-01
2.147827856242656708e-02 -9.102935902774333954e-03 1.012409850955009460e-02 3.207453526556491852e-03 7.681844872422516346e-04 6.698250770568847656e-03 9.999721050262451172e-01
2.229485847055912018e-02 -1.167852897197008133e-02 1.004284806549549103e-02 2.155010588467121124e-03 -6.919094361364841461e-03 9.019036777317523956e-03 9.999330639839172363e-01
2.318531274795532227e-02 -1.263967342674732208e-02 1.160975452512502670e-02 3.499216691125184298e-04 -7.405188865959644318e-03 1.161448471248149872e-02 9.999050498008728027e-01
2.551133371889591217e-02 -1.296219974756240845e-02 1.057732384651899338e-02 -1.164904446341097355e-03 -8.166852407157421112e-03 1.357285864651203156e-02 9.998738765716552734e-01
2.822299301624298096e-02 -1.172620896250009537e-02 1.000092551112174988e-02 -1.991870813071727753e-03 -9.108019992709159851e-03 1.642522588372230530e-02 9.998216032981872559e-01
2.910503745079040527e-02 -1.378248538821935654e-02 9.591837413609027863e-03 -2.829781500622630119e-03 -9.325770661234855652e-03 1.848333328962326050e-02 9.997816681861877441e-01
2.974538132548332214e-02 -1.667887158691883087e-02 9.075392968952655792e-03 -2.980456454679369926e-03 -9.791011922061443329e-03 1.986844278872013092e-02 9.997501969337463379e-01
2.425660565495491028e-02 -1.480878610163927078e-02 7.094530854374170303e-03 -3.663284471258521080e-03 -1.014519110321998596e-02 2.110699005424976349e-02 9.997190237045288086e-01
1.883711852133274078e-02 -1.164819486439228058e-02 6.268668919801712036e-03 -5.254071671515703201e-03 -9.493889287114143372e-03 2.208132669329643250e-02 9.996972680091857910e-01
1.479656808078289032e-02 -8.513050153851509094e-03 1.327519421465694904e-03 -3.837818279862403870e-03 -1.033017411828041077e-02 2.129554189741611481e-02 9.997124671936035156e-01
1.149831339716911316e-02 -3.620348172262310982e-03 1.312274835072457790e-03 -3.492092480883002281e-03 -9.344761259853839874e-03 2.048597484827041626e-02 9.997403621673583984e-01
9.125010110437870026e-03 1.982374582439661026e-03 2.386393025517463684e-03 -3.876787144690752029e-03 -8.643584325909614563e-03 1.968052797019481659e-02 9.997614622116088867e-01
8.465188555419445038e-03 -4.873029422014951706e-03 1.502827741205692291e-03 -3.991004079580307007e-03 -8.603961206972599030e-03 2.230599708855152130e-02 9.997062087059020996e-01
9.333869442343711853e-03 -1.893391367048025131e-03 3.825353225693106651e-03 -3.593884408473968506e-03 -6.403917446732521057e-03 2.190451323986053467e-02 9.997330904006958008e-01
1.069468818604946136e-02 7.280510035343468189e-04 1.298345741815865040e-03 -3.046620171517133713e-03 -6.755388341844081879e-03 1.959491521120071411e-02 9.997805356979370117e-01
1.129111275076866150e-02 -1.853542635217308998e-03 4.969419678673148155e-04 -3.184878034517168999e-03 -6.076564081013202667e-03 1.997775025665760040e-02 9.997768998146057129e-01
1.192864123731851578e-02 2.829838544130325317e-03 -8.463236008537933230e-05 -2.480179071426391602e-03 -5.118052475154399872e-03 1.696421764791011810e-02 9.998399019241333008e-01
1.312206219881772995e-02 3.336186637170612812e-04 7.889242842793464661e-04 -2.028750255703926086e-03 -3.647298552095890045e-03 1.630825176835060120e-02 9.998583197593688965e-01
1.164197362959384918e-02 5.916737951338291168e-03 -5.667512305080890656e-03 -1.636069966480135918e-03 -2.750930609181523323e-03 1.372915785759687424e-02 9.999006390571594238e-01
1.221352443099021912e-02 -6.222896277904510498e-03 -1.463937805965542793e-03 -8.939810795709490776e-04 -1.078630797564983368e-03 1.156758237630128860e-02 9.999321103096008301e-01
9.179131127893924713e-03 -1.074852049350738525e-02 9.461716399528086185e-04 1.337219437118619680e-04 1.251159585081040859e-03 8.841496892273426056e-03 9.999601244926452637e-01
1.652084439992904663e-01 -8.110179565846920013e-03 5.625892058014869690e-02 -4.290195927023887634e-02 1.081692986190319061e-02 3.489137440919876099e-02 9.984112381935119629e-01
1.458542943000793457e-01 -1.503905095160007477e-02 6.170978769659996033e-02 -4.116519168019294739e-02 1.502988860011100769e-02 3.058816678822040558e-02 9.985709190368652344e-01
1.276367455720901489e-01 -4.450936615467071533e-02 4.756966233253479004e-02 -4.241423308849334717e-02 1.317710336297750473e-02 3.937334939837455750e-02 9.982370138168334961e-01
1.119655594229698181e-01 -4.134247079491615295e-02 4.454534128308296204e-02 -4.319825395941734314e-02 1.349809486418962479e-02 3.759968653321266174e-02 9.982674717903137207e-01
9.672246873378753662e-02 -3.668445721268653870e-02 4.135220870375633240e-02 -4.029457271099090576e-02 1.423814240843057632e-02 3.425461426377296448e-02 9.984989762306213379e-01
8.170616626739501953e-02 -2.950288914144039154e-02 3.930815309286117554e-02 -3.768448531627655029e-02 1.404455862939357758e-02 2.822402678430080414e-02 9.987922906875610352e-01
6.847749650478363037e-02 -2.144491299986839294e-02 3.364101797342300415e-02 -3.327185660600662231e-02 1.507959328591823578e-02 2.266379259526729584e-02 9.990755319595336914e-01
5.568265169858932495e-02 -1.418241765350103378e-02 2.626904658973217010e-02 -2.809801883995532990e-02 1.435118075460195541e-02 1.470375061035156250e-02 9.993939995765686035e-01
4.161141440272331238e-02 -1.231956854462623596e-02 1.844441890716552734e-02 -2.404623851180076599e-02 1.222606189548969269e-02 1.006933767348527908e-02 9.995853900909423828e-01
2.679717540740966797e-02 -9.656265377998352051e-03 1.330319978296756744e-02 -1.981284469366073608e-02 6.145063787698745728e-03 6.310118362307548523e-03 9.997649192810058594e-01
1.446746755391359329e-02 -5.307198036462068558e-03 6.856592372059822083e-03 -1.523392088711261749e-02 -3.818110271822661161e-04 9.618030162528157234e-04 9.998834133148193359e-01
1.077668368816375732e-02 -4.706468607764691114e-04 5.703799892216920853e-03 -9.014378301799297333e-03 -8.271283877547830343e-05 -4.709600005298852921e-03 9.999482631683349609e-01
1.169852539896965027e-02 -8.033365593291819096e-04 7.166723255068063736e-03 -5.489278119057416916e-03 7.085700053721666336e-04 -8.354384452104568481e-03 9.999498128890991211e-01
1.318250317126512527e-02 -3.249344648793339729e-03 7.434244267642498016e-03 -1.678944216109812260e-03 9.855641983449459076e-04 -1.151479035615921021e-02 9.999318122863769531e-01
1.483546942472457886e-02 -3.898680442944169044e-03 7.825391367077827454e-03 1.378581742756068707e-03 1.137010171078145504e-03 -1.444042008370161057e-02 9.998941421508789062e-01
1.587192155420780182e-02 -8.038097992539405823e-03 6.680823862552642822e-03 4.832697566598653793e-03 1.632356899790465832e-03 -1.651071384549140930e-02 9.998506903648376465e-01
1.684754528105258942e-02 -1.004424784332513809e-02 6.872941274195909500e-03 6.908402312546968460e-03 2.248405246064066887e-03 -1.744027249515056610e-02 9.998214840888977051e-01
1.734075695276260376e-02 -1.155545655637979507e-02 8.726417087018489838e-03 9.083515964448451996e-03 2.630754141137003899e-03 -1.829218678176403046e-02 9.997879862785339355e-01
1.853831298649311066e-02 -1.261541992425918579e-02 9.699602611362934113e-03 1.035030558705329895e-02 2.575156511738896370e-03 -1.918850094079971313e-02 9.997590184211730957e-01
2.059499919414520264e-02 -1.326623000204563141e-02 9.654503315687179565e-03 1.162288058549165726e-02 2.459170762449502945e-03 -1.937113888561725616e-02 9.997417926788330078e-01
2.165238000452518463e-02 -1.478350162506103516e-02 1.067400444298982620e-02 1.271279063075780869e-02 2.102299127727746964e-03 -1.805539056658744812e-02 9.997539520263671875e-01
2.433273196220397949e-02 -1.328644622117280960e-02 1.243935711681842804e-02 1.347122900187969208e-02 2.095300471410155296e-03 -1.661378331482410431e-02 9.997690320014953613e-01
2.667825669050216675e-02 -1.443428732454776764e-02 1.199766807258129120e-02 1.425109431147575378e-02 1.593005959875881672e-03 -1.426545158028602600e-02 9.997954368591308594e-01
2.870838902890682220e-02 -1.698647812008857727e-02 1.057685073465108871e-02 1.484809629619121552e-02 8.751838468015193939e-04 -1.137739699333906174e-02 9.998246431350708008e-01
3.213189914822578430e-02 -1.358568854629993439e-02 1.375757623463869095e-02 1.398099400103092194e-02 7.886487292125821114e-04 -8.709602989256381989e-03 9.998640418052673340e-01
3.519519418478012085e-02 -1.285355072468519211e-02 1.449529826641082764e-02 1.375008653849363327e-02 5.498953396454453468e-04 -5.041159223765134811e-03 9.998925924301147461e-01
3.686842694878578186e-02 -1.701603457331657410e-02 1.421564444899559021e-02 1.295481529086828232e-02 -5.710402620024979115e-04 -1.275882590562105179e-03 9.999151229858398438e-01
4.023997113108634949e-02 -1.468925457447767258e-02 1.686996594071388245e-02 1.105651631951332092e-02 1.109850243665277958e-03 3.643723670393228531e-03 9.999316334724426270e-01
4.279020801186561584e-02 -1.457984466105699539e-02 1.947674527764320374e-02 8.844083175063133240e-03 1.026234938763082027e-03 8.909693919122219086e-03 9.999206662178039551e-01
4.411266744136810303e-02 -2.004804834723472595e-02 2.026702091097831726e-02 5.646372213959693909e-03 -6.378163583576679230e-03 1.416724734008312225e-02 9.998633265495300293e-01
4.739795997738838196e-02 -2.363570779561996460e-02 1.799795404076576233e-02 2.868401817977428436e-03 -1.455236133188009262e-02 1.845638826489448547e-02 9.997196197509765625e-01
4.906509816646575928e-02 -2.774071134626865387e-02 1.858618855476379395e-02 2.211108367191627622e-04 -1.568140648305416107e-02 2.363447099924087524e-02 9.995976686477661133e-01
5.357912182807922363e-02 -2.729669585824012756e-02 1.762275584042072296e-02 -2.023151144385337830e-03 -1.729775220155715942e-02 2.817144989967346191e-02 9.994513988494873047e-01
5.641244351863861084e-02 -2.875434234738349915e-02 1.773782819509506226e-02 -3.045643214136362076e-03 -1.741264760494232178e-02 3.149424493312835693e-02 9.993476271629333496e-01
5.880993977189064026e-02 -3.164721652865409851e-02 1.689409837126731873e-02 -3.760715946555137634e-03 -1.838488318026065826e-02 3.380675241351127625e-02 9.992522001266479492e-01
5.363808199763298035e-02 -3.177576139569282532e-02 1.675372570753097534e-02 -5.308051127940416336e-03 -1.825343817472457886e-02 3.541384264826774597e-02 9.991919398307800293e-01
4.219827055931091309e-02 -2.742574922740459442e-02 1.405317708849906921e-02 -8.378220722079277039e-03 -1.857081241905689240e-02 3.935010358691215515e-02 9.990177750587463379e-01
3.275089710950851440e-02 -2.172591723501682281e-02 7.491748314350843430e-03 -7.557539734989404678e-03 -1.935629919171333313e-02 4.028599336743354797e-02 9.989721179008483887e-01
2.339800819754600525e-02 1.694392971694469452e-02 2.813852624967694283e-04 -5.742019973695278168e-03 -2.053902857005596161e-02 2.330734580755233765e-02 9.995008707046508789e-01
2.010312676429748535e-02 1.291574793867766857e-03 4.900719039142131805e-03 -6.534566171467304230e-03 -1.708439178764820099e-02 3.642253205180168152e-02 9.991690516471862793e-01
1.807220466434955597e-02 -1.497367280535399914e-03 7.139738183468580246e-03 -7.259904406964778900e-03 -1.508405711501836777e-02 4.182461649179458618e-02 9.989846944808959961e-01
1.974909193813800812e-02 -4.085497348569333553e-04 3.870393615216016769e-03 -6.816346198320388794e-03 -1.613248884677886963e-02 3.944547474384307861e-02 9.990682601928710938e-01
1.911928132176399231e-02 2.951637143269181252e-03 8.273947983980178833e-03 -6.445802282541990280e-03 -1.197255775332450867e-02 3.836500272154808044e-02 9.991712570190429688e-01
2.116521634161472321e-02 6.802462041378021240e-03 -3.648825804702937603e-04 -6.944914814084768295e-03 -1.381130982190370560e-02 3.574300184845924377e-02 9.992414116859436035e-01
2.357107400894165039e-02 1.511984388343989849e-03 1.916127745062112808e-03 -5.783001426607370377e-03 -1.108520012348890305e-02 3.473693877458572388e-02 9.993183016777038574e-01
2.309647016227245331e-02 1.056379545480012894e-02 1.939166395459324121e-04 -4.483682103455066681e-03 -8.914733305573463440e-03 3.101985715329647064e-02 9.994689822196960449e-01
2.694773860275745392e-02 2.580036409199237823e-03 4.047558177262544632e-03 -3.378657158464193344e-03 -5.023182835429906845e-03 2.884935960173606873e-02 9.995654225349426270e-01
2.769679389894008636e-02 1.053753658197820187e-03 2.593570388853549957e-03 -1.903411117382347584e-03 -2.471720101311802864e-03 2.252258360385894775e-02 9.997414946556091309e-01
2.040299028158187866e-02 -1.849558576941490173e-02 3.327514510601758957e-03 -5.148639902472496033e-04 1.598875503987073898e-03 2.073986269533634186e-02 9.997835159301757812e-01
