2.616429710388183594e+01 -2.226403045654296875e+01 -9.312875270843505859e-01 -9.828075766563415527e-02 1.950348913669586182e-01 7.394629120826721191e-01 6.367863416671752930e-01
2.616370964050292969e+01 -2.217281341552734375e+01 -9.335819482803344727e-01 -1.150439605116844177e-01 1.832592487335205078e-01 7.594122290611267090e-01 6.135743260383605957e-01
2.616243553161621094e+01 -2.208923530578613281e+01 -9.352692961692810059e-01 -1.317149400711059570e-01 1.714168637990951538e-01 7.774054408073425293e-01 5.906836390495300293e-01
2.616051864624023438e+01 -2.201338577270507812e+01 -9.366052746772766113e-01 -1.481146663427352905e-01 1.596852838993072510e-01 7.933976054191589355e-01 5.684016942977905273e-01
2.615807723999023438e+01 -2.194534683227539062e+01 -9.376624822616577148e-01 -1.640756726264953613e-01 1.482434421777725220e-01 8.073757886886596680e-01 5.470314025878906250e-01
2.615526962280273438e+01 -2.188516426086425781e+01 -9.384680390357971191e-01 -1.794418841600418091e-01 1.372693777084350586e-01 8.193557858467102051e-01 5.268852114677429199e-01
2.615222167968750000e+01 -2.183289337158203125e+01 -9.390498399734497070e-01 -1.940706670284271240e-01 1.269402205944061279e-01 8.293762207031250000e-01 5.082817077636718750e-01
2.614909553527832031e+01 -2.178855323791503906e+01 -9.394264221191406250e-01 -2.078241258859634399e-01 1.174262315034866333e-01 8.374947905540466309e-01 4.915421307086944580e-01
2.614604568481445312e+01 -2.175218391418457031e+01 -9.396128058433532715e-01 -2.205974310636520386e-01 1.089066714048385620e-01 8.437737822532653809e-01 4.769819676876068115e-01
2.614320755004882812e+01 -2.172377586364746094e+01 -9.396138787269592285e-01 -2.322059869766235352e-01 1.015075370669364929e-01 8.482974171638488770e-01 4.649262726306915283e-01
2.614072036743164062e+01 -2.170340347290039062e+01 -9.394307732582092285e-01 -2.427955865859985352e-01 9.553114324808120728e-02 8.510637879371643066e-01 4.556331634521484375e-01
2.613873481750488281e+01 -2.169100379943847656e+01 -9.389928579330444336e-01 -2.468532770872116089e-01 8.807578682899475098e-02 8.535134196281433105e-01 4.503412544727325439e-01
2.613721084594726562e+01 -2.168675041198730469e+01 -9.382961392402648926e-01 -2.498856037855148315e-01 8.211388438940048218e-02 8.544831871986389160e-01 4.479486048221588135e-01
2.613611030578613281e+01 -2.168214797973632812e+01 -9.378651976585388184e-01 -2.523159384727478027e-01 7.769200205802917480e-02 8.541026115417480469e-01 4.480997025966644287e-01
2.613539123535156250e+01 -2.167670249938964844e+01 -9.377021789550781250e-01 -2.541522085666656494e-01 7.464531064033508301e-02 8.525698781013488770e-01 4.504912197589874268e-01
2.613500022888183594e+01 -2.167051124572753906e+01 -9.377849698066711426e-01 -2.554753422737121582e-01 7.286863774061203003e-02 8.500397205352783203e-01 4.547932446002960205e-01
2.613489151000976562e+01 -2.166343116760253906e+01 -9.381064176559448242e-01 -2.563172280788421631e-01 7.224492728710174561e-02 8.466644287109375000e-01 4.606755077838897705e-01
2.613499832153320312e+01 -2.165543746948242188e+01 -9.386560320854187012e-01 -2.567006647586822510e-01 7.266468554735183716e-02 8.425919413566589355e-01 4.678060710430145264e-01
2.613525962829589844e+01 -2.164645957946777344e+01 -9.394235610961914062e-01 -2.566360235214233398e-01 7.401976734399795532e-02 8.379730582237243652e-01 4.758554100990295410e-01
2.613562393188476562e+01 -2.163644599914550781e+01 -9.404060244560241699e-01 -2.561276853084564209e-01 7.620417326688766479e-02 8.329640626907348633e-01 4.844991266727447510e-01
2.613603401184082031e+01 -2.162532615661621094e+01 -9.415954947471618652e-01 -2.551788985729217529e-01 7.911209762096405029e-02 8.277304172515869141e-01 4.934194386005401611e-01
2.613644981384277344e+01 -2.161303901672363281e+01 -9.429863095283508301e-01 -2.537957131862640381e-01 8.263922482728958130e-02 8.224468231201171875e-01 5.023084878921508789e-01
2.613682174682617188e+01 -2.159951782226562500e+01 -9.445790052413940430e-01 -2.519908547401428223e-01 8.668017387390136719e-02 8.172973394393920898e-01 5.108667016029357910e-01
2.613710594177246094e+01 -2.158468437194824219e+01 -9.463630318641662598e-01 -2.497867643833160400e-01 9.112999588251113892e-02 8.124746084213256836e-01 5.188052058219909668e-01
2.613730812072753906e+01 -2.156846427917480469e+01 -9.482660293579101562e-01 -2.472183704376220703e-01 9.588404744863510132e-02 8.081766366958618164e-01 5.258432030677795410e-01
2.613738059997558594e+01 -2.155078506469726562e+01 -9.503367543220520020e-01 -2.443352788686752319e-01 1.008373200893402100e-01 8.046048283576965332e-01 5.317081809043884277e-01
2.613729095458984375e+01 -2.153156661987304688e+01 -9.525657892227172852e-01 -2.412057071924209595e-01 1.058856025338172913e-01 8.019593358039855957e-01 5.361332893371582031e-01
2.613702392578125000e+01 -2.151072311401367188e+01 -9.549375176429748535e-01 -2.379087954759597778e-01 1.109192445874214172e-01 8.004371523857116699e-01 5.388563275337219238e-01
2.613655853271484375e+01 -2.148818206787109375e+01 -9.574306607246398926e-01 -2.345680445432662964e-01 1.158419996500015259e-01 8.002176880836486816e-01 5.396103262901306152e-01
2.613586997985839844e+01 -2.146386146545410156e+01 -9.600229859352111816e-01 -2.312304526567459106e-01 1.204883903264999390e-01 8.014886975288391113e-01 5.381451249122619629e-01
2.613492202758789062e+01 -2.143769073486328125e+01 -9.626874923706054688e-01 -2.283164113759994507e-01 1.249200031161308289e-01 8.043246865272521973e-01 5.341331958770751953e-01
2.613369750976562500e+01 -2.140964698791503906e+01 -9.653540253639221191e-01 -2.197894006967544556e-01 1.249002143740653992e-01 8.103656172752380371e-01 5.285549759864807129e-01
2.613213920593261719e+01 -2.137965202331542969e+01 -9.680383205413818359e-01 -2.106179296970367432e-01 1.238916590809822083e-01 8.181641101837158203e-01 5.204507708549499512e-01
2.613025283813476562e+01 -2.134781265258789062e+01 -9.707078933715820312e-01 -2.011680752038955688e-01 1.221821084618568420e-01 8.273474574089050293e-01 5.099711418151855469e-01
2.612803840637207031e+01 -2.131417465209960938e+01 -9.733234643936157227e-01 -1.914409399032592773e-01 1.198078617453575134e-01 8.376265764236450195e-01 4.973431825637817383e-01
2.612550354003906250e+01 -2.127895164489746094e+01 -9.758484363555908203e-01 -1.815387904644012451e-01 1.168733984231948853e-01 8.486929535865783691e-01 4.827807247638702393e-01
2.612266349792480469e+01 -2.124191284179687500e+01 -9.782665371894836426e-01 -1.715420335531234741e-01 1.134684085845947266e-01 8.602537512779235840e-01 4.665133655071258545e-01
2.611953163146972656e+01 -2.121106719970703125e+01 -9.800634384155273438e-01 -1.615433394908905029e-01 1.096902713179588318e-01 8.720312118530273438e-01 4.487833678722381592e-01
2.611614227294921875e+01 -2.118687438964843750e+01 -9.811968207359313965e-01 -1.516392678022384644e-01 1.056387498974800110e-01 8.837698698043823242e-01 4.298489987850189209e-01
2.611255073547363281e+01 -2.116933441162109375e+01 -9.816633462905883789e-01 -1.419330239295959473e-01 1.014176979660987854e-01 8.952396512031555176e-01 4.099853634834289551e-01
2.610881805419921875e+01 -2.115848922729492188e+01 -9.814572930335998535e-01 -1.325341314077377319e-01 9.713485836982727051e-02 9.062415361404418945e-01 3.894848823547363281e-01
2.610503387451171875e+01 -2.115463829040527344e+01 -9.805729389190673828e-01 -1.235573738813400269e-01 9.290085732936859131e-02 9.166083335876464844e-01 3.686530590057373047e-01
2.610129737854003906e+01 -2.115183639526367188e+01 -9.793934226036071777e-01 -1.151218786835670471e-01 8.882950991392135620e-02 9.262054562568664551e-01 3.478112220764160156e-01
2.609770965576171875e+01 -2.114985275268554688e+01 -9.779563546180725098e-01 -1.073513776063919067e-01 8.503714203834533691e-02 9.349321126937866211e-01 3.272916376590728760e-01
2.609437751770019531e+01 -2.114883422851562500e+01 -9.762846231460571289e-01 -1.003723442554473877e-01 8.164167404174804688e-02 9.427178502082824707e-01 3.074351549148559570e-01
2.609142684936523438e+01 -2.114876174926757812e+01 -9.744116663932800293e-01 -9.431385248899459839e-02 7.876240462064743042e-02 9.495218992233276367e-01 2.885881066322326660e-01
2.608898162841796875e+01 -2.114971351623535156e+01 -9.723682999610900879e-01 -8.930696547031402588e-02 7.651945948600769043e-02 9.553258419036865234e-01 2.710993289947509766e-01
2.608715629577636719e+01 -2.115162277221679688e+01 -9.701938629150390625e-01 -8.548327535390853882e-02 7.503353059291839600e-02 9.601293206214904785e-01 2.553187012672424316e-01
2.608609008789062500e+01 -2.115467834472656250e+01 -9.679148197174072266e-01 -8.297491073608398438e-02 7.442537695169448853e-02 9.639408588409423828e-01 2.415933758020401001e-01
2.608589935302734375e+01 -2.115461730957031250e+01 -9.658289551734924316e-01 -8.191386610269546509e-02 7.481586933135986328e-02 9.667692780494689941e-01 2.302661836147308350e-01
2.608671379089355469e+01 -2.115124702453613281e+01 -9.639740586280822754e-01 -8.243177086114883423e-02 7.632603496313095093e-02 9.686136841773986816e-01 2.216739505529403687e-01
