-4.452462308108806610e-03 9.506114125251770020e-01 -2.659993059933185577e-02
-1.071798894554376602e-02 8.762292265892028809e-01 -2.049596607685089111e-02
-1.569997705519199371e-02 8.008008003234863281e-01 -1.458962447941303253e-02
-2.044785954058170319e-02 7.244958877563476562e-01 -1.144833955913782120e-02
-2.350521646440029144e-02 6.475018262863159180e-01 -8.016539737582206726e-03
-2.521227672696113586e-02 5.699490308761596680e-01 -5.215327721089124680e-03
-2.551599405705928802e-02 4.921837747097015381e-01 -2.540454035624861717e-03
-2.427790686488151550e-02 4.135162532329559326e-01 -9.038834832608699799e-05
-2.156618237495422363e-02 3.359548747539520264e-01 2.266786526888608932e-03
-1.772306486964225769e-02 2.551985085010528564e-01 4.600893240422010422e-03
-1.210716366767883301e-02 1.810695081949234009e-01 6.913526915013790131e-03
-6.030084565281867981e-03 8.958226442337036133e-02 1.081752497702836990e-02
-6.633098237216472626e-04 4.849644005298614502e-02 1.131059881299734116e-02
4.439247772097587585e-03 7.174135744571685791e-02 8.030666038393974304e-03
8.891501463949680328e-03 7.405429333448410034e-02 6.242178380489349365e-03
1.289681997150182724e-02 8.606386184692382812e-02 4.026228561997413635e-03
1.626845076680183411e-02 9.481482952833175659e-02 2.142113167792558670e-03
1.893729902803897858e-02 1.057104244828224182e-01 2.288208925165235996e-04
2.102356776595115662e-02 1.165342256426811218e-01 -1.587735721841454506e-03
2.248176932334899902e-02 1.281811296939849854e-01 -3.375267144292593002e-03
2.343714982271194458e-02 1.403359621763229370e-01 -5.149548407644033432e-03
2.393346652388572693e-02 1.531337052583694458e-01 -6.804984994232654572e-03
2.387283556163311005e-02 1.666462421417236328e-01 -8.620416745543479919e-03
2.366266772150993347e-02 1.809097379446029663e-01 -9.859873913228511810e-03
2.320366352796554565e-02 1.958370804786682129e-01 -1.086341869086027145e-02
2.224100381135940552e-02 2.115464657545089722e-01 -1.240430213510990143e-02
2.109058201313018799e-02 2.279637753963470459e-01 -1.359450444579124451e-02
1.965423300862312317e-02 2.452335357666015625e-01 -1.472710072994232178e-02
1.804476603865623474e-02 2.630779147148132324e-01 -1.555773150175809860e-02
1.602364145219326019e-02 2.819713354110717773e-01 -1.628181710839271545e-02
1.375475525856018066e-02 3.007819056510925293e-01 -1.637588813900947571e-02
1.102899760007858276e-02 3.208543360233306885e-01 -1.623573899269104004e-02
7.993975654244422913e-03 3.394981622695922852e-01 -1.612573489546775818e-02
5.050909705460071564e-03 3.600633144378662109e-01 -1.567301899194717407e-02
2.142316661775112152e-03 3.725222051143646240e-01 -1.449906546622514725e-02
-7.188329473137855530e-04 4.009074866771697998e-01 -1.404403056949377060e-02
-3.404130926355719566e-03 3.820744156837463379e-01 -1.046069338917732239e-02
-5.902664735913276672e-03 3.033642768859863281e-01 -3.014445537701249123e-03
-7.965174503624439240e-03 2.415779232978820801e-01 3.453056560829281807e-03
-9.369125589728355408e-03 1.758220195770263672e-01 1.018672343343496323e-02
-1.016810163855552673e-02 1.000214144587516785e-01 1.747763343155384064e-02
-9.994156658649444580e-03 5.676206201314926147e-02 2.260894700884819031e-02
-8.818260394036769867e-03 5.927914008498191833e-02 2.469062432646751404e-02
-6.604299414902925491e-03 4.519258812069892883e-02 2.753828279674053192e-02
-3.261815058067440987e-03 3.811017796397209167e-02 2.963411621749401093e-02
1.306408317759633064e-03 2.612994983792304993e-02 3.167190402746200562e-02
7.084446027874946594e-03 1.906151697039604187e-02 3.303072601556777954e-02
1.405123993754386902e-02 2.293136902153491974e-03 3.461489453911781311e-02
2.229571714997291565e-02 1.041946373879909515e-02 3.428945317864418030e-02
3.165635094046592712e-02 5.075285583734512329e-02 3.165343403816223145e-02
4.230533167719841003e-02 7.999467849731445312e-02 2.941609174013137817e-02
