0.000000000000000000e+00 0.000000000000000000e+00 0.000000000000000000e+00 0.000000000000000000e+00 0.000000000000000000e+00 0.000000000000000000e+00 1.000000000000000000e+00
8.357334882020950317e-02 -1.016911026090383530e-02 3.518293797969818115e-02 -2.506125295961849839e-02 6.571903507998145752e-03 2.501594087893546300e-02 9.993512627631573331e-01
1.597584207424806724e-01 -1.906228550926430260e-02 6.810452396414190535e-02 -4.960120008147037018e-02 1.350880790321128122e-02 4.890044829827752682e-02 9.974798139389787766e-01
2.287389150344092403e-01 -2.642556198252707378e-02 9.819164130370529320e-02 -7.362377717759682749e-02 2.052736580015713727e-02 7.046616199456207097e-02 9.945816641689944060e-01
2.901262360792966621e-01 -3.266516183207145846e-02 1.260126417271167365e-01 -9.668303055336546770e-02 2.767270832690558666e-02 9.072266535166445545e-02 9.907855523817253873e-01
3.440326863392602075e-01 -3.765220398594569529e-02 1.512054755523517535e-01 -1.186017180010864452e-01 3.446275626492475291e-02 1.087253807233578562e-01 9.863694756552313647e-01
3.904892546071541126e-01 -4.187235409249341622e-02 1.734833084371977807e-01 -1.390509859371699686e-01 4.084888778716108670e-02 1.247704951228377629e-01 9.815439446215614705e-01
4.294939191371063281e-01 -4.472609878559433844e-02 1.928850018622516593e-01 -1.577672588918966889e-01 4.703493715563962507e-02 1.383754795312127917e-01 9.766009591296791470e-01
4.607563981407977183e-01 -4.711598276825372522e-02 2.097451896153553486e-01 -1.747423345735845401e-01 5.306957741082701796e-02 1.497612065071494136e-01 9.717099965970982245e-01
4.844760872832730714e-01 -4.886254865342005982e-02 2.237338756639456749e-01 -1.896756894437308938e-01 5.863473031280566627e-02 1.582015665230204204e-01 9.672421442352748810e-01
5.005927165873876872e-01 -5.004481652358547944e-02 2.348139503755800883e-01 -2.023287659242728465e-01 6.428008480447043593e-02 1.641062611173126906e-01 9.633277096809721440e-01
5.097387463598429536e-01 -5.072001648806027246e-02 2.425094544507702399e-01 -2.113540020456501634e-01 6.306702242111281165e-02 1.680149063369722473e-01 9.607929161639361393e-01
5.124614279054947596e-01 -5.007854929853630677e-02 2.475722921470779048e-01 -2.179275490730744891e-01 6.167923825560187034e-02 1.691981741513355619e-01 9.592055216621022673e-01
5.156635912819553802e-01 -4.996125978063215706e-02 2.531478487707842784e-01 -2.226253101661659073e-01 6.061328601253799381e-02 1.677964787951436720e-01 9.584405785108076614e-01
5.200764355793271454e-01 -5.036482217347697937e-02 2.589788406403237819e-01 -2.254423768101261327e-01 5.971218347376137242e-02 1.645498357965742287e-01 9.584015554152223171e-01
5.249503377779154434e-01 -5.168638271223784109e-02 2.653907992279803674e-01 -2.260282355517669872e-01 5.903748579260477414e-02 1.592331046921241222e-01 9.592031225839238173e-01
5.305722048562501181e-01 -5.315034666345072600e-02 2.723489130814654713e-01 -2.259240344923419408e-01 5.856692240202641259e-02 1.526937793855325243e-01 9.603191427728702267e-01
5.367281790455944446e-01 -5.598033075437606337e-02 2.796288934070281784e-01 -2.239378749748627551e-01 5.819848657368612010e-02 1.450537731441627065e-01 9.619896918412987885e-01
5.441136641109408645e-01 -5.778882495798740720e-02 2.873607498980685904e-01 -2.212687149463466174e-01 5.818449788618269142e-02 1.364274696882071536e-01 9.638683859875261106e-01
5.513123513614045512e-01 -6.046452437145179853e-02 2.962575215486642488e-01 -2.175117994498307061e-01 5.781020881870740230e-02 1.271036898728746811e-01 9.660182445881310143e-01
5.593577395568214428e-01 -6.352063490958469172e-02 3.055758550110961314e-01 -2.130099955834455216e-01 5.765888932825238844e-02 1.174521147742886296e-01 9.682495520257266008e-01
5.686434125169425036e-01 -6.647335184624605930e-02 3.151401159072477198e-01 -2.079171794094357706e-01 5.763882205288378691e-02 1.081075368161129313e-01 9.704436991306261140e-01
5.789500719416893482e-01 -7.031850359696559249e-02 3.248316558813358901e-01 -2.015072893786025998e-01 5.757058486018240551e-02 9.912838559956102524e-02 9.727558806065216279e-01
5.905183373879531183e-01 -7.301485945179929382e-02 3.351484365823049760e-01 -1.949452720790811333e-01 5.765977746516347952e-02 9.094662751429785641e-02 9.748848146834868666e-01
6.030840399722227074e-01 -7.663317525294874311e-02 3.458430985376646505e-01 -1.880481555232804136e-01 5.770436304397411065e-02 8.392107310625816774e-02 9.768650629327857438e-01
6.167327523160976988e-01 -8.063657297801432589e-02 3.570502922737591178e-01 -1.810315182612733942e-01 5.789343776348084697e-02 7.819466898862333093e-02 9.786529175359892641e-01
6.320760812302738119e-01 -8.397053205839845325e-02 3.684433478504329229e-01 -1.742889849266496816e-01 5.821233312075827643e-02 7.429490636755889388e-02 9.801606709584462784e-01
6.486968532565330348e-01 -8.759366323912075314e-02 3.803822960251669327e-01 -1.678084742445312971e-01 5.851891458417477626e-02 7.245379763125638084e-02 9.814103625988577217e-01
6.667099618827539986e-01 -9.122436624225370438e-02 3.929218814301720375e-01 -1.618367994320735748e-01 5.896580652685156493e-02 7.268154321951043884e-02 9.823692163771476915e-01
6.862383309857784663e-01 -9.493836777313827135e-02 4.060086840852988876e-01 -1.564456803293012011e-01 5.974706762490680084e-02 7.585597954449212199e-02 9.829551909338860582e-01
7.073810744029005448e-01 -9.841937429074493204e-02 4.197033658245933330e-01 -1.523431556848564017e-01 6.079075668346375916e-02 8.164465093028829001e-02 9.830718172098633634e-01
7.295721041951946928e-01 -1.020876558787271737e-01 4.348165894016159383e-01 -1.484600498811974034e-01 5.479452094429961007e-02 9.124097426293886759e-02 9.831745819941171138e-01
7.530643925499507230e-01 -1.057649067526970493e-01 4.511474378180402312e-01 -1.455973445089017715e-01 4.799899095702439555e-02 1.037233334676247315e-01 9.827201942737452400e-01
7.783385103747587630e-01 -1.089644792337679247e-01 4.679316006190764599e-01 -1.438876641845581172e-01 4.065847078703960921e-02 1.185095334741671502e-01 9.816306430244049475e-01
8.053416574135640049e-01 -1.114367308239199716e-01 4.852167909980971139e-01 -1.426736614717458718e-01 3.307422594932148130e-02 1.358553421834030606e-01 9.798436854418817177e-01
8.335801963994806663e-01 -1.134724331632364913e-01 5.033138721222757406e-01 -1.421266983458784328e-01 2.538810293029029191e-02 1.552594818929084741e-01 9.772665650318986819e-01
8.628992249025704275e-01 -1.169693428780756578e-01 5.226400513949490678e-01 -1.419843038385848744e-01 1.746073427248247961e-02 1.761509366380735464e-01 9.739129466968121651e-01
8.866052964217131516e-01 -1.193824005250171266e-01 5.396757423360671879e-01 -1.422654238612351130e-01 9.323403188750587281e-03 1.982680875069788295e-01 9.697233568409538984e-01
9.047103190442050691e-01 -1.195167265863507633e-01 5.538885481380061426e-01 -1.437997275126973451e-01 1.420789690696740463e-03 2.211738726887861051e-01 9.645733449374254143e-01
9.181478835216259071e-01 -1.197479449198338430e-01 5.644975579491162687e-01 -1.452983722722774873e-01 -6.165252009227589584e-03 2.446093260232658495e-01 9.586535611497686293e-01
9.248196592191698651e-01 -1.179311593046328266e-01 5.744588269183595886e-01 -1.475632522380680434e-01 -1.283607445109485878e-02 2.680671662030656988e-01 9.519455426574926493e-01
9.276764196428758380e-01 -1.127437586123119784e-01 5.820627920066431260e-01 -1.493382089867586748e-01 -1.939728687238431032e-02 2.907240279841049602e-01 9.448816773286033976e-01
9.310655372730516355e-01 -1.092440720254310577e-01 5.906610706932187149e-01 -1.507646782028634058e-01 -2.555634360417630147e-02 3.136268163158764666e-01 9.371526584263312198e-01
9.341416080727467097e-01 -1.040494640922856179e-01 5.989612647086958175e-01 -1.525622690710031759e-01 -3.073148129220543839e-02 3.355245583494993467e-01 9.290875097954267581e-01
9.366690401023574086e-01 -9.689857845602904696e-02 6.066469039608726188e-01 -1.540031536293484382e-01 -3.499879375567239298e-02 3.561395356483116337e-01 9.209900891193499861e-01
9.401440884068332782e-01 -8.968861725866345003e-02 6.148391137595579092e-01 -1.556524238561474704e-01 -3.837293887710271217e-02 3.753439262725149494e-01 9.129166322945229117e-01
9.415628711706442999e-01 -8.066067376841321024e-02 6.230116844544208998e-01 -1.569119664097180511e-01 -4.080805078008112319e-02 3.926120577220125196e-01 9.053005633049463485e-01
9.435913942812746980e-01 -6.983255982363652248e-02 6.301921615388774711e-01 -1.580292674610331294e-01 -4.228980380516722537e-02 4.082939137221410775e-01 8.980726046023820297e-01
9.425114557615985600e-01 -5.997250297814121084e-02 6.404037772154057562e-01 -1.591715301069822341e-01 -4.230153645329171042e-02 4.213052250674350629e-01 8.918390613490591035e-01
9.470747140098237926e-01 -4.949137948183307545e-02 6.481083508097762458e-01 -1.598427740568296451e-01 -4.113228667806313743e-02 4.310419128676302725e-01 8.871083879244210380e-01
9.556053037938413430e-01 -4.722932180329962593e-02 6.591896193944740689e-01 -1.605292485402559921e-01 -3.855570955135187439e-02 4.384888961211926284e-01 8.834428705935152282e-01
