2.616429710388183594e+01 -2.226403045654296875e+01 -9.312875270843505859e-01 -9.828075766563415527e-02 1.950348913669586182e-01 7.394629120826721191e-01 6.367863416671752930e-01
2.616371917724609375e+01 -2.217280578613281250e+01 -9.335776567459106445e-01 -1.150443181395530701e-01 1.832592338323593140e-01 7.594124078750610352e-01 6.135741472244262695e-01
2.616263771057128906e+01 -2.208908081054687500e+01 -9.351822733879089355e-01 -1.317157298326492310e-01 1.714168041944503784e-01 7.774057984352111816e-01 5.906829833984375000e-01
2.616109466552734375e+01 -2.201293563842773438e+01 -9.363682270050048828e-01 -1.481157541275024414e-01 1.596851795911788940e-01 7.933980822563171387e-01 5.684008002281188965e-01
2.615919303894042969e+01 -2.194446182250976562e+01 -9.372062087059020996e-01 -1.640769988298416138e-01 1.482433080673217773e-01 8.073763251304626465e-01 5.470303297042846680e-01
2.615708160400390625e+01 -2.188371467590332031e+01 -9.377318024635314941e-01 -1.794433742761611938e-01 1.372692286968231201e-01 8.193563222885131836e-01 5.268839001655578613e-01
2.615489578247070312e+01 -2.183073616027832031e+01 -9.379767775535583496e-01 -1.940723210573196411e-01 1.269400715827941895e-01 8.293768763542175293e-01 5.082802772521972656e-01
2.615277481079101562e+01 -2.178556632995605469e+01 -9.379668831825256348e-01 -2.078258246183395386e-01 1.174260526895523071e-01 8.374954462051391602e-01 4.915404915809631348e-01
2.615087127685546875e+01 -2.174824333190917969e+01 -9.377145171165466309e-01 -2.205992192029953003e-01 1.089064478874206543e-01 8.437744379043579102e-01 4.769801497459411621e-01
2.614931869506835938e+01 -2.171875953674316406e+01 -9.372329115867614746e-01 -2.322078347206115723e-01 1.015072837471961975e-01 8.482980728149414062e-01 4.649242758750915527e-01
2.614824295043945312e+01 -2.169719505310058594e+01 -9.365234971046447754e-01 -2.427974939346313477e-01 9.553088247776031494e-02 8.510644435882568359e-01 4.556311070919036865e-01
2.614779663085937500e+01 -2.168348693847656250e+01 -9.355261921882629395e-01 -2.468551248311996460e-01 8.807550370693206787e-02 8.535140156745910645e-01 4.503391385078430176e-01
2.614792633056640625e+01 -2.167782402038574219e+01 -9.342319369316101074e-01 -2.498873770236968994e-01 8.211360126733779907e-02 8.544838428497314453e-01 4.479465782642364502e-01
2.614859962463378906e+01 -2.167170143127441406e+01 -9.331715703010559082e-01 -2.523176670074462891e-01 7.769171893596649170e-02 8.541032671928405762e-01 4.480976462364196777e-01
2.614976119995117188e+01 -2.166464042663574219e+01 -9.323503971099853516e-01 -2.541539072990417480e-01 7.464504987001419067e-02 8.525705337524414062e-01 4.504892528057098389e-01
2.615135192871093750e+01 -2.165672874450683594e+01 -9.317532181739807129e-01 -2.554769217967987061e-01 7.286836206912994385e-02 8.500403165817260742e-01 4.547912776470184326e-01
2.615332603454589844e+01 -2.164783287048339844e+01 -9.313697218894958496e-01 -2.563187777996063232e-01 7.224465161561965942e-02 8.466650843620300293e-01 4.606736600399017334e-01
2.615560913085937500e+01 -2.163793182373046875e+01 -9.311903119087219238e-01 -2.567021846771240234e-01 7.266440987586975098e-02 8.425924777984619141e-01 4.678043127059936523e-01
2.615813827514648438e+01 -2.162695503234863281e+01 -9.312118291854858398e-01 -2.566374540328979492e-01 7.401951402425765991e-02 8.379735350608825684e-01 4.758537709712982178e-01
2.616085052490234375e+01 -2.161484909057617188e+01 -9.314307570457458496e-01 -2.561291158199310303e-01 7.620394229888916016e-02 8.329644799232482910e-01 4.844975769519805908e-01
2.616369056701660156e+01 -2.160155487060546875e+01 -9.318454861640930176e-01 -2.551802992820739746e-01 7.911188155412673950e-02 8.277308344841003418e-01 4.934180378913879395e-01
2.616660881042480469e+01 -2.158700942993164062e+01 -9.324501752853393555e-01 -2.537970542907714844e-01 8.263900876045227051e-02 8.224471807479858398e-01 5.023071765899658203e-01
2.616955375671386719e+01 -2.157115364074707031e+01 -9.332423806190490723e-01 -2.519921958446502686e-01 8.667996525764465332e-02 8.172977566719055176e-01 5.108655691146850586e-01
2.617247772216796875e+01 -2.155390357971191406e+01 -9.342221617698669434e-01 -2.497879862785339355e-01 9.112977981567382812e-02 8.124749660491943359e-01 5.188040733337402344e-01
2.617538070678710938e+01 -2.153520011901855469e+01 -9.353128671646118164e-01 -2.472195476293563843e-01 9.588383883237838745e-02 8.081769943237304688e-01 5.258421897888183594e-01
2.617821121215820312e+01 -2.151495933532714844e+01 -9.365656375885009766e-01 -2.443363666534423828e-01 1.008370816707611084e-01 8.046051859855651855e-01 5.317071676254272461e-01
2.618093681335449219e+01 -2.149311447143554688e+01 -9.379717707633972168e-01 -2.412067204713821411e-01 1.058853417634963989e-01 8.019598126411437988e-01 5.361322164535522461e-01
2.618353271484375000e+01 -2.146958160400390625e+01 -9.395158886909484863e-01 -2.379097491502761841e-01 1.109189465641975403e-01 8.004376292228698730e-01 5.388551950454711914e-01
2.618597602844238281e+01 -2.144429397583007812e+01 -9.411808848381042480e-01 -2.345688790082931519e-01 1.158416718244552612e-01 8.002182245254516602e-01 5.396091341972351074e-01
2.618823814392089844e+01 -2.141717529296875000e+01 -9.429381489753723145e-01 -2.312312722206115723e-01 1.204880401492118835e-01 8.014894723892211914e-01 5.381439328193664551e-01
2.619028091430664062e+01 -2.138815307617187500e+01 -9.447646141052246094e-01 -2.283171266317367554e-01 1.249196082353591919e-01 8.043255209922790527e-01 5.341318249702453613e-01
2.619207763671875000e+01 -2.135721015930175781e+01 -9.465951323509216309e-01 -2.197900563478469849e-01 1.248997896909713745e-01 8.103665113449096680e-01 5.285534858703613281e-01
2.619357681274414062e+01 -2.132427597045898438e+01 -9.484410881996154785e-01 -2.106185406446456909e-01 1.238912343978881836e-01 8.181650042533874512e-01 5.204491615295410156e-01
2.619477653503417969e+01 -2.128946304321289062e+01 -9.502685666084289551e-01 -2.011687010526657104e-01 1.221816912293434143e-01 8.273483514785766602e-01 5.099694132804870605e-01
2.619567489624023438e+01 -2.125281333923339844e+01 -9.520407915115356445e-01 -1.914416700601577759e-01 1.198074370622634888e-01 8.376274704933166504e-01 4.973413646221160889e-01
2.619628143310546875e+01 -2.121455764770507812e+01 -9.537195563316345215e-01 -1.815396845340728760e-01 1.168729960918426514e-01 8.486939072608947754e-01 4.827786982059478760e-01
2.619660568237304688e+01 -2.117446327209472656e+01 -9.552932381629943848e-01 -1.715430915355682373e-01 1.134680509567260742e-01 8.602547645568847656e-01 4.665112197399139404e-01
2.619666481018066406e+01 -2.114054679870605469e+01 -9.562465548515319824e-01 -1.615445166826248169e-01 1.096899658441543579e-01 8.720322847366333008e-01 4.487810432910919189e-01
2.619648361206054688e+01 -2.111327362060546875e+01 -9.565365314483642578e-01 -1.516404896974563599e-01 1.056384518742561340e-01 8.837708830833435059e-01 4.298465549945831299e-01
2.619612693786621094e+01 -2.109263992309570312e+01 -9.561614394187927246e-01 -1.419343650341033936e-01 1.014173775911331177e-01 8.952409625053405762e-01 4.099824130535125732e-01
2.619565010070800781e+01 -2.107870101928710938e+01 -9.551188945770263672e-01 -1.325355321168899536e-01 9.713449329137802124e-02 9.062428474426269531e-01 3.894813060760498047e-01
2.619513130187988281e+01 -2.107176589965820312e+01 -9.533955454826354980e-01 -1.235587075352668762e-01 9.290054440498352051e-02 9.166095852851867676e-01 3.686495125293731689e-01
2.619467926025390625e+01 -2.106588554382324219e+01 -9.513804316520690918e-01 -1.151231676340103149e-01 8.882927894592285156e-02 9.262065887451171875e-01 3.478077650070190430e-01
2.619438743591308594e+01 -2.106083106994628906e+01 -9.491084814071655273e-01 -1.073525920510292053e-01 8.503697812557220459e-02 9.349330663681030273e-01 3.272882997989654541e-01
2.619436836242675781e+01 -2.105675315856933594e+01 -9.466002583503723145e-01 -1.003735512495040894e-01 8.164154738187789917e-02 9.427188038825988770e-01 3.074318468570709229e-01
2.619473648071289062e+01 -2.105362701416015625e+01 -9.438900351524353027e-01 -9.431514143943786621e-02 7.876234501600265503e-02 9.495226740837097168e-01 2.885847985744476318e-01
2.619562339782714844e+01 -2.105153465270996094e+01 -9.410081505775451660e-01 -8.930833637714385986e-02 7.651947438716888428e-02 9.553266167640686035e-01 2.710959911346435547e-01
2.619714164733886719e+01 -2.105041122436523438e+01 -9.379950165748596191e-01 -8.548468351364135742e-02 7.503360509872436523e-02 9.601300358772277832e-01 2.553153634071350098e-01
2.619942092895507812e+01 -2.105043792724609375e+01 -9.348759651184082031e-01 -8.297641575336456299e-02 7.442553341388702393e-02 9.639414548873901367e-01 2.415900677442550659e-01
2.620257568359375000e+01 -2.104735755920410156e+01 -9.319493174552917480e-01 -8.191544562578201294e-02 7.481613755226135254e-02 9.667697548866271973e-01 2.302632033824920654e-01
2.620673179626464844e+01 -2.104096984863281250e+01 -9.292541742324829102e-01 -8.243334293365478516e-02 7.632637768983840942e-02 9.686141014099121094e-01 2.216713130474090576e-01
