-4.452462308108806610e-03 9.506114125251770020e-01 -2.659993059933185577e-02
-1.222559995949268341e-02 8.749341368675231934e-01 -2.026373334228992462e-02
-1.868605241179466248e-02 7.982429862022399902e-01 -1.413363777101039886e-02
-2.487785741686820984e-02 7.207080721855163574e-01 -1.077817939221858978e-02
-2.933790348470211029e-02 6.425174474716186523e-01 -7.144206203520298004e-03
-3.240757063031196594e-02 5.638022422790527344e-01 -4.152395296841859818e-03
-3.403761610388755798e-02 4.849095046520233154e-01 -1.297907321713864803e-03
-3.409254550933837891e-02 4.051500260829925537e-01 1.320975716225802898e-03
-3.264339268207550049e-02 3.265325427055358887e-01 3.836630377918481827e-03
-3.003403171896934509e-02 2.447560131549835205e-01 6.318497471511363983e-03
-2.562353946268558502e-02 1.696425527334213257e-01 8.769383653998374939e-03
-2.072309702634811401e-02 7.720436900854110718e-02 1.280338596552610397e-02
-1.650399714708328247e-02 3.519588336348533630e-02 1.341917086392641068e-02
-1.252098754048347473e-02 5.754337459802627563e-02 1.025593001395463943e-02
-9.159882552921772003e-03 5.898337438702583313e-02 8.578523993492126465e-03
-6.215681321918964386e-03 7.014404982328414917e-02 6.467829924076795578e-03
-3.874931251630187035e-03 7.806990295648574829e-02 4.683435428887605667e-03
-2.205723430961370468e-03 8.816382288932800293e-02 2.864318434149026871e-03
-1.088763587176799774e-03 9.821029007434844971e-02 1.136707840487360954e-03
-5.695554427802562714e-04 1.091050282120704651e-01 -5.665222415700554848e-04
-5.219872109591960907e-04 1.205338239669799805e-01 -2.260918729007244110e-03
-9.016853291541337967e-04 1.326329410076141357e-01 -3.840605728328227997e-03
-1.806023530662059784e-03 1.454758048057556152e-01 -5.583827849477529526e-03
-2.827749587595462799e-03 1.591006666421890259e-01 -6.754828616976737976e-03
-4.064109642058610916e-03 1.734212934970855713e-01 -7.694349624216556549e-03
-5.769202485680580139e-03 1.885577440261840820e-01 -9.176396764814853668e-03
-7.625899743288755417e-03 2.044381052255630493e-01 -1.031428668648004532e-02
-9.729634970426559448e-03 2.212079912424087524e-01 -1.140128914266824722e-02
-1.196733303368091583e-02 2.385912239551544189e-01 -1.219301391392946243e-02
-1.457999646663665771e-02 2.570644319057464600e-01 -1.288448646664619446e-02
-1.740467548370361328e-02 2.754973471164703369e-01 -1.295134145766496658e-02
-2.064825035631656647e-02 2.952354550361633301e-01 -1.278916187584400177e-02
-2.416361682116985321e-02 3.135889768600463867e-01 -1.266169454902410507e-02
-2.755175717175006866e-02 3.339087367057800293e-01 -1.219445839524269104e-02
-3.087351843714714050e-02 3.461682498455047607e-01 -1.100613083690404892e-02
-3.411741182208061218e-02 3.744003474712371826e-01 -1.053534541279077530e-02
-3.715607523918151855e-02 3.554590046405792236e-01 -6.933561060577630997e-03
-3.998165577650070190e-02 2.766829729080200195e-01 5.348948761820793152e-04
-4.234876856207847595e-02 2.148706614971160889e-01 7.028541062027215958e-03
-4.403806477785110474e-02 1.491246819496154785e-01 1.379035227000713348e-02
-4.510315507650375366e-02 7.336275279521942139e-02 2.111000195145606995e-02
-4.517305269837379456e-02 3.016032464802265167e-02 2.627021633088588715e-02
-4.421621561050415039e-02 3.274465352296829224e-02 2.837892808020114899e-02
-4.219569265842437744e-02 1.873263344168663025e-02 3.125105798244476318e-02
-3.901894018054008484e-02 1.172940433025360107e-02 3.336778283119201660e-02
-3.458549082279205322e-02 -1.733477693051099777e-04 3.542113676667213440e-02
-2.890732884407043457e-02 -7.167427334934473038e-03 3.679114952683448792e-02
-2.200234308838844299e-02 -2.387187816202640533e-02 3.838142752647399902e-02
-1.377809792757034302e-02 -1.569430530071258545e-02 3.805629909038543701e-02
-4.417025018483400345e-03 2.466217242181301117e-02 3.542013838887214661e-02
6.231876090168952942e-03 5.390394106507301331e-02 3.318279236555099487e-02
