0.000000000000000000e+00 0.000000000000000000e+00 0.000000000000000000e+00 0.000000000000000000e+00 0.000000000000000000e+00 0.000000000000000000e+00 1.000000000000000000e+00
8.446860313415527344e-02 -5.493565928190946579e-03 3.406801074743270874e-02 -2.674453390474993211e-02 6.566821195348404583e-03 2.533238443610248691e-02 9.992996933174689289e-01
1.604562064159030799e-01 -1.297508606726970569e-02 6.778737604225845703e-02 -5.342551755593603208e-02 1.405645946595480457e-02 5.046755981969526517e-02 9.971966483231919920e-01
2.298560859916239929e-01 -1.632396731834178522e-02 9.762363849891528278e-02 -7.920248043813532535e-02 2.146096958573970315e-02 7.308069326434704638e-02 9.939444683426178484e-01
2.915604526384779072e-01 -2.040621603012690577e-02 1.251418230741928594e-01 -1.042687580025130067e-01 2.958208885264080462e-02 9.543337393453421580e-02 9.895177599534024093e-01
3.458848309199810678e-01 -2.341315124324419919e-02 1.497441706394497529e-01 -1.275029893972002282e-01 3.700766447525813407e-02 1.149358540263708123e-01 9.844608524081051026e-01
3.930123411450855420e-01 -2.650220609000346339e-02 1.707627476248550213e-01 -1.484108008110540111e-01 4.358123184873501782e-02 1.318771348739215810e-01 9.791237571066355727e-01
4.328487125142590486e-01 -2.796814582027016063e-02 1.885629717368884350e-01 -1.673224050607934610e-01 4.973298988913074647e-02 1.458579836891402970e-01 9.737840063769264143e-01
4.650131039336540817e-01 -2.835350631706522531e-02 2.038149731550071841e-01 -1.845014594189344215e-01 5.582492137357059764e-02 1.571589186730726340e-01 9.685782693760108808e-01
4.900877769326222877e-01 -2.817269651200080688e-02 2.153295556391963406e-01 -1.994816634265204613e-01 6.139142297916452828e-02 1.649127761843059703e-01 9.639719577831954433e-01
5.076954056750951905e-01 -2.822383588057899781e-02 2.239249189766369663e-01 -2.122579804646267942e-01 6.681058680294912899e-02 1.702171361997794896e-01 9.599526143326395644e-01
5.187006452173610338e-01 -2.888291961997746515e-02 2.285914825910162762e-01 -2.211180042557832626e-01 6.520713865677520149e-02 1.737695299345175526e-01 9.574231079979593773e-01
5.238575136865293302e-01 -2.741779121870823940e-02 2.307633262849522471e-01 -2.271778261640236551e-01 6.397322366354844803e-02 1.746018378924512060e-01 9.559350710995283551e-01
5.294992665693649680e-01 -2.607089014885729736e-02 2.335401802504610824e-01 -2.313744974648055397e-01 6.306379916690893483e-02 1.726013950282907772e-01 9.553520595004924010e-01
5.361127719813171266e-01 -2.492723030502487155e-02 2.364710701468919485e-01 -2.336491052999823681e-01 6.220742474085533269e-02 1.689363839272769452e-01 9.555097226534141619e-01
5.436686674365920346e-01 -2.486984458538774728e-02 2.395564897086535916e-01 -2.338708716570000734e-01 6.157978130014230000e-02 1.634634236489203307e-01 9.564476227449130175e-01
5.519710562234442230e-01 -2.488768710144939264e-02 2.431943391166356272e-01 -2.335070466412524082e-01 6.105016178044838510e-02 1.567273559913465175e-01 9.576971717612111634e-01
5.610148935569738704e-01 -2.658517279779110121e-02 2.469666711640883527e-01 -2.312772922381929885e-01 6.059156146711310031e-02 1.490104171265027033e-01 9.594974582362020277e-01
5.707746199981059698e-01 -2.700495676088907407e-02 2.516750844079731486e-01 -2.285870761032733900e-01 6.065752223879439936e-02 1.404939776504319782e-01 9.614208526334169225e-01
5.810572909269908770e-01 -2.855607581804477102e-02 2.571517370736892683e-01 -2.249833121253950186e-01 6.037664004618265023e-02 1.315201035563030307e-01 9.635557238490983778e-01
5.920262731613521456e-01 -3.115255270039096400e-02 2.629688810092716267e-01 -2.207930515438547014e-01 6.004436329704698760e-02 1.220848823552392604e-01 9.657848540573166218e-01
6.040896592609487081e-01 -3.334337571899674557e-02 2.689765744032010519e-01 -2.159574561810580773e-01 5.991613443887160856e-02 1.130304954224678193e-01 9.679858165584146468e-01
6.174488893222246366e-01 -3.639966240351248661e-02 2.741850717470333265e-01 -2.096384101187379889e-01 5.948935177693747550e-02 1.043094879359091065e-01 9.703773929531727127e-01
6.318899695186871446e-01 -3.775339054386629700e-02 2.802804509380822373e-01 -2.031223131772239565e-01 5.942111566934984990e-02 9.625372759392646083e-02 9.725973868083430673e-01
6.472898643079385561e-01 -4.054925272840581574e-02 2.866358603249149484e-01 -1.962229908379044541e-01 5.950389294850728927e-02 8.929875283304038180e-02 9.746699735464635639e-01
6.635712340687462962e-01 -4.388446411008823517e-02 2.938267647267598370e-01 -1.893346167149017878e-01 5.968140957361076776e-02 8.396986365084503634e-02 9.764935198265201066e-01
6.815584870301264475e-01 -4.504326645245072119e-02 3.009996722405793301e-01 -1.826638512948124959e-01 6.008331643321254689e-02 8.043788523903316889e-02 9.780356124062176137e-01
7.008305996112315084e-01 -4.751613754118373667e-02 3.083743729679262469e-01 -1.761517616919088536e-01 6.016810106211428061e-02 7.900490588655752211e-02 9.793408912698745583e-01
7.215047315203786393e-01 -4.936572060161584230e-02 3.163777898400324529e-01 -1.702654037166289880e-01 6.079910107471497155e-02 7.960672497880792731e-02 9.802937982787957027e-01
7.436457861624724552e-01 -5.146927889081664986e-02 3.248491600155819503e-01 -1.648756257788247526e-01 6.174348052026405048e-02 8.354872524545541024e-02 9.808279059789970500e-01
7.668906356992239992e-01 -5.266839582215761956e-02 3.350920253730031995e-01 -1.611145634691363848e-01 6.344431727930945064e-02 9.040959719213938206e-02 9.807359587466276674e-01
7.914161099556001888e-01 -5.441470493451570217e-02 3.464832074247757299e-01 -1.572580533147275861e-01 5.767292639590325398e-02 1.007815999256295725e-01 9.807072995267370752e-01
8.171856572775110239e-01 -5.577479172171633665e-02 3.593745613234070602e-01 -1.548252119859205300e-01 5.145226185696506749e-02 1.139004760214582107e-01 9.800043367482627055e-01
8.449877476564769951e-01 -5.595714725638582104e-02 3.719338956774813076e-01 -1.537197702177114378e-01 4.469335415000660200e-02 1.292395737945465917e-01 9.786060846451138939e-01
8.750308415713603516e-01 -5.503196908927118769e-02 3.833626428174232159e-01 -1.528771245632753739e-01 3.750985821889686600e-02 1.480236166869074443e-01 9.763762616044034948e-01
9.063538751420272543e-01 -5.438533900724622921e-02 3.955081369116498768e-01 -1.527497137713685060e-01 3.032472936835682933e-02 1.687339707254613963e-01 9.732814509969457406e-01
9.392231029910247386e-01 -5.510611786630738307e-02 4.083311376773176571e-01 -1.527613746304368469e-01 2.277151309519333602e-02 1.906253975651323318e-01 9.694366293964293835e-01
9.665812378959860451e-01 -5.533314007798079137e-02 4.187951858765612823e-01 -1.532025674922194991e-01 1.469957314674961817e-02 2.138508972266098263e-01 9.646661026585671150e-01
9.878504220200952091e-01 -5.446259351745172395e-02 4.275517658501966078e-01 -1.549266153550973857e-01 6.861914290334874406e-03 2.381150616344069881e-01 9.587762384465566834e-01
1.004311268956807668e+00 -5.350607574261877220e-02 4.321667745451844289e-01 -1.561443519660276613e-01 -7.563478838578318545e-04 2.621741880888891485e-01 9.523040818913460770e-01
1.015405397706165003e+00 -5.153245370075493215e-02 4.366462050630732228e-01 -1.582090040752917315e-01 -7.043012271618995061e-03 2.871777343386409109e-01 9.446953243812371559e-01
1.021819553378495282e+00 -4.479513501513338047e-02 4.391676429557128669e-01 -1.598521998907962705e-01 -1.332386056142465490e-02 3.097936635517015702e-01 9.371753490959030541e-01
1.030465209338985222e+00 -4.209823557190763704e-02 4.431228546985481742e-01 -1.609726163594276671e-01 -1.915749018349181126e-02 3.342081742560765178e-01 9.284533933443778198e-01
1.037404402488524058e+00 -3.606771324359316078e-02 4.476857248705780612e-01 -1.626455138061097538e-01 -2.313681559748855671e-02 3.574928325802210760e-01 9.193530329838067727e-01
1.043623975617889110e+00 -2.759017441752709826e-02 4.501434427922209602e-01 -1.633635248414064822e-01 -2.715634281891453339e-02 3.781326374955228387e-01 9.108186429014133445e-01
1.051706880116958454e+00 -2.022677344943282426e-02 4.535520758698203814e-01 -1.645090233112853628e-01 -3.039634657240160298e-02 3.986451831957875114e-01 9.017177281605449624e-01
1.056597173615818619e+00 -9.235402223777014474e-03 4.559147876717345449e-01 -1.652240744237259418e-01 -3.281034945932587155e-02 4.158321690844829499e-01 8.937047014275320000e-01
1.062546013704630976e+00 2.256560190001980631e-03 4.582532259617115300e-01 -1.659931363093755663e-01 -3.411906949688633256e-02 4.318020756402266014e-01 8.859058275390424564e-01
1.065863256885938970e+00 1.603433662101435425e-02 4.596070495184775284e-01 -1.669441292699576362e-01 -3.421269500708203071e-02 4.450198518215061072e-01 8.791566872221427964e-01
1.076875753782882805e+00 2.374827432822154694e-02 4.626497115483156897e-01 -1.676775137453537790e-01 -3.325788050772727350e-02 4.557188400460833178e-01 8.735550947681335332e-01
1.089789510644319837e+00 2.626874275086268570e-02 4.678999008272597404e-01 -1.685279604027273836e-01 -3.050549595350277726e-02 4.637399506785767067e-01 8.692600298091238686e-01
