8.756180107593536377e-02 4.702618811279535294e-03 2.523033134639263153e-02 -2.285285107791423798e-02 5.439147353172302246e-03 1.917561702430248260e-02 9.995401501655578613e-01
7.867423444986343384e-02 -5.005449522286653519e-03 2.742980420589447021e-02 -2.410498261451721191e-02 6.871211342513561249e-03 2.067154832184314728e-02 9.994720816612243652e-01
7.006356865167617798e-02 -7.264902815222740173e-03 2.749687060713768005e-02 -2.404657006263732910e-02 7.530792150646448135e-03 1.808935590088367462e-02 9.995188117027282715e-01
6.096134707331657410e-02 -1.309058163315057755e-02 2.633809670805931091e-02 -2.379986271262168884e-02 8.705087006092071533e-03 1.912075281143188477e-02 9.994959831237792969e-01
5.282383039593696594e-02 -1.387558970600366592e-02 2.413640171289443970e-02 -2.184498682618141174e-02 7.994580082595348358e-03 1.645269058644771576e-02 9.995940327644348145e-01
4.452208802103996277e-02 -1.624223403632640839e-02 2.064700238406658173e-02 -1.951907202601432800e-02 7.201610598713159561e-03 1.424273196607828140e-02 9.996820688247680664e-01
3.707350045442581177e-02 -1.506449934095144272e-02 1.745134964585304260e-02 -1.737914979457855225e-02 6.983506027609109879e-03 1.142944768071174622e-02 9.997592568397521973e-01
2.973056957125663757e-02 -1.298269815742969513e-02 1.465819869190454483e-02 -1.571015827357769012e-02 6.990944501012563705e-03 8.977051824331283569e-03 9.998118281364440918e-01
2.325542643666267395e-02 -1.033850386738777161e-02 1.066104881465435028e-02 -1.328596752136945724e-02 6.458878517150878906e-03 6.053258664906024933e-03 9.998725652694702148e-01
1.612057164311408997e-02 -7.980066351592540741e-03 7.768986281007528305e-03 -1.106540113687515259e-02 6.426754407584667206e-03 4.359919577836990356e-03 9.999086260795593262e-01
9.715700522065162659e-03 -5.676748696714639664e-03 4.087321925908327103e-03 -8.366731926798820496e-03 -6.007956108078360558e-04 1.306341844610869884e-03 9.999639391899108887e-01
5.118302535265684128e-03 8.414951298618689179e-05 2.693081507459282875e-03 -5.639023613184690475e-03 -1.276526163564994931e-04 -8.652789983898401260e-04 9.999837279319763184e-01
5.549247376620769501e-03 6.175071466714143753e-04 3.190449438989162445e-03 -3.214970463886857033e-03 3.124453069176524878e-04 -3.695951309055089951e-03 9.999879598617553711e-01
6.456257309764623642e-03 -2.641720930114388466e-04 3.447242313995957375e-03 -1.392754609696567059e-03 4.405857180245220661e-04 -4.943551495671272278e-03 9.999867081642150879e-01
6.645953282713890076e-03 2.041801111772656441e-03 4.275162704288959503e-03 7.384269265457987785e-04 5.395800108090043068e-04 -7.259123027324676514e-03 9.999732375144958496e-01
7.881851866841316223e-03 -2.318990882486104965e-03 3.829182824119925499e-03 1.570213586091995239e-03 7.774154655635356903e-04 -8.069172501564025879e-03 9.999659061431884766e-01
8.249817416071891785e-03 -4.696186631917953491e-03 2.964676357805728912e-03 3.416057443246245384e-03 8.722747443243861198e-04 -8.714292198419570923e-03 9.999558329582214355e-01
9.122603572905063629e-03 -3.578214440494775772e-03 4.644578788429498672e-03 3.985080402344465256e-03 1.437927247025072575e-03 -9.562713094055652618e-03 9.999452829360961914e-01
8.987623266875743866e-03 -5.561401601880788803e-03 5.140666384249925613e-03 4.825417418032884598e-03 1.386228832416236401e-03 -9.641786105930805206e-03 9.999409317970275879e-01
9.263422340154647827e-03 -7.249107584357261658e-03 4.747512284666299820e-03 5.170965567231178284e-03 1.318511203862726688e-03 -9.696953929960727692e-03 9.999387264251708984e-01
1.077350322157144547e-02 -6.593568250536918640e-03 5.183998961001634598e-03 5.772127304226160049e-03 1.265568425878882408e-03 -9.285862557590007782e-03 9.999394416809082031e-01
1.194554846733808517e-02 -7.322050165385007858e-03 4.316229838877916336e-03 7.116632070392370224e-03 6.681059603579342365e-04 -8.892430923879146576e-03 9.999349117279052734e-01
1.331348717212677002e-02 -5.540549755096435547e-03 6.291611585766077042e-03 7.387457881122827530e-03 9.802007116377353668e-04 -8.163087069988250732e-03 9.999389052391052246e-01
1.384287700057029724e-02 -8.072266355156898499e-03 5.345853976905345917e-03 7.826878689229488373e-03 5.504357395693659782e-04 -7.028993684798479080e-03 9.999445080757141113e-01
1.450067013502120972e-02 -9.055009111762046814e-03 5.971028003841638565e-03 7.572995498776435852e-03 5.686019430868327618e-04 -5.453923251479864120e-03 9.999563097953796387e-01
1.700942218303680420e-02 -5.965775810182094574e-03 7.171041797846555710e-03 7.480558473616838455e-03 5.351787549443542957e-04 -4.082562401890754700e-03 9.999635219573974609e-01
1.776490919291973114e-02 -8.639801293611526489e-03 6.455811671912670135e-03 6.966178771108388901e-03 -1.474348100600764155e-04 -1.803531777113676071e-03 9.999740719795227051e-01
1.929607056081295013e-02 -7.908791303634643555e-03 7.746481802314519882e-03 6.143365055322647095e-03 2.405455888947471976e-04 6.369244511006399989e-05 9.999811053276062012e-01
2.074327692389488220e-02 -8.590886369347572327e-03 7.894844748079776764e-03 5.391808692365884781e-03 2.281173947267234325e-04 3.209638176485896111e-03 9.999802708625793457e-01
2.156873792409896851e-02 -8.462157100439071655e-03 1.048135198652744293e-02 3.311787731945514679e-03 1.074510277248919010e-03 5.992715712636709213e-03 9.999759793281555176e-01
2.236719988286495209e-02 -1.119789108633995056e-02 1.042224187403917313e-02 2.385984174907207489e-03 -6.524175405502319336e-03 8.055574260652065277e-03 9.999434351921081543e-01
2.324898168444633484e-02 -1.208190992474555969e-02 1.206725556403398514e-02 6.968805682845413685e-04 -6.902924738824367523e-03 1.054388284683227539e-02 9.999203681945800781e-01
2.559523098170757294e-02 -1.239786576479673386e-02 1.104099303483963013e-02 -7.768099312670528889e-04 -7.557388395071029663e-03 1.233778055757284164e-02 9.998950362205505371e-01
2.835395187139511108e-02 -1.132657472044229507e-02 1.009068079292774200e-02 -1.523009967058897018e-03 -8.654068224132061005e-03 1.505720801651477814e-02 9.998480081558227539e-01
2.921831607818603516e-02 -1.359544228762388229e-02 9.514061734080314636e-03 -2.245084382593631744e-03 -8.903630077838897705e-03 1.706674322485923767e-02 9.998121857643127441e-01
2.983639761805534363e-02 -1.659011468291282654e-02 8.938268758356571198e-03 -2.328344853594899178e-03 -9.307172149419784546e-03 1.842121221125125885e-02 9.997842907905578613e-01
2.441111952066421509e-02 -1.458812505006790161e-02 7.021346595138311386e-03 -2.935041906312108040e-03 -9.671256877481937408e-03 1.956734992563724518e-02 9.997574687004089355e-01
1.896074600517749786e-02 -1.148776430636644363e-02 6.191539578139781952e-03 -4.459841642528772354e-03 -9.014576673507690430e-03 2.043962292373180389e-02 9.997404813766479492e-01
1.492010895162820816e-02 -8.337333798408508301e-03 1.025642268359661102e-03 -3.059970214962959290e-03 -9.958322159945964813e-03 1.963134668767452240e-02 9.997529983520507812e-01
1.192418299615383148e-02 1.828168402425944805e-03 1.229561516083776951e-03 -2.559080952778458595e-03 -8.894577622413635254e-03 1.650344021618366241e-02 9.998209476470947266e-01
9.171466343104839325e-03 2.154545392841100693e-03 2.032885560765862465e-03 -3.250502282753586769e-03 -8.319342508912086487e-03 1.831470616161823273e-02 9.997923970222473145e-01
8.902286179363727570e-03 -4.191079176962375641e-03 9.211366996169090271e-04 -3.200643695890903473e-03 -8.266175165772438049e-03 2.052237465977668762e-02 9.997500777244567871e-01
9.468475356698036194e-03 -1.660485402680933475e-03 3.595852293074131012e-03 -2.946749795228242874e-03 -6.012882571667432785e-03 2.039430849254131317e-02 9.997695684432983398e-01
1.074259635061025620e-02 7.476393366232514381e-04 7.935917237773537636e-04 -2.488499041646718979e-03 -6.425024941563606262e-03 1.830485463142395020e-02 9.998087286949157715e-01
1.137820538133382797e-02 -1.306560006923973560e-03 3.431124059716239572e-05 -2.572061959654092789e-03 -5.741942208260297775e-03 1.846939511597156525e-02 9.998096227645874023e-01
1.192808151245117188e-02 2.750319195911288261e-03 -6.813418585807085037e-04 -1.992062665522098541e-03 -4.875022452324628830e-03 1.587573066353797913e-02 9.998601078987121582e-01
1.314076874405145645e-02 4.105571715626865625e-04 2.717478782869875431e-04 -1.552559901028871536e-03 -3.365261480212211609e-03 1.524184830486774445e-02 9.998769760131835938e-01
1.136701274663209915e-02 5.826483480632305145e-03 -6.285472773015499115e-03 -1.218803925439715385e-03 -2.604390261694788933e-03 1.284026168286800385e-02 9.999134540557861328e-01
1.233911141753196716e-02 -5.899016279727220535e-03 -1.727903843857347965e-03 -6.033939425833523273e-04 -8.876076317392289639e-04 1.073869131505489349e-02 9.999417662620544434e-01
9.281518869102001190e-03 -1.066368538886308670e-02 9.064173791557550430e-04 3.381386923138052225e-04 1.461630570702254772e-03 8.287721313536167145e-03 9.999645352363586426e-01
1.667840331792831421e-01 -4.610758740454912186e-03 5.183148384094238281e-02 -4.044099152088165283e-02 1.072740275412797928e-02 3.121817670762538910e-02 9.986364841461181641e-01
1.473460942506790161e-01 -1.261183712631464005e-02 5.863286182284355164e-02 -3.906411677598953247e-02 1.482696179300546646e-02 2.740523405373096466e-02 9.987507462501525879e-01
1.297359466552734375e-01 -4.117024317383766174e-02 4.481846466660499573e-02 -4.007488116621971130e-02 1.327971741557121277e-02 3.555354103446006775e-02 9.984756112098693848e-01
1.140110567212104797e-01 -3.821078687906265259e-02 4.208551347255706787e-02 -4.090358316898345947e-02 1.353131327778100967e-02 3.388030081987380981e-02 9.984968304634094238e-01
9.869589656591415405e-02 -3.431091830134391785e-02 3.863770887255668640e-02 -3.816476836800575256e-02 1.414411514997482300e-02 3.093824535608291626e-02 9.986922740936279297e-01
8.353678882122039795e-02 -2.675922028720378876e-02 3.737644478678703308e-02 -3.581913188099861145e-02 1.411536149680614471e-02 2.486128918826580048e-02 9.989492893218994141e-01
7.004881650209426880e-02 -1.960809528827667236e-02 3.145562112331390381e-02 -3.159960359334945679e-02 1.494081597775220871e-02 1.952282898128032684e-02 9.991981983184814453e-01
5.685674399137496948e-02 -1.298830192536115646e-02 2.429765090346336365e-02 -2.672532200813293457e-02 1.413246337324380875e-02 1.210724283009767532e-02 9.994695782661437988e-01
4.255684465169906616e-02 -1.157405693084001541e-02 1.668635196983814240e-02 -2.301323227584362030e-02 1.203024107962846756e-02 8.142054080963134766e-03 9.996296167373657227e-01
2.737192995846271515e-02 -9.174921549856662750e-03 1.244610082358121872e-02 -1.892446167767047882e-02 6.031955592334270477e-03 4.758715629577636719e-03 9.997913837432861328e-01
1.472391188144683838e-02 -4.753351211547851562e-03 6.715574767440557480e-03 -1.462930813431739807e-02 -3.632484585978090763e-04 -2.251260157208889723e-04 9.998928904533386230e-01
1.085140276700258255e-02 -2.597129787318408489e-04 5.574168171733617783e-03 -8.753518573939800262e-03 -9.109923121286556125e-05 -5.300591699779033661e-03 9.999476075172424316e-01
1.176482532173395157e-02 -1.738881255732849240e-04 7.100803311914205551e-03 -5.090351216495037079e-03 6.698045763187110424e-04 -9.027753956615924835e-03 9.999460577964782715e-01
1.339211594313383102e-02 -2.765215002000331879e-03 7.253235671669244766e-03 -1.509088440798223019e-03 8.775538299232721329e-04 -1.210586540400981903e-02 9.999251961708068848e-01
1.505899894982576370e-02 -3.289828076958656311e-03 7.676666136831045151e-03 1.660377718508243561e-03 1.007004757411777973e-03 -1.506706792861223221e-02 9.998846054077148438e-01
1.636418513953685760e-02 -6.933575030416250229e-03 6.730622146278619766e-03 5.158197600394487381e-03 1.504001789726316929e-03 -1.730893179774284363e-02 9.998357295989990234e-01
1.742236688733100891e-02 -8.698311634361743927e-03 7.263917941600084305e-03 7.246978580951690674e-03 2.206565579399466515e-03 -1.828775927424430847e-02 9.998040795326232910e-01
1.778834685683250427e-02 -1.080270763486623764e-02 8.789598010480403900e-03 9.437886066734790802e-03 2.555099548771977425e-03 -1.916850730776786804e-02 9.997684359550476074e-01
1.891961134970188141e-02 -1.196459587663412094e-02 9.787591174244880676e-03 1.065030880272388458e-02 2.564470283687114716e-03 -2.002834156155586243e-02 9.997394084930419922e-01
2.101872302591800690e-02 -1.255896035581827164e-02 9.687212295830249786e-03 1.193762943148612976e-02 2.433804562315344810e-03 -2.026627399027347565e-02 9.997203946113586426e-01
2.202246151864528656e-02 -1.380958687514066696e-02 1.120796333998441696e-02 1.304127927869558334e-02 2.142171375453472137e-03 -1.897469162940979004e-02 9.997326135635375977e-01
2.462786622345447540e-02 -1.236943528056144714e-02 1.279899571090936661e-02 1.377003546804189682e-02 2.181577496230602264e-03 -1.748964190483093262e-02 9.997498393058776855e-01
2.703392319381237030e-02 -1.340709347277879715e-02 1.238704472780227661e-02 1.453144848346710205e-02 1.707827090285718441e-03 -1.511554233729839325e-02 9.997786879539489746e-01
2.906584367156028748e-02 -1.585650071501731873e-02 1.132829580456018448e-02 1.497672218829393387e-02 1.271433429792523384e-03 -1.225181482732295990e-02 9.998119473457336426e-01
3.236205503344535828e-02 -1.283496245741844177e-02 1.393778435885906219e-02 1.418376807123422623e-02 1.101516420021653175e-03 -9.621699340641498566e-03 9.998524785041809082e-01
3.534455597400665283e-02 -1.206762995570898056e-02 1.480417698621749878e-02 1.387159433215856552e-02 9.789186296984553337e-04 -5.921045783907175064e-03 9.998857975006103516e-01
3.713813424110412598e-02 -1.600568182766437531e-02 1.467952597886323929e-02 1.315758936107158661e-02 -8.381319639738649130e-05 -2.066144952550530434e-03 9.999113082885742188e-01
4.043119028210639954e-02 -1.374927908182144165e-02 1.720177568495273590e-02 1.128168962895870209e-02 1.577935414388775826e-03 2.575002610683441162e-03 9.999318122863769531e-01
4.298251122236251831e-02 -1.346400100737810135e-02 1.985299959778785706e-02 9.064536541700363159e-03 1.480333274230360985e-03 7.849477231502532959e-03 9.999269843101501465e-01
4.422746226191520691e-02 -1.912126690149307251e-02 2.090244926512241364e-02 5.921243689954280853e-03 -5.711784586310386658e-03 1.294497121125459671e-02 9.998823404312133789e-01
4.732700064778327942e-02 -2.339129336178302765e-02 1.849707774817943573e-02 3.170439274981617928e-03 -1.372099947184324265e-02 1.684054173529148102e-02 9.997590184211730957e-01
4.909362271428108215e-02 -2.759760804474353790e-02 1.872340030968189240e-02 7.933872984722256660e-04 -1.485019177198410034e-02 2.168007008731365204e-02 9.996543526649475098e-01
5.367674306035041809e-02 -2.708673104643821716e-02 1.764963939785957336e-02 -1.217549317516386509e-03 -1.652581058442592621e-02 2.592228911817073822e-02 9.995266199111938477e-01
5.655043944716453552e-02 -2.858856879174709320e-02 1.756554655730724335e-02 -2.118329517543315887e-03 -1.665941998362541199e-02 2.928225509822368622e-02 9.994301199913024902e-01
5.896130576729774475e-02 -3.154592216014862061e-02 1.655249670147895813e-02 -2.695473143830895424e-03 -1.761315204203128815e-02 3.147240728139877319e-02 9.993457794189453125e-01
5.378331616520881653e-02 -3.171341866254806519e-02 1.640257053077220917e-02 -4.101466387510299683e-03 -1.749297045171260834e-02 3.298494592308998108e-02 9.992943406105041504e-01
4.245355352759361267e-02 -2.728316746652126312e-02 1.355294138193130493e-02 -7.011606357991695404e-03 -1.787509769201278687e-02 3.667040914297103882e-02 9.991429448127746582e-01
3.303759917616844177e-02 -2.147441357374191284e-02 6.937556434422731400e-03 -6.143881008028984070e-03 -1.864714920520782471e-02 3.761101514101028442e-02 9.990995526313781738e-01
2.193502150475978851e-02 1.879816688597202301e-02 -3.556825395207852125e-04 -4.357165191322565079e-03 -1.995889469981193542e-02 1.996399275958538055e-02 9.995919466018676758e-01
1.987946592271327972e-02 4.096219316124916077e-03 4.224776756018400192e-03 -4.934714641422033310e-03 -1.655346155166625977e-02 3.257028013467788696e-02 9.993201494216918945e-01
1.824949868023395538e-02 -1.173471682704985142e-03 6.738048046827316284e-03 -5.882420577108860016e-03 -1.435954403132200241e-02 3.903450444340705872e-02 9.991173744201660156e-01
1.992651633918285370e-02 7.438653847202658653e-04 2.748474013060331345e-03 -5.524519830942153931e-03 -1.552375499159097672e-02 3.647428378462791443e-02 9.991987347602844238e-01
1.926628686487674713e-02 3.378249704837799072e-03 7.753388024866580963e-03 -5.181464366614818573e-03 -1.126426365226507187e-02 3.592497482895851135e-02 9.992775917053222656e-01
2.051055990159511566e-02 8.448010310530662537e-03 -1.523511833511292934e-03 -5.655188113451004028e-03 -1.315608154982328415e-02 3.314752504229545593e-02 9.993478655815124512e-01
2.355753816664218903e-02 2.426865277811884880e-03 8.401707164011895657e-04 -4.663923289626836777e-03 -1.057067513465881348e-02 3.237932175397872925e-02 9.994088411331176758e-01
2.250948548316955566e-02 1.173515152186155319e-02 -8.292498532682657242e-04 -3.578935749828815460e-03 -8.417063392698764801e-03 2.899164520204067230e-02 9.995378255844116211e-01
2.701584249734878540e-02 3.548696171492338181e-03 2.602086635306477547e-03 -2.529124496504664421e-03 -4.653896670788526535e-03 2.694448269903659821e-02 9.996228814125061035e-01
2.779548987746238708e-02 9.710382437333464622e-04 1.190451905131340027e-03 -1.332437968812882900e-03 -2.240026835352182388e-03 2.115716785192489624e-02 9.997727870941162109e-01
2.094180695712566376e-02 -1.802577823400497437e-02 2.439871197566390038e-03 2.528864388295914978e-05 1.815329655073583126e-03 1.932124421000480652e-02 9.998116493225097656e-01
