8.369317650794982910e-02 -9.892388246953487396e-03 3.497635573148727417e-02 -2.514379471540451050e-02 6.589688360691070557e-03 2.522230148315429688e-02 9.993438720703125000e-01
7.524330168962478638e-02 -1.424601487815380096e-02 3.320514410734176636e-02 -2.463784068822860718e-02 7.028732448816299438e-03 2.425297722220420837e-02 9.993774890899658203e-01
6.710976362228393555e-02 -1.677248068153858185e-02 3.054053150117397308e-02 -2.411028742790222168e-02 7.223951630294322968e-03 2.183421701192855835e-02 9.994447231292724609e-01
5.861383676528930664e-02 -1.868763007223606110e-02 2.822294086217880249e-02 -2.322833985090255737e-02 7.412216626107692719e-03 2.077049016952514648e-02 9.994869232177734375e-01
5.041494593024253845e-02 -1.921987347304821014e-02 2.558093704283237457e-02 -2.213944308459758759e-02 7.195746526122093201e-03 1.854129135608673096e-02 9.995570182800292969e-01
4.243959486484527588e-02 -1.926410198211669922e-02 2.236291021108627319e-02 -2.064502052962779999e-02 6.835096515715122223e-03 1.657267846167087555e-02 9.996261596679687500e-01
3.495591506361961365e-02 -1.754897274076938629e-02 1.939204335212707520e-02 -1.888696476817131042e-02 6.742918398231267929e-03 1.423556730151176453e-02 9.996975660324096680e-01
2.725389413535594940e-02 -1.583611965179443359e-02 1.654577068984508514e-02 -1.709665358066558838e-02 6.751099135726690292e-03 1.209912076592445374e-02 9.997578263282775879e-01
2.016647532582283020e-02 -1.317629031836986542e-02 1.345571130514144897e-02 -1.499319635331630707e-02 6.511116400361061096e-03 9.146716445684432983e-03 9.998245835304260254e-01
1.327923405915498734e-02 -9.923813864588737488e-03 1.044467929750680923e-02 -1.254527363926172256e-02 6.660989485681056976e-03 6.732783745974302292e-03 9.998764395713806152e-01
7.406066637486219406e-03 -6.335816811770200729e-03 6.952275522053241730e-03 -9.673997759819030762e-03 -2.884596178773790598e-04 3.352303756400942802e-03 9.999475479125976562e-01
2.541922032833099365e-03 -2.168993232771754265e-03 4.721323493868112564e-03 -6.861877627670764923e-03 -4.331103991717100143e-04 7.100604125298559666e-04 9.999760985374450684e-01
2.601096639409661293e-03 -3.116301260888576508e-03 4.987724591046571732e-03 -4.758866969496011734e-03 1.282930898014456034e-04 -1.739486702717840672e-03 9.999871850013732910e-01
3.632262349128723145e-03 -3.952526953071355820e-03 4.982040263712406158e-03 -2.652125200256705284e-03 3.328733728267252445e-04 -3.485017921775579453e-03 9.999903440475463867e-01
3.974001854658126831e-03 -5.090870428830385208e-03 4.990492481738328934e-03 -1.135596030508168042e-04 5.691096303053200245e-04 -5.360207054764032364e-03 9.999854564666748047e-01
4.521305672824382782e-03 -5.641533061861991882e-03 5.467616487294435501e-03 6.689078873023390770e-04 9.700706577859818935e-04 -6.513260304927825928e-03 9.999780654907226562e-01
4.664353560656309128e-03 -7.120441179722547531e-03 5.142573732882738113e-03 2.695804461836814880e-03 9.840623242780566216e-04 -7.501447107642889023e-03 9.999677538871765137e-01
6.037671584635972977e-03 -6.567818112671375275e-03 6.165057420730590820e-03 3.469667630270123482e-03 1.440024352632462978e-03 -8.346019312739372253e-03 9.999580979347229004e-01
5.675178952515125275e-03 -7.700472138822078705e-03 6.828476209193468094e-03 4.525484982877969742e-03 1.075865002349019051e-03 -9.073250927031040192e-03 9.999480247497558594e-01
6.215187255293130875e-03 -8.395295590162277222e-03 7.196518126875162125e-03 5.310027860105037689e-03 1.220888341777026653e-03 -9.339545853435993195e-03 9.999415278434753418e-01
7.547748740762472153e-03 -8.425508625805377960e-03 7.645892444998025894e-03 5.869408603757619858e-03 1.222535152919590473e-03 -8.988518267869949341e-03 9.999416470527648926e-01
8.470600470900535583e-03 -9.291646070778369904e-03 7.540066726505756378e-03 7.160234265029430389e-03 9.657298796810209751e-04 -8.567469194531440735e-03 9.999371767044067383e-01
1.022828277200460434e-02 -8.349096402525901794e-03 8.556043729186058044e-03 7.253413554280996323e-03 9.351478656753897667e-04 -7.737466599792242050e-03 9.999433159828186035e-01
1.098829600960016251e-02 -9.223652072250843048e-03 8.918882347643375397e-03 7.560809608548879623e-03 6.454833783209323883e-04 -6.640806794166564941e-03 9.999491572380065918e-01
1.199294533580541611e-02 -9.672312997281551361e-03 9.514801204204559326e-03 7.537330966442823410e-03 5.270790425129234791e-04 -5.292684305459260941e-03 9.999574422836303711e-01
1.372810080647468567e-02 -9.152201004326343536e-03 1.020349282771348953e-02 7.132440339773893356e-03 3.490568778943270445e-04 -3.468746086582541466e-03 9.999684691429138184e-01
1.496231369674205780e-02 -9.506098926067352295e-03 1.084798946976661682e-02 6.688437424600124359e-03 5.907770537305623293e-05 -1.471575698815286160e-03 9.999765753746032715e-01
1.625546254217624664e-02 -9.692640975117683411e-03 1.169221848249435425e-02 6.024587899446487427e-03 -7.323519821511581540e-05 5.728697869926691055e-04 9.999817013740539551e-01
1.756829395890235901e-02 -1.008768193423748016e-02 1.249036286026239395e-02 5.229165311902761459e-03 -1.694423408480361104e-04 3.592352382838726044e-03 9.999798536300659180e-01
1.893631741404533386e-02 -1.034193206578493118e-02 1.345874182879924774e-02 3.749766154214739799e-03 -2.016135404119268060e-04 6.154028698801994324e-03 9.999740123748779297e-01
1.973778009414672852e-02 -1.119455508887767792e-02 1.481247879564762115e-02 2.763997996225953102e-03 -7.715454790741205215e-03 8.789058774709701538e-03 9.999278187751770020e-01
2.087507396936416626e-02 -1.203932985663414001e-02 1.585535146296024323e-02 1.420763321220874786e-03 -8.788799867033958435e-03 1.147449947893619537e-02 9.998945593833923340e-01
2.271260507404804230e-02 -1.246779225766658783e-02 1.610646396875381470e-02 -1.330746454186737537e-05 -9.521513245999813080e-03 1.370438840240240097e-02 9.998607635498046875e-01
2.438586205244064331e-02 -1.305374689400196075e-02 1.640088669955730438e-02 -6.962725892663002014e-04 -9.999320842325687408e-03 1.639288477599620819e-02 9.998154044151306152e-01
2.539126574993133545e-02 -1.408550050109624863e-02 1.690993085503578186e-02 -1.539475983008742332e-03 -1.024703960865736008e-02 1.851290836930274963e-02 9.997749328613281250e-01
2.584498934447765350e-02 -1.703260838985443115e-02 1.694880053400993347e-02 -2.124711405485868454e-03 -1.064113061875104904e-02 2.000933699309825897e-02 9.997408986091613770e-01
2.083653397858142853e-02 -1.458652783185243607e-02 1.452884823083877563e-02 -2.722115954384207726e-03 -1.093262527137994766e-02 2.131715044379234314e-02 9.997093081474304199e-01
1.627492904663085938e-02 -1.068883109837770462e-02 1.227555796504020691e-02 -4.027893301099538803e-03 -1.056289579719305038e-02 2.231940627098083496e-02 9.996869564056396484e-01
1.230493281036615372e-02 -8.553584106266498566e-03 8.282363414764404297e-03 -4.014886915683746338e-03 -1.034822128713130951e-02 2.310436777770519257e-02 9.996714591979980469e-01
7.235184311866760254e-03 -3.803505329415202141e-03 8.956875652074813843e-03 -4.521867260336875916e-03 -9.149224497377872467e-03 2.321235835552215576e-02 9.996784925460815430e-01
5.776904057711362839e-03 1.059217844158411026e-03 7.641722448170185089e-03 -4.156123381108045578e-03 -9.217772632837295532e-03 2.238570712506771088e-02 9.996982812881469727e-01
5.480236373841762543e-03 -1.273487461730837822e-03 8.124627172946929932e-03 -3.849539905786514282e-03 -9.000342339277267456e-03 2.315393835306167603e-02 9.996839761734008789e-01
6.114754360169172287e-03 -1.371794496662914753e-04 8.241986855864524841e-03 -3.879113355651497841e-03 -7.681540213525295258e-03 2.241852134466171265e-02 9.997116327285766602e-01
7.180723361670970917e-03 1.639965455979108810e-03 7.895559072494506836e-03 -3.206957364454865456e-03 -6.942213047295808792e-03 2.123580873012542725e-02 9.997452497482299805e-01
7.938503287732601166e-03 5.829442525282502174e-04 8.234812878072261810e-03 -3.243072889745235443e-03 -5.807521287351846695e-03 2.014544792473316193e-02 9.997749328613281250e-01
8.204176090657711029e-03 2.891096519306302071e-03 8.639482781291007996e-03 -2.557575935497879982e-03 -4.838583525270223618e-03 1.833060011267662048e-02 9.998170137405395508e-01
1.005220320075750351e-02 3.574473550543189049e-03 7.687556557357311249e-03 -2.057855250313878059e-03 -3.720654407516121864e-03 1.688721403479576111e-02 9.998483657836914062e-01
8.717140182852745056e-03 4.391720052808523178e-03 1.036283466964960098e-02 -1.378354849293828011e-03 -1.945559866726398468e-03 1.431357581168413162e-02 9.998947381973266602e-01
1.118610985577106476e-02 9.874983225017786026e-04 7.995843887329101562e-03 -4.424022044986486435e-04 -5.369170685298740864e-04 1.073148474097251892e-02 9.999421834945678711e-01
7.090537343174219131e-03 -8.675467222929000854e-03 8.668502792716026306e-03 2.466509467922151089e-04 1.188325113616883755e-03 8.416818454861640930e-03 9.999638199806213379e-01
1.600421071052551270e-01 -1.852723024785518646e-02 6.758648157119750977e-02 -5.023609846830368042e-02 1.413697563111782074e-02 4.852797836065292358e-02 9.974575042724609375e-01
1.434372961521148682e-01 -2.616636827588081360e-02 6.363028287887573242e-02 -4.891928285360336304e-02 1.665208302438259125e-02 4.531771689653396606e-02 9.976351857185363770e-01
1.270444244146347046e-01 -3.125797957181930542e-02 5.846152827143669128e-02 -4.719747230410575867e-02 1.436180621385574341e-02 4.303181171417236328e-02 9.978548884391784668e-01
1.105657294392585754e-01 -3.432241454720497131e-02 5.316921323537826538e-02 -4.551350697875022888e-02 1.428088825196027756e-02 3.901520371437072754e-02 9.980993866920471191e-01
9.429941326379776001e-02 -3.561354801058769226e-02 4.743719100952148438e-02 -4.245883598923683167e-02 1.442084927111864090e-02 3.526794165372848511e-02 9.983714222908020020e-01
7.804291695356369019e-02 -3.497191891074180603e-02 4.216296598315238953e-02 -3.966687619686126709e-02 1.370222866535186768e-02 3.064124286174774170e-02 9.986490607261657715e-01
6.388752162456512451e-02 -3.067640215158462524e-02 3.546987846493721008e-02 -3.577232733368873596e-02 1.368200406432151794e-02 2.637938223779201508e-02 9.989180564880371094e-01
4.994034022092819214e-02 -2.485835179686546326e-02 2.966119907796382904e-02 -3.127749636769294739e-02 1.366064511239528656e-02 2.065101079642772675e-02 9.992039799690246582e-01
3.574498370289802551e-02 -2.024850994348526001e-02 2.314676903188228607e-02 -2.715705148875713348e-02 1.263285893946886063e-02 1.567868702113628387e-02 9.994283914566040039e-01
2.250414155423641205e-02 -1.450963877141475677e-02 1.647243276238441467e-02 -2.194486744701862335e-02 6.144930142909288406e-03 1.015346217900514603e-02 9.996887445449829102e-01
1.084005553275346756e-02 -8.591526187956333160e-03 9.652239270508289337e-03 -1.672429591417312622e-02 -2.753951121121644974e-04 3.891874104738235474e-03 9.998525381088256836e-01
7.057988084852695465e-03 -5.473964847624301910e-03 8.313378319144248962e-03 -1.127600017935037613e-02 -2.145816542906686664e-04 -2.030852250754833221e-03 9.999343156814575195e-01
7.256039883941411972e-03 -7.009899243712425232e-03 9.331343695521354675e-03 -7.520034909248352051e-03 5.146981566213071346e-04 -5.558588076382875443e-03 9.999561309814453125e-01
8.277859538793563843e-03 -8.861386217176914215e-03 9.620678611099720001e-03 -2.982114907354116440e-03 1.128132920712232590e-03 -9.399178437888622284e-03 9.999507665634155273e-01
9.904856793582439423e-03 -1.014414336532354355e-02 9.773320518434047699e-03 -7.660825940547510982e-05 1.422766130417585373e-03 -1.225586328655481339e-02 9.999238848686218262e-01
1.061064563691616058e-02 -1.221380010247230530e-02 9.969933889806270599e-03 3.309051971882581711e-03 1.792321796528995037e-03 -1.475278846919536591e-02 9.998840689659118652e-01
1.147090643644332886e-02 -1.377328857779502869e-02 1.052039861679077148e-02 5.914003588259220123e-03 2.155172405764460564e-03 -1.639374159276485443e-02 9.998458027839660645e-01
1.229490712285041809e-02 -1.479453127831220627e-02 1.184642966836690903e-02 8.506276644766330719e-03 2.379506593570113182e-03 -1.750335283577442169e-02 9.998077750205993652e-01
1.372218318283557892e-02 -1.565497554838657379e-02 1.278763823211193085e-02 1.032468862831592560e-02 2.426909049972891808e-03 -1.840182393789291382e-02 9.997743964195251465e-01
1.572496443986892700e-02 -1.656753383576869965e-02 1.309956237673759460e-02 1.196856144815683365e-02 2.423594472929835320e-03 -1.837179809808731079e-02 9.997566342353820801e-01
1.642112806439399719e-02 -1.817644387483596802e-02 1.418715249747037888e-02 1.329157222062349319e-02 2.112360205501317978e-03 -1.750771515071392059e-02 9.997561573982238770e-01
1.921600662171840668e-02 -1.784322224557399750e-02 1.535296905785799026e-02 1.413575652986764908e-02 2.071959199383854866e-03 -1.620592921972274780e-02 9.997665882110595703e-01
2.149411849677562714e-02 -1.830203272402286530e-02 1.634198240935802460e-02 1.460910029709339142e-02 1.782992505468428135e-03 -1.425739005208015442e-02 9.997900128364562988e-01
2.362191677093505859e-02 -1.873223856091499329e-02 1.776767708361148834e-02 1.481072511523962021e-02 1.356442924588918686e-03 -1.167796459048986435e-02 9.998211860656738281e-01
2.599605172872543335e-02 -1.885620504617691040e-02 1.936361193656921387e-02 1.441067922860383987e-02 9.504132904112339020e-04 -8.634706027805805206e-03 9.998584389686584473e-01
2.870304323732852936e-02 -1.879040151834487915e-02 2.090657502412796021e-02 1.382361631840467453e-02 4.437671159394085407e-04 -4.964638501405715942e-03 9.998919963836669922e-01
3.092536330223083496e-02 -1.943459361791610718e-02 2.273389138281345367e-02 1.264724321663379669e-02 4.967012955603422597e-06 -8.422895916737616062e-04 9.999196529388427734e-01
3.368082270026206970e-02 -1.993709243834018707e-02 2.424334362149238586e-02 1.094334106892347336e-02 4.136061397730372846e-05 4.213465377688407898e-03 9.999312162399291992e-01
3.632158786058425903e-02 -2.051179111003875732e-02 2.613284625113010406e-02 9.004731662571430206e-03 -5.240670870989561081e-04 9.264402091503143311e-03 9.999163746833801270e-01
3.842769935727119446e-02 -2.178282476961612701e-02 2.841520868241786957e-02 6.550873164087533951e-03 -7.901188917458057404e-03 1.464213337749242783e-02 9.998401403427124023e-01
4.155930131673812866e-02 -2.260544337332248688e-02 2.984891831874847412e-02 3.898213151842355728e-03 -1.642132550477981567e-02 1.998324505984783173e-02 9.996578693389892578e-01
4.400731250643730164e-02 -2.442086301743984222e-02 3.145401924848556519e-02 1.602881820872426033e-03 -1.799739710986614227e-02 2.543461695313453674e-02 9.995132088661193848e-01
4.680995270609855652e-02 -2.616808749735355377e-02 3.241069242358207703e-02 -4.949753638356924057e-04 -1.941357739269733429e-02 3.039793297648429871e-02 9.993491768836975098e-01
4.885447770357131958e-02 -2.818837389349937439e-02 3.380032628774642944e-02 -2.131039509549736977e-03 -2.002368681132793427e-02 3.484588861465454102e-02 9.991897940635681152e-01
5.074450001120567322e-02 -3.140287101268768311e-02 3.441542014479637146e-02 -3.606258891522884369e-03 -2.097224816679954529e-02 3.785553202033042908e-02 9.990566372871398926e-01
4.649826884269714355e-02 -3.073572553694248199e-02 3.256771713495254517e-02 -5.047454498708248138e-03 -2.107246406376361847e-02 4.040533304214477539e-02 9.989483952522277832e-01
3.745568171143531799e-02 -2.506048604846000671e-02 2.644619904458522797e-02 -6.183447781950235367e-03 -2.099674567580223083e-02 4.347643256187438965e-02 9.988146424293518066e-01
2.894949726760387421e-02 -1.935356482863426208e-02 1.970099657773971558e-02 -7.000525481998920441e-03 -2.059759572148323059e-02 4.485414177179336548e-02 9.987566471099853516e-01
2.017911523580551147e-02 -1.294858567416667938e-02 1.611769944429397583e-02 -7.498951628804206848e-03 -1.962973549962043762e-02 4.498875141143798828e-02 9.987664818763732910e-01
1.248588785529136658e-02 -4.280908033251762390e-03 1.598741300404071808e-02 -8.080191910266876221e-03 -1.776445657014846802e-02 4.533558338880538940e-02 9.987811446189880371e-01
1.160909608006477356e-02 1.206754124723374844e-03 1.560753677040338516e-02 -7.810758892446756363e-03 -1.774804852902889252e-02 4.618085175752639771e-02 9.987449049949645996e-01
1.228423323482275009e-02 2.539249835535883904e-03 1.574240438640117645e-02 -6.983953062444925308e-03 -1.636759191751480103e-02 4.514123871922492981e-02 9.988220930099487305e-01
1.265406422317028046e-02 3.597521688789129257e-03 1.642101816833019257e-02 -7.320517208427190781e-03 -1.471915468573570251e-02 4.308551922440528870e-02 9.989361166954040527e-01
1.464888732880353928e-02 4.715598188340663910e-03 1.604824699461460114e-02 -6.919390056282281876e-03 -1.258445065468549728e-02 4.088697582483291626e-02 9.990605711936950684e-01
1.581916213035583496e-02 5.976755637675523758e-03 1.660077273845672607e-02 -5.833886563777923584e-03 -1.038424298167228699e-02 3.844058141112327576e-02 9.991899132728576660e-01
1.771808974444866180e-02 7.093666587024927139e-03 1.675791107118129730e-02 -4.821578972041606903e-03 -8.708930574357509613e-03 3.489884734153747559e-02 9.993412494659423828e-01
1.983250677585601807e-02 8.311412297189235687e-03 1.693552359938621521e-02 -3.661722410470247269e-03 -5.196282640099525452e-03 3.115792199969291687e-02 9.994942545890808105e-01
2.241424471139907837e-02 5.502253305166959763e-03 1.556522399187088013e-02 -1.707992516458034515e-03 -2.219891408458352089e-03 2.448194660246372223e-02 9.996963739395141602e-01
2.249153330922126770e-02 1.181615298264659941e-04 1.623446680605411530e-02 3.158975159749388695e-04 1.194288372062146664e-03 1.693954318761825562e-02 9.998557567596435547e-01
