8.677307516336441040e-02 3.520088270306587219e-03 2.799636498093605042e-02 -2.465337701141834259e-02 5.442513618618249893e-03 2.204430848360061646e-02 9.994381666183471680e-01
7.768488675355911255e-02 -6.155995652079582214e-03 2.990394830703735352e-02 -2.587394230067729950e-02 6.840554531663656235e-03 2.354677952826023102e-02 9.993644356727600098e-01
6.898136436939239502e-02 -8.637812919914722443e-03 2.974424697458744049e-02 -2.576537989079952240e-02 7.695758715271949768e-03 2.109295688569545746e-02 9.994158148765563965e-01
5.993141233921051025e-02 -1.442944444715976715e-02 2.795283123850822449e-02 -2.550558559596538544e-02 8.732260204851627350e-03 2.215917222201824188e-02 9.993909001350402832e-01
5.179174616932868958e-02 -1.537881977856159210e-02 2.542757429182529449e-02 -2.349527180194854736e-02 8.098982274532318115e-03 1.929389312863349915e-02 9.995049238204956055e-01
4.366597160696983337e-02 -1.730209589004516602e-02 2.159272134304046631e-02 -2.092954888939857483e-02 7.183616049587726593e-03 1.678387820720672607e-02 9.996142387390136719e-01
3.626847639679908752e-02 -1.602349057793617249e-02 1.826961338520050049e-02 -1.862553320825099945e-02 6.907172501087188721e-03 1.376520469784736633e-02 9.997078776359558105e-01
2.901220880448818207e-02 -1.362355425953865051e-02 1.549227628856897354e-02 -1.679003983736038208e-02 6.972359027713537216e-03 1.092609018087387085e-02 9.997750520706176758e-01
2.272303216159343719e-02 -1.071711443364620209e-02 1.140898279845714569e-02 -1.424349006265401840e-02 6.573859602212905884e-03 7.566721644252538681e-03 9.998483061790466309e-01
1.562115550041198730e-02 -8.314433507621288300e-03 8.411968126893043518e-03 -1.189140416681766510e-02 6.536948028951883316e-03 5.526206456124782562e-03 9.998926520347595215e-01
9.463343769311904907e-03 -5.888435058295726776e-03 4.370123613625764847e-03 -8.938366547226905823e-03 -5.124013405293226242e-04 2.387542277574539185e-03 9.999570846557617188e-01
5.034720525145530701e-03 1.407593845215160400e-05 2.847488271072506905e-03 -5.918647628277540207e-03 -2.167723287129774690e-04 -2.015897043747827411e-04 9.999824166297912598e-01
5.545648280531167984e-03 2.680618781596422195e-04 3.244743915274739265e-03 -3.440553788095712662e-03 3.017332055605947971e-04 -3.154081525281071663e-03 9.999890327453613281e-01
6.352117285132408142e-03 -6.188773550093173981e-04 3.592229913920164108e-03 -1.563955913297832012e-03 4.322324239183217287e-04 -4.476467147469520569e-03 9.999886751174926758e-01
6.935740355402231216e-03 -4.589412128552794456e-04 4.277796950191259384e-03 6.036613485775887966e-04 5.854194168932735920e-04 -6.473323330283164978e-03 9.999787211418151855e-01
7.660639006644487381e-03 -2.871885430067777634e-03 3.902668599039316177e-03 1.367533928714692593e-03 8.769028354436159134e-04 -7.458601612597703934e-03 9.999708533287048340e-01
7.853729650378227234e-03 -5.367652978748083115e-03 2.900029765442013741e-03 3.262924961745738983e-03 9.027495980262756348e-04 -8.031319826841354370e-03 9.999620318412780762e-01
8.836279623210430145e-03 -4.159408621490001678e-03 4.713505506515502930e-03 3.749028779566287994e-03 1.525588682852685452e-03 -8.817688561975955963e-03 9.999529123306274414e-01
8.713946677744388580e-03 -6.069389171898365021e-03 5.036136601120233536e-03 4.560533445328474045e-03 1.341107534244656563e-03 -8.945029228925704956e-03 9.999486804008483887e-01
9.063579142093658447e-03 -7.583332248032093048e-03 4.609124734997749329e-03 5.008385982364416122e-03 1.177236787043511868e-03 -9.114121086895465851e-03 9.999452233314514160e-01
1.042241230607032776e-02 -7.093069609254598618e-03 5.242046434432268143e-03 5.504326429218053818e-03 1.245218212716281414e-03 -8.643276989459991455e-03 9.999467134475708008e-01
1.167283672839403152e-02 -7.783778477460145950e-03 4.253946244716644287e-03 6.893532816320657730e-03 5.875843344256281853e-04 -8.262482471764087677e-03 9.999419450759887695e-01
1.306159980595111847e-02 -6.172950845211744308e-03 6.230593658983707428e-03 7.145588286221027374e-03 9.442640584893524647e-04 -7.437253370881080627e-03 9.999463558197021484e-01
1.364360377192497253e-02 -8.548139594495296478e-03 5.113337188959121704e-03 7.656503003090620041e-03 3.807932080235332251e-04 -6.348921451717615128e-03 9.999504685401916504e-01
1.435005106031894684e-02 -9.379962459206581116e-03 5.831645801663398743e-03 7.398760411888360977e-03 3.910783852916210890e-04 -4.830074962228536606e-03 9.999608993530273438e-01
1.683406904339790344e-02 -6.548060104250907898e-03 7.076141424477100372e-03 7.305376231670379639e-03 3.406412724871188402e-04 -3.332443768158555031e-03 9.999676942825317383e-01
1.758670061826705933e-02 -9.071994572877883911e-03 6.350001785904169083e-03 6.804650649428367615e-03 -3.676689229905605316e-04 -1.140541164204478264e-03 9.999761581420898438e-01
1.908979564905166626e-02 -8.633162826299667358e-03 7.479542866349220276e-03 5.998621229082345963e-03 -3.801296543315402232e-06 7.864637300372123718e-04 9.999817013740539551e-01
2.054654806852340698e-02 -9.218633174896240234e-03 7.698808796703815460e-03 5.239311140030622482e-03 -7.611015462316572666e-05 4.008649382740259171e-03 9.999782443046569824e-01
2.147596143186092377e-02 -9.104623459279537201e-03 1.012749969959259033e-02 3.182531101629137993e-03 7.083005621097981930e-04 6.863397546112537384e-03 9.999711513519287109e-01
2.229591645300388336e-02 -1.165283843874931335e-02 1.007030345499515533e-02 2.125108381733298302e-03 -7.021012715995311737e-03 9.267297573387622833e-03 9.999301433563232422e-01
2.319085411727428436e-02 -1.258574798703193665e-02 1.165717002004384995e-02 3.013738314621150494e-04 -7.518612314015626907e-03 1.187786366790533066e-02 9.999011158943176270e-01
2.551670931279659271e-02 -1.290565729141235352e-02 1.063334289938211441e-02 -1.235828152857720852e-03 -8.281530812382698059e-03 1.387436874210834503e-02 9.998686909675598145e-01
2.824950031936168671e-02 -1.161669380962848663e-02 1.005374919623136520e-02 -2.061612205579876900e-03 -9.262003935873508453e-03 1.678665727376937866e-02 9.998140931129455566e-01
2.912854216992855072e-02 -1.366141531616449356e-02 9.693158790469169617e-03 -2.936071716248989105e-03 -9.475332684814929962e-03 1.886685006320476532e-02 9.997727870941162109e-01
2.978312969207763672e-02 -1.656645350158214569e-02 9.157121181488037109e-03 -3.096496453508734703e-03 -9.941522963345050812e-03 2.026871964335441589e-02 9.997403621673583984e-01
2.429876662790775299e-02 -1.471124123781919479e-02 7.152957376092672348e-03 -3.789952257648110390e-03 -1.029680483043193817e-02 2.152388542890548706e-02 9.997081160545349121e-01
1.886672526597976685e-02 -1.157699804753065109e-02 6.311387754976749420e-03 -5.388650577515363693e-03 -9.660593234002590179e-03 2.252881415188312531e-02 9.996849894523620605e-01
1.479763537645339966e-02 -8.497160859405994415e-03 1.414548256434500217e-03 -4.000161308795213699e-03 -1.044659782201051712e-02 2.180930599570274353e-02 9.996995925903320312e-01
1.119290478527545929e-02 -4.401114769279956818e-03 1.545719336718320847e-03 -3.719858825206756592e-03 -9.358397684991359711e-03 2.163486927747726440e-02 9.997152090072631836e-01
9.123567491769790649e-03 1.861350261606276035e-03 2.487246179953217506e-03 -4.027470480650663376e-03 -8.742872625589370728e-03 2.018401212990283966e-02 9.997499585151672363e-01
8.388063870370388031e-03 -4.927609581500291824e-03 1.738782739266753197e-03 -4.125927574932575226e-03 -8.696027100086212158e-03 2.285701408982276917e-02 9.996923804283142090e-01
9.289552457630634308e-03 -1.850912813097238541e-03 3.951927646994590759e-03 -3.742228727787733078e-03 -6.486396770924329758e-03 2.231363020837306976e-02 9.997229576110839844e-01
1.068665180355310440e-02 5.996678955852985382e-04 1.424076035618782043e-03 -3.167810151353478432e-03 -6.858835928142070770e-03 2.003978937864303589e-02 9.997706413269042969e-01
1.126134674996137619e-02 -1.974133774638175964e-03 6.757695227861404419e-04 -3.324067452922463417e-03 -6.184980738908052444e-03 2.042935043573379517e-02 9.997666478157043457e-01
1.197140384465456009e-02 2.643287181854248047e-03 7.851320697227492929e-05 -2.577057341113686562e-03 -5.206299480050802231e-03 1.734353788197040558e-02 9.998326897621154785e-01
1.311407238245010376e-02 2.270454278914257884e-04 9.443226153962314129e-04 -2.134971786290407181e-03 -3.721688641235232353e-03 1.665510237216949463e-02 9.998520612716674805e-01
1.183944754302501678e-02 5.666092038154602051e-03 -5.512435920536518097e-03 -1.708645722828805447e-03 -2.805999247357249260e-03 1.402283459901809692e-02 9.998962879180908203e-01
1.220757514238357544e-02 -6.266600918024778366e-03 -1.320054405368864536e-03 -9.662473457865417004e-04 -1.139372587203979492e-03 1.180844381451606750e-02 9.999291896820068359e-01
9.249278344213962555e-03 -1.067508384585380554e-02 1.084351330064237118e-03 7.044517406029626727e-05 1.253092428669333458e-03 8.983820676803588867e-03 9.999588727951049805e-01
1.647913157939910889e-01 -8.631115779280662537e-03 5.739341303706169128e-02 -4.354780167341232300e-02 1.078857574611902237e-02 3.605277091264724731e-02 9.983423352241516113e-01
1.455086320638656616e-01 -1.534789241850376129e-02 6.244537979364395142e-02 -4.176628217101097107e-02 1.502962782979011536e-02 3.164896368980407715e-02 9.985129237174987793e-01
1.272939890623092651e-01 -4.478929936885833740e-02 4.822092503309249878e-02 -4.303517192602157593e-02 1.311929710209369659e-02 4.055028408765792847e-02 9.981640577316284180e-01
1.116051822900772095e-01 -4.170688241720199585e-02 4.510647803544998169e-02 -4.378651082515716553e-02 1.342173013836145401e-02 3.870462998747825623e-02 9.982006549835205078e-01
9.639213234186172485e-02 -3.695461899042129517e-02 4.187965020537376404e-02 -4.086567461490631104e-02 1.423162128776311874e-02 3.527972102165222168e-02 9.984402060508728027e-01
8.137904852628707886e-02 -2.990619465708732605e-02 3.968020528554916382e-02 -3.818101435899734497e-02 1.402018871158361435e-02 2.924964390695095062e-02 9.987442493438720703e-01
6.823474913835525513e-02 -2.166502363979816437e-02 3.399141132831573486e-02 -3.371429815888404846e-02 1.507183723151683807e-02 2.354822307825088501e-02 9.990403652191162109e-01
5.540509521961212158e-02 -1.440538186579942703e-02 2.673052810132503510e-02 -2.848257683217525482e-02 1.440079417079687119e-02 1.547591201961040497e-02 9.993707537651062012e-01
4.139192402362823486e-02 -1.247028540819883347e-02 1.883292011916637421e-02 -2.433661371469497681e-02 1.226231455802917480e-02 1.065870281308889389e-02 9.995718002319335938e-01
2.669955231249332428e-02 -9.722177870571613312e-03 1.345065701752901077e-02 -2.005519159138202667e-02 6.150157190859317780e-03 6.768285296857357025e-03 9.997570514678955078e-01
1.441847626119852066e-02 -5.384139250963926315e-03 6.899669300764799118e-03 -1.540711894631385803e-02 -4.060042847413569689e-04 1.314300578087568283e-03 9.998803734779357910e-01
1.075808703899383545e-02 -5.541359423659741879e-04 5.731337238103151321e-03 -9.120848029851913452e-03 -7.125202682800590992e-05 -4.509731661528348923e-03 9.999482035636901855e-01
1.167680509388446808e-02 -9.820277336984872818e-04 7.179877255111932755e-03 -5.600580014288425446e-03 7.256960379891097546e-04 -8.163710124790668488e-03 9.999507069587707520e-01
1.314335595816373825e-02 -3.316239919513463974e-03 7.473912555724382401e-03 -1.730054034851491451e-03 1.019094022922217846e-03 -1.136899832636117935e-02 9.999333620071411133e-01
1.481424272060394287e-02 -3.968170844018459320e-03 7.830671034753322601e-03 1.327125588431954384e-03 1.162581844255328178e-03 -1.428322214633226395e-02 9.998964071273803711e-01
1.582071185111999512e-02 -8.134760893881320953e-03 6.685285829007625580e-03 4.764358047395944595e-03 1.670930767431855202e-03 -1.634924858808517456e-02 9.998536109924316406e-01
1.682315394282341003e-02 -1.007958687841892242e-02 6.880947388708591461e-03 6.842849310487508774e-03 2.290813950821757317e-03 -1.728235557675361633e-02 9.998245835304260254e-01
1.730486191809177399e-02 -1.163333188742399216e-02 8.694147691130638123e-03 9.033403359353542328e-03 2.663450781255960464e-03 -1.812645234167575836e-02 9.997913241386413574e-01
1.853005588054656982e-02 -1.263333391398191452e-02 9.692068211734294891e-03 1.030479557812213898e-02 2.605568850412964821e-03 -1.901560090482234955e-02 9.997627139091491699e-01
2.058359608054161072e-02 -1.326495222747325897e-02 9.680543094873428345e-03 1.156698446720838547e-02 2.496014581993222237e-03 -1.919603161513805389e-02 9.997457265853881836e-01
2.166001126170158386e-02 -1.480861473828554153e-02 1.062358822673559189e-02 1.267271954566240311e-02 2.120469696819782257e-03 -1.788749918341636658e-02 9.997574687004089355e-01
2.433723397552967072e-02 -1.335917320102453232e-02 1.235235668718814850e-02 1.344136800616979599e-02 2.106464933604001999e-03 -1.642307080328464508e-02 9.997725486755371094e-01
2.668318152427673340e-02 -1.446203514933586121e-02 1.195321697741746902e-02 1.421965844929218292e-02 1.595057314261794090e-03 -1.409710105508565903e-02 9.997982382774353027e-01
2.870923839509487152e-02 -1.700690574944019318e-02 1.054166443645954132e-02 1.482007186859846115e-02 8.327250834554433823e-04 -1.120516192167997360e-02 9.998270273208618164e-01
3.214198350906372070e-02 -1.359429117292165756e-02 1.372548658400774002e-02 1.395947299897670746e-02 7.379888556897640228e-04 -8.526678197085857391e-03 9.998659491539001465e-01
3.520415723323822021e-02 -1.284602005034685135e-02 1.448020059615373611e-02 1.373345311731100082e-02 4.677653487306088209e-04 -4.838846623897552490e-03 9.998938441276550293e-01
3.690814599394798279e-02 -1.691976748406887054e-02 1.422749273478984833e-02 1.294355466961860657e-02 -6.294244085438549519e-04 -1.097864354960620403e-03 9.999154210090637207e-01
4.024313017725944519e-02 -1.466853450983762741e-02 1.688045822083950043e-02 1.103864144533872604e-02 1.025173580273985863e-03 3.881174605339765549e-03 9.999310374259948730e-01
4.277901723980903625e-02 -1.458526775240898132e-02 1.949726603925228119e-02 8.820725604891777039e-03 9.302595863118767738e-04 9.154736064374446869e-03 9.999187588691711426e-01
4.412593692541122437e-02 -1.994911581277847290e-02 2.033564448356628418e-02 5.612669978290796280e-03 -6.497529335319995880e-03 1.447821408510208130e-02 9.998583197593688965e-01
4.743055626749992371e-02 -2.348655089735984802e-02 1.810700260102748871e-02 2.853959333151578903e-03 -1.475635170936584473e-02 1.885922066867351532e-02 9.997091889381408691e-01
4.910642281174659729e-02 -2.758039720356464386e-02 1.871518604457378387e-02 1.375653810100629926e-04 -1.587849110364913940e-02 2.410540543496608734e-02 9.995833039283752441e-01
5.363044887781143188e-02 -2.709662355482578278e-02 1.777473092079162598e-02 -2.152922097593545914e-03 -1.753309927880764008e-02 2.875950932502746582e-02 9.994302392005920410e-01
5.649481713771820068e-02 -2.853453904390335083e-02 1.783038489520549774e-02 -3.175629768520593643e-03 -1.771221123635768890e-02 3.215111047029495239e-02 9.993210434913635254e-01
5.888976901769638062e-02 -3.141038119792938232e-02 1.705721952021121979e-02 -3.959089051932096481e-03 -1.866095326840877533e-02 3.449544683098793030e-02 9.992227554321289062e-01
5.375681445002555847e-02 -3.152510151267051697e-02 1.684646122157573700e-02 -5.536990240216255188e-03 -1.851440966129302979e-02 3.613783791661262512e-02 9.991599321365356445e-01
4.226545244455337524e-02 -2.725605294108390808e-02 1.418085675686597824e-02 -8.649984374642372131e-03 -1.884053647518157959e-02 4.013000056147575378e-02 9.989793896675109863e-01
3.283615410327911377e-02 -2.158273756504058838e-02 7.532287854701280594e-03 -7.857619784772396088e-03 -1.963199116289615631e-02 4.116169735789299011e-02 9.989287257194519043e-01
2.537337131798267365e-02 1.378290634602308273e-02 9.307169821113348007e-04 -6.078503094613552094e-03 -2.071022614836692810e-02 2.565258927643299103e-02 9.994378685951232910e-01
2.009904943406581879e-02 1.483581581851467490e-04 5.082036834210157394e-03 -7.020839955657720566e-03 -1.726553589105606079e-02 3.781031444668769836e-02 9.991111159324645996e-01
1.800464279949665070e-02 -1.613661879673600197e-03 7.283645216375589371e-03 -7.604627870023250580e-03 -1.527428533881902695e-02 4.262896627187728882e-02 9.989452362060546875e-01
1.962694153189659119e-02 -8.243422489613294601e-04 4.390569403767585754e-03 -7.072981446981430054e-03 -1.624794304370880127e-02 4.053964465856552124e-02 9.990207552909851074e-01
1.905799657106399536e-02 2.760738832876086235e-03 8.478707633912563324e-03 -6.741928867995738983e-03 -1.216843351721763611e-02 3.909696266055107117e-02 9.991385936737060547e-01
2.164900116622447968e-02 5.047011654824018478e-03 4.705401661340147257e-04 -7.236103992909193039e-03 -1.393936946988105774e-02 3.670693933963775635e-02 9.992026686668395996e-01
2.355173788964748383e-02 1.048544538207352161e-03 2.401964971795678139e-03 -6.049516145139932632e-03 -1.122717466205358505e-02 3.552763536572456360e-02 9.992873072624206543e-01
2.357189543545246124e-02 9.428775869309902191e-03 7.364269113168120384e-04 -4.695171024650335312e-03 -9.052193723618984222e-03 3.175479918718338013e-02 9.994436502456665039e-01
2.689661458134651184e-02 2.249497221782803535e-03 4.553214646875858307e-03 -3.589280182495713234e-03 -5.132822785526514053e-03 2.946473285555839539e-02 9.995461702346801758e-01
2.765259891748428345e-02 7.814627024345099926e-04 3.110063495114445686e-03 -2.025583758950233459e-03 -2.531642327085137367e-03 2.300289459526538849e-02 9.997301697731018066e-01
2.038033492863178253e-02 -1.847756095230579376e-02 3.558453638106584549e-03 -6.318946252577006817e-04 1.553306938149034977e-03 2.109762653708457947e-02 9.997760057449340820e-01
