2.616429710388183594e+01 -2.226403045654296875e+01 -9.312875270843505859e-01 -9.828075766563415527e-02 1.950348913669586182e-01 7.394629120826721191e-01 6.367863416671752930e-01
2.616372108459472656e+01 -2.217281341552734375e+01 -9.335718154907226562e-01 -1.150443404912948608e-01 1.832592189311981201e-01 7.594124078750610352e-01 6.135740876197814941e-01
2.616267585754394531e+01 -2.208924674987792969e+01 -9.349159002304077148e-01 -1.317156404256820679e-01 1.714167892932891846e-01 7.774057984352111816e-01 5.906829833984375000e-01
2.616119384765625000e+01 -2.201342010498046875e+01 -9.355890750885009766e-01 -1.481156349182128906e-01 1.596851944923400879e-01 7.933979630470275879e-01 5.684009194374084473e-01
2.615938186645507812e+01 -2.194541358947753906e+01 -9.356719851493835449e-01 -1.640769541263580322e-01 1.482434123754501343e-01 8.073760271072387695e-01 5.470307469367980957e-01
2.615738677978515625e+01 -2.188527870178222656e+01 -9.352050423622131348e-01 -1.794433742761611938e-01 1.372694075107574463e-01 8.193559050559997559e-01 5.268844962120056152e-01
2.615534400939941406e+01 -2.183305358886718750e+01 -9.342264533042907715e-01 -1.940723061561584473e-01 1.269402801990509033e-01 8.293763995170593262e-01 5.082809925079345703e-01
2.615339279174804688e+01 -2.178877449035644531e+01 -9.327648282051086426e-01 -2.078258097171783447e-01 1.174262762069702148e-01 8.374950289726257324e-01 4.915412366390228271e-01
2.615167999267578125e+01 -2.175247573852539062e+01 -9.308430552482604980e-01 -2.205991595983505249e-01 1.089066490530967712e-01 8.437740206718444824e-01 4.769808351993560791e-01
2.615033340454101562e+01 -2.172414016723632812e+01 -9.284754395484924316e-01 -2.322078496217727661e-01 1.015074849128723145e-01 8.482977151870727539e-01 4.649249017238616943e-01
2.614947700500488281e+01 -2.170385169982910156e+01 -9.256750941276550293e-01 -2.427975088357925415e-01 9.553107619285583496e-02 8.510640859603881836e-01 4.556316435337066650e-01
2.614926147460937500e+01 -2.169153404235839844e+01 -9.223786592483520508e-01 -2.468551844358444214e-01 8.807572722434997559e-02 8.535137176513671875e-01 4.503396153450012207e-01
2.614962196350097656e+01 -2.168737983703613281e+01 -9.185909032821655273e-01 -2.498874962329864502e-01 8.211378008127212524e-02 8.544836044311523438e-01 4.479469656944274902e-01
2.615053176879882812e+01 -2.168287277221679688e+01 -9.148454666137695312e-01 -2.523177862167358398e-01 7.769183814525604248e-02 8.541030883789062500e-01 4.480978250503540039e-01
2.615192413330078125e+01 -2.167753601074218750e+01 -9.111552834510803223e-01 -2.541540563106536865e-01 7.464507967233657837e-02 8.525704145431518555e-01 4.504892528057098389e-01
2.615374374389648438e+01 -2.167145347595214844e+01 -9.075086712837219238e-01 -2.554771006107330322e-01 7.286834716796875000e-02 8.500403761863708496e-01 4.547911286354064941e-01
2.615593338012695312e+01 -2.166448974609375000e+01 -9.039009809494018555e-01 -2.563189268112182617e-01 7.224456965923309326e-02 8.466651439666748047e-01 4.606733620166778564e-01
2.615842056274414062e+01 -2.165661811828613281e+01 -9.003295898437500000e-01 -2.567023336887359619e-01 7.266429811716079712e-02 8.425926566123962402e-01 4.678039550781250000e-01
2.616114234924316406e+01 -2.164775848388671875e+01 -8.968014717102050781e-01 -2.566375732421875000e-01 7.401935756206512451e-02 8.379737138748168945e-01 4.758532643318176270e-01
2.616402816772460938e+01 -2.163786315917968750e+01 -8.933112621307373047e-01 -2.561291754245758057e-01 7.620376348495483398e-02 8.329647779464721680e-01 4.844969809055328369e-01
2.616701889038085938e+01 -2.162686729431152344e+01 -8.898690342903137207e-01 -2.551803588867187500e-01 7.911165803670883179e-02 8.277312517166137695e-01 4.934173822402954102e-01
2.617006874084472656e+01 -2.161470603942871094e+01 -8.864696621894836426e-01 -2.537970542907714844e-01 8.263877034187316895e-02 8.224475979804992676e-01 5.023064613342285156e-01
2.617312049865722656e+01 -2.160130882263183594e+01 -8.831172585487365723e-01 -2.519921958446502686e-01 8.667971193790435791e-02 8.172982931137084961e-01 5.108649134635925293e-01
2.617612648010253906e+01 -2.158659744262695312e+01 -8.798210024833679199e-01 -2.497879564762115479e-01 9.112949669361114502e-02 8.124755024909973145e-01 5.188032984733581543e-01
2.617908668518066406e+01 -2.157049560546875000e+01 -8.765085935592651367e-01 -2.472195178270339966e-01 9.588358551263809204e-02 8.081775307655334473e-01 5.258414745330810547e-01
2.618194389343261719e+01 -2.155293083190917969e+01 -8.732355833053588867e-01 -2.443363368511199951e-01 1.008368432521820068e-01 8.046057224273681641e-01 5.317064523696899414e-01
2.618466567993164062e+01 -2.153382301330566406e+01 -8.700017929077148438e-01 -2.412067502737045288e-01 1.058851182460784912e-01 8.019603490829467773e-01 5.361315011978149414e-01
2.618723297119140625e+01 -2.151308631896972656e+01 -8.667976856231689453e-01 -2.379098534584045410e-01 1.109187528491020203e-01 8.004381060600280762e-01 5.388545989990234375e-01
2.618961334228515625e+01 -2.149065017700195312e+01 -8.636094927787780762e-01 -2.345690727233886719e-01 1.158415079116821289e-01 8.002186417579650879e-01 5.396085977554321289e-01
2.619178962707519531e+01 -2.146642684936523438e+01 -8.604223728179931641e-01 -2.312315106391906738e-01 1.204878911375999451e-01 8.014897108078002930e-01 5.381433963775634766e-01
2.619371223449707031e+01 -2.144034767150878906e+01 -8.572127223014831543e-01 -2.283174097537994385e-01 1.249195113778114319e-01 8.043256402015686035e-01 5.341313481330871582e-01
2.619535636901855469e+01 -2.141239547729492188e+01 -8.539218306541442871e-01 -2.197903990745544434e-01 1.248997598886489868e-01 8.103665709495544434e-01 5.285531878471374512e-01
2.619667434692382812e+01 -2.138248443603515625e+01 -8.505702018737792969e-01 -2.106189727783203125e-01 1.238912791013717651e-01 8.181650042533874512e-01 5.204491019248962402e-01
2.619766044616699219e+01 -2.135072898864746094e+01 -8.471315503120422363e-01 -2.011692076921463013e-01 1.221818178892135620e-01 8.273481726646423340e-01 5.099695324897766113e-01
2.619832420349121094e+01 -2.131715965270996094e+01 -8.435716032981872559e-01 -1.914423108100891113e-01 1.198076531291007996e-01 8.376271724700927734e-01 4.973416328430175781e-01
2.619866561889648438e+01 -2.128200721740722656e+01 -8.398605585098266602e-01 -1.815404295921325684e-01 1.168732941150665283e-01 8.486934304237365723e-01 4.827791154384613037e-01
2.619869613647460938e+01 -2.124503707885742188e+01 -8.359917402267456055e-01 -1.715439558029174805e-01 1.134684234857559204e-01 8.602542281150817871e-01 4.665118455886840820e-01
2.619843673706054688e+01 -2.121425437927246094e+01 -8.314564228057861328e-01 -1.615453809499740601e-01 1.096903830766677856e-01 8.720315694808959961e-01 4.487818777561187744e-01
2.619791221618652344e+01 -2.119011878967285156e+01 -8.262195587158203125e-01 -1.516413390636444092e-01 1.056389436125755310e-01 8.837701082229614258e-01 4.298475682735443115e-01
2.619718933105468750e+01 -2.117263031005859375e+01 -8.202803730964660645e-01 -1.419352591037750244e-01 1.014179140329360962e-01 8.952401876449584961e-01 4.099835455417633057e-01
2.619632148742675781e+01 -2.116183471679687500e+01 -8.136422634124755859e-01 -1.325365155935287476e-01 9.713507443666458130e-02 9.062421917915344238e-01 3.894824683666229248e-01
2.619538879394531250e+01 -2.115803527832031250e+01 -8.062993288040161133e-01 -1.235597208142280579e-01 9.290114045143127441e-02 9.166089296340942383e-01 3.686505556106567383e-01
2.619449806213378906e+01 -2.115528869628906250e+01 -7.986403107643127441e-01 -1.151241958141326904e-01 8.882990479469299316e-02 9.262059926986694336e-01 3.478088974952697754e-01
2.619374465942382812e+01 -2.115335845947265625e+01 -7.907084226608276367e-01 -1.073536351323127747e-01 8.503760397434234619e-02 9.349324703216552734e-01 3.272893726825714111e-01
2.619324493408203125e+01 -2.115239524841308594e+01 -7.825238704681396484e-01 -1.003746464848518372e-01 8.164222538471221924e-02 9.427183270454406738e-01 3.074328899383544922e-01
2.619311904907226562e+01 -2.115237808227539062e+01 -7.741247415542602539e-01 -9.431631863117218018e-02 7.876308262348175049e-02 9.495222568511962891e-01 2.885858416557312012e-01
2.619349098205566406e+01 -2.115338516235351562e+01 -7.655456662178039551e-01 -8.930963277816772461e-02 7.652029395103454590e-02 9.553261995315551758e-01 2.710970640182495117e-01
2.619448089599609375e+01 -2.115534973144531250e+01 -7.568308711051940918e-01 -8.548606187105178833e-02 7.503449171781539917e-02 9.601295590400695801e-01 2.553164660930633545e-01
2.619622230529785156e+01 -2.115846443176269531e+01 -7.480067610740661621e-01 -8.297786861658096313e-02 7.442648708820343018e-02 9.639409184455871582e-01 2.415912300348281860e-01
2.619883728027343750e+01 -2.115846633911132812e+01 -7.393741607666015625e-01 -8.191692829132080078e-02 7.481712102890014648e-02 9.667693376541137695e-01 2.302643805742263794e-01
2.620245742797851562e+01 -2.115515708923339844e+01 -7.309740781784057617e-01 -8.243483304977416992e-02 7.632737606763839722e-02 9.686136245727539062e-01 2.216722965240478516e-01
