-4.452462308108806610e-03 9.506114125251770020e-01 -2.659993059933185577e-02
-9.966104291379451752e-03 8.746177554130554199e-01 -1.779182441532611847e-02
-1.425042469054460526e-02 7.976203560829162598e-01 -9.252999909222126007e-03
-1.834661141037940979e-02 7.197890877723693848e-01 -3.558177500963211060e-03
-2.078784070909023285e-02 6.413116455078125000e-01 2.340575447306036949e-03
-2.192173153162002563e-02 5.623190402984619141e-01 7.525816559791564941e-03
-2.170231938362121582e-02 4.831581413745880127e-01 1.250448729842901230e-02
-1.999588124454021454e-02 4.031390547752380371e-01 1.718022674322128296e-02
-1.687387935817241669e-02 3.242698609828948975e-01 2.168583497405052185e-02
-1.267752889543771744e-02 2.422496527433395386e-01 2.608903124928474426e-02
-6.760749965906143188e-03 1.669013053178787231e-01 3.039334528148174286e-02
-4.305499023757874966e-04 7.423762977123260498e-02 3.621408343315124512e-02
5.142128095030784607e-03 3.201352059841156006e-02 3.855051845312118530e-02
1.040212623775005341e-02 5.415568128228187561e-02 3.704200685024261475e-02
1.496404036879539490e-02 5.540080741047859192e-02 3.695383667945861816e-02
1.903423108160495758e-02 6.637682020664215088e-02 3.636743500828742981e-02
2.242921292781829834e-02 7.412834465503692627e-02 3.604260832071304321e-02
2.508415095508098602e-02 8.405886590480804443e-02 3.561802580952644348e-02
2.711988985538482666e-02 9.395291656255722046e-02 3.522140532732009888e-02
2.849282510578632355e-02 1.047067940235137939e-01 3.478690236806869507e-02
2.933202683925628662e-02 1.160056442022323608e-01 3.430023789405822754e-02
2.968389354646205902e-02 1.279853433370590210e-01 3.386751934885978699e-02
2.945230901241302490e-02 1.407188177108764648e-01 3.321051225066184998e-02
2.904607914388179779e-02 1.542433053255081177e-01 3.306658193469047546e-02
2.837237156927585602e-02 1.684719175100326538e-01 3.309509903192520142e-02
2.717817202210426331e-02 1.835241466760635376e-01 3.252339735627174377e-02
2.577852830290794373e-02 1.993273496627807617e-01 3.223991766571998596e-02
2.408232167363166809e-02 2.160266786813735962e-01 3.195100277662277222e-02
2.220433764159679413e-02 2.333454787731170654e-01 3.190216049551963806e-02
1.990393176674842834e-02 2.517597675323486328e-01 3.190082684159278870e-02
1.734677515923976898e-02 2.701390683650970459e-01 3.247510641813278198e-02
1.433041691780090332e-02 2.898285090923309326e-01 3.322952985763549805e-02
1.100646145641803741e-02 3.081380426883697510e-01 3.390033915638923645e-02
7.776175625622272491e-03 3.284178972244262695e-01 3.486036136746406555e-02
4.578113555908203125e-03 3.406409025192260742e-01 3.648925945162773132e-02
1.426137518137693405e-03 3.688395321369171143e-01 3.734927996993064880e-02
-1.549522858113050461e-03 3.498678505420684814e-01 4.128914326429367065e-02
-4.334875382483005524e-03 2.710648477077484131e-01 4.904827103018760681e-02
-6.678189616650342941e-03 2.092283964157104492e-01 5.578991025686264038e-02
-8.359375409781932831e-03 1.434601247310638428e-01 6.275900453329086304e-02
-9.431898593902587891e-03 6.767924129962921143e-02 7.024794071912765503e-02
-9.522117674350738525e-03 2.446109056472778320e-02 7.554601877927780151e-02
-8.591131307184696198e-03 2.703503333032131195e-02 7.776517421007156372e-02
-6.601789034903049469e-03 1.301540061831474304e-02 8.072495460510253906e-02
-3.460253123193979263e-03 6.005172617733478546e-03 8.290862292051315308e-02
9.381207637488842010e-04 -5.901888478547334671e-03 8.501053601503372192e-02
6.580725777894258499e-03 -1.290172804147005081e-02 8.641244471073150635e-02
1.345385238528251648e-02 -2.961213327944278717e-02 8.802255243062973022e-02
2.165105566382408142e-02 -2.144273929297924042e-02 8.770822733640670776e-02
3.100140765309333801e-02 1.891040615737438202e-02 8.507542312145233154e-02
4.165026545524597168e-02 4.815217480063438416e-02 8.283813297748565674e-02
