0.000000000000000000e+00 0.000000000000000000e+00 0.000000000000000000e+00 0.000000000000000000e+00 0.000000000000000000e+00 0.000000000000000000e+00 1.000000000000000000e+00
8.339942991733551025e-02 -1.019811816513538361e-02 3.558493778109550476e-02 -2.551978183842099762e-02 7.141420542687829456e-03 2.534647549470099917e-02 9.993274223334154271e-01
1.594879084114146917e-01 -1.897097090392901864e-02 6.876120979573042968e-02 -5.059904996832748775e-02 1.463712333586454119e-02 4.964456724276618965e-02 9.973770138247781691e-01
2.282419337606212129e-01 -2.627393957428977855e-02 9.937673850988441859e-02 -7.503868357929668886e-02 2.204883381974866510e-02 7.181335036990135756e-02 9.943469654011747316e-01
2.896033669405070343e-01 -3.235083139844015243e-02 1.272907118401462589e-01 -9.843009243013080278e-02 2.937248246997147330e-02 9.242691123974784706e-02 9.904070073744565272e-01
3.435371573763554842e-01 -3.729062474198001353e-02 1.524342837666880501e-01 -1.206495302295770150e-01 3.651446953927459105e-02 1.107879620834637813e-01 9.858176361919281927e-01
3.899673526765657372e-01 -4.135313468769928613e-02 1.747962623634772839e-01 -1.413719294768430168e-01 4.327453805878059973e-02 1.270954424479189271e-01 9.808098900504426121e-01
4.289408406163963128e-01 -4.415714526324315825e-02 1.942677323530387634e-01 -1.603724690017411525e-01 4.978775572980957687e-02 1.409583936308851648e-01 9.756703243568878303e-01
4.602471975162683582e-01 -4.658602103459104360e-02 2.110407073772296860e-01 -1.774683261129512968e-01 5.604827958561978823e-02 1.524058325252686252e-01 9.706369278955129243e-01
4.839679729590197210e-01 -4.844687708768991019e-02 2.250128063952138435e-01 -1.924751845363943115e-01 6.177022181970387438e-02 1.609779647173475714e-01 9.660351121514609840e-01
5.001023156195987251e-01 -4.989539302710826324e-02 2.360353391511481602e-01 -2.052090930997861884e-01 6.745811857756871255e-02 1.669612906518222750e-01 9.620096453627768884e-01
5.092896292256485768e-01 -5.095497407241418586e-02 2.436377784306874850e-01 -2.142930595510818270e-01 6.637716415331831876e-02 1.709603503061848384e-01 9.593983090095512534e-01
5.123214829638245149e-01 -5.070945110221232455e-02 2.485575735408692977e-01 -2.208831285433620062e-01 6.501247043060917608e-02 1.722030503449731020e-01 9.577735283799049260e-01
5.158323402884821274e-01 -5.096319070466886342e-02 2.539393886231208208e-01 -2.256256928606782119e-01 6.401930682374505632e-02 1.709382665323448958e-01 9.569611716835031423e-01
5.203083998343056571e-01 -5.176049476634487362e-02 2.596809661049535589e-01 -2.284981295345077379e-01 6.316937735962291356e-02 1.677848708884879525e-01 9.568941799719351549e-01
5.254929152143661408e-01 -5.362143789399270027e-02 2.657036189614345734e-01 -2.291495132189319550e-01 6.253893372996503774e-02 1.626156617336286248e-01 9.576719317795523434e-01
5.312912943932922571e-01 -5.549527593047270946e-02 2.724141678345501361e-01 -2.291315233476382551e-01 6.215323927417022720e-02 1.561931805781251181e-01 9.587697378395959591e-01
5.376392615461561553e-01 -5.872683668208154156e-02 2.793541439450958341e-01 -2.272625480143863341e-01 6.185290379182158127e-02 1.485913094597648698e-01 9.604408234324282034e-01
5.451637179545101297e-01 -6.107722698412103302e-02 2.868010136777574548e-01 -2.246702178955715112e-01 6.191782740391971879e-02 1.399713304555572635e-01 9.623395983179928725e-01
5.525236807577954545e-01 -6.437545780847347965e-02 2.953500293126136156e-01 -2.209320485539099099e-01 6.164130950938633002e-02 1.307005982480654860e-01 9.645240963819092794e-01
5.607939171682920776e-01 -6.804149476806248265e-02 3.042417550867588250e-01 -2.165070063324732730e-01 6.154946512310623813e-02 1.210797045314086356e-01 9.667864731690222202e-01
5.702264115689105184e-01 -7.169185694366529693e-02 3.134134656727075585e-01 -2.114861275298795529e-01 6.156083924505736937e-02 1.117828031936553557e-01 9.690141824782690927e-01
5.807076302259930323e-01 -7.617236456305048753e-02 3.226334155029654815e-01 -2.052279922871036444e-01 6.158312678730673562e-02 1.028731998597786079e-01 9.713424187316814784e-01
5.924754140303232219e-01 -7.969202219975254908e-02 3.324651146895048481e-01 -1.988235315218289667e-01 6.173272881492991582e-02 9.479897718281676822e-02 9.734841690707365380e-01
6.053402410512699339e-01 -8.400250257843080992e-02 3.425289534432753857e-01 -1.920495091947877764e-01 6.190015597278696047e-02 8.786388765397894207e-02 9.754820828466891358e-01
6.192053268423569623e-01 -8.861093371036590782e-02 3.532264981655612313e-01 -1.852096410693629680e-01 6.213894667084553236e-02 8.220730428502404097e-02 9.772809725374710377e-01
6.346859754178636459e-01 -9.279914798054267333e-02 3.641417671557147240e-01 -1.785315685834219512e-01 6.245044063616896068e-02 7.834178033899814875e-02 9.788202015369357190e-01
6.513799308999536075e-01 -9.716165813879670821e-02 3.757260689414929078e-01 -1.721579636575947814e-01 6.284402421250107063e-02 7.650837846594900349e-02 9.800809824675509319e-01
6.694816952979777414e-01 -1.014659587635177163e-01 3.879201026794324436e-01 -1.662878724840648748e-01 6.337340566086169247e-02 7.681680625184542088e-02 9.810358470499095374e-01
6.890932731886912910e-01 -1.058035790779300878e-01 4.006867224686451734e-01 -1.609584048197529871e-01 6.423316381075627746e-02 7.998008437347495225e-02 9.816158508746447575e-01
7.102775570677368755e-01 -1.098975249905208423e-01 4.141456582944846865e-01 -1.569138135841743609e-01 6.538170087004142872e-02 8.576448265304111029e-02 9.817065456708881088e-01
7.325803616675626850e-01 -1.142569884119009338e-01 4.289066731863762638e-01 -1.531067269659874275e-01 5.959064220605875262e-02 9.541865640343866195e-02 9.817853968813116117e-01
7.561515366561455398e-01 -1.186646040797787044e-01 4.449403590014857635e-01 -1.503157861519768823e-01 5.298286845261625938e-02 1.080918528333975615e-01 9.812818817419839412e-01
7.815275154784926404e-01 -1.227967608303927594e-01 4.613632516530449812e-01 -1.484986219193004109e-01 4.591419300937817777e-02 1.231315416752318259e-01 9.801421680618822574e-01
8.086235218864784580e-01 -1.261544015642155903e-01 4.783512610446657431e-01 -1.472966006903315417e-01 3.864292798342850582e-02 1.406224617459071458e-01 9.782820446039380835e-01
8.370565577500984622e-01 -1.290910941966386949e-01 4.960148370179607857e-01 -1.467588893747245604e-01 3.121356169796202229e-02 1.601305315612779057e-01 9.756258272603937076e-01
8.664389052358003607e-01 -1.335550603771353539e-01 5.150433886911554016e-01 -1.466697942087314410e-01 2.369118868361260247e-02 1.811357769210087398e-01 9.721710391514182259e-01
8.900930151825496850e-01 -1.369377446780772056e-01 5.319861144825175359e-01 -1.469642405669379093e-01 1.597384214721772611e-02 2.033580895563614210e-01 9.678800730326179158e-01
9.082480872445494180e-01 -1.375612012162698294e-01 5.461218316496346814e-01 -1.483296218844953329e-01 8.469302911856978547e-03 2.262792751408300718e-01 9.626651981979666983e-01
9.218151932825709993e-01 -1.385794551104237160e-01 5.565174806495283288e-01 -1.497015196713350760e-01 1.233336104709172563e-03 2.498047571428588798e-01 9.566532899639990095e-01
9.288863543058873962e-01 -1.377239224280421559e-01 5.663310902139071512e-01 -1.519337829208704527e-01 -5.316237849824874233e-03 2.735206611747336147e-01 9.497759268022192281e-01
9.324983664275997564e-01 -1.330776771728939822e-01 5.739636696802863369e-01 -1.537422340729572567e-01 -1.179956248499654942e-02 2.962609075778774304e-01 9.425781508334208914e-01
9.362973508448041438e-01 -1.302868425626912130e-01 5.826494790410863267e-01 -1.552614561858100817e-01 -1.758959551865167670e-02 3.193126256783843098e-01 9.346785187618938950e-01
9.399676048035424669e-01 -1.254526081470229704e-01 5.909258790105638148e-01 -1.569517518943107925e-01 -2.246208068616288578e-02 3.411788934183622168e-01 9.265303908638814478e-01
9.433132641723795953e-01 -1.183969836810914861e-01 5.983835503773110576e-01 -1.582038800862126116e-01 -2.657766983623118667e-02 3.618800737922396316e-01 9.183180124465960548e-01
9.472747356844113398e-01 -1.111075809964039152e-01 6.062793189527660997e-01 -1.596965271922793361e-01 -2.977873303673888791e-02 3.810780993141523743e-01 9.101591775533361961e-01
9.498765428419916335e-01 -1.019777516083112401e-01 6.140371822147322467e-01 -1.608161942601941397e-01 -3.209030972734979587e-02 3.983465404177365388e-01 9.024568673474044900e-01
9.530426475966683464e-01 -9.111404824636824828e-02 6.207362815166616032e-01 -1.617314263548957631e-01 -3.354564871933055775e-02 4.139783339262457229e-01 8.951757225376814064e-01
9.546955035835585912e-01 -7.994139007291733989e-02 6.294025283060359355e-01 -1.626102155023359253e-01 -3.364527155514133311e-02 4.270173748262123259e-01 8.888656113906053813e-01
9.596522746724394093e-01 -6.967228681980107419e-02 6.371493774588984360e-01 -1.632622612279684693e-01 -3.241063921503119227e-02 4.366107891526215812e-01 8.841187721793540844e-01
9.691499263910778872e-01 -6.855425588899027867e-02 6.476005483629387882e-01 -1.638931859228164589e-01 -2.969656622898734361e-02 4.441814771337925238e-01 8.803180975837761046e-01
