8.507367223501205444e-02 -1.924067502841353416e-03 3.293209522962570190e-02 -2.555830962955951691e-02 6.515155546367168427e-03 2.249390445649623871e-02 9.993990063667297363e-01
7.537504285573959351e-02 -1.081748399883508682e-02 3.418582677841186523e-02 -2.645669505000114441e-02 7.834764197468757629e-03 2.353956922888755798e-02 9.993420839309692383e-01
6.707882136106491089e-02 -1.288898196071386337e-02 3.243558108806610107e-02 -2.615392394363880157e-02 8.502678014338016510e-03 2.152724936604499817e-02 9.993899464607238770e-01
5.832461267709732056e-02 -1.785365119576454163e-02 2.933992259204387665e-02 -2.569130621850490570e-02 9.329327382147312164e-03 2.235531434416770935e-02 9.993763566017150879e-01
5.027969926595687866e-02 -1.891716197133064270e-02 2.606814168393611908e-02 -2.365941740572452545e-02 8.506461977958679199e-03 1.937688700854778290e-02 9.994961023330688477e-01
4.231571778655052185e-02 -1.989509910345077515e-02 2.204290963709354401e-02 -2.106231451034545898e-02 7.438549306243658066e-03 1.684757322072982788e-02 9.996085166931152344e-01
3.507794067263603210e-02 -1.787704415619373322e-02 1.886485144495964050e-02 -1.885203085839748383e-02 7.121406029909849167e-03 1.393305882811546326e-02 9.996998310089111328e-01
2.782575599849224091e-02 -1.513611618429422379e-02 1.624639891088008881e-02 -1.703534834086894989e-02 7.172638550400733948e-03 1.113334856927394867e-02 9.997671842575073242e-01
2.182785235345363617e-02 -1.180189196020364761e-02 1.206721365451812744e-02 -1.448973640799522400e-02 6.828934885561466217e-03 7.532844319939613342e-03 9.998432993888854980e-01
1.480151060968637466e-02 -9.348554536700248718e-03 8.799504488706588745e-03 -1.213923841714859009e-02 6.723087280988693237e-03 5.436292849481105804e-03 9.998889565467834473e-01
9.032870642840862274e-03 -6.540541071444749832e-03 4.353746771812438965e-03 -8.966840803623199463e-03 -2.803061506710946560e-04 2.355845645070075989e-03 9.999569654464721680e-01
5.022361408919095993e-03 -9.518451988697052002e-04 2.706782426685094833e-03 -5.915935616940259933e-03 -1.504353131167590618e-04 -1.681045105215162039e-04 9.999824762344360352e-01
5.481546744704246521e-03 -1.242190017364919186e-03 3.124746959656476974e-03 -3.592431778088212013e-03 3.710258461069315672e-04 -2.821071539074182510e-03 9.999895095825195312e-01
6.199089810252189636e-03 -1.920499140396714211e-03 3.394037019461393356e-03 -1.649162149988114834e-03 5.250889225862920284e-04 -4.288356285542249680e-03 9.999893307685852051e-01
6.634618155658245087e-03 -3.506238572299480438e-03 3.209795570001006126e-03 5.680157919414341450e-04 7.634212961420416832e-04 -5.972472950816154480e-03 9.999817013740539551e-01
7.135655730962753296e-03 -4.227663390338420868e-03 3.656938672065734863e-03 1.189463189803063869e-03 1.021352712996304035e-03 -7.052455097436904907e-03 9.999738931655883789e-01
7.179049775004386902e-03 -6.327875889837741852e-03 2.705949591472744942e-03 3.180773463100194931e-03 1.035580178722739220e-03 -7.794410921633243561e-03 9.999639987945556641e-01
8.284790441393852234e-03 -5.440501961857080460e-03 4.400094505399465561e-03 3.634085413068532944e-03 1.652496983297169209e-03 -8.388456888496875763e-03 9.999568462371826172e-01
8.324514143168926239e-03 -6.972436327487230301e-03 4.496734589338302612e-03 4.428650252521038055e-03 1.255681156180799007e-03 -8.685175329446792603e-03 9.999516606330871582e-01
8.570140227675437927e-03 -8.241069503128528595e-03 4.420053213834762573e-03 4.951844923198223114e-03 1.139575848355889320e-03 -9.049425832927227020e-03 9.999461174011230469e-01
9.953540749847888947e-03 -7.947327569127082825e-03 4.917760379612445831e-03 5.410363432019948959e-03 1.179970917291939259e-03 -8.499267511069774628e-03 9.999485611915588379e-01
1.103407423943281174e-02 -8.816799148917198181e-03 3.930856008082628250e-03 6.815175525844097137e-03 5.594686954282224178e-04 -8.214824832975864410e-03 9.999428987503051758e-01
1.261432096362113953e-02 -7.640668656677007675e-03 5.479975603520870209e-03 7.120126858353614807e-03 9.200907661579549313e-04 -7.288197986781597137e-03 9.999476671218872070e-01
1.315551903098821640e-02 -9.540202096104621887e-03 4.613211378455162048e-03 7.676914799958467484e-03 2.974387025460600853e-04 -6.080151069909334183e-03 9.999520182609558105e-01
1.390280574560165405e-02 -1.027258113026618958e-02 5.394614301621913910e-03 7.426835130900144577e-03 2.486135053914040327e-04 -4.724806640297174454e-03 9.999612569808959961e-01
1.629068888723850250e-02 -8.505095727741718292e-03 6.213820539414882660e-03 7.185674738138914108e-03 7.279100827872753143e-05 -2.943437779322266579e-03 9.999698400497436523e-01
1.714762486517429352e-02 -1.026048604398965836e-02 5.709383171051740646e-03 6.851830985397100449e-03 -5.806644330732524395e-04 -9.324658894911408424e-04 9.999759197235107422e-01
1.879576593637466431e-02 -9.841588325798511505e-03 6.690120324492454529e-03 6.063296925276517868e-03 -3.776862286031246185e-04 1.100313151255249977e-03 9.999809265136718750e-01
2.021134458482265472e-02 -1.053360570222139359e-02 6.852751132100820541e-03 5.332437809556722641e-03 -5.552712245844304562e-04 4.369558300822973251e-03 9.999760985374450684e-01
2.127722091972827911e-02 -1.032534055411815643e-02 9.345827624201774597e-03 3.418317763134837151e-03 2.477119851391762495e-04 7.215939927846193314e-03 9.999681115150451660e-01
2.210604958236217499e-02 -1.261903718113899231e-02 9.294624440371990204e-03 2.252036938443779945e-03 -7.498180959373712540e-03 9.549495764076709747e-03 9.999237656593322754e-01
2.309017442166805267e-02 -1.343708764761686325e-02 1.088093966245651245e-02 4.302474553696811199e-04 -7.902150973677635193e-03 1.210248004645109177e-02 9.998954534530639648e-01
2.531376294791698456e-02 -1.388487499207258224e-02 9.856468066573143005e-03 -9.677831549197435379e-04 -8.901689201593399048e-03 1.404826249927282333e-02 9.998612403869628906e-01
2.790389023721218109e-02 -1.252501085400581360e-02 9.927571751177310944e-03 -1.808588625863194466e-03 -9.289800189435482025e-03 1.689754985272884369e-02 9.998124241828918457e-01
2.881761081516742706e-02 -1.415612269192934036e-02 9.910249151289463043e-03 -2.736856462433934212e-03 -9.380054660141468048e-03 1.877054944634437561e-02 9.997760653495788574e-01
2.935161814093589783e-02 -1.705721206963062286e-02 9.636866860091686249e-03 -2.987066516652703285e-03 -9.909831918776035309e-03 1.996792852878570557e-02 9.997470378875732422e-01
2.390676364302635193e-02 -1.513782981783151627e-02 7.571532856673002243e-03 -3.660053946077823639e-03 -1.027568988502025604e-02 2.114857174456119537e-02 9.997168183326721191e-01
1.852339878678321838e-02 -1.204206049442291260e-02 6.456491071730852127e-03 -5.167732480913400650e-03 -9.780791588127613068e-03 2.221036329865455627e-02 9.996921420097351074e-01
1.449471991509199142e-02 -8.895092643797397614e-03 1.988243311643600464e-03 -3.994882572442293167e-03 -1.030649244785308838e-02 2.156707271933555603e-02 9.997062683105468750e-01
1.021901424974203110e-02 -6.038872990757226944e-03 2.478698268532752991e-03 -4.172297660261392593e-03 -8.859541267156600952e-03 2.275637350976467133e-02 9.996930956840515137e-01
9.077617898583412170e-03 7.948959828354418278e-04 3.139344276860356331e-03 -4.015977494418621063e-03 -8.537082932889461517e-03 2.002768404781818390e-02 9.997549057006835938e-01
7.905703037977218628e-03 -5.524240434169769287e-03 2.155680675059556961e-03 -4.009940195828676224e-03 -8.522420190274715424e-03 2.259865589439868927e-02 9.997002482414245605e-01
8.882900699973106384e-03 -3.025209531188011169e-03 4.157111048698425293e-03 -3.731871489435434341e-03 -6.394739728420972824e-03 2.226094156503677368e-02 9.997248053550720215e-01
1.057028770446777344e-02 -1.435318554285913706e-04 2.200121758505702019e-03 -2.922033192589879036e-03 -6.637200713157653809e-03 1.968715339899063110e-02 9.997798800468444824e-01
1.089608203619718552e-02 -3.000391414389014244e-03 1.856026588939130306e-03 -3.109080018475651741e-03 -5.987775512039661407e-03 2.018974907696247101e-02 9.997733831405639648e-01
1.201382093131542206e-02 1.891126856207847595e-03 1.548993284814059734e-03 -2.248106990009546280e-03 -4.901640582829713821e-03 1.690887287259101868e-02 9.998424649238586426e-01
1.299779396504163742e-02 -2.877500664908438921e-04 1.974017126485705376e-03 -1.888965140096843243e-03 -3.488695248961448669e-03 1.627478748559951782e-02 9.998596906661987305e-01
1.268612686544656754e-02 5.196395795792341232e-03 -3.837150521576404572e-03 -1.598359784111380577e-03 -2.394766313955187798e-03 1.360810454934835434e-02 9.999032616615295410e-01
1.168129965662956238e-02 -7.318904623389244080e-03 -1.363805349683389068e-04 -8.344952366314828396e-04 -8.439841330982744694e-04 1.186328753829002380e-02 9.999289512634277344e-01
8.813740685582160950e-03 -1.099144387990236282e-02 1.479370752349495888e-03 1.358273293590173125e-04 1.267625018954277039e-03 9.021618403494358063e-03 9.999585151672363281e-01
1.601717919111251831e-01 -1.937555521726608276e-02 6.703919917345046997e-02 -4.583006724715232849e-02 1.276355236768722534e-02 3.697355836629867554e-02 9.981831908226013184e-01
1.418472081422805786e-01 -2.491905353963375092e-02 6.757331639528274536e-02 -4.398830980062484741e-02 1.685016974806785583e-02 3.247518092393875122e-02 9.983618855476379395e-01
1.237946152687072754e-01 -4.911554977297782898e-02 5.289288237690925598e-02 -4.410555958747863770e-02 1.454010419547557831e-02 4.036376625299453735e-02 9.981052279472351074e-01
1.081187054514884949e-01 -4.619609192013740540e-02 4.905144125223159790e-02 -4.482167586684226990e-02 1.467486377805471420e-02 3.845401108264923096e-02 9.981467723846435547e-01
9.309410303831100464e-02 -4.086885228753089905e-02 4.554355517029762268e-02 -4.202451184391975403e-02 1.555604487657546997e-02 3.532202541828155518e-02 9.983708262443542480e-01
7.853631675243377686e-02 -3.496125712990760803e-02 4.124567657709121704e-02 -3.900152817368507385e-02 1.460961997509002686e-02 2.968651428818702698e-02 9.986912012100219727e-01
6.566064804792404175e-02 -2.697679027915000916e-02 3.523780032992362976e-02 -3.455447033047676086e-02 1.566910557448863983e-02 2.460611984133720398e-02 9.989770054817199707e-01
5.334464088082313538e-02 -1.799129135906696320e-02 2.867793478071689606e-02 -2.912497147917747498e-02 1.532003562897443771e-02 1.652412302792072296e-02 9.993217587471008301e-01
3.946453705430030823e-02 -1.540190167725086212e-02 2.070773765444755554e-02 -2.454104088246822357e-02 1.287344936281442642e-02 1.111746300011873245e-02 9.995540976524353027e-01
2.561490423977375031e-02 -1.150965504348278046e-02 1.413193438202142715e-02 -2.037702314555644989e-02 6.413072813302278519e-03 7.041283417493104935e-03 9.997469782829284668e-01
1.383757963776588440e-02 -6.798646412789821625e-03 6.840076297521591187e-03 -1.548725832253694534e-02 -2.798994537442922592e-04 1.311621046625077724e-03 9.998791813850402832e-01
1.063047628849744797e-02 -2.233957173302769661e-03 5.558250471949577332e-03 -9.303322061896324158e-03 1.374511048197746277e-04 -4.271077457815408707e-03 9.999476075172424316e-01
1.128926035016775131e-02 -3.435348393395543098e-03 7.043703924864530563e-03 -6.144818384200334549e-03 8.880469831638038158e-04 -7.648519705981016159e-03 9.999514818191528320e-01
1.275344286113977432e-02 -5.173165816813707352e-03 7.084678392857313156e-03 -1.770119415596127510e-03 1.143655390478670597e-03 -1.101748645305633545e-02 9.999370574951171875e-01
1.420635171234607697e-02 -6.576958578079938889e-03 7.172921206802129745e-03 1.046331017278134823e-03 1.308332779444754124e-03 -1.371200289577245712e-02 9.999045729637145996e-01
1.455726567655801773e-02 -1.069268211722373962e-02 5.908881779760122299e-03 4.443302284926176071e-03 1.746518188156187534e-03 -1.550295203924179077e-02 9.998684525489807129e-01
1.545722689479589462e-02 -1.257987972348928452e-02 5.897857248783111572e-03 6.664751563221216202e-03 2.244711155071854591e-03 -1.648635044693946838e-02 9.998393654823303223e-01
1.621875353157520294e-02 -1.375202834606170654e-02 7.629842963069677353e-03 8.859386667609214783e-03 2.609247108921408653e-03 -1.732165552675724030e-02 9.998072981834411621e-01
1.743550598621368408e-02 -1.462454069405794144e-02 8.889661170542240143e-03 1.016267575323581696e-02 2.640047576278448105e-03 -1.829202473163604736e-02 9.997775554656982422e-01
1.919848844408988953e-02 -1.571352034807205200e-02 8.823816664516925812e-03 1.155298762023448944e-02 2.562552457675337791e-03 -1.847420260310173035e-02 9.997593164443969727e-01
2.056650444865226746e-02 -1.700991019606590271e-02 9.433649480342864990e-03 1.261287834495306015e-02 2.002529101446270943e-03 -1.735462062060832977e-02 9.997678399085998535e-01
2.353029139339923859e-02 -1.583231613039970398e-02 1.090928167104721069e-02 1.344009675085544586e-02 2.231126418337225914e-03 -1.591127365827560425e-02 9.997805953025817871e-01
2.564781345427036285e-02 -1.712433993816375732e-02 1.062867324799299240e-02 1.417479105293750763e-02 1.642001210711896420e-03 -1.369241159409284592e-02 9.998044371604919434e-01
2.776010707020759583e-02 -1.909867301583290100e-02 9.444530121982097626e-03 1.498074084520339966e-02 4.446330422069877386e-04 -1.080429926514625549e-02 9.998292922973632812e-01
3.117302432656288147e-02 -1.705626398324966431e-02 1.198444981127977371e-02 1.398223452270030975e-02 1.586016151122748852e-04 -7.980845868587493896e-03 9.998703598976135254e-01
3.423348441720008850e-02 -1.674327813088893890e-02 1.271850150078535080e-02 1.371459476649761200e-02 -3.485400811769068241e-04 -4.346089437603950500e-03 9.998964667320251465e-01
3.578450530767440796e-02 -2.065239474177360535e-02 1.199412439018487930e-02 1.323068048804998398e-02 -1.592811080627143383e-03 -7.598754600621759892e-04 9.999108910560607910e-01
3.931835293769836426e-02 -1.878786273300647736e-02 1.485625281929969788e-02 1.121313031762838364e-02 2.046428016910795122e-05 4.835955798625946045e-03 9.999254345893859863e-01
4.209087044000625610e-02 -1.826749183237552643e-02 1.782062649726867676e-02 8.949859999120235443e-03 7.500333595089614391e-05 9.741804562509059906e-03 9.999125003814697266e-01
4.399855807423591614e-02 -2.188779786229133606e-02 1.853794045746326447e-02 5.998776294291019440e-03 -7.288676686584949493e-03 1.493934541940689087e-02 9.998438358306884766e-01
4.760836064815521240e-02 -2.391787618398666382e-02 1.704460941255092621e-02 3.411578247323632240e-03 -1.547874603420495987e-02 1.912127994000911713e-02 9.996915459632873535e-01
4.920383542776107788e-02 -2.774132043123245239e-02 1.821481250226497650e-02 6.432743393816053867e-04 -1.663940958678722382e-02 2.433351613581180573e-02 9.995651841163635254e-01
5.341437086462974548e-02 -2.748195268213748932e-02 1.783368922770023346e-02 -1.739118946716189384e-03 -1.799057237803936005e-02 2.872992120683193207e-02 9.994238018989562988e-01
5.607805773615837097e-02 -2.901234291493892670e-02 1.836688444018363953e-02 -2.920990111306309700e-03 -1.776864938437938690e-02 3.184141218662261963e-02 9.993306994438171387e-01
5.840994417667388916e-02 -3.183996304869651794e-02 1.789025776088237762e-02 -3.680832451209425926e-03 -1.879325509071350098e-02 3.403780236840248108e-02 9.992370605468750000e-01
5.348901450634002686e-02 -3.169023990631103516e-02 1.738058589398860931e-02 -5.431302823126316071e-03 -1.859042420983314514e-02 3.575061634182929993e-02 9.991730451583862305e-01
4.171909019351005554e-02 -2.764809504151344299e-02 1.501526217907667160e-02 -8.368788287043571472e-03 -1.878156885504722595e-02 3.952091559767723083e-02 9.990071654319763184e-01
3.264149650931358337e-02 -2.152652479708194733e-02 8.479651995003223419e-03 -7.729481440037488937e-03 -1.955303736031055450e-02 4.038830101490020752e-02 9.989628195762634277e-01
2.619644440710544586e-02 -1.100063882768154144e-02 5.232103634625673294e-03 -6.250153761357069016e-03 -1.879472099244594574e-02 3.644226863980293274e-02 9.991394281387329102e-01
1.947144605219364166e-02 -4.542550537735223770e-03 5.481692962348461151e-03 -7.857378572225570679e-03 -1.655075885355472565e-02 3.951458632946014404e-02 9.990510344505310059e-01
1.758117601275444031e-02 -3.149212105199694633e-03 7.797900587320327759e-03 -7.765263784676790237e-03 -1.487675495445728302e-02 4.252547398209571838e-02 9.989544153213500977e-01
1.899300701916217804e-02 -3.182294080033898354e-03 5.857651587575674057e-03 -7.106946315616369247e-03 -1.583647355437278748e-02 4.091666638851165771e-02 9.990117549896240234e-01
1.897340640425682068e-02 1.239791628904640675e-03 9.010557085275650024e-03 -6.792583968490362167e-03 -1.207251567393541336e-02 3.890109807252883911e-02 9.991470575332641602e-01
2.172380499541759491e-02 -4.339727747719734907e-04 4.718160256743431091e-03 -7.183898705989122391e-03 -1.326845120638608932e-02 3.667790442705154419e-02 9.992132186889648438e-01
2.288692072033882141e-02 -9.769252501428127289e-04 6.065291818231344223e-03 -5.872313864529132843e-03 -1.025679614394903183e-02 3.532467782497406006e-02 9.993060231208801270e-01
2.473355643451213837e-02 4.903063178062438965e-03 3.047851147130131721e-03 -4.561986308544874191e-03 -8.718259632587432861e-03 3.140777722001075745e-02 9.994581937789916992e-01
2.645512856543064117e-02 1.683489244896918535e-04 7.022666744887828827e-03 -3.392338752746582031e-03 -4.747376777231693268e-03 2.904732152819633484e-02 9.995610117912292480e-01
2.724489569664001465e-02 -1.140814041718840599e-03 5.600315984338521957e-03 -1.808273722417652607e-03 -2.074915915727615356e-03 2.283496595919132233e-02 9.997354745864868164e-01
1.912145502865314484e-02 -1.936115138232707977e-02 5.381160415709018707e-03 -6.903241155669093132e-04 1.984742470085620880e-03 2.132053114473819733e-02 9.997704625129699707e-01
