-4.452462308108806610e-03 9.506114125251770020e-01 -2.659993059933185577e-02
-1.007461268454790115e-02 8.746374845504760742e-01 -1.780860126018524170e-02
-1.446396205574274063e-02 7.976590991020202637e-01 -9.286782704293727875e-03
-1.866159774363040924e-02 7.198458909988403320e-01 -3.609154606238007545e-03
-2.120032720267772675e-02 6.413857340812683105e-01 2.272101351991295815e-03
-2.242761850357055664e-02 5.624097585678100586e-01 7.439472246915102005e-03
-2.229783311486244202e-02 4.832647144794464111e-01 1.239990629255771637e-02
-2.067732997238636017e-02 4.032607078552246094e-01 1.705699972808361053e-02
-1.763754151761531830e-02 3.244059085845947266e-01 2.154360339045524597e-02
-1.351970713585615158e-02 2.423994094133377075e-01 2.592752501368522644e-02
-7.677854038774967194e-03 1.670640408992767334e-01 3.021243587136268616e-02
-1.419133739545941353e-03 7.441262155771255493e-02 3.601382672786712646e-02
4.085509106516838074e-03 3.219990432262420654e-02 3.833117336034774780e-02
9.280895814299583435e-03 5.435254797339439392e-02 3.680388256907463074e-02
1.378158014267683029e-02 5.560728535056114197e-02 3.669715300202369690e-02
1.779394969344139099e-02 6.659209728240966797e-02 3.609239682555198669e-02
2.113438025116920471e-02 7.435165345668792725e-02 3.574942424893379211e-02
2.373798377811908722e-02 8.428940922021865845e-02 3.530693426728248596e-02
2.572546713054180145e-02 9.418992698192596436e-02 3.489268198609352112e-02
2.705314382910728455e-02 1.049495115876197815e-01 3.444085270166397095e-02
2.784999087452888489e-02 1.162533685564994812e-01 3.393717855215072632e-02
2.816223539412021637e-02 1.282374560832977295e-01 3.348772972822189331e-02
2.789364382624626160e-02 1.409747153520584106e-01 3.281426057219505310e-02
2.745304629206657410e-02 1.545024365186691284e-01 3.265419974923133850e-02
2.674746513366699219e-02 1.687337607145309448e-01 3.266697004437446594e-02
2.552381157875061035e-02 1.837882399559020996e-01 3.207991644740104675e-02
2.409713529050350189e-02 1.995933055877685547e-01 3.178145736455917358e-02
2.237625047564506531e-02 2.162940353155136108e-01 3.147796168923377991e-02
2.047584019601345062e-02 2.336138784885406494e-01 3.141489624977111816e-02
1.815506070852279663e-02 2.520289123058319092e-01 3.139978274703025818e-02
1.557949557900428772e-02 2.704086601734161377e-01 3.196083009243011475e-02
1.254679169505834579e-02 2.900983095169067383e-01 3.270256891846656799e-02
9.208583272993564606e-03 3.084078133106231689e-01 3.336123377084732056e-02
5.966048687696456909e-03 3.286874592304229736e-01 3.430968150496482849e-02
2.757536014541983604e-03 3.409101665019989014e-01 3.592743352055549622e-02
-4.032808355987071991e-04 3.691084384918212891e-01 3.677659109234809875e-02
-3.386302385479211807e-03 3.501363992691040039e-01 4.070578515529632568e-02
-6.177656818181276321e-03 2.713330388069152832e-01 4.845461994409561157e-02
-8.525718003511428833e-03 2.094961851835250854e-01 5.518671870231628418e-02
-1.021035946905612946e-02 1.437273621559143066e-01 6.214743852615356445e-02
-1.128528825938701630e-02 6.794568151235580444e-02 6.962914764881134033e-02
-1.137705706059932709e-02 2.472655288875102997e-02 7.492098957300186157e-02
-1.044715382158756256e-02 2.729929611086845398e-02 7.713472843170166016e-02
-8.458536118268966675e-03 1.327826920896768570e-02 8.008987456560134888e-02
-5.317483097314834595e-03 6.266558542847633362e-03 8.226966857910156250e-02
-9.192740544676780701e-04 -5.641905590891838074e-03 8.436856418848037720e-02
4.723480902612209320e-03 -1.264293957501649857e-02 8.576834946870803833e-02
1.159663777798414230e-02 -2.935447543859481812e-02 8.737690746784210205e-02
1.979430764913558960e-02 -2.118561603128910065e-02 8.706217259168624878e-02
2.914484590291976929e-02 1.916742697358131409e-02 8.442932367324829102e-02
3.979370370507240295e-02 4.840919747948646545e-02 8.219202607870101929e-02
