0.000000000000000000e+00 0.000000000000000000e+00 0.000000000000000000e+00 -5.881095957449566924e-12 -1.090807305592633725e-11 4.166701705887732032e-13 1.000000119209289551e+00
8.481965214014053345e-02 -2.530963532626628876e-02 2.261895686388015747e-02 -1.327361352741718292e-02 9.946602396667003632e-03 1.715832017362117767e-02 9.997151494026184082e-01
1.626283824443817139e-01 -4.916280508041381836e-02 4.274002835154533386e-02 -2.617191895842552185e-02 1.784552074968814850e-02 3.119923174381256104e-02 9.990112185478210449e-01
2.350384294986724854e-01 -6.651526689529418945e-02 5.909955874085426331e-02 -4.064270853996276855e-02 2.540803886950016022e-02 4.454791918396949768e-02 9.978567957878112793e-01
3.010319471359252930e-01 -7.992446422576904297e-02 7.180464267730712891e-02 -5.583932250738143921e-02 3.328006342053413391e-02 5.896655842661857605e-02 9.961412549018859863e-01
3.603291213512420654e-01 -8.856977522373199463e-02 8.181487023830413818e-02 -7.049712538719177246e-02 4.096992313861846924e-02 7.093779742717742920e-02 9.941426515579223633e-01
4.126565158367156982e-01 -9.226521104574203491e-02 8.951306343078613281e-02 -8.416994661092758179e-02 4.894749820232391357e-02 7.987667620182037354e-02 9.920380115509033203e-01
4.574058949947357178e-01 -9.241848438978195190e-02 9.523525834083557129e-02 -9.663061052560806274e-02 5.609042942523956299e-02 8.517540246248245239e-02 9.900816679000854492e-01
4.944016039371490479e-01 -9.096153080463409424e-02 9.951564669609069824e-02 -1.083315238356590271e-01 6.297657638788223267e-02 8.771999925374984741e-02 9.882324337959289551e-01
5.234898328781127930e-01 -8.839126676321029663e-02 1.025610566139221191e-01 -1.173596084117889404e-01 6.884285807609558105e-02 8.710424602031707764e-02 9.868638515472412109e-01
5.447846055030822754e-01 -8.622426539659500122e-02 1.043915227055549622e-01 -1.252709329128265381e-01 7.398153096437454224e-02 8.543652296066284180e-02 9.856645464897155762e-01
5.577712059020996094e-01 -8.284798264503479004e-02 1.055203899741172791e-01 -1.327450275421142578e-01 7.610192149877548218e-02 8.214038610458374023e-02 9.848047494888305664e-01
5.632424354553222656e-01 -8.150053769350051880e-02 1.058561503887176514e-01 -1.399664282798767090e-01 7.621759176254272461e-02 7.891563326120376587e-02 9.840592741966247559e-01
5.694401264190673828e-01 -8.076179027557373047e-02 1.067022904753684998e-01 -1.430139839649200439e-01 7.538024336099624634e-02 7.277700304985046387e-02 9.841587543487548828e-01
5.763620138168334961e-01 -8.117190003395080566e-02 1.078521683812141418e-01 -1.429884433746337891e-01 7.404885441064834595e-02 6.513839215040206909e-02 9.847985506057739258e-01
5.840749144554138184e-01 -8.206720650196075439e-02 1.091471016407012939e-01 -1.398744136095046997e-01 7.286528497934341431e-02 5.494632199406623840e-02 9.859548211097717285e-01
5.926968455314636230e-01 -8.317922800779342651e-02 1.106883883476257324e-01 -1.351995170116424561e-01 7.117681205272674561e-02 4.313031211495399475e-02 9.873170852661132812e-01
6.022796630859375000e-01 -8.456076681613922119e-02 1.124779731035232544e-01 -1.288336068391799927e-01 6.931425631046295166e-02 2.961707487702369690e-02 9.887974858283996582e-01
6.128193736076354980e-01 -8.639057725667953491e-02 1.147666200995445251e-01 -1.211543157696723938e-01 6.740757822990417480e-02 1.503754686564207077e-02 9.902282357215881348e-01
6.243781447410583496e-01 -8.878900110721588135e-02 1.173917427659034729e-01 -1.114155799150466919e-01 6.501237303018569946e-02 -8.029110613279044628e-04 9.916447997093200684e-01
6.370366811752319336e-01 -9.181506931781768799e-02 1.202164515852928162e-01 -1.000195667147636414e-01 6.271733343601226807e-02 -1.780882664024829865e-02 9.928472638130187988e-01
6.507572531700134277e-01 -9.570151567459106445e-02 1.234188526868820190e-01 -8.731191605329513550e-02 6.019519269466400146e-02 -3.523473069071769714e-02 9.937363266944885254e-01
6.655626296997070312e-01 -1.005939245223999023e-01 1.269275844097137451e-01 -7.272584736347198486e-02 5.738562718033790588e-02 -5.230709165334701538e-02 9.943248629570007324e-01
6.815462708473205566e-01 -1.064481884241104126e-01 1.307566463947296143e-01 -5.752192437648773193e-02 5.463776737451553345e-02 -6.928335875272750854e-02 9.944375157356262207e-01
6.985670924186706543e-01 -1.137317419052124023e-01 1.349237412214279175e-01 -4.160777479410171509e-02 5.178263410925865173e-02 -8.424909412860870361e-02 9.942281246185302734e-01
7.165737152099609375e-01 -1.226384118199348450e-01 1.395257860422134399e-01 -2.619998715817928314e-02 4.952597245573997498e-02 -9.616358578205108643e-02 9.937874078750610352e-01
7.352315783500671387e-01 -1.338886916637420654e-01 1.443467736244201660e-01 -1.140132453292608261e-02 4.768871143460273743e-02 -1.031651049852371216e-01 9.934550523757934570e-01
7.548527717590332031e-01 -1.469088345766067505e-01 1.494838595390319824e-01 2.176224952563643456e-03 4.634976387023925781e-02 -1.059728339314460754e-01 9.932858347892761230e-01
7.756810188293457031e-01 -1.615260541439056396e-01 1.547189652919769287e-01 1.416411250829696655e-02 4.492513835430145264e-02 -1.060732007026672363e-01 9.932420253753662109e-01
7.980548143386840820e-01 -1.773826926946640015e-01 1.600638628005981445e-01 2.315421029925346375e-02 4.462993144989013672e-02 -1.026933938264846802e-01 9.934415817260742188e-01
8.223502635955810547e-01 -1.939620524644851685e-01 1.658484190702438354e-01 2.700107730925083160e-02 4.516672343015670776e-02 -9.526363760232925415e-02 9.940603375434875488e-01
8.488916754722595215e-01 -2.106261253356933594e-01 1.723822951316833496e-01 2.610463835299015045e-02 4.279482364654541016e-02 -8.578681200742721558e-02 9.950517416000366211e-01
8.780007362365722656e-01 -2.269665598869323730e-01 1.791665554046630859e-01 2.493495494127273560e-02 4.083854705095291138e-02 -7.521767914295196533e-02 9.960184693336486816e-01
9.096879959106445312e-01 -2.425556927919387817e-01 1.863557994365692139e-01 2.349640987813472748e-02 3.866427019238471985e-02 -6.452997028827667236e-02 9.968896508216857910e-01
9.431143999099731445e-01 -2.587426602840423584e-01 1.938490569591522217e-01 2.216436341404914856e-02 3.640640154480934143e-02 -5.371114239096641541e-02 9.976464509963989258e-01
9.782183170318603516e-01 -2.754971683025360107e-01 2.016962170600891113e-01 2.072040922939777374e-02 3.352658450603485107e-02 -4.242374747991561890e-02 9.983220696449279785e-01
1.014888405799865723e+00 -2.925221920013427734e-01 2.100682556629180908e-01 1.747062616050243378e-02 3.127440065145492554e-02 -2.867162413895130157e-02 9.989468455314636230e-01
1.048132777214050293e+00 -3.018019795417785645e-01 2.175321727991104126e-01 1.630511134862899780e-02 2.905810065567493439e-02 -1.988712698221206665e-02 9.992468357086181641e-01
1.075990200042724609e+00 -2.985359430313110352e-01 2.240870445966720581e-01 1.702090352773666382e-02 2.662252634763717651e-02 -1.711742393672466278e-02 9.993541240692138672e-01
1.096486449241638184e+00 -2.927333116531372070e-01 2.293262034654617310e-01 1.727314479649066925e-02 2.464396506547927856e-02 -1.451500877737998962e-02 9.994416832923889160e-01
1.110741496086120605e+00 -2.883413434028625488e-01 2.333511561155319214e-01 1.691736653447151184e-02 2.292292565107345581e-02 -1.035589352250099182e-02 9.995405077934265137e-01
1.119021177291870117e+00 -2.854868471622467041e-01 2.359023690223693848e-01 1.699740439653396606e-02 2.115327306091785431e-02 -5.177185870707035065e-03 9.996184110641479492e-01
1.126788496971130371e+00 -2.828272879123687744e-01 2.382397204637527466e-01 1.687709614634513855e-02 1.958949863910675049e-02 2.740275813266634941e-04 9.996657371520996094e-01
1.133847475051879883e+00 -2.802791893482208252e-01 2.404274195432662964e-01 1.688117720186710358e-02 1.817661337554454803e-02 5.592180415987968445e-03 9.996767044067382812e-01
1.140210032463073730e+00 -2.778981328010559082e-01 2.423947900533676147e-01 1.667911559343338013e-02 1.698431558907032013e-02 1.079084910452365875e-02 9.996584057807922363e-01
1.145869851112365723e+00 -2.758159637451171875e-01 2.441283464431762695e-01 1.630321331322193146e-02 1.601826958358287811e-02 1.606043800711631775e-02 9.996097683906555176e-01
1.150699615478515625e+00 -2.739043831825256348e-01 2.456185966730117798e-01 1.612640731036663055e-02 1.510023791342973709e-02 2.088102512061595917e-02 9.995378255844116211e-01
1.154777884483337402e+00 -2.722953259944915771e-01 2.468930780887603760e-01 1.618346758186817169e-02 1.457554195076227188e-02 2.510242722928524017e-02 9.994476437568664551e-01
1.157915949821472168e+00 -2.709878981113433838e-01 2.478695958852767944e-01 1.630463823676109314e-02 1.419995538890361786e-02 2.895475924015045166e-02 9.993469715118408203e-01
1.163138151168823242e+00 -2.691614329814910889e-01 2.492870837450027466e-01 1.669173128902912140e-02 1.418228726834058762e-02 3.129122406244277954e-02 9.992703199386596680e-01
1.171521306037902832e+00 -2.671667337417602539e-01 2.512403726577758789e-01 1.940526068210601807e-02 1.445088908076286316e-02 2.973632887005805969e-02 9.992648959159851074e-01
1.336173772811889648e+00 -3.071755468845367432e-01 2.903636097908020020e-01 -4.898724146187305450e-03 2.436687424778938293e-02 6.114486604928970337e-02 9.978194832801818848e-01
1.490343451499938965e+00 -3.362401425838470459e-01 3.219076097011566162e-01 -2.994433604180812836e-02 3.708525747060775757e-02 8.513252437114715576e-02 9.952288866043090820e-01
1.632235646247863770e+00 -3.521636724472045898e-01 3.454292714595794678e-01 -5.845410749316215515e-02 4.973780736327171326e-02 1.116961017251014709e-01 9.907741546630859375e-01
1.760310173034667969e+00 -3.578208088874816895e-01 3.619482219219207764e-01 -8.723463863134384155e-02 6.276278197765350342e-02 1.367305368185043335e-01 9.847618341445922852e-01
1.873326182365417480e+00 -3.514423668384552002e-01 3.727734982967376709e-01 -1.142838522791862488e-01 7.616497576236724854e-02 1.560556143522262573e-01 9.781538248062133789e-01
1.970386981964111328e+00 -3.384698927402496338e-01 3.782855272293090820e-01 -1.401472538709640503e-01 8.887924253940582275e-02 1.697654426097869873e-01 9.714108705520629883e-01
2.051027774810791016e+00 -3.217857778072357178e-01 3.803437650203704834e-01 -1.639371216297149658e-01 1.002066209912300110e-01 1.771435886621475220e-01 9.652479290962219238e-01
2.115516185760498047e+00 -3.050673902034759521e-01 3.799965381622314453e-01 -1.846035420894622803e-01 1.104477643966674805e-01 1.786906421184539795e-01 9.601002931594848633e-01
2.164301395416259766e+00 -2.909459769725799561e-01 3.782176077365875244e-01 -2.019798457622528076e-01 1.190742850303649902e-01 1.765556782484054565e-01 9.559569954872131348e-01
2.197096586227416992e+00 -2.792096436023712158e-01 3.760440349578857422e-01 -2.180314809083938599e-01 1.244440376758575439e-01 1.723010689020156860e-01 9.525168538093566895e-01
2.214353799819946289e+00 -2.712658047676086426e-01 3.742489516735076904e-01 -2.329332828521728516e-01 1.248961985111236572e-01 1.666853576898574829e-01 9.499258995056152344e-01
2.225529909133911133e+00 -2.671695053577423096e-01 3.735654652118682861e-01 -2.436411231756210327e-01 1.225789263844490051e-01 1.584757119417190552e-01 9.489462971687316895e-01
2.238525152206420898e+00 -2.644232809543609619e-01 3.738416731357574463e-01 -2.472127377986907959e-01 1.190829724073410034e-01 1.455561369657516479e-01 9.505359530448913574e-01
2.253323793411254883e+00 -2.631006836891174316e-01 3.748413324356079102e-01 -2.449263334274291992e-01 1.153800189495086670e-01 1.284009069204330444e-01 9.540502429008483887e-01
2.269947767257690430e+00 -2.624373435974121094e-01 3.762963712215423584e-01 -2.383332997560501099e-01 1.107570827007293701e-01 1.067989692091941833e-01 9.589182138442993164e-01
2.288511753082275391e+00 -2.622701823711395264e-01 3.783132135868072510e-01 -2.285129427909851074e-01 1.054794043302536011e-01 8.200780302286148071e-02 9.643292427062988281e-01
2.309061765670776367e+00 -2.630988359451293945e-01 3.813021481037139893e-01 -2.159861326217651367e-01 9.983566403388977051e-02 5.448232591152191162e-02 9.697498083114624023e-01
2.331626176834106445e+00 -2.652668952941894531e-01 3.853671550750732422e-01 -1.996618658304214478e-01 9.352724999189376831e-02 2.434667572379112244e-02 9.750872850418090820e-01
2.356236934661865234e+00 -2.692947387695312500e-01 3.902350664138793945e-01 -1.792770326137542725e-01 8.667573332786560059e-02 -8.456276729702949524e-03 9.799365401268005371e-01
2.382819175720214844e+00 -2.756381630897521973e-01 3.959931135177612305e-01 -1.559532284736633301e-01 7.974951714277267456e-02 -4.296153411269187927e-02 9.836021065711975098e-01
2.411149978637695312e+00 -2.849422395229339600e-01 4.028346836566925049e-01 -1.294083893299102783e-01 7.194006443023681641e-02 -7.729095965623855591e-02 9.859535098075866699e-01
2.441146850585937500e+00 -2.974722981452941895e-01 4.106058776378631592e-01 -1.004264205694198608e-01 6.421633064746856689e-02 -1.108986437320709229e-01 9.866572022438049316e-01
2.472553730010986328e+00 -3.137728273868560791e-01 4.192110896110534668e-01 -6.971725821495056152e-02 5.601695552468299866e-02 -1.424094438552856445e-01 9.857591986656188965e-01
2.504884481430053711e+00 -3.345367610454559326e-01 4.286700785160064697e-01 -3.884971514344215393e-02 4.848415404558181763e-02 -1.686936765909194946e-01 9.837085604667663574e-01
2.537467002868652344e+00 -3.605566024780273438e-01 4.387627542018890381e-01 -8.942444808781147003e-03 4.190132394433021545e-02 -1.872763782739639282e-01 9.813725352287292480e-01
2.570380449295043945e+00 -3.916845321655273438e-01 4.488159120082855225e-01 1.925656013190746307e-02 3.636071830987930298e-02 -1.964242458343505859e-01 9.796554446220397949e-01
2.604443073272705078e+00 -4.270088672637939453e-01 4.588017761707305908e-01 4.459934681653976440e-02 3.141278028488159180e-02 -1.992127001285552979e-01 9.784367680549621582e-01
2.640500068664550781e+00 -4.659496843814849854e-01 4.683104455471038818e-01 6.529062986373901367e-02 2.771718055009841919e-02 -1.956262737512588501e-01 9.781101346015930176e-01
2.679841518402099609e+00 -5.073862075805664062e-01 4.777647554874420166e-01 7.817198336124420166e-02 2.678098157048225403e-02 -1.845993995666503906e-01 9.793340563774108887e-01
2.723743200302124023e+00 -5.498265027999877930e-01 4.883881211280822754e-01 7.991745322942733765e-02 2.399606443941593170e-02 -1.679283082485198975e-01 9.822614192962646484e-01
2.772862911224365234e+00 -5.922960042953491211e-01 5.005443692207336426e-01 7.748879492282867432e-02 1.899150200188159943e-02 -1.491636931896209717e-01 9.855887293815612793e-01
2.828122377395629883e+00 -6.332235932350158691e-01 5.140897035598754883e-01 7.424747198820114136e-02 1.418775692582130432e-02 -1.291680485010147095e-01 9.887374639511108398e-01
2.888205289840698242e+00 -6.735802292823791504e-01 5.291309356689453125e-01 7.069126516580581665e-02 9.126625955104827881e-03 -1.085926070809364319e-01 9.915277361869812012e-01
2.952342748641967773e+00 -7.140635251998901367e-01 5.453564524650573730e-01 6.742611527442932129e-02 3.215954639017581940e-03 -8.812812715768814087e-02 9.938193559646606445e-01
3.020066499710083008e+00 -7.546834945678710938e-01 5.633314847946166992e-01 6.210125982761383057e-02 -2.853869693353772163e-03 -6.449273973703384399e-02 9.959799647331237793e-01
3.087075710296630859e+00 -7.859939336776733398e-01 5.819777250289916992e-01 5.673765391111373901e-02 -8.191577158868312836e-03 -4.327358305454254150e-02 9.974173307418823242e-01
3.147053003311157227e+00 -7.953498959541320801e-01 6.004278063774108887e-01 5.609325319528579712e-02 -1.310038752853870392e-02 -3.212617710232734680e-02 9.978225827217102051e-01
3.194298028945922852e+00 -7.883464694023132324e-01 6.167358160018920898e-01 5.637231469154357910e-02 -1.730452291667461395e-02 -2.684842236340045929e-02 9.978988170623779297e-01
3.228402853012084961e+00 -7.800477147102355957e-01 6.297191977500915527e-01 5.563653260469436646e-02 -2.077847160398960114e-02 -2.019241452217102051e-02 9.980306625366210938e-01
3.250238180160522461e+00 -7.737004160881042480e-01 6.388584375381469727e-01 5.495166778564453125e-02 -2.442567795515060425e-02 -1.116150338202714920e-02 9.981278777122497559e-01
3.265792846679687500e+00 -7.687418460845947266e-01 6.456418037414550781e-01 5.454109236598014832e-02 -2.804864197969436646e-02 -6.315128412097692490e-04 9.981173872947692871e-01
3.280057430267333984e+00 -7.638972401618957520e-01 6.519765257835388184e-01 5.382926762104034424e-02 -3.126830980181694031e-02 1.000375859439373016e-02 9.980104565620422363e-01
3.292884588241577148e+00 -7.591049671173095703e-01 6.578330993652343750e-01 5.324573814868927002e-02 -3.418167307972908020e-02 2.034768089652061462e-02 9.977889060974121094e-01
3.304325580596923828e+00 -7.546970844268798828e-01 6.630933880805969238e-01 5.198557302355766296e-02 -3.659399598836898804e-02 3.072576969861984253e-02 9.975041151046752930e-01
3.314254760742187500e+00 -7.506042718887329102e-01 6.676966547966003418e-01 5.088637396693229675e-02 -3.879912942647933960e-02 4.077414795756340027e-02 9.971172213554382324e-01
3.322602272033691406e+00 -7.469251751899719238e-01 6.716623306274414062e-01 5.016847699880599976e-02 -4.039082676172256470e-02 4.973172023892402649e-02 9.966837763786315918e-01
3.329410791397094727e+00 -7.438296675682067871e-01 6.749035120010375977e-01 4.971079155802726746e-02 -4.147088900208473206e-02 5.799428001046180725e-02 9.962157011032104492e-01
3.337077617645263672e+00 -7.403954267501831055e-01 6.784041523933410645e-01 4.975628852844238281e-02 -4.202727600932121277e-02 6.435626000165939331e-02 9.957993626594543457e-01
3.349945783615112305e+00 -7.359306216239929199e-01 6.835220456123352051e-01 5.199056491255760193e-02 -4.154267534613609314e-02 6.625296920537948608e-02 9.955811500549316406e-01
