-4.452462308108806610e-03 9.506114125251770020e-01 -2.659993059933185577e-02
-1.257581077516078949e-02 8.747209906578063965e-01 -2.088897675275802612e-02
-1.934060640633106232e-02 7.978221774101257324e-01 -1.535251364111900330e-02
-2.581191807985305786e-02 7.200849652290344238e-01 -1.256564259529113770e-02
-3.054489009082317352e-02 6.416965126991271973e-01 -9.473516605794429779e-03
-3.387662023305892944e-02 5.627872943878173828e-01 -7.000092882663011551e-03
-3.575231879949569702e-02 4.837039709091186523e-01 -4.644259344786405563e-03
-3.602986410260200500e-02 4.037578403949737549e-01 -2.506659599021077156e-03
-3.477596864104270935e-02 3.249587416648864746e-01 -4.543801769614219666e-04
-3.233433142304420471e-02 2.430060803890228271e-01 1.584121724590659142e-03
-2.806677110493183136e-02 1.677212566137313843e-01 3.610974643379449844e-03
-2.328758500516414642e-02 7.511587440967559814e-02 7.238404825329780579e-03
-1.916768401861190796e-02 3.294556215405464172e-02 7.463497109711170197e-03
-1.526006311178207397e-02 5.513792857527732849e-02 3.924836870282888412e-03
-1.195064000785350800e-02 5.642908811569213867e-02 1.886356156319379807e-03
-9.033180773258209229e-03 6.744721531867980957e-02 -5.725544178858399391e-04
-6.696503143757581711e-03 7.523540407419204712e-02 -2.691628644242882729e-03
-5.011143628507852554e-03 8.519525825977325439e-02 -4.831749480217695236e-03
-3.858563955873250961e-03 9.511124342679977417e-02 -6.867969408631324768e-03
-3.286541905254125595e-03 1.058788672089576721e-01 -8.868297562003135681e-03
-3.170494455844163895e-03 1.171839609742164612e-01 -1.084817759692668915e-02
-3.466597292572259903e-03 1.291628330945968628e-01 -1.270282268524169922e-02
-4.273479338735342026e-03 1.418891251087188721e-01 -1.471148245036602020e-02
-5.184659268707036972e-03 1.554013341665267944e-01 -1.613873429596424103e-02
-6.302148103713989258e-03 1.696135103702545166e-01 -1.732368208467960358e-02
-7.881335914134979248e-03 1.846459805965423584e-01 -1.903989911079406738e-02
-9.603057056665420532e-03 2.004271596670150757e-01 -2.040079981088638306e-02
-1.156730577349662781e-02 2.171028256416320801e-01 -2.169925905764102936e-02
-1.366263069212436676e-02 2.343968451023101807e-01 -2.269154414534568787e-02
-1.612990349531173706e-02 2.527860999107360840e-01 -2.357313409447669983e-02
-1.880992390215396881e-02 2.711401283740997314e-01 -2.381976321339607239e-02
-2.191743627190589905e-02 2.908047139644622803e-01 -2.382449992001056671e-02
-2.530950680375099182e-02 3.090904653072357178e-01 -2.385061234235763550e-02
-2.858752384781837463e-02 3.293484151363372803e-01 -2.352287620306015015e-02
-3.181000053882598877e-02 3.415523469448089600e-01 -2.245890721678733826e-02
-3.496594727039337158e-02 3.697353005409240723e-01 -2.209625020623207092e-02
-3.792798146605491638e-02 3.507510721683502197e-01 -1.858842931687831879e-02
-4.068852216005325317e-02 2.719378769397735596e-01 -1.120453607290983200e-02
-4.300254583358764648e-02 2.100937217473983765e-01 -4.789330530911684036e-03
-4.463341087102890015e-02 1.443318277597427368e-01 1.901590265333652496e-03
-4.563019424676895142e-02 6.857042759656906128e-02 9.156728163361549377e-03
-4.563844949007034302e-02 2.537342533469200134e-02 1.425427664071321487e-02
-4.463044181466102600e-02 2.796417847275733948e-02 1.630299910902976990e-02
-4.256805405020713806e-02 1.395930722355842590e-02 1.911631040275096893e-02
-3.935654833912849426e-02 6.965884007513523102e-03 2.117979899048805237e-02
-3.489559888839721680e-02 -4.926388151943683624e-03 2.319148741662502289e-02
-2.919630520045757294e-02 -1.190927624702453613e-02 2.453192323446273804e-02
-2.227619104087352753e-02 -2.860452607274055481e-02 2.610165253281593323e-02
-1.404487527906894684e-02 -2.042163163423538208e-02 2.576892822980880737e-02
-4.682356491684913635e-03 1.993540674448013306e-02 2.313130907714366913e-02
5.966633092612028122e-03 4.917713254690170288e-02 2.089398168027400970e-02
