0.000000000000000000e+00 0.000000000000000000e+00 0.000000000000000000e+00 9.013779306288327575e-13 9.876709096846153502e-15 6.909034976076977586e-14 9.999998807907104492e-01
9.084270894527435303e-02 6.247252225875854492e-03 -7.783774286508560181e-03 -1.808182150125503540e-02 -4.053879820276051760e-05 1.700661517679691315e-02 9.996917843818664551e-01
1.746475845575332642e-01 9.930031374096870422e-03 -7.946442812681198120e-03 -3.618140518665313721e-02 2.551185898482799530e-03 3.254714980721473694e-02 9.988116621971130371e-01
2.507588863372802734e-01 1.051173917949199677e-02 -6.024248898029327393e-03 -5.454543605446815491e-02 5.831891670823097229e-03 4.708292707800865173e-02 9.973835945129394531e-01
3.187981843948364258e-01 4.025332164019346237e-03 6.351638585329055786e-04 -7.435702532529830933e-02 1.090229395776987076e-02 6.293351203203201294e-02 9.951841235160827637e-01
3.790703117847442627e-01 -3.058185335248708725e-03 2.739978954195976257e-03 -9.272637963294982910e-02 1.500398945063352585e-02 7.638096064329147339e-02 9.926441907882690430e-01
4.313192963600158691e-01 -1.178094651550054550e-02 3.800502046942710876e-03 -1.094751954078674316e-01 1.875473186373710632e-02 8.784088492393493652e-02 9.899230003356933594e-01
4.756160378456115723e-01 -2.016594447195529938e-02 4.185415804386138916e-03 -1.247940883040428162e-01 2.237972803413867950e-02 9.670231491327285767e-02 9.872051477432250977e-01
5.123766660690307617e-01 -2.655841037631034851e-02 4.872873425483703613e-03 -1.387740075588226318e-01 2.639464102685451508e-02 1.035828068852424622e-01 9.845382571220397949e-01
5.409522056579589844e-01 -3.259009122848510742e-02 2.063369378447532654e-03 -1.506129205226898193e-01 2.910965308547019958e-02 1.082347929477691650e-01 9.822186827659606934e-01
5.619069933891296387e-01 -3.722202777862548828e-02 6.797835230827331543e-04 -1.607214063405990601e-01 3.259300068020820618e-02 1.114398241043090820e-01 9.801466464996337891e-01
5.744012594223022461e-01 -4.139811918139457703e-02 -1.922378316521644592e-03 -1.688941717147827148e-01 2.957691997289657593e-02 1.132965460419654846e-01 9.786540269851684570e-01
5.789885520935058594e-01 -4.403974860906600952e-02 -3.874629735946655273e-03 -1.753899753093719482e-01 2.821089699864387512e-02 1.129425242543220520e-01 9.775921702384948730e-01
5.850979089736938477e-01 -4.479955881834030151e-02 -5.479712039232254028e-03 -1.792783141136169434e-01 2.722376212477684021e-02 1.093367114663124084e-01 9.773246645927429199e-01
5.916301012039184570e-01 -4.628989845514297485e-02 -7.628291845321655273e-03 -1.814693510532379150e-01 2.592395059764385223e-02 1.042016595602035522e-01 9.775165915489196777e-01
5.982287526130676270e-01 -4.946025833487510681e-02 -1.043405383825302124e-02 -1.820653527975082397e-01 2.438016049563884735e-02 9.676250070333480835e-02 9.782099723815917969e-01
6.061527132987976074e-01 -5.226696282625198364e-02 -1.313827186822891235e-02 -1.809615045785903931e-01 2.257680706679821014e-02 8.833844959735870361e-02 9.792546033859252930e-01
6.142843365669250488e-01 -5.687518045306205750e-02 -1.634921506047248840e-02 -1.784709692001342773e-01 2.079543471336364746e-02 7.837051898241043091e-02 9.805986285209655762e-01
6.238758563995361328e-01 -6.069632992148399353e-02 -1.995887979865074158e-02 -1.746226996183395386e-01 1.892223767936229706e-02 6.758135557174682617e-02 9.821311235427856445e-01
6.345877051353454590e-01 -6.480623781681060791e-02 -2.375137805938720703e-02 -1.694529354572296143e-01 1.695061847567558289e-02 5.620761960744857788e-02 9.837880730628967285e-01
6.463803052902221680e-01 -6.926737725734710693e-02 -2.801584824919700623e-02 -1.636035889387130737e-01 1.494435407221317291e-02 4.428570717573165894e-02 9.854183197021484375e-01
6.593543887138366699e-01 -7.426799833774566650e-02 -3.251088410615921021e-02 -1.570332050323486328e-01 1.316832005977630615e-02 3.246831521391868591e-02 9.869715571403503418e-01
6.735735535621643066e-01 -7.953137159347534180e-02 -3.756602853536605835e-02 -1.493830531835556030e-01 1.139256823807954788e-02 2.124275267124176025e-02 9.884854555130004883e-01
6.897761821746826172e-01 -8.428195118904113770e-02 -4.201083630323410034e-02 -1.411938071250915527e-01 9.650831110775470734e-03 1.033926010131835938e-02 9.898809194564819336e-01
7.068799138069152832e-01 -9.029366075992584229e-02 -4.760807752609252930e-02 -1.325698643922805786e-01 7.634847890585660934e-03 4.489442799240350723e-04 9.911441206932067871e-01
7.258850336074829102e-01 -9.697763621807098389e-02 -5.197180062532424927e-02 -1.239459216594696045e-01 5.522221792489290237e-03 -7.565436884760856628e-03 9.922447800636291504e-01
7.472826838493347168e-01 -1.028992831707000732e-01 -5.417428165674209595e-02 -1.157677546143531799e-01 3.760487074032425880e-03 -1.380806323140859604e-02 9.931731820106506348e-01
7.701430320739746094e-01 -1.103795915842056274e-01 -5.582470446825027466e-02 -1.077729910612106323e-01 1.800784142687916756e-03 -1.783983595669269562e-02 9.940137863159179688e-01
7.950025796890258789e-01 -1.178774684667587280e-01 -5.497972667217254639e-02 -1.005861386656761169e-01 7.713349768891930580e-04 -1.993125490844249725e-02 9.947283864021301270e-01
8.216232657432556152e-01 -1.258917301893234253e-01 -5.261276662349700928e-02 -9.422344714403152466e-02 4.072352312505245209e-04 -1.922236755490303040e-02 9.953653216361999512e-01
8.500587344169616699e-01 -1.331596523523330688e-01 -4.638788849115371704e-02 -8.966304361820220947e-02 1.465183449909090996e-03 -1.554013509303331375e-02 9.958498477935791016e-01
8.796688914299011230e-01 -1.407767236232757568e-01 -3.651695698499679565e-02 -8.667615056037902832e-02 -3.605965524911880493e-03 -1.011031400412321091e-02 9.961787462234497070e-01
9.091703295707702637e-01 -1.472294628620147705e-01 -2.073964849114418030e-02 -8.560761064291000366e-02 -7.381631061434745789e-03 -2.144732512533664703e-03 9.962992072105407715e-01
9.403021931648254395e-01 -1.525032818317413330e-01 -3.335732966661453247e-03 -8.578213304281234741e-02 -1.143349707126617432e-02 7.084589451551437378e-03 9.962230920791625977e-01
9.761725068092346191e-01 -1.573215872049331665e-01 8.346268907189369202e-03 -8.635258674621582031e-02 -1.794958487153053284e-02 1.897359825670719147e-02 9.959222078323364258e-01
1.014190196990966797e+00 -1.636624783277511597e-01 1.756383478641510010e-02 -8.662031590938568115e-02 -2.601161785423755646e-02 3.361859172582626343e-02 9.953341484069824219e-01
1.052872657775878906e+00 -1.727482229471206665e-01 2.930029667913913727e-02 -8.732128143310546875e-02 -3.315985575318336487e-02 4.890900477766990662e-02 9.944260120391845703e-01
1.085352182388305664e+00 -1.791188865900039673e-01 3.976164758205413818e-02 -8.903770148754119873e-02 -4.057646915316581726e-02 6.486906856298446655e-02 9.930849075317382812e-01
1.112345218658447266e+00 -1.851933151483535767e-01 4.886630177497863770e-02 -9.194536507129669189e-02 -4.718390107154846191e-02 8.234822750091552734e-02 9.912307858467102051e-01
1.134268760681152344e+00 -1.860038489103317261e-01 4.473888128995895386e-02 -9.316882491111755371e-02 -5.700036510825157166e-02 9.960830956697463989e-02 9.890140295028686523e-01
1.148108243942260742e+00 -1.829605251550674438e-01 3.804307430982589722e-02 -9.547957032918930054e-02 -6.627586483955383301e-02 1.161391809582710266e-01 9.864090681076049805e-01
1.154068589210510254e+00 -1.814400851726531982e-01 3.128042444586753845e-02 -9.865599870681762695e-02 -7.370051741600036621e-02 1.352870315313339233e-01 9.831238985061645508e-01
1.157664895057678223e+00 -1.789018660783767700e-01 2.383693307638168335e-02 -1.011763736605644226e-01 -8.177237957715988159e-02 1.543768644332885742e-01 9.794101715087890625e-01
1.161805629730224609e+00 -1.780035495758056641e-01 1.729772612452507019e-02 -1.041282191872596741e-01 -8.865460753440856934e-02 1.730458885431289673e-01 9.753730893135070801e-01
1.165661692619323730e+00 -1.773642748594284058e-01 1.138420775532722473e-02 -1.075152456760406494e-01 -9.530487656593322754e-02 1.906580179929733276e-01 9.710854291915893555e-01
1.169150590896606445e+00 -1.756772696971893311e-01 6.418455392122268677e-03 -1.104122847318649292e-01 -1.018251180648803711e-01 2.073566317558288574e-01 9.666663408279418945e-01
1.171813249588012695e+00 -1.752664446830749512e-01 1.700110733509063721e-03 -1.135581582784652710e-01 -1.068604066967964172e-01 2.231303453445434570e-01 9.622359275817871094e-01
1.173972010612487793e+00 -1.747303307056427002e-01 -2.226103097200393677e-03 -1.157216504216194153e-01 -1.105462163686752319e-01 2.371289879083633423e-01 9.582056403160095215e-01
1.175477385520935059e+00 -1.738308519124984741e-01 -5.480851978063583374e-03 -1.172421947121620178e-01 -1.128610074520111084e-01 2.494239658117294312e-01 9.546225070953369141e-01
1.180567264556884766e+00 -1.728377044200897217e-01 -8.136712014675140381e-03 -1.185349375009536743e-01 -1.138963028788566589e-01 2.582854628562927246e-01 9.519797563552856445e-01
1.189334511756896973e+00 -1.726981848478317261e-01 -9.546626359224319458e-03 -1.190275102853775024e-01 -1.134201139211654663e-01 2.638225257396697998e-01 9.504556059837341309e-01
1.328827738761901855e+00 -7.263606786727905273e-02 -4.351176321506500244e-04 -1.546708494424819946e-01 -1.221219301223754883e-01 2.911176085472106934e-01 9.361696839332580566e-01
1.456522464752197266e+00 2.022519148886203766e-02 2.562040090560913086e-02 -1.929125785827636719e-01 -1.215311586856842041e-01 3.117375373840332031e-01 9.224069118499755859e-01
1.574844837188720703e+00 9.766517579555511475e-02 5.633068457245826721e-02 -2.337814420461654663e-01 -1.196862831711769104e-01 3.341203629970550537e-01 9.051988720893859863e-01
1.680895924568176270e+00 1.660909801721572876e-01 8.424155414104461670e-02 -2.747874855995178223e-01 -1.170332208275794983e-01 3.538849949836730957e-01 8.863184452056884766e-01
1.775843024253845215e+00 2.248610556125640869e-01 1.057267263531684875e-01 -3.118250370025634766e-01 -1.146862506866455078e-01 3.698586225509643555e-01 8.676501512527465820e-01
1.858654737472534180e+00 2.745721638202667236e-01 1.227715760469436646e-01 -3.447996079921722412e-01 -1.131524592638015747e-01 3.812400996685028076e-01 8.502738475799560547e-01
1.928048491477966309e+00 3.167161345481872559e-01 1.366965621709823608e-01 -3.748620152473449707e-01 -1.113452166318893433e-01 3.888387680053710938e-01 8.341972827911376953e-01
1.984809875488281250e+00 3.506577312946319580e-01 1.447240412235260010e-01 -4.003789722919464111e-01 -1.101580113172531128e-01 3.927291929721832275e-01 8.205642104148864746e-01
2.029424428939819336e+00 3.745086789131164551e-01 1.495434343814849854e-01 -4.221777915954589844e-01 -1.092248782515525818e-01 3.940017521381378174e-01 8.090724945068359375e-01
2.060417890548706055e+00 3.902310132980346680e-01 1.527420133352279663e-01 -4.382333755493164062e-01 -1.126088127493858337e-01 3.949975967407226562e-01 7.995296120643615723e-01
2.078793764114379883e+00 3.952707350254058838e-01 1.537783145904541016e-01 -4.496358633041381836e-01 -1.207056790590286255e-01 3.952181339263916016e-01 7.918714284896850586e-01
2.089858055114746094e+00 3.996652662754058838e-01 1.531318724155426025e-01 -4.568736553192138672e-01 -1.270985305309295654e-01 3.903382420539855957e-01 7.891440391540527344e-01
2.101932287216186523e+00 4.051567316055297852e-01 1.523907780647277832e-01 -4.605492949485778809e-01 -1.336602419614791870e-01 3.826624155044555664e-01 7.896826267242431641e-01
2.116198062896728516e+00 4.093396365642547607e-01 1.515285670757293701e-01 -4.604957401752471924e-01 -1.407568305730819702e-01 3.720924258232116699e-01 7.935227751731872559e-01
2.132467269897460938e+00 4.131028652191162109e-01 1.517869830131530762e-01 -4.572146832942962646e-01 -1.481865495443344116e-01 3.597538769245147705e-01 7.997327446937561035e-01
2.150937557220458984e+00 4.155121743679046631e-01 1.531142741441726685e-01 -4.507132172584533691e-01 -1.557323336601257324e-01 3.454693257808685303e-01 8.082424402236938477e-01
2.171426296234130859e+00 4.187388420104980469e-01 1.544247567653656006e-01 -4.416909515857696533e-01 -1.629952937364578247e-01 3.298060297966003418e-01 8.182722330093383789e-01
2.193984746932983398e+00 4.232443571090698242e-01 1.555217504501342773e-01 -4.298729598522186279e-01 -1.700290143489837646e-01 3.133129477500915527e-01 8.295386433601379395e-01
2.218825817108154297e+00 4.283590018749237061e-01 1.570573151111602783e-01 -4.158882796764373779e-01 -1.767967045307159424e-01 2.960107326507568359e-01 8.415209650993347168e-01
2.246279954910278320e+00 4.330792725086212158e-01 1.590601801872253418e-01 -4.006117880344390869e-01 -1.832588911056518555e-01 2.780836224555969238e-01 8.535782098770141602e-01
2.276371240615844727e+00 4.380159676074981689e-01 1.615377068519592285e-01 -3.837613761425018311e-01 -1.886496245861053467e-01 2.609481513500213623e-01 8.654735684394836426e-01
2.309004783630371094e+00 4.444811940193176270e-01 1.647735536098480225e-01 -3.654425740242004395e-01 -1.932771056890487671e-01 2.446645498275756836e-01 8.770604133605957031e-01
2.344520568847656250e+00 4.513832330703735352e-01 1.689126193523406982e-01 -3.463135063648223877e-01 -1.972356438636779785e-01 2.298998832702636719e-01 8.878688216209411621e-01
2.383133649826049805e+00 4.580307602882385254e-01 1.744547188282012939e-01 -3.268693983554840088e-01 -2.006288468837738037e-01 2.176388651132583618e-01 8.975175619125366211e-01
2.423655271530151367e+00 4.676258265972137451e-01 1.847727298736572266e-01 -3.086966872215270996e-01 -2.030987292528152466e-01 2.087556570768356323e-01 9.054712653160095215e-01
2.466285467147827148e+00 4.794465303421020508e-01 1.987817585468292236e-01 -2.917047739028930664e-01 -2.045819312334060669e-01 2.031305134296417236e-01 9.120265841484069824e-01
2.511546373367309570e+00 4.913510382175445557e-01 2.166012823581695557e-01 -2.760534584522247314e-01 -2.051196247339248657e-01 2.011232078075408936e-01 9.172075986862182617e-01
2.557780265808105469e+00 5.064188241958618164e-01 2.398881614208221436e-01 -2.634873390197753906e-01 -2.030878365039825439e-01 2.026893198490142822e-01 9.210031032562255859e-01
2.604796886444091797e+00 5.248115658760070801e-01 2.682656943798065186e-01 -2.546942830085754395e-01 -1.987851560115814209e-01 2.089234292507171631e-01 9.230201840400695801e-01
2.651337385177612305e+00 5.460835695266723633e-01 3.032346963882446289e-01 -2.484716475009918213e-01 -1.993075162172317505e-01 2.199855595827102661e-01 9.220328927040100098e-01
2.694977760314941406e+00 5.721133947372436523e-01 3.454507887363433838e-01 -2.451059222221374512e-01 -2.049441933631896973e-01 2.347201555967330933e-01 9.180563092231750488e-01
2.735043525695800781e+00 6.018797755241394043e-01 3.946527540683746338e-01 -2.455262392759323120e-01 -2.095243185758590698e-01 2.529850900173187256e-01 9.120388031005859375e-01
2.780608892440795898e+00 6.374129652976989746e-01 4.407619237899780273e-01 -2.469026297330856323e-01 -2.163586616516113281e-01 2.740097939968109131e-01 9.039615988731384277e-01
2.834072589874267578e+00 6.756631731986999512e-01 4.819239675998687744e-01 -2.480501830577850342e-01 -2.253901064395904541e-01 3.010165393352508545e-01 8.927817940711975098e-01
2.889946937561035156e+00 7.149764895439147949e-01 5.254226326942443848e-01 -2.494038343429565430e-01 -2.343219369649887085e-01 3.302081227302551270e-01 8.796893954277038574e-01
2.938981056213378906e+00 7.538582682609558105e-01 5.690357685089111328e-01 -2.526444196701049805e-01 -2.422560602426528931e-01 3.599596023559570312e-01 8.648189306259155273e-01
2.979044198989868164e+00 7.872963547706604004e-01 6.051199436187744141e-01 -2.579081654548645020e-01 -2.508217990398406982e-01 3.907467722892761230e-01 8.472831249237060547e-01
3.014168739318847656e+00 8.175562024116516113e-01 6.250622868537902832e-01 -2.622350156307220459e-01 -2.594597935676574707e-01 4.230310916900634766e-01 8.276218771934509277e-01
3.041221380233764648e+00 8.433140516281127930e-01 6.227675676345825195e-01 -2.644245624542236328e-01 -2.706968486309051514e-01 4.533177316188812256e-01 8.070352077484130859e-01
3.057462215423583984e+00 8.593801259994506836e-01 6.138956546783447266e-01 -2.692618966102600098e-01 -2.794569134712219238e-01 4.842479825019836426e-01 7.841591835021972656e-01
3.068146705627441406e+00 8.665334582328796387e-01 6.017623543739318848e-01 -2.749234437942504883e-01 -2.859462201595306396e-01 5.166652202606201172e-01 7.587547302246093750e-01
3.077544689178466797e+00 8.725494146347045898e-01 5.898221731185913086e-01 -2.799828946590423584e-01 -2.920874953269958496e-01 5.476540923118591309e-01 7.323724627494812012e-01
3.087601661682128906e+00 8.775746822357177734e-01 5.800547599792480469e-01 -2.859076857566833496e-01 -2.966044843196868896e-01 5.760625600814819336e-01 7.059988975524902344e-01
3.095874309539794922e+00 8.833690285682678223e-01 5.713377594947814941e-01 -2.911681532859802246e-01 -3.018998205661773682e-01 6.020482182502746582e-01 6.794229149818420410e-01
3.102833509445190430e+00 8.883619308471679688e-01 5.633901357650756836e-01 -2.965457439422607422e-01 -3.054738640785217285e-01 6.261298656463623047e-01 6.532285809516906738e-01
3.109288454055786133e+00 8.917292952537536621e-01 5.566120147705078125e-01 -3.016127943992614746e-01 -3.072182238101959229e-01 6.469984054565429688e-01 6.293167471885681152e-01
3.114133596420288086e+00 8.945743441581726074e-01 5.507069826126098633e-01 -3.061954081058502197e-01 -3.064192533493041992e-01 6.652720570564270020e-01 6.080828309059143066e-01
3.118973255157470703e+00 9.003341197967529297e-01 5.455849170684814453e-01 -3.099321126937866211e-01 -3.047475218772888184e-01 6.794165372848510742e-01 5.911548733711242676e-01
3.125706195831298828e+00 9.130684137344360352e-01 5.435304641723632812e-01 -3.135096132755279541e-01 -3.015863895416259766e-01 6.885724067687988281e-01 5.801941752433776855e-01
