8.338556438684463501e-02 -1.030582096427679062e-02 3.558639809489250183e-02 -2.541282959282398224e-02 7.273406721651554108e-03 2.539315260946750641e-02 9.993280172348022461e-01
7.483688741922378540e-02 -1.462233345955610275e-02 3.395162522792816162e-02 -2.490526996552944183e-02 7.520242594182491302e-03 2.407537400722503662e-02 9.993715882301330566e-01
6.661558151245117188e-02 -1.755253225564956665e-02 3.117744997143745422e-02 -2.441418543457984924e-02 7.451776880770921707e-03 2.213367633521556854e-02 9.994291067123413086e-01
5.814553797245025635e-02 -1.950476877391338348e-02 2.863571606576442719e-02 -2.359518036246299744e-02 7.590536959469318390e-03 2.072372660040855408e-02 9.994779825210571289e-01
4.992012679576873779e-02 -2.019762061536312103e-02 2.579713985323905945e-02 -2.242860570549964905e-02 7.390435785055160522e-03 1.847918331623077393e-02 9.995503425598144531e-01
4.166746139526367188e-02 -2.047309093177318573e-02 2.273763902485370636e-02 -2.084355801343917847e-02 7.086791098117828369e-03 1.644654013216495514e-02 9.996223449707031250e-01
3.387345001101493835e-02 -1.921288482844829559e-02 1.973291300237178802e-02 -1.909575425088405609e-02 6.902940105646848679e-03 1.408403273671865463e-02 9.996946454048156738e-01
2.592072635889053345e-02 -1.762049272656440735e-02 1.688059233129024506e-02 -1.729626581072807312e-02 6.792979780584573746e-03 1.194326765835285187e-02 9.997559785842895508e-01
1.834088750183582306e-02 -1.495291665196418762e-02 1.419082563370466232e-02 -1.498724427074193954e-02 6.591684184968471527e-03 9.056653827428817749e-03 9.998249411582946777e-01
1.135377865284681320e-02 -1.166267227381467819e-02 1.090803928673267365e-02 -1.238214224576950073e-02 6.589902564883232117e-03 6.703873630613088608e-03 9.998791217803955078e-01
4.612711258232593536e-03 -7.921301759779453278e-03 7.700804155319929123e-03 -9.739035740494728088e-03 -1.323425822192803025e-04 3.425764385610818863e-03 9.999467134475708008e-01
-1.132902572862803936e-03 -3.109559183940291405e-03 4.743835423141717911e-03 -7.055997382849454880e-03 -1.773204276105388999e-04 5.228040390647947788e-04 9.999749660491943359e-01
-8.403923711739480495e-04 -4.185867961496114731e-03 4.809021484106779099e-03 -4.813282750546932220e-03 1.138974403147585690e-04 -1.827365835197269917e-03 9.999867677688598633e-01
-4.836867738049477339e-04 -5.627044476568698883e-03 4.662503488361835480e-03 -2.600017702206969261e-03 3.739990352187305689e-04 -3.580457763746380806e-03 9.999901652336120605e-01
-3.598822222556918859e-04 -6.973821204155683517e-03 4.225039388984441757e-03 -2.196484711021184921e-04 6.039931322447955608e-04 -5.588090512901544571e-03 9.999842047691345215e-01
7.339348667301237583e-05 -7.247935514897108078e-03 5.442975554615259171e-03 7.196312653832137585e-04 1.140573062002658844e-03 -6.703758146613836288e-03 9.999766349792480469e-01
-2.050302282441407442e-04 -8.592360652983188629e-03 5.003223661333322525e-03 2.693270100280642509e-03 1.010255538858473301e-03 -7.851134054362773895e-03 9.999650716781616211e-01
1.163109671324491501e-03 -8.787742815911769867e-03 6.246631033718585968e-03 3.502481849864125252e-03 1.490803202614188194e-03 -8.276062086224555969e-03 9.999585151672363281e-01
8.887089206837117672e-04 -9.640626609325408936e-03 6.663448642939329147e-03 4.568415693938732147e-03 9.747882140800356865e-04 -9.030853398144245148e-03 9.999483227729797363e-01
1.952668186277151108e-03 -1.030693575739860535e-02 7.131170481443405151e-03 5.444468930363655090e-03 1.423873589374125004e-03 -9.167116135358810425e-03 9.999421238899230957e-01
3.866532351821660995e-03 -1.051988452672958374e-02 7.797391619533300400e-03 5.972835700958967209e-03 1.381358364596962929e-03 -8.899156004190444946e-03 9.999415874481201172e-01
4.557214677333831787e-03 -1.175170391798019409e-02 7.487833499908447266e-03 7.178158964961767197e-03 1.080271322280168533e-03 -8.527181111276149750e-03 9.999372959136962891e-01
5.712180864065885544e-03 -1.158413104712963104e-02 8.983868174254894257e-03 7.258960977196693420e-03 1.116926199756562710e-03 -7.771906442940235138e-03 9.999428391456604004e-01
6.332025397568941116e-03 -1.254125125706195831e-02 9.380156174302101135e-03 7.529739756137132645e-03 7.673652726225554943e-04 -6.619689520448446274e-03 9.999494552612304688e-01
7.513874210417270660e-03 -1.299663260579109192e-02 1.012645196169614792e-02 7.446278817951679230e-03 6.261476082727313042e-04 -5.364665295928716660e-03 9.999576807022094727e-01
9.379525668919086456e-03 -1.314167119562625885e-02 1.075433380901813507e-02 7.141857873648405075e-03 3.419809218030422926e-04 -3.452360862866044044e-03 9.999684691429138184e-01
1.062851492315530777e-02 -1.364690810441970825e-02 1.152007840573787689e-02 6.686594802886247635e-03 -4.171820546616800129e-05 -1.476339530199766159e-03 9.999765753746032715e-01
1.210334431380033493e-02 -1.393145509064197540e-02 1.242251880466938019e-02 6.044412963092327118e-03 -2.403593098279088736e-04 5.443709087558090687e-04 9.999815821647644043e-01
1.372185815125703812e-02 -1.407679915428161621e-02 1.341528352349996567e-02 5.383591633290052414e-03 -2.862302353605628014e-04 3.436583094298839569e-03 9.999795556068420410e-01
1.536747161298990250e-02 -1.406187936663627625e-02 1.458703819662332535e-02 3.902160329744219780e-03 -2.061336854239925742e-04 6.067281123250722885e-03 9.999739527702331543e-01
1.586332917213439941e-02 -1.549222785979509354e-02 1.557732932269573212e-02 2.613903721794486046e-03 -7.504269015043973923e-03 9.006949141621589661e-03 9.999278783798217773e-01
1.690053008496761322e-02 -1.642988622188568115e-02 1.662941277027130127e-02 1.332288491539657116e-03 -8.614730089902877808e-03 1.186691038310527802e-02 9.998915791511535645e-01
1.882744394242763519e-02 -1.700029335916042328e-02 1.694826781749725342e-02 1.029310660669580102e-04 -9.373227134346961975e-03 1.380619872361421585e-02 9.998607635498046875e-01
2.056696079671382904e-02 -1.746713556349277496e-02 1.749168150126934052e-02 -8.411328890360891819e-04 -9.752958081662654877e-03 1.616955548524856567e-02 9.998213648796081543e-01
2.171031385660171509e-02 -1.814173720777034760e-02 1.812741905450820923e-02 -1.813523354940116405e-03 -9.880503639578819275e-03 1.813198253512382507e-02 9.997851252555847168e-01
2.141064405441284180e-02 -2.120083756744861603e-02 1.836964115500450134e-02 -2.181488554924726486e-03 -1.049474999308586121e-02 1.976549625396728516e-02 9.997471570968627930e-01
1.585655100643634796e-02 -1.827956363558769226e-02 1.650584302842617035e-02 -2.939180005341768265e-03 -1.058924011886119843e-02 2.095408737659454346e-02 9.997200369834899902e-01
1.189242955297231674e-02 -1.356103923171758652e-02 1.429972145706415176e-02 -4.009598866105079651e-03 -1.014775224030017853e-02 2.212096937000751495e-02 9.996957778930664062e-01
5.995478015393018723e-03 -1.064913067966699600e-02 1.199262309819459915e-02 -3.823555540293455124e-03 -1.004920899868011475e-02 2.266832999885082245e-02 9.996852278709411621e-01
2.488000318408012390e-04 -4.719386342912912369e-03 1.116716954857110977e-02 -4.815952852368354797e-03 -9.858214296400547028e-03 2.316069044172763824e-02 9.996715188026428223e-01
-4.201736766844987869e-03 5.324555677361786366e-04 8.657505735754966736e-03 -4.153192043304443359e-03 -9.669020771980285645e-03 2.229592390358448029e-02 9.996960163116455078e-01
-4.207525402307510376e-03 -3.789806796703487635e-04 8.934060111641883850e-03 -4.598801024258136749e-03 -8.231864310801029205e-03 2.303514070808887482e-02 9.996901750564575195e-01
-3.782556857913732529e-03 -5.229706875979900360e-04 9.526707231998443604e-03 -4.373791627585887909e-03 -7.496139034628868103e-03 2.225962281227111816e-02 9.997145533561706543e-01
-4.620425403118133545e-03 2.876017788366880268e-05 9.759250096976757050e-03 -3.741793334484100342e-03 -6.700700148940086365e-03 2.099870145320892334e-02 9.997500181198120117e-01
-4.104801453649997711e-03 -8.865182753652334213e-04 1.065535098314285278e-02 -3.447036957368254662e-03 -5.690191406756639481e-03 2.021571993827819824e-02 9.997735023498535156e-01
-5.355939269065856934e-03 8.103498257696628571e-04 1.099840272217988968e-02 -2.705773338675498962e-03 -4.851663019508123398e-03 1.849488541483879089e-02 9.998134970664978027e-01
-6.183716934174299240e-03 1.256052288226783276e-03 1.153716538101434708e-02 -2.123528858646750450e-03 -3.131250618025660515e-03 1.654021441936492920e-02 9.998560547828674316e-01
-8.399064652621746063e-03 3.008009167388081551e-03 1.109376642853021622e-02 -9.051322122104465961e-04 -1.616153516806662083e-03 1.439242716878652573e-02 9.998946785926818848e-01
3.160536522045731544e-03 -1.702062145341187716e-04 1.341714523732662201e-02 -4.639145918190479279e-04 -6.773402565158903599e-04 1.085917092859745026e-02 9.999406933784484863e-01
3.036480629816651344e-03 -9.371859021484851837e-03 1.017990428954362869e-02 2.031311159953474998e-04 1.407435862347483635e-03 8.671279065310955048e-03 9.999613761901855469e-01
1.596239805221557617e-01 -1.911355555057525635e-02 6.840711832046508789e-02 -5.078376084566116333e-02 1.450804620981216431e-02 4.926908388733863831e-02 9.973881244659423828e-01
1.430898904800415039e-01 -2.634939551353454590e-02 6.433302164077758789e-02 -4.939039796590805054e-02 1.615813933312892914e-02 4.604404792189598083e-02 9.975867867469787598e-01
1.261203438043594360e-01 -3.258470445871353149e-02 5.972432717680931091e-02 -4.785614833235740662e-02 1.462558563798666000e-02 4.314297065138816833e-02 9.978148937225341797e-01
1.093535646796226501e-01 -3.578095510601997375e-02 5.469276010990142822e-02 -4.609450697898864746e-02 1.493856776505708694e-02 3.938752412796020508e-02 9.980484843254089355e-01
9.292486310005187988e-02 -3.741032257676124573e-02 4.874861985445022583e-02 -4.288820177316665649e-02 1.487048063427209854e-02 3.543655574321746826e-02 9.983404874801635742e-01
7.668430358171463013e-02 -3.698911890387535095e-02 4.292751476168632507e-02 -3.992670401930809021e-02 1.395262870937585831e-02 3.055040352046489716e-02 9.986379742622375488e-01
6.200871244072914124e-02 -3.353230282664299011e-02 3.621151298284530640e-02 -3.597792983055114746e-02 1.385301258414983749e-02 2.642449177801609039e-02 9.989070892333984375e-01
4.720549657940864563e-02 -2.813331037759780884e-02 3.117561899125576019e-02 -3.176153451204299927e-02 1.380595657974481583e-02 2.109031565487384796e-02 9.991775751113891602e-01
3.273831680417060852e-02 -2.336211875081062317e-02 2.461488172411918640e-02 -2.733347378671169281e-02 1.292365975677967072e-02 1.599563285708427429e-02 9.994148015975952148e-01
1.865446195006370544e-02 -1.752447523176670074e-02 1.825406774878501892e-02 -2.200524136424064636e-02 6.419203244149684906e-03 1.021194737404584885e-02 9.996851086616516113e-01
6.633789744228124619e-03 -1.121480576694011688e-02 1.071017421782016754e-02 -1.672301813960075378e-02 -2.399666118435561657e-04 4.122435115277767181e-03 9.998516440391540527e-01
1.231601781910285354e-04 -8.070599287748336792e-03 9.151065722107887268e-03 -1.114917360246181488e-02 -2.662223996594548225e-04 -1.737518585287034512e-03 9.999362826347351074e-01
5.420814268290996552e-04 -9.494092315435409546e-03 9.921246208250522614e-03 -7.258727680891752243e-03 5.268268287181854248e-04 -5.209787283092737198e-03 9.999599456787109375e-01
6.300483364611864090e-04 -1.217293180525302887e-02 9.540827013552188873e-03 -2.922444837167859077e-03 1.083614653907716274e-03 -9.362401440739631653e-03 9.999513030052185059e-01
1.915905042551457882e-03 -1.386134885251522064e-02 1.003593206405639648e-02 5.996560139465145767e-05 1.749989809468388557e-03 -1.232749968767166138e-02 9.999224543571472168e-01
1.611744868569076061e-03 -1.599370129406452179e-02 1.013736147433519363e-02 3.604559460654854774e-03 1.716603059321641922e-03 -1.491402368992567062e-02 9.998807907104492188e-01
1.909694867208600044e-03 -1.796999014914035797e-02 1.026627980172634125e-02 5.872109904885292053e-03 2.145185833796858788e-03 -1.622699946165084839e-02 9.998487830162048340e-01
2.383589744567871094e-03 -1.906196214258670807e-02 1.188868936151266098e-02 8.325461298227310181e-03 2.553361235186457634e-03 -1.698090694844722748e-02 9.998179078102111816e-01
3.851581364870071411e-03 -2.046510577201843262e-02 1.277673617005348206e-02 1.029675267636775970e-02 2.612338401377201080e-03 -1.801377534866333008e-02 9.997813105583190918e-01
6.781465373933315277e-03 -2.161668799817562103e-02 1.341964397579431534e-02 1.188632939010858536e-02 2.634139731526374817e-03 -1.816447637975215912e-02 9.997608661651611328e-01
7.850827649235725403e-03 -2.287836931645870209e-02 1.470566447824239731e-02 1.291431672871112823e-02 2.326536690816283226e-03 -1.725613698363304138e-02 9.997649788856506348e-01
1.012243330478668213e-02 -2.338845096528530121e-02 1.654889434576034546e-02 1.393845584243535995e-02 2.615870209410786629e-03 -1.619395054876804352e-02 9.997683167457580566e-01
1.250720489770174026e-02 -2.491777017712593079e-02 1.693211682140827179e-02 1.443044375628232956e-02 1.994333695620298386e-03 -1.450814399868249893e-02 9.997886419296264648e-01
1.450858172029256821e-02 -2.597200497984886169e-02 1.842655800282955170e-02 1.476027444005012512e-02 1.211191993206739426e-03 -1.213006209582090378e-02 9.998167753219604492e-01
1.752953417599201202e-02 -2.623248100280761719e-02 2.027000300586223602e-02 1.429190766066312790e-02 8.372192387469112873e-04 -8.611827157437801361e-03 9.998604059219360352e-01
2.062921412289142609e-02 -2.684034407138824463e-02 2.163470350205898285e-02 1.355339121073484421e-02 4.010110860690474510e-04 -4.649392794817686081e-03 9.998972415924072266e-01
2.295586280524730682e-02 -2.760474942624568939e-02 2.370479702949523926e-02 1.254439726471900940e-02 -9.710629092296585441e-05 -7.928130216896533966e-04 9.999210238456726074e-01
2.657957375049591064e-02 -2.764222212135791779e-02 2.547663822770118713e-02 1.107576955109834671e-02 -1.015015513985417783e-04 4.411351867020130157e-03 9.999289512634277344e-01
2.937712147831916809e-02 -2.794481441378593445e-02 2.791038528084754944e-02 9.033920243382453918e-03 -6.047885981388390064e-04 9.612269699573516846e-03 9.999127984046936035e-01
3.131250292062759399e-02 -2.910222299396991730e-02 3.051543980836868286e-02 6.432872265577316284e-03 -7.715679705142974854e-03 1.480495184659957886e-02 9.998399615287780762e-01
3.379918262362480164e-02 -3.108791634440422058e-02 3.194206953048706055e-02 3.691708901897072792e-03 -1.603098399937152863e-02 2.038400061428546906e-02 9.996568560600280762e-01
3.688400983810424805e-02 -3.284145146608352661e-02 3.291482850909233093e-02 1.636601053178310394e-03 -1.787484437227249146e-02 2.556703425943851471e-02 9.995119571685791016e-01
3.958143293857574463e-02 -3.413614258170127869e-02 3.456049785017967224e-02 -5.481594707816839218e-04 -1.869509741663932800e-02 3.019422851502895355e-02 9.993690252304077148e-01
4.177018254995346069e-02 -3.648120537400245667e-02 3.532958775758743286e-02 -2.434964058920741081e-03 -1.945892162621021271e-02 3.464688733220100403e-02 9.992071986198425293e-01
4.314574599266052246e-02 -3.908384218811988831e-02 3.683020547032356262e-02 -3.868366824463009834e-03 -2.042154967784881592e-02 3.805764019489288330e-02 9.990593791007995605e-01
3.804450854659080505e-02 -3.852630779147148132e-02 3.515350818634033203e-02 -5.216897930949926376e-03 -2.073139138519763947e-02 4.058964923024177551e-02 9.989472031593322754e-01
2.908024378120899200e-02 -3.129332140088081360e-02 3.009028546512126923e-02 -6.210628431290388107e-03 -2.028543315827846527e-02 4.352842271327972412e-02 9.988269209861755371e-01
1.801291480660438538e-02 -2.520511299371719360e-02 2.531797438859939575e-02 -6.902652326971292496e-03 -2.004371583461761475e-02 4.433508962392807007e-02 9.987917542457580566e-01
7.449495606124401093e-03 -1.710144244134426117e-02 2.206101454794406891e-02 -7.851703092455863953e-03 -1.963079907000064850e-02 4.536214098334312439e-02 9.987468719482421875e-01
-3.857167903333902359e-03 -5.257080774754285812e-03 1.968009956181049347e-02 -8.045891299843788147e-03 -1.889842934906482697e-02 4.549090564250946045e-02 9.987535476684570312e-01
-6.709987763315439224e-03 -1.197638412122614682e-04 1.829710975289344788e-02 -8.085031993687152863e-03 -1.748985238373279572e-02 4.598034545779228210e-02 9.987565279006958008e-01
-6.938244681805372238e-03 6.334330537356436253e-04 1.888472959399223328e-02 -7.470430806279182434e-03 -1.622060872614383698e-02 4.514991864562034607e-02 9.988206028938293457e-01
-8.866515010595321655e-03 1.940302783623337746e-03 1.898255757987499237e-02 -7.567127235233783722e-03 -1.428354717791080475e-02 4.348326846957206726e-02 9.989233613014221191e-01
-5.508569069206714630e-03 1.137513085268437862e-03 2.151127159595489502e-02 -7.193383295089006424e-03 -1.290024444460868835e-02 4.116485267877578735e-02 9.990431666374206543e-01
-7.082309108227491379e-03 1.950699719600379467e-03 2.252973243594169617e-02 -6.588102784007787704e-03 -1.027161534875631332e-02 3.872365504503250122e-02 9.991754293441772461e-01
-1.014085672795772552e-02 2.753544831648468971e-03 2.312270179390907288e-02 -5.037663504481315613e-03 -8.481261320412158966e-03 3.510657325387001038e-02 9.993348717689514160e-01
-1.041875872761011124e-02 3.310029627755284309e-03 2.509408444166183472e-02 -3.657714463770389557e-03 -5.138552747666835785e-03 3.131322935223579407e-02 9.994897246360778809e-01
-1.717839855700731277e-03 2.296198625117540359e-03 2.768981456756591797e-02 -1.928777433931827545e-03 -2.152832457795739174e-03 2.473844960331916809e-02 9.996897578239440918e-01
1.453259214758872986e-02 -5.807053297758102417e-03 2.290246263146400452e-02 -2.324512170162051916e-04 1.043108757585287094e-03 1.909510232508182526e-02 9.998170733451843262e-01
