2.616429710388183594e+01 -2.226403045654296875e+01 -9.312875270843505859e-01 -9.828075766563415527e-02 1.950348913669586182e-01 7.394629120826721191e-01 6.367863416671752930e-01
2.616372108459472656e+01 -2.217281341552734375e+01 -9.335677623748779297e-01 -1.150443851947784424e-01 1.832592040300369263e-01 7.594124078750610352e-01 6.135740876197814941e-01
2.616273307800292969e+01 -2.208929443359375000e+01 -9.347853660583496094e-01 -1.317157596349716187e-01 1.714167743921279907e-01 7.774057984352111816e-01 5.906829833984375000e-01
2.616136360168457031e+01 -2.201356124877929688e+01 -9.352128505706787109e-01 -1.481157839298248291e-01 1.596851795911788940e-01 7.933979630470275879e-01 5.684009194374084473e-01
2.615971565246582031e+01 -2.194569396972656250e+01 -9.349334836006164551e-01 -1.640771329402923584e-01 1.482433974742889404e-01 8.073759675025939941e-01 5.470306873321533203e-01
2.615793800354003906e+01 -2.188574218750000000e+01 -9.339926838874816895e-01 -1.794435679912567139e-01 1.372693777084350586e-01 8.193558454513549805e-01 5.268844366073608398e-01
2.615616226196289062e+01 -2.183374786376953125e+01 -9.324315190315246582e-01 -1.940724849700927734e-01 1.269402652978897095e-01 8.293763399124145508e-01 5.082808732986450195e-01
2.615453147888183594e+01 -2.178974151611328125e+01 -9.302846789360046387e-01 -2.078260183334350586e-01 1.174262613058090210e-01 8.374949693679809570e-01 4.915411174297332764e-01
2.615318870544433594e+01 -2.175375556945800781e+01 -9.275770783424377441e-01 -2.205994129180908203e-01 1.089066490530967712e-01 8.437740206718444824e-01 4.769806861877441406e-01
2.615225982666015625e+01 -2.172577667236328125e+01 -9.243281483650207520e-01 -2.322081029415130615e-01 1.015074700117111206e-01 8.482977151870727539e-01 4.649247229099273682e-01
2.615187263488769531e+01 -2.170588111877441406e+01 -9.205492734909057617e-01 -2.427977919578552246e-01 9.553106129169464111e-02 8.510641455650329590e-01 4.556314349174499512e-01
2.615216827392578125e+01 -2.169400405883789062e+01 -9.161893725395202637e-01 -2.468554526567459106e-01 8.807568997144699097e-02 8.535137176513671875e-01 4.503394067287445068e-01
2.615309143066406250e+01 -2.169032669067382812e+01 -9.112524390220642090e-01 -2.498877495527267456e-01 8.211375772953033447e-02 8.544836044311523438e-01 4.479467570781707764e-01
2.615460395812988281e+01 -2.168633651733398438e+01 -9.062727093696594238e-01 -2.523180544376373291e-01 7.769183069467544556e-02 8.541030883789062500e-01 4.480976760387420654e-01
2.615664863586425781e+01 -2.168155097961425781e+01 -9.012714624404907227e-01 -2.541542947292327881e-01 7.464509457349777222e-02 8.525704145431518555e-01 4.504891037940979004e-01
2.615915870666503906e+01 -2.167605972290039062e+01 -8.962365984916687012e-01 -2.554773092269897461e-01 7.286834716796875000e-02 8.500403165817260742e-01 4.547909498214721680e-01
2.616208648681640625e+01 -2.166971778869628906e+01 -8.911684155464172363e-01 -2.563191354274749756e-01 7.224458456039428711e-02 8.466652035713195801e-01 4.606732130050659180e-01
2.616535377502441406e+01 -2.166250228881835938e+01 -8.860720992088317871e-01 -2.567025423049926758e-01 7.266431301832199097e-02 8.425926566123962402e-01 4.678037762641906738e-01
2.616889190673828125e+01 -2.165433883666992188e+01 -8.809484243392944336e-01 -2.566378116607666016e-01 7.401936501264572144e-02 8.379737138748168945e-01 4.758531153202056885e-01
2.617263412475585938e+01 -2.164516830444335938e+01 -8.758025765419006348e-01 -2.561294138431549072e-01 7.620376348495483398e-02 8.329647779464721680e-01 4.844968914985656738e-01
2.617651939392089844e+01 -2.163493156433105469e+01 -8.706430792808532715e-01 -2.551805675029754639e-01 7.911167293787002563e-02 8.277311921119689941e-01 4.934173226356506348e-01
2.618050384521484375e+01 -2.162355232238769531e+01 -8.654745817184448242e-01 -2.537972629070281982e-01 8.263877034187316895e-02 8.224475383758544922e-01 5.023064017295837402e-01
2.618452453613281250e+01 -2.161097526550292969e+01 -8.602968454360961914e-01 -2.519924044609069824e-01 8.667970448732376099e-02 8.172982335090637207e-01 5.108647942543029785e-01
2.618854141235351562e+01 -2.159710311889648438e+01 -8.551290035247802734e-01 -2.497881650924682617e-01 9.112948924303054810e-02 8.124754428863525391e-01 5.188032388687133789e-01
2.619254302978515625e+01 -2.158187294006347656e+01 -8.498974442481994629e-01 -2.472196966409683228e-01 9.588353335857391357e-02 8.081775307655334473e-01 5.258414149284362793e-01
2.619647407531738281e+01 -2.156520462036132812e+01 -8.446624279022216797e-01 -2.443365007638931274e-01 1.008367836475372314e-01 8.046056628227233887e-01 5.317063927650451660e-01
2.620030593872070312e+01 -2.154701805114746094e+01 -8.394229412078857422e-01 -2.412068992853164673e-01 1.058850362896919250e-01 8.019602894783020020e-01 5.361314415931701660e-01
2.620401000976562500e+01 -2.152723121643066406e+01 -8.341740369796752930e-01 -2.379100024700164795e-01 1.109186932444572449e-01 8.004381656646728516e-01 5.388545393943786621e-01
2.620756340026855469e+01 -2.150576019287109375e+01 -8.289059996604919434e-01 -2.345691770315170288e-01 1.158414334058761597e-01 8.002186417579650879e-01 5.396084785461425781e-01
2.621093177795410156e+01 -2.148253440856933594e+01 -8.236049413681030273e-01 -2.312315702438354492e-01 1.204878166317939758e-01 8.014897704124450684e-01 5.381432771682739258e-01
2.621407890319824219e+01 -2.145746994018554688e+01 -8.182511925697326660e-01 -2.283174246549606323e-01 1.249194294214248657e-01 8.043258190155029297e-01 5.341312289237976074e-01
2.621697807312011719e+01 -2.143055152893066406e+01 -8.127872943878173828e-01 -2.197903841733932495e-01 1.248996704816818237e-01 8.103667497634887695e-01 5.285530686378479004e-01
2.621957397460937500e+01 -2.140169715881347656e+01 -8.072338104248046875e-01 -2.106188684701919556e-01 1.238911747932434082e-01 8.181651830673217773e-01 5.204489827156066895e-01
2.622186470031738281e+01 -2.137101554870605469e+01 -8.015652894973754883e-01 -2.011690288782119751e-01 1.221816763281822205e-01 8.273484110832214355e-01 5.099693536758422852e-01
2.622385406494140625e+01 -2.133854675292968750e+01 -7.957547307014465332e-01 -1.914420425891876221e-01 1.198074817657470703e-01 8.376274108886718750e-01 4.973414838314056396e-01
2.622554779052734375e+01 -2.130450630187988281e+01 -7.897686362266540527e-01 -1.815401017665863037e-01 1.168730929493904114e-01 8.486936092376708984e-01 4.827789366245269775e-01
2.622694969177246094e+01 -2.126866340637207031e+01 -7.836036682128906250e-01 -1.715435683727264404e-01 1.134682074189186096e-01 8.602544069290161133e-01 4.665116369724273682e-01
2.622808837890625000e+01 -2.123902511596679688e+01 -7.767541408538818359e-01 -1.615449786186218262e-01 1.096901595592498779e-01 8.720318078994750977e-01 4.487816095352172852e-01
2.622897911071777344e+01 -2.121605300903320312e+01 -7.691849470138549805e-01 -1.516409218311309814e-01 1.056386977434158325e-01 8.837704062461853027e-01 4.298473000526428223e-01
2.622968673706054688e+01 -2.119974136352539062e+01 -7.608963847160339355e-01 -1.419348865747451782e-01 1.014176756143569946e-01 8.952404856681823730e-01 4.099833071231842041e-01
2.623026847839355469e+01 -2.119013977050781250e+01 -7.518941760063171387e-01 -1.325360983610153198e-01 9.713482856750488281e-02 9.062423110008239746e-01 3.894822597503662109e-01
2.623080444335937500e+01 -2.118754959106445312e+01 -7.421732544898986816e-01 -1.235593259334564209e-01 9.290089458227157593e-02 9.166090488433837891e-01 3.686504065990447998e-01
2.623139381408691406e+01 -2.118602180480957031e+01 -7.321242094039916992e-01 -1.151238456368446350e-01 8.882968127727508545e-02 9.262060523033142090e-01 3.478087484836578369e-01
2.623213958740234375e+01 -2.118532180786132812e+01 -7.217909097671508789e-01 -1.073533520102500916e-01 8.503739535808563232e-02 9.349325299263000488e-01 3.272892534732818604e-01
2.623314857482910156e+01 -2.118559646606445312e+01 -7.111957073211669922e-01 -1.003744602203369141e-01 8.164204657077789307e-02 9.427183270454406738e-01 3.074327409267425537e-01
2.623453712463378906e+01 -2.118682479858398438e+01 -7.003780007362365723e-01 -9.431624412536621094e-02 7.876294106245040894e-02 9.495223164558410645e-01 2.885856926441192627e-01
2.623643493652343750e+01 -2.118908119201660156e+01 -6.893742680549621582e-01 -8.930971473455429077e-02 7.652020454406738281e-02 9.553262591361999512e-01 2.710968255996704102e-01
2.623895645141601562e+01 -2.119229888916015625e+01 -6.782288551330566406e-01 -8.548641204833984375e-02 7.503449916839599609e-02 9.601295590400695801e-01 2.553161084651947021e-01
2.624223327636718750e+01 -2.119667053222656250e+01 -6.669719815254211426e-01 -8.297845721244812012e-02 7.442659884691238403e-02 9.639409780502319336e-01 2.415907979011535645e-01
2.624637985229492188e+01 -2.119792747497558594e+01 -6.559073925018310547e-01 -8.191758394241333008e-02 7.481727749109268188e-02 9.667692780494689941e-01 2.302640080451965332e-01
2.625152778625488281e+01 -2.119587516784667969e+01 -6.450764536857604980e-01 -8.243548870086669922e-02 7.632753998041152954e-02 9.686135649681091309e-01 2.216720581054687500e-01
