0.000000000000000000e+00 0.000000000000000000e+00 0.000000000000000000e+00 0.000000000000000000e+00 0.000000000000000000e+00 0.000000000000000000e+00 1.000000000000000000e+00
8.463136851787567139e-02 -5.027688574045896530e-03 3.405564650893211365e-02 -2.656572153192049771e-02 6.471078480729222822e-03 2.411066415792472925e-02 9.993353108224729553e-01
1.604226557915192086e-01 -1.334555546787029139e-02 6.887937055182759283e-02 -5.385028531387096168e-02 1.435530781252471882e-02 4.885093022137160235e-02 9.972500481452627463e-01
2.295526976314469780e-01 -1.859686420940418611e-02 1.005105853875414290e-01 -8.050712148929396739e-02 2.252833803168518070e-02 7.146311168255212176e-02 9.939336502220282865e-01
2.915668213831310029e-01 -2.523296687875136585e-02 1.288497720863331086e-01 -1.064346187098888230e-01 3.145539907871319762e-02 9.440948412157443292e-02 9.893275893842128355e-01
3.464971851285484350e-01 -3.095609197799394779e-02 1.541707127061213711e-01 -1.302514351586539498e-01 3.927453918715628767e-02 1.142724964574545338e-01 9.840903773353992801e-01
3.944293387071108881e-01 -3.647150531883292662e-02 1.760024144781919542e-01 -1.514245569663668078e-01 4.609183581732352597e-02 1.313963898391350971e-01 9.786118408009226721e-01
4.353402374064281322e-01 -4.050801756945580229e-02 1.946040040072026800e-01 -1.705255996726111056e-01 5.243458550340205498e-02 1.455005686032381507e-01 9.731398761922754881e-01
4.687720590965405165e-01 -4.288862384710086240e-02 2.108653399700959330e-01 -1.877780696429980078e-01 5.859249275555950681e-02 1.566568983875327170e-01 9.678661749133695702e-01
4.954926444597275159e-01 -4.437068095148410940e-02 2.229631463824072179e-01 -2.025997617843939835e-01 6.414369239616611595e-02 1.639909965234047362e-01 9.632994738449478511e-01
5.146805401171816730e-01 -4.581456330873145272e-02 2.324455917091703960e-01 -2.151895043335277646e-01 6.962524154580568281e-02 1.689914511956348286e-01 9.593162629639780947e-01
5.268356343149369625e-01 -4.779595054124433778e-02 2.378625317657225013e-01 -2.237214273869855274e-01 6.822906833332584298e-02 1.721178334184279846e-01 9.569059350749384851e-01
5.320347497564668071e-01 -4.694597231286741501e-02 2.399491975795393917e-01 -2.294811145257189544e-01 6.692677455566296840e-02 1.725396419026056782e-01 9.555570610359853667e-01
5.375626883904613962e-01 -4.596222901096092689e-02 2.427495678551177261e-01 -2.334405543641283054e-01 6.596206006342170136e-02 1.701115796149010873e-01 9.551002903838325953e-01
5.438657437838129161e-01 -4.533229773153414632e-02 2.457806570368859800e-01 -2.354441023473073102e-01 6.519203399136085098e-02 1.661347275714730454e-01 9.553613586851272821e-01
5.509646883665976214e-01 -4.689484906230297068e-02 2.488113786972030728e-01 -2.353942693201218628e-01 6.466318228918123412e-02 1.604648040681031784e-01 9.563781979336769545e-01
5.587994274228748059e-01 -4.792897148355617504e-02 2.527489921237509596e-01 -2.349884258320975028e-01 6.429725561696400526e-02 1.535476448071607380e-01 9.576374175121049603e-01
5.671237536908163568e-01 -5.143586186773066449e-02 2.566686156111677719e-01 -2.325677773217797450e-01 6.388634614879686036e-02 1.456841382089780756e-01 9.594826187074315671e-01
5.767373711248254819e-01 -5.322133008667912640e-02 2.615694038532851984e-01 -2.298231363252076775e-01 6.410001382910168743e-02 1.371259653439196868e-01 9.613890907771172056e-01
5.867934909140520849e-01 -5.637398849689365804e-02 2.675011050489191633e-01 -2.262236951906173577e-01 6.388179630028978373e-02 1.282250707529748457e-01 9.634834129688718551e-01
5.975423947546606440e-01 -6.079502076748476841e-02 2.740003005097197963e-01 -2.220724752519894762e-01 6.360287477250614607e-02 1.187750354327174046e-01 9.656764370191932567e-01
6.099816114187830429e-01 -6.463388826651722541e-02 2.806389214015643230e-01 -2.174457646655440224e-01 6.347894700727070572e-02 1.098138708647467127e-01 9.677957824260062791e-01
6.236640253831526870e-01 -7.009624403659001080e-02 2.868338342697852594e-01 -2.113996983305445332e-01 6.301972865826335757e-02 1.011459275775962452e-01 9.701073047246172587e-01
6.391588944961088536e-01 -7.387221287983368467e-02 2.938996435199098811e-01 -2.050398619637902042e-01 6.306996546626654487e-02 9.334131507903210834e-02 9.722490593265032954e-01
6.556071365040063714e-01 -8.015324227758927056e-02 3.009706627226364506e-01 -1.978793646623786262e-01 6.283151430554669015e-02 8.684135074282477162e-02 9.743482630210036355e-01
6.732130870091501684e-01 -8.706664928027416095e-02 3.091271018749739419e-01 -1.908719650600441686e-01 6.274969754450859805e-02 8.162348608868991162e-02 9.762007861761428096e-01
6.933751136385887248e-01 -9.253580759570728675e-02 3.169396936290396205e-01 -1.839792863767659437e-01 6.282802709550029674e-02 7.831863527965113314e-02 9.777885520722341406e-01
7.149421487457304769e-01 -9.971289837328670136e-02 3.249522017017751896e-01 -1.772110202892778763e-01 6.263454334197737783e-02 7.711517621882499340e-02 9.791457592540115940e-01
7.385223274670815741e-01 -1.064041515284113310e-01 3.335575214210637629e-01 -1.710536928392404898e-01 6.283453956701436083e-02 7.788131604655970652e-02 9.801667997919107922e-01
7.640528622778944845e-01 -1.133630137741863525e-01 3.425202360679563962e-01 -1.654141688233304874e-01 6.329186636088991735e-02 8.200761954278093513e-02 9.807685979587480452e-01
7.912320801403284198e-01 -1.193270051674477639e-01 3.536713046175082309e-01 -1.613693356718036431e-01 6.469010381438379531e-02 8.876512830803791332e-02 9.807629071135298693e-01
8.197371751068989187e-01 -1.272629064006129962e-01 3.658632391714531917e-01 -1.579013873731802131e-01 5.888661044304730613e-02 9.937001097574904573e-02 9.806758485324460484e-01
8.497707208157839753e-01 -1.348249659077055129e-01 3.800377682967390203e-01 -1.557889311416916778e-01 5.294118878219340046e-02 1.126033862905440747e-01 9.799221993913393991e-01
8.825265520628600147e-01 -1.417124930150900075e-01 3.933632550326243704e-01 -1.549582792011994503e-01 4.622044679391434929e-02 1.280718261193801721e-01 9.784933363899935843e-01
9.177878024309923388e-01 -1.458270454216989698e-01 4.066300186588933663e-01 -1.549074205324455222e-01 3.975047172683388724e-02 1.461993062876449090e-01 9.762424667583815552e-01
9.545482150228197238e-01 -1.496403255262982179e-01 4.210291549868103722e-01 -1.557023656926404542e-01 3.345790219792533354e-02 1.661430615122335419e-01 9.731566293303310911e-01
9.925482244922727570e-01 -1.551430190439005985e-01 4.363184609416446702e-01 -1.565123328877315034e-01 2.657966183610734751e-02 1.873511279067917035e-01 9.693796810861938784e-01
1.024520028505742086e+00 -1.597927620402388726e-01 4.496581187260459966e-01 -1.579049332159981889e-01 1.943604618816173121e-02 2.098880640057159686e-01 9.646943934545050281e-01
1.050477863919241805e+00 -1.625132808691018838e-01 4.611029940415660722e-01 -1.607052330930743844e-01 1.243707341687501702e-02 2.333701932598432616e-01 9.589356079316209147e-01
1.071460789059224927e+00 -1.646516682155015621e-01 4.673060039033486435e-01 -1.624515916509083890e-01 5.294241125497104773e-03 2.561997240443542045e-01 9.528605106628085242e-01
1.085831838306015706e+00 -1.649778361022216366e-01 4.730392472666961612e-01 -1.650956434871651834e-01 -6.397373128902608241e-04 2.796170206445806605e-01 9.458104149371466818e-01
1.093324613090582487e+00 -1.606040118395066496e-01 4.759790672663294919e-01 -1.669373594876880917e-01 -6.611922379238408150e-03 3.012414549339884617e-01 9.387980540664659923e-01
1.101138366383284994e+00 -1.607935533850010645e-01 4.793843162609288666e-01 -1.687250056703537004e-01 -1.212070397850415794e-02 3.243736305320499280e-01 9.306807770723868334e-01
1.107748685213167050e+00 -1.589143401389381816e-01 4.831256935253471774e-01 -1.707574869429882569e-01 -1.590884255010620307e-02 3.465050337463282393e-01 9.222380663202354167e-01
1.113582978938056467e+00 -1.553288271696431355e-01 4.849070458013541862e-01 -1.717289161233980233e-01 -1.971353885837320852e-02 3.669245517909412446e-01 9.140497410129162503e-01
1.119254525218402074e+00 -1.532656712300336510e-01 4.866226648399595844e-01 -1.728949680349263218e-01 -2.286618365303384054e-02 3.868887872236882464e-01 9.054841434249035759e-01
1.123472313725897065e+00 -1.501183499887515094e-01 4.879177791551818077e-01 -1.736268153889773680e-01 -2.523802393612701450e-02 4.041212178085644147e-01 8.977208989672705863e-01
1.126814490087378440e+00 -1.471431321558617500e-01 4.886817337917521709e-01 -1.742396717468615852e-01 -2.629794054263126166e-02 4.197512379557576390e-01 8.903695038282539720e-01
1.129360175294668256e+00 -1.447496059723933082e-01 4.877019344356719466e-01 -1.750507558197042512e-01 -2.672138759101007344e-02 4.325625633135710135e-01 8.840434543345446761e-01
1.134874017343550756e+00 -1.434267295628722516e-01 4.890746204598058200e-01 -1.759423531612528679e-01 -2.564750253261348020e-02 4.434822840726220239e-01 8.784702372258553771e-01
1.143185708857529681e+00 -1.429618473111208821e-01 4.919691497982891515e-01 -1.766024600171714753e-01 -2.292615854183378474e-02 4.513625804034716027e-01 8.743899492685844876e-01
