0.000000000000000000e+00 0.000000000000000000e+00 0.000000000000000000e+00 0.000000000000000000e+00 0.000000000000000000e+00 0.000000000000000000e+00 1.000000000000000000e+00
8.368535339832305908e-02 -9.252832271158695221e-03 3.516959398984909058e-02 -2.545023437410292785e-02 6.780461638004560421e-03 2.522439031152447567e-02 9.993347992758436771e-01
1.599864460137235822e-01 -1.708628133886314071e-02 6.809168940736574915e-02 -5.033399357333700336e-02 1.384816450369260113e-02 4.934590223735401543e-02 9.974165124777207847e-01
2.290265108286544393e-01 -2.345934213011321989e-02 9.826807558586872493e-02 -7.467300361827435007e-02 2.101098798392205674e-02 7.108646687289901789e-02 9.944491918354063653e-01
2.905308011409457603e-01 -2.878558580478070977e-02 1.260205136283967797e-01 -9.803772644707850481e-02 2.832476739613985772e-02 9.145166044285234219e-02 9.905669616675530920e-01
3.444840210732645902e-01 -3.297061771377795408e-02 1.512591847093206765e-01 -1.201980512766654269e-01 3.524172892057658713e-02 1.095302065896453653e-01 9.860596243921614379e-01
3.909606301521877381e-01 -3.674285003804321492e-02 1.735755493400815697e-01 -1.407839625858590682e-01 4.175726338559777179e-02 1.255918481075807835e-01 9.811538587408661360e-01
4.300064949237802914e-01 -3.916746166482597269e-02 1.929527271972838465e-01 -1.596127835360816039e-01 4.802614376911341909e-02 1.391813742117508357e-01 9.761382043128220554e-01
4.612984078460695136e-01 -4.111419289488627005e-02 2.098153030690537157e-01 -1.766571368733982905e-01 5.414473051815674176e-02 1.505227744435657378e-01 9.711866445347263621e-01
4.850464108985189648e-01 -4.255849634870793874e-02 2.237904187844575454e-01 -1.916511858029261162e-01 5.979609955413971167e-02 1.589264424875881099e-01 9.666626274645581107e-01
5.012214925219202755e-01 -4.355644208079615526e-02 2.348032463183026830e-01 -2.043509010341836851e-01 6.550411682017283355e-02 1.648013305951381569e-01 9.626995592396406787e-01
5.104388297924364881e-01 -4.419134409146143611e-02 2.424166628993568440e-01 -2.133885533496843179e-01 6.433303040414654894e-02 1.686701717147968960e-01 9.601442389933133592e-01
5.133086486245977964e-01 -4.361715390535483849e-02 2.474057756073974601e-01 -2.199694002971736284e-01 6.294754130742795384e-02 1.698578355013680430e-01 9.585402368680416840e-01
5.166422190615054255e-01 -4.353674494469809975e-02 2.529044366421969170e-01 -2.246977283946018367e-01 6.186412709187157077e-02 1.684718256354486576e-01 9.577583226474858380e-01
5.211740309546760708e-01 -4.401238608263467050e-02 2.586379314634201787e-01 -2.275325539085709114e-01 6.094776698424912015e-02 1.652322659288536222e-01 9.577121722665393744e-01
5.262209915109874458e-01 -4.548397810918819451e-02 2.648811092332692407e-01 -2.281368012026585013e-01 6.023736529236596582e-02 1.599240488573266394e-01 9.585141409268472801e-01
5.320108239564755870e-01 -4.696896259283731695e-02 2.716955497113796580e-01 -2.280763149035701931e-01 5.974395758403516776e-02 1.533736477860080105e-01 9.596292921107703044e-01
5.383249786373476287e-01 -4.992320171552042107e-02 2.787882828041058358e-01 -2.261429371360724194e-01 5.933478289617301338e-02 1.457157697191235612e-01 9.613041506085874266e-01
5.458664017941721180e-01 -5.182344234135269345e-02 2.863456411141247493e-01 -2.235394000875396969e-01 5.927191275265472625e-02 1.370580207978861487e-01 9.631884944817969973e-01
5.532515703595507484e-01 -5.460774185117019813e-02 2.950542569004736548e-01 -2.198402290164450379e-01 5.883743150799954774e-02 1.277329730204151137e-01 9.653459058611604249e-01
5.614286946184180449e-01 -5.775992990072656430e-02 3.042247405767751767e-01 -2.154195655098221640e-01 5.859699773647812637e-02 1.180535886693974412e-01 9.675867676100718962e-01
5.708466656652242399e-01 -6.084298437340779353e-02 3.136169688094897490e-01 -2.103964970344773255e-01 5.848186502698721895e-02 1.086914397972222196e-01 9.697934606984073280e-01
5.812588899669359765e-01 -6.483063590303636547e-02 3.231365578043072784e-01 -2.040853323111905815e-01 5.837140671384380419e-02 9.970380421773737678e-02 9.721116743657537418e-01
5.929763160941053934e-01 -6.758573854700883343e-02 3.332678137486964620e-01 -1.976141557804937665e-01 5.840775528458845567e-02 9.150434741142708661e-02 9.742505498908312633e-01
6.056993682819977742e-01 -7.137147223507667171e-02 3.437156374905966927e-01 -1.907888455361221869e-01 5.838895825643859727e-02 8.444976154554216519e-02 9.762471939768240237e-01
6.194713559527972313e-01 -7.553550703160624713e-02 3.547114988429670990e-01 -1.838335792416208592e-01 5.852762694233026169e-02 7.867857932114502573e-02 9.780538907359452860e-01
6.349394405560740973e-01 -7.899726851489842494e-02 3.658958308108380408e-01 -1.771343741194685850e-01 5.878450186494139224e-02 7.474111203862304764e-02 9.795823406008424827e-01
6.516768536589252481e-01 -8.272067563974659643e-02 3.776393783130030934e-01 -1.706943380114920306e-01 5.906490442064569329e-02 7.286981242366727396e-02 9.808490049309006586e-01
6.697970866469399320e-01 -8.643519237983672554e-02 3.899987828742043638e-01 -1.647589752998472878e-01 5.950526456700987871e-02 7.306459323630588865e-02 9.818223712882935272e-01
6.894249024474347065e-01 -9.021430539586661190e-02 4.029170876273120983e-01 -1.594102144986200009e-01 6.029450668965000842e-02 7.621896578269489464e-02 9.824172358176398445e-01
7.106392694904857255e-01 -9.374230534803379422e-02 4.164884209820572947e-01 -1.553514875836586595e-01 6.138529821327638747e-02 8.196987327035137882e-02 9.825368697127117024e-01
7.329089688622868470e-01 -9.754997214466466782e-02 4.314506960383464040e-01 -1.515358538588297832e-01 5.549123544830399796e-02 9.152457398548273504e-02 9.826397407699690723e-01
7.564145778880134730e-01 -1.013460265169184998e-01 4.477351278275207291e-01 -1.487218103615259857e-01 4.884703936649882616e-02 1.039832374792994119e-01 9.821829138155691030e-01
7.817347257143012484e-01 -1.046289761811044078e-01 4.644335970656843227e-01 -1.470718673712024249e-01 4.165583543125940535e-02 1.187612991123595807e-01 9.810863422938962408e-01
8.088013634101989258e-01 -1.071825292832085386e-01 4.816073035685550785e-01 -1.459077341905849479e-01 3.424245997646063744e-02 1.360610639336338468e-01 9.792986132530657750e-01
8.371125674237022141e-01 -1.092731877546368330e-01 4.995841898484468246e-01 -1.454402217335967196e-01 2.674723003816431230e-02 1.554199801112194912e-01 9.767171327306570783e-01
8.665212354248457149e-01 -1.129512782517787667e-01 5.187397891339543543e-01 -1.453572884390728903e-01 1.900684929847361662e-02 1.762982781016865785e-01 9.733596023648021234e-01
8.902988357018075671e-01 -1.154719114030813287e-01 5.356598232404291560e-01 -1.456853174799485340e-01 1.107113157820719535e-02 1.984141556578068732e-01 9.691671894729743109e-01
9.084706439183117821e-01 -1.156303590186497643e-01 5.497868928987743598e-01 -1.472650479077897701e-01 3.387493704963944526e-03 2.212639663788719957e-01 9.640247858501380662e-01
9.220593046313501073e-01 -1.159073804277667152e-01 5.602005530776025255e-01 -1.488139744259150132e-01 -4.006170970711987224e-03 2.446349785200546412e-01 9.581190316939796059e-01
9.289228341820842116e-01 -1.142181572683796525e-01 5.700534046885427086e-01 -1.511860725341424017e-01 -1.050887368254984841e-02 2.680713575111154934e-01 9.514042686091822576e-01
9.319753464813810284e-01 -1.090905822859892377e-01 5.776218018036908264e-01 -1.531075633059057750e-01 -1.686148431450818289e-02 2.906610690670102248e-01 9.443462857098885443e-01
9.355537956840277447e-01 -1.056164715074652538e-01 5.861534834432424734e-01 -1.546279182618831016e-01 -2.277887791244099375e-02 3.135467001731357395e-01 9.366214798015174425e-01
9.388180301979976994e-01 -1.004654196056213172e-01 5.944088348551540557e-01 -1.565301751035408084e-01 -2.773959804867094300e-02 3.353474388301384002e-01 9.285854372389326095e-01
9.416144172495354292e-01 -9.343714171279274283e-02 6.021143959364294584e-01 -1.580320413132771662e-01 -3.181079145372613104e-02 3.559317319832259185e-01 9.205034218474514862e-01
9.452617668983473997e-01 -8.628860960954568005e-02 6.102855120380700216e-01 -1.597455463522132746e-01 -3.500791551712023608e-02 3.750589721242707508e-01 9.124618204072236782e-01
9.470423682017270472e-01 -7.734282248256554859e-02 6.184775800193647033e-01 -1.610370528691584535e-01 -3.728874893070890928e-02 3.922718857307289086e-01 9.048753419513962948e-01
9.495090020392829011e-01 -6.665304251771625443e-02 6.257278597711141144e-01 -1.621577623954655878e-01 -3.866907859819070092e-02 4.079333730774449829e-01 8.976635926586978842e-01
9.490659229892363102e-01 -5.673429511013227539e-02 6.359301254810117987e-01 -1.632974435118962897e-01 -3.856970572506478179e-02 4.208814897492940688e-01 8.914623347787475893e-01
9.540356594794373590e-01 -4.653857138709078384e-02 6.437650890766359879e-01 -1.640345160339402308e-01 -3.726249847780123414e-02 4.306249013661362923e-01 8.867166278355832487e-01
9.631227232159546015e-01 -4.458466912317302772e-02 6.544557352752478074e-01 -1.647899220292276257e-01 -3.457113756500580087e-02 4.382156475140223661e-01 8.829587557292405409e-01
