2.616429710388183594e+01 -2.226403045654296875e+01 -9.312875270843505859e-01 -9.828075766563415527e-02 1.950348913669586182e-01 7.394629120826721191e-01 6.367863416671752930e-01
2.615418434143066406e+01 -2.217540550231933594e+01 -9.428883194923400879e-01 -1.149026304483413696e-01 1.831074655055999756e-01 7.593892812728881836e-01 6.136747002601623535e-01
2.614346122741699219e+01 -2.209144783020019531e+01 -9.482752680778503418e-01 -1.316736787557601929e-01 1.713178306818008423e-01 7.773592472076416016e-01 5.907824635505676270e-01
2.613827896118164062e+01 -2.201590156555175781e+01 -9.529907703399658203e-01 -1.481225639581680298e-01 1.596938073635101318e-01 7.933426499366760254e-01 5.684740543365478516e-01
2.614007568359375000e+01 -2.194719696044921875e+01 -9.602605700492858887e-01 -1.640497744083404541e-01 1.482515186071395874e-01 8.074206113815307617e-01 5.469708442687988281e-01
2.613596534729003906e+01 -2.188652610778808594e+01 -9.643232226371765137e-01 -1.793970763683319092e-01 1.372454315423965454e-01 8.194386959075927734e-01 5.267778038978576660e-01
2.613202476501464844e+01 -2.183351516723632812e+01 -9.670934677124023438e-01 -1.940046101808547974e-01 1.269259601831436157e-01 8.294791579246520996e-01 5.081425309181213379e-01
2.612489318847656250e+01 -2.178879547119140625e+01 -9.682909846305847168e-01 -2.077664881944656372e-01 1.174125373363494873e-01 8.375812172889709473e-01 4.914226531982421875e-01
2.611670112609863281e+01 -2.175255393981933594e+01 -9.696320295333862305e-01 -2.205436378717422485e-01 1.089530736207962036e-01 8.438272476196289062e-01 4.769020378589630127e-01
2.610924148559570312e+01 -2.172441291809082031e+01 -9.722430109977722168e-01 -2.321359664201736450e-01 1.014952659606933594e-01 8.483121395111083984e-01 4.649372696876525879e-01
2.610461616516113281e+01 -2.170362854003906250e+01 -9.735916256904602051e-01 -2.427124083042144775e-01 9.549884498119354248e-02 8.510731458663940430e-01 4.556668996810913086e-01
2.610284614562988281e+01 -2.169029998779296875e+01 -9.741829037666320801e-01 -2.467785924673080444e-01 8.799666911363601685e-02 8.535295724868774414e-01 4.503669440746307373e-01
2.610087203979492188e+01 -2.168521308898925781e+01 -9.742798805236816406e-01 -2.498123496770858765e-01 8.205896615982055664e-02 8.545062541961669922e-01 4.479557573795318604e-01
2.609778594970703125e+01 -2.168037033081054688e+01 -9.739066958427429199e-01 -2.522473931312561035e-01 7.766541838645935059e-02 8.541211485862731934e-01 4.481078982353210449e-01
2.609572982788085938e+01 -2.167383766174316406e+01 -9.736415147781372070e-01 -2.540911734104156494e-01 7.463037222623825073e-02 8.526004552841186523e-01 4.504700899124145508e-01
2.609237861633300781e+01 -2.166749191284179688e+01 -9.733810424804687500e-01 -2.554164528846740723e-01 7.284237444400787354e-02 8.500701189041137695e-01 4.547735154628753662e-01
2.609070014953613281e+01 -2.165884017944335938e+01 -9.735942482948303223e-01 -2.562629580497741699e-01 7.216964662075042725e-02 8.466962575912475586e-01 4.606592953205108643e-01
2.609070968627929688e+01 -2.164906692504882812e+01 -9.744256734848022461e-01 -2.566291987895965576e-01 7.264064997434616089e-02 8.426350355148315430e-01 4.677718281745910645e-01
2.609004592895507812e+01 -2.163824462890625000e+01 -9.745575785636901855e-01 -2.565682530403137207e-01 7.401814311742782593e-02 8.380181789398193359e-01 4.758126735687255859e-01
2.609071731567382812e+01 -2.162606048583984375e+01 -9.738407731056213379e-01 -2.560632526874542236e-01 7.623843848705291748e-02 8.330162763595581055e-01 4.844377934932708740e-01
2.609199714660644531e+01 -2.161274528503417969e+01 -9.737700223922729492e-01 -2.551233768463134766e-01 7.909011840820312500e-02 8.277761340141296387e-01 4.933749437332153320e-01
2.609286880493164062e+01 -2.159809684753417969e+01 -9.735723733901977539e-01 -2.537509500980377197e-01 8.257906138896942139e-02 8.224859833717346191e-01 5.022767782211303711e-01
2.609457778930664062e+01 -2.158214378356933594e+01 -9.737100005149841309e-01 -2.519503235816955566e-01 8.661776036024093628e-02 8.173382878303527832e-01 5.108318924903869629e-01
2.609377670288085938e+01 -2.156481742858886719e+01 -9.735147356986999512e-01 -2.497640997171401978e-01 9.106096625328063965e-02 8.125036954879760742e-01 5.187824964523315430e-01
2.609595680236816406e+01 -2.154592323303222656e+01 -9.749829769134521484e-01 -2.471816241741180420e-01 9.585135430097579956e-02 8.082160949707031250e-01 5.258058905601501465e-01
2.609857749938964844e+01 -2.152544021606445312e+01 -9.763345718383789062e-01 -2.442999631166458130e-01 1.008024215698242188e-01 8.046485185623168945e-01 5.316649079322814941e-01
2.609647178649902344e+01 -2.150346946716308594e+01 -9.778978824615478516e-01 -2.411765307188034058e-01 1.058498546481132507e-01 8.019856810569763184e-01 5.361137986183166504e-01
2.609823799133300781e+01 -2.147961425781250000e+01 -9.805436730384826660e-01 -2.378614693880081177e-01 1.108677312731742859e-01 8.004690408706665039e-01 5.388401746749877930e-01
2.609876441955566406e+01 -2.145384979248046875e+01 -9.827199578285217285e-01 -2.345222830772399902e-01 1.157767176628112793e-01 8.002385497093200684e-01 5.396130084991455078e-01
2.609785842895507812e+01 -2.142632865905761719e+01 -9.856148362159729004e-01 -2.311766743659973145e-01 1.205209419131278992e-01 8.015056848526000977e-01 5.381355285644531250e-01
2.609703063964843750e+01 -2.139652252197265625e+01 -9.863244891166687012e-01 -2.282786071300506592e-01 1.249707564711570740e-01 8.043367266654968262e-01 5.341190695762634277e-01
2.609961891174316406e+01 -2.136468696594238281e+01 -9.892763495445251465e-01 -2.197321057319641113e-01 1.249305382370948792e-01 8.103825449943542480e-01 5.285454392433166504e-01
2.610307312011718750e+01 -2.133091926574707031e+01 -9.920171499252319336e-01 -2.105581462383270264e-01 1.239280477166175842e-01 8.181774616241455078e-01 5.204451680183410645e-01
2.610648345947265625e+01 -2.129520797729492188e+01 -9.961386322975158691e-01 -2.011090815067291260e-01 1.221481189131736755e-01 8.273608088493347168e-01 5.099808573722839355e-01
2.610684013366699219e+01 -2.125778007507324219e+01 -1.001672267913818359e+00 -1.913721710443496704e-01 1.197424978017807007e-01 8.376412391662597656e-01 4.973605871200561523e-01
2.610744285583496094e+01 -2.121878623962402344e+01 -1.007732510566711426e+00 -1.814587265253067017e-01 1.168526709079742432e-01 8.487055301666259766e-01 4.827937185764312744e-01
2.610866165161132812e+01 -2.117756843566894531e+01 -1.013824105262756348e+00 -1.714435070753097534e-01 1.135312244296073914e-01 8.602584004402160645e-01 4.665257930755615234e-01
2.610856819152832031e+01 -2.114388656616210938e+01 -1.017887473106384277e+00 -1.614678055047988892e-01 1.097306385636329651e-01 8.720328807830810547e-01 4.487975537776947021e-01
2.611140441894531250e+01 -2.111272811889648438e+01 -1.020430564880371094e+00 -1.515933573246002197e-01 1.057068258523941040e-01 8.838424682617187500e-01 4.296991825103759766e-01
2.610458946228027344e+01 -2.109853744506835938e+01 -1.026560068130493164e+00 -1.418467313051223755e-01 1.013816893100738525e-01 8.952451348304748535e-01 4.100121855735778809e-01
2.608787345886230469e+01 -2.109616661071777344e+01 -1.029867410659790039e+00 -1.324911117553710938e-01 9.688722342252731323e-02 9.061024188995361328e-01 3.898843228816986084e-01
2.608404922485351562e+01 -2.108766746520996094e+01 -1.029142975807189941e+00 -1.235355287790298462e-01 9.282942861318588257e-02 9.165058732032775879e-01 3.689328134059906006e-01
2.608003807067871094e+01 -2.108144760131835938e+01 -1.030897259712219238e+00 -1.150686740875244141e-01 8.881843090057373047e-02 9.261335730552673340e-01 3.480226099491119385e-01
2.607508659362792969e+01 -2.107580375671386719e+01 -1.030121922492980957e+00 -1.073192581534385681e-01 8.510541915893554688e-02 9.348589181900024414e-01 3.274931311607360840e-01
2.606932830810546875e+01 -2.107356452941894531e+01 -1.030732274055480957e+00 -1.003542914986610413e-01 8.170952647924423218e-02 9.426307678222656250e-01 3.076897561550140381e-01
2.606493568420410156e+01 -2.107030677795410156e+01 -1.032685995101928711e+00 -9.428295493125915527e-02 7.877342402935028076e-02 9.494420289993286133e-01 2.888571023941040039e-01
2.606031227111816406e+01 -2.106901359558105469e+01 -1.033703684806823730e+00 -8.926248550415039062e-02 7.654300332069396973e-02 9.552442431449890137e-01 2.713947594165802002e-01
2.605664253234863281e+01 -2.106736564636230469e+01 -1.034273624420166016e+00 -8.543383330106735229e-02 7.510389387607574463e-02 9.600517749786376953e-01 2.556057274341583252e-01
2.605341148376464844e+01 -2.106684303283691406e+01 -1.035148859024047852e+00 -8.293464779853820801e-02 7.449264824390411377e-02 9.638603329658508301e-01 2.419070005416870117e-01
2.604985427856445312e+01 -2.106265640258789062e+01 -1.036321640014648438e+00 -8.190056681632995605e-02 7.484719902276992798e-02 9.666826725006103516e-01 2.306241542100906372e-01
2.604817390441894531e+01 -2.105376434326171875e+01 -1.037322044372558594e+00 -8.245512843132019043e-02 7.634002715349197388e-02 9.685319662094116211e-01 2.220174372196197510e-01
