0.000000000000000000e+00 0.000000000000000000e+00 0.000000000000000000e+00 0.000000000000000000e+00 0.000000000000000000e+00 0.000000000000000000e+00 1.000000000000000000e+00
8.504255115985870361e-02 -4.338657483458518982e-03 3.278252854943275452e-02 -2.719632896499328892e-02 6.110006677772669877e-03 2.779989163840021135e-02 9.992247962966683827e-01
1.616326643308264310e-01 -8.900038503530334488e-03 6.564943187396718449e-02 -5.414152523298241398e-02 1.319133850845240034e-02 5.517955361134702780e-02 9.969202077884941060e-01
2.313414056957050491e-01 -1.021824228711817883e-02 9.491910674676237725e-02 -8.034878108013485121e-02 2.011456939876641106e-02 7.978239520910392069e-02 9.933651125802320792e-01
2.932456799995409868e-01 -1.229850492618293420e-02 1.222115382404277417e-01 -1.057994374323197456e-01 2.798035402992966186e-02 1.039746215393176909e-01 9.885407714925672495e-01
3.477250101485270251e-01 -1.381453496565816091e-02 1.466074165485625469e-01 -1.294559963787967338e-01 3.503420739287594482e-02 1.249760201240100455e-01 9.830537847482653246e-01
3.950951598323989566e-01 -1.529900588993408223e-02 1.672517892297227249e-01 -1.507277331048061664e-01 4.123456788109861049e-02 1.431207364726042874e-01 9.772908040477433778e-01
4.351088546793884237e-01 -1.547101306728899603e-02 1.847105451736608117e-01 -1.700169919908425531e-01 4.725472924003604192e-02 1.581937343187957423e-01 9.715122003459920608e-01
4.675194817674220849e-01 -1.458002790576565927e-02 1.994101203660562927e-01 -1.875594457862218289e-01 5.329076196108267077e-02 1.704711737183514098e-01 9.658784229482818562e-01
4.928025518561020557e-01 -1.349470029499310469e-02 2.104076590070971531e-01 -2.027053644165535407e-01 5.880435094180260641e-02 1.790667052676246374e-01 9.609306419360676976e-01
5.106068787695146050e-01 -1.297319603971118507e-02 2.185713271108413736e-01 -2.156457940198117096e-01 6.420515330998420589e-02 1.850744757288668718e-01 9.566201065437061057e-01
5.216527086959898973e-01 -1.318606592228070175e-02 2.231833601309495541e-01 -2.246036167859899180e-01 6.240456182758621212e-02 1.891104044528795214e-01 9.538847629129147965e-01
5.267441885403864044e-01 -1.181213337784065356e-02 2.255594793022064615e-01 -2.308119094492112056e-01 6.127431105637450720e-02 1.903379686700564510e-01 9.522304232398439705e-01
5.322857649942069891e-01 -1.094877212773369413e-02 2.287059011749453530e-01 -2.352318326160542095e-01 6.051609069973150346e-02 1.886505509038621797e-01 9.515328461667436066e-01
5.388374871974006552e-01 -1.022392240303585456e-02 2.318974599840230300e-01 -2.375982821382659482e-01 5.992088711065456097e-02 1.852045485080726639e-01 9.516595078202803037e-01
5.462748248659207162e-01 -1.001528591138205367e-02 2.352526258962363837e-01 -2.379985199314220978e-01 5.958734348903247519e-02 1.799842147472021370e-01 9.525816161611589949e-01
5.544824326717200380e-01 -1.014882071697347128e-02 2.390972673306207552e-01 -2.376669745862262095e-01 5.947750079384743482e-02 1.735086271657449719e-01 9.538718951669592494e-01
5.635056447962001336e-01 -1.150391570592813016e-02 2.430530619847837137e-01 -2.354435264589173071e-01 5.946838935149101335e-02 1.659614626089636613e-01 9.557649551250673170e-01
5.731686034103855576e-01 -1.193437510285491089e-02 2.479560788522106873e-01 -2.327695751647557709e-01 6.014297953539706615e-02 1.575393185933528228e-01 9.578008717825255980e-01
5.833268693201579813e-01 -1.345787256203352482e-02 2.536676098343692010e-01 -2.290018860955266577e-01 6.020873030783045060e-02 1.484252196083417630e-01 9.601577990849348154e-01
5.942757469102651902e-01 -1.579444721679975142e-02 2.596309920550913253e-01 -2.244963550163116273e-01 6.042240866901962826e-02 1.387379302876277087e-01 9.626537829430317217e-01
6.063219234272491098e-01 -1.756706251125906421e-02 2.658087610466484674e-01 -2.193583015462647057e-01 6.094556331516096104e-02 1.295048633448127318e-01 9.650886302433455688e-01
6.196758557383363897e-01 -2.037290799043567358e-02 2.711695538729677057e-01 -2.127106642180995044e-01 6.133293175468989417e-02 1.206406067068703653e-01 9.676974159434692524e-01
6.341379083098507285e-01 -2.149757960909069385e-02 2.772617779329044074e-01 -2.059479401489930084e-01 6.207310633439171860e-02 1.125094338927563747e-01 9.700896879688587493e-01
6.496323873323166520e-01 -2.371801014173258171e-02 2.836143898614914005e-01 -1.988417191292173869e-01 6.289756906026017225e-02 1.055622709566937933e-01 9.722975231329722412e-01
6.660909421759930726e-01 -2.631418562693736002e-02 2.907060458708095596e-01 -1.916264748795734330e-01 6.370637748417358470e-02 1.003541113991827105e-01 9.742432159981164741e-01
6.841321011481165115e-01 -2.726932868989045272e-02 2.977727971490387593e-01 -1.847853776282105120e-01 6.473477696899726519e-02 9.716227910120209255e-02 9.758192785477410869e-01
7.035771215598275452e-01 -2.890975210742413246e-02 3.049223358429222763e-01 -1.779723779474915446e-01 6.532120840142278950e-02 9.593045738311153925e-02 9.771674983169262863e-01
7.244100447130712439e-01 -3.017582640169070435e-02 3.126217954760812656e-01 -1.717349607447423154e-01 6.646011225715957316e-02 9.689915983375849140e-02 9.781107859339244204e-01
7.467035605192078318e-01 -3.136599405428718013e-02 3.208678963484347113e-01 -1.660643577531152604e-01 6.782353042721113445e-02 1.011428550933771708e-01 9.785666664402556947e-01
7.701654085164041375e-01 -3.116346519149969588e-02 3.306749315525421840e-01 -1.620242739748555816e-01 6.997255986740309741e-02 1.084302915466288514e-01 9.783122443185696682e-01
7.948366214577096134e-01 -3.125195315581489469e-02 3.418834500960249434e-01 -1.577520328820702089e-01 6.459747445447078240e-02 1.191744865785354379e-01 9.781303104210710142e-01
8.206129800337420566e-01 -3.049815826827447299e-02 3.548108459946296978e-01 -1.548973506769688591e-01 5.874578504086421654e-02 1.326881151220423438e-01 9.772152309489186006e-01
8.482186305014185468e-01 -2.824093234143664616e-02 3.675998795732544067e-01 -1.533927628330012671e-01 5.242762034895106366e-02 1.483216203677191203e-01 9.755627616235149624e-01
8.780576860133035844e-01 -2.507711971081672681e-02 3.791619221282320207e-01 -1.523226043951936004e-01 4.544599353734942587e-02 1.675710279483814402e-01 9.729606551418157334e-01
9.091610964171498166e-01 -2.150702150260500739e-02 3.913642079193651591e-01 -1.518399228545861679e-01 3.837853171930526164e-02 1.889216752704043212e-01 9.694226770318545849e-01
9.418726165464614830e-01 -1.934765994400998793e-02 4.044266993402697019e-01 -1.514978263591016949e-01 3.099623603231125429e-02 2.112576412606166631e-01 9.651206406296040097e-01
9.690557314483685403e-01 -1.714461021114493944e-02 4.151150163261406734e-01 -1.514951584980032684e-01 2.297475113900460109e-02 2.347479383117564156e-01 9.599035280798510206e-01
9.901687598753231567e-01 -1.458179428653255325e-02 4.239176165725322964e-01 -1.525355328042221070e-01 1.491860107798293790e-02 2.592748898181976847e-01 9.535653507147632268e-01
1.006397721650289290e+00 -1.212612472060724950e-02 4.287923721771394470e-01 -1.532424146473114202e-01 7.040958104153316119e-03 2.837261979156522895e-01 9.465551393756019838e-01
1.017148897768819893e+00 -9.320356758957258278e-03 4.336483025291768545e-01 -1.551651559496254607e-01 8.063942148082813965e-04 3.086463054134698236e-01 9.384351774428075776e-01
1.023240439461533091e+00 -2.830883558277954432e-03 4.373456457603653869e-01 -1.567023931183924024e-01 -5.004549474532622028e-03 3.318725735209869798e-01 9.302042299517256918e-01
1.031317238384388046e+00 7.193102872519608476e-04 4.417982589722713183e-01 -1.570495060186106739e-01 -1.085137965469043161e-02 3.567314425840791281e-01 9.208476410844423921e-01
1.037681535515508680e+00 7.020124755882616030e-03 4.468117278286793947e-01 -1.583164536081679563e-01 -1.493438142397372770e-02 3.802704864888820091e-01 9.111022016623190334e-01
1.042925963902745057e+00 1.558403564615013642e-02 4.507800451224008298e-01 -1.588648814714299362e-01 -1.869458445531431423e-02 4.012812520325130805e-01 9.018790488276852146e-01
1.049759379515319946e+00 2.328953627398742954e-02 4.557901836134732876e-01 -1.599221375747939544e-01 -2.159645626976964064e-02 4.218464964507027681e-01 8.921905830159628792e-01
1.053732310542499828e+00 3.349770223439523659e-02 4.612962539479910640e-01 -1.607815775059331653e-01 -2.359505637918879115e-02 4.394909584307277739e-01 8.834252968456397515e-01
1.058586100522963314e+00 4.483427378094955590e-02 4.658618955058889677e-01 -1.615259075857813920e-01 -2.458460437086721143e-02 4.558415791076244061e-01 8.749362451991486989e-01
1.060840040085713420e+00 5.750136146752936328e-02 4.719552318723148066e-01 -1.626014628313550425e-01 -2.434629161633524233e-02 4.691267354610736406e-01 8.676912633219673321e-01
1.070523649274036870e+00 6.630539411168315245e-02 4.762858714937447946e-01 -1.633064823572647484e-01 -2.313965725549496644e-02 4.800051331268734844e-01 8.616209266574523795e-01
1.082899751958218859e+00 7.046246501813675789e-02 4.817843463364789858e-01 -1.641766912521547273e-01 -2.013660535556747316e-02 4.882513743987778598e-01 8.568845468159367318e-01
