-4.452462308108806610e-03 9.506114125251770020e-01 -2.659993059933185577e-02
-1.287254877388477325e-02 8.747048377990722656e-01 -2.077581174671649933e-02
-1.992688141763210297e-02 7.977904677391052246e-01 -1.513183861970901489e-02
-2.667940407991409302e-02 7.200383543968200684e-01 -1.224188134074211121e-02
-3.168406710028648376e-02 6.416358351707458496e-01 -9.050802327692508698e-03
-3.527835011482238770e-02 5.627132058143615723e-01 -6.482170429080724716e-03
-3.740764409303665161e-02 4.836173355579376221e-01 -4.034515935927629471e-03
-3.793028369545936584e-02 4.036593735218048096e-01 -1.808325061574578285e-03
-3.691334649920463562e-02 3.248490989208221436e-01 3.292283508926630020e-04
-3.470063582062721252e-02 2.428857833147048950e-01 2.449610270559787750e-03
-3.065365180373191833e-02 1.675910055637359619e-01 4.555362276732921600e-03
-2.608636580407619476e-02 7.497647404670715332e-02 8.259295485913753510e-03
-2.217005938291549683e-02 3.279764577746391296e-02 8.558551780879497528e-03
-1.845816150307655334e-02 5.498197302222251892e-02 5.091853439807891846e-03
-1.533632166683673859e-02 5.626581981778144836e-02 3.123220521956682205e-03
-1.259822212159633636e-02 6.727746129035949707e-02 7.322944002225995064e-04
-1.043215300887823105e-02 7.506015896797180176e-02 -1.320660463534295559e-03
-8.908011950552463531e-03 8.501553535461425781e-02 -3.396665444597601891e-03
-7.907620631158351898e-03 9.492802619934082031e-02 -5.370706319808959961e-03
-7.478993386030197144e-03 1.056930720806121826e-01 -7.310851942747831345e-03
-7.497331127524375916e-03 1.169964969158172607e-01 -9.232523851096630096e-03
-7.918746210634708405e-03 1.289745867252349854e-01 -1.103089656680822372e-02
-8.841993287205696106e-03 1.417009681463241577e-01 -1.298515126109123230e-02
-9.860746562480926514e-03 1.552142500877380371e-01 -1.435979641973972321e-02
-1.107650715857744217e-02 1.694282591342926025e-01 -1.549419295042753220e-02
-1.274501718580722809e-02 1.844633519649505615e-01 -1.716183871030807495e-02
-1.454757712781429291e-02 2.002481520175933838e-01 -1.847615838050842285e-02
-1.658365502953529358e-02 2.169283181428909302e-01 -1.973019354045391083e-02
-1.874190382659435272e-02 2.342277616262435913e-01 -2.068025432527065277e-02
-2.126399800181388855e-02 2.526233792304992676e-01 -2.152179740369319916e-02
-2.399080991744995117e-02 2.709847688674926758e-01 -2.173074334859848022e-02
-2.713689580559730530e-02 2.906574010848999023e-01 -2.170048840343952179e-02
-3.055968694388866425e-02 3.089518249034881592e-01 -2.169435471296310425e-02
-3.386088833212852478e-02 3.292191028594970703e-01 -2.133682370185852051e-02
-3.709907084703445435e-02 3.414331376552581787e-01 -2.024508826434612274e-02
-4.026383534073829651e-02 3.696269690990447998e-01 -1.985639333724975586e-02
-4.322824999690055847e-02 3.506544232368469238e-01 -1.632380113005638123e-02
-4.598518833518028259e-02 2.718536853790283203e-01 -8.915919810533523560e-03
-4.829042032361030579e-02 2.100228369235992432e-01 -2.477193251252174377e-03
-4.991729930043220520e-02 1.442676186561584473e-01 4.236455541104078293e-03
-5.091672018170356750e-02 6.850571930408477783e-02 1.151282526552677155e-02
-5.092594027519226074e-02 2.530836872756481171e-02 1.663017272949218750e-02
-4.991691187024116516e-02 2.789929695427417755e-02 1.869651116430759430e-02
-4.785215854644775391e-02 1.389516890048980713e-02 2.152562327682971954e-02
-4.463731497526168823e-02 6.902634631842374802e-03 2.360256388783454895e-02
-4.017249122262001038e-02 -4.988926462829113007e-03 2.562326565384864807e-02
-3.446927666664123535e-02 -1.197139732539653778e-02 2.696962654590606689e-02
-2.754609100520610809e-02 -2.866677567362785339e-02 2.854260802268981934e-02
-1.931318640708923340e-02 -2.048427611589431763e-02 2.821089327335357666e-02
-9.950120002031326294e-03 1.987256854772567749e-02 2.557337284088134766e-02
6.988593377172946930e-04 4.911429062485694885e-02 2.333604730665683746e-02
