0.000000000000000000e+00 0.000000000000000000e+00 0.000000000000000000e+00 0.000000000000000000e+00 0.000000000000000000e+00 0.000000000000000000e+00 1.000000000000000000e+00
8.638211339712142944e-02 2.665505930781364441e-02 1.323518529534339905e-02 -1.215302653807235310e-02 1.976719736029659141e-03 1.418658413402070981e-03 9.999231890167145087e-01
1.665807624035091639e-01 5.027920474340714929e-02 1.925803094860315326e-02 -2.623348277420911243e-02 2.060876595128274466e-03 1.901233808678513696e-03 9.996519106565042723e-01
2.345398388505051945e-01 7.953368737730462379e-02 1.014888756008035936e-03 -3.965088843613819719e-02 -4.543039088169966572e-03 -2.793384449377933187e-03 9.991993619120191905e-01
2.987505986741419428e-01 1.001414827244371669e-01 -1.103483719602310793e-02 -5.538704769823563773e-02 -9.590062167277386279e-03 -5.633167888225838055e-03 9.984030113508493010e-01
3.561667845330525606e-01 1.181722356896427323e-01 -1.937289565767844751e-02 -7.142534190476369782e-02 -1.301964068168279254e-02 -8.559433029447371596e-03 9.973242429603933479e-01
4.078010240491920513e-01 1.296727027618458927e-01 -2.185865649356800652e-02 -8.672202334933146184e-02 -1.399897774602736414e-02 -1.002950417288073562e-02 9.960836954464772353e-01
4.512075513455937603e-01 1.419687438029112736e-01 -2.102487800864691336e-02 -1.003104976776600932e-01 -1.299172327741106477e-02 -1.288611880784418240e-02 9.947879005717819023e-01
4.869968628928812993e-01 1.522899815918437316e-01 -2.040657118435879741e-02 -1.130014295372274574e-01 -1.156896596376485488e-02 -1.607909803887257530e-02 9.933973517960114075e-01
5.146935188276592354e-01 1.620449297429422675e-01 -1.987804922690052795e-02 -1.227541185369751264e-01 -1.003834872774601004e-02 -2.060251904208937682e-02 9.921724618966959452e-01
5.346247063794040688e-01 1.699633526407383077e-01 -1.940554701335577698e-02 -1.310471564239782671e-01 -7.949545340631920809e-03 -2.516733418694289820e-02 9.910247488392958104e-01
5.472011204972274667e-01 1.743621077381248552e-01 -1.753466376560955733e-02 -1.381960614801639453e-01 -8.325929644663391388e-03 -2.796051357557998232e-02 9.899751194689252465e-01
5.521085064863268110e-01 1.771890101365306558e-01 -1.735129380666739288e-02 -1.436061631232663505e-01 -8.990176613296757893e-03 -3.034226645254741589e-02 9.891288053150600890e-01
5.572820465349207497e-01 1.806571909410717436e-01 -1.659357407254802991e-02 -1.461998824624504145e-01 -9.981380737652799720e-03 -3.524012991719629312e-02 9.885768051345099616e-01
5.633965832536680374e-01 1.836688390250350578e-01 -1.490382812643653923e-02 -1.463164036416438607e-01 -1.149292670085262993e-02 -4.150946453449730345e-02 9.882997455303141887e-01
5.708390121829988173e-01 1.846796226895905391e-01 -1.253519287570237055e-02 -1.450289760921295301e-01 -1.324553503125969200e-02 -4.961974464764107307e-02 9.880936356623836181e-01
5.790601159564008338e-01 1.864179872206228050e-01 -9.824310662244969961e-03 -1.428035343742892760e-01 -1.513158632988029391e-02 -5.880876004403271656e-02 9.878864891309303564e-01
5.882957187347521710e-01 1.878943295339644270e-01 -6.745319711857987975e-03 -1.396240040343230127e-01 -1.710518534814169794e-02 -6.921825987182961271e-02 9.876342352470092179e-01
5.981847958130747100e-01 1.875994990549122443e-01 -2.082006201816938122e-03 -1.357739561054220889e-01 -1.878239230487422501e-02 -8.007346883499003032e-02 9.873200566034909809e-01
6.085842760767355974e-01 1.854318765117060064e-01 3.697450217900260898e-03 -1.311081706156353166e-01 -2.057625553580488820e-02 -9.088926880289942278e-02 9.869784223185534833e-01
6.201164914702924635e-01 1.827242520896954492e-01 9.780278514559450492e-03 -1.251867918849319250e-01 -2.252975976164575678e-02 -1.023627917401899595e-01 9.865812363560315656e-01
6.326675155211596291e-01 1.790470574007773930e-01 1.629889363444428363e-02 -1.184111505660258995e-01 -2.479052499077201085e-02 -1.140764115515775640e-01 9.860784966826053877e-01
6.468086374840014141e-01 1.744463123715750130e-01 2.215419151492189001e-02 -1.095392744984078348e-01 -2.789964066884319596e-02 -1.256907412516609091e-01 9.856087433441933499e-01
6.622819564181600116e-01 1.697392778350483578e-01 2.868832110519449474e-02 -1.004591482188769841e-01 -3.078201674493194484e-02 -1.372170230435940941e-01 9.849527478875858000e-01
6.786183081942749329e-01 1.636806755039207084e-01 3.619913165952922535e-02 -9.075398633140255300e-02 -3.354280971232104225e-02 -1.474399200769596352e-01 9.843272138111708314e-01
6.956268904239475415e-01 1.557982783169304664e-01 4.473541572504335234e-02 -8.112521559149704631e-02 -3.574666833881987027e-02 -1.553948653116488110e-01 9.838665107283010025e-01
7.134019452744044809e-01 1.460855527286293309e-01 5.407168922695023555e-02 -7.139923832209220389e-02 -3.797154158841119925e-02 -1.608741756605142625e-01 9.836563477159970814e-01
7.323217768649750159e-01 1.354338611586358987e-01 6.453253245137943739e-02 -6.246352903111169336e-02 -3.966479866176741975e-02 -1.642576160106458127e-01 9.836383719998931241e-01
7.521481742935878234e-01 1.226088924720262763e-01 7.536228325536074857e-02 -5.386239045009224430e-02 -4.178743966843365826e-02 -1.656500608097128679e-01 9.838255486287684759e-01
7.728909436140700695e-01 1.085872888949521026e-01 8.775972114202473806e-02 -4.660520932529216287e-02 -4.357286554080192637e-02 -1.654062953811846204e-01 9.841595995063916469e-01
7.947823629236678844e-01 9.449671043403108650e-02 1.026206318938931439e-01 -4.154789493653480298e-02 -4.467553427311000969e-02 -1.638407515188235464e-01 9.845984344927134480e-01
8.172738654526063851e-01 8.051021787313263067e-02 1.205837222161915134e-01 -4.060932266482578795e-02 -4.748643776941365718e-02 -1.622636264689784058e-01 9.847671992231522564e-01
8.414303321287061044e-01 6.594913250519163217e-02 1.396770684050016031e-01 -4.034107114061603883e-02 -4.983445028177592440e-02 -1.593999565865367729e-01 9.851298286949548011e-01
8.680578662418664271e-01 5.196039694224255379e-02 1.595073678349161750e-01 -4.057116405685679689e-02 -5.298072748412717414e-02 -1.559339990796539122e-01 9.855108376336360054e-01
8.965758238494462296e-01 3.682543901959559746e-02 1.793555745804885637e-01 -4.082498023969956258e-02 -5.606469967200763266e-02 -1.524099808438929560e-01 9.858809604502360990e-01
9.273772102437913833e-01 2.330573616641137824e-02 2.003721435461337796e-01 -4.143366725472736461e-02 -5.926735598664550214e-02 -1.494545705070173536e-01 9.861206635532691056e-01
9.595438518977171816e-01 9.310252307985142362e-03 2.222233822449777851e-01 -4.251545677726017297e-02 -6.235577011154690152e-02 -1.458193680960195304e-01 9.864283581471561257e-01
9.895916702355335159e-01 6.988555193952085756e-03 2.399293441805830929e-01 -4.325916655524959104e-02 -6.413879977758518702e-02 -1.432997019590630250e-01 9.866509282874463826e-01
1.015527755441268054e+00 9.182691878253594620e-03 2.515354174616549754e-01 -4.398037958851456347e-02 -6.768253489090446384e-02 -1.397832245728541645e-01 9.868867466989343917e-01
1.036740631005198310e+00 1.066112508655047558e-02 2.571176517185680410e-01 -4.671593927216416420e-02 -7.413879215161792158e-02 -1.314280063234046503e-01 9.874450565322983042e-01
1.051778750334909640e+00 1.226641139079903513e-02 2.604011736373172958e-01 -5.100271134484011398e-02 -8.122185902468437302e-02 -1.190012835655019779e-01 9.882511965901241702e-01
1.060559535107441720e+00 1.383538630350456683e-02 2.624870043810995091e-01 -5.564431691353288051e-02 -8.730403050302237844e-02 -1.038643939814163503e-01 9.891885077759581257e-01
1.068603661372917513e+00 1.576397580832590919e-02 2.645507303832757007e-01 -6.056282004770630056e-02 -9.292486869300090047e-02 -8.789756133849756237e-02 9.899349131720744932e-01
1.075895983110529697e+00 1.811699184766670315e-02 2.661353498209366730e-01 -6.514064367062701033e-02 -9.793022497004046090e-02 -7.242873234921572145e-02 9.904142801422944897e-01
1.082533273986171718e+00 1.985448983563635819e-02 2.678661255779086758e-01 -6.927100733637767127e-02 -1.023378207994029565e-01 -5.739459064479694034e-02 9.906736894363092905e-01
1.088390252225990507e+00 2.140111721897503330e-02 2.695001850403181409e-01 -7.323847571137505341e-02 -1.061385853187070266e-01 -4.292198382146095864e-02 9.907211664675626972e-01
1.093448809766840890e+00 2.269626407915690744e-02 2.709514896166625997e-01 -7.684597102960004367e-02 -1.090093760901320319e-01 -2.949327230410402068e-02 9.906269729569017191e-01
1.097618509256019781e+00 2.388733548693731598e-02 2.722933692696361541e-01 -7.975904152662412205e-02 -1.107599988828412568e-01 -1.795302195332243791e-02 9.904788775864786787e-01
1.101065673389732380e+00 2.467587711914973059e-02 2.731086909509106153e-01 -8.242967570807627209e-02 -1.116540795011549819e-01 -7.807022003038351088e-03 9.902917577667983418e-01
1.106682762927571506e+00 2.420351023210638719e-02 2.746126507362627867e-01 -8.342192673659709623e-02 -1.117911292673707674e-01 -7.737195956629598984e-04 9.902236751939770265e-01
1.115009783322114201e+00 2.452152921466210431e-02 2.774828813007626516e-01 -8.256762159280453539e-02 -1.114069611236468832e-01 9.684532277800590077e-04 9.903383961939713487e-01
1.278251310525789108e+00 5.053798858805944039e-02 3.354942084793705592e-01 -1.003695964499171228e-01 -1.093979190609527946e-01 5.754790654638405195e-03 9.889008655058074693e-01
1.418301526975811244e+00 1.205236568768014438e-01 3.685998907634557842e-01 -1.136016163751369656e-01 -1.118943658161980492e-01 -7.339820113450878404e-04 9.872050369229049549e-01
1.552587351509854052e+00 1.738924673187600967e-01 3.763036612508855461e-01 -1.330023129444749264e-01 -1.188826546612349877e-01 -8.076462013863059536e-03 9.839268620855191605e-01
1.677649714164637818e+00 2.052961534925251685e-01 3.672955037571914993e-01 -1.578696332539519798e-01 -1.275994471618343840e-01 -1.577504369042683277e-02 9.790539862422409367e-01
1.789532505542931862e+00 2.239646550225268817e-01 3.753095399958212286e-01 -1.828812323941120810e-01 -1.311923045315278591e-01 -2.175293399167625014e-02 9.740995041228958096e-01
1.885388189789736435e+00 2.429414195519498110e-01 3.837394298972717777e-01 -2.060417299426978155e-01 -1.334484747088523771e-01 -3.091143710001788281e-02 9.689080416512770855e-01
1.964367101515483993e+00 2.638244040418741276e-01 3.943100936974695547e-01 -2.267565936161312634e-01 -1.333440987163572178e-01 -4.209614732471098075e-02 9.638613556780597502e-01
2.027373994316148398e+00 2.830890761890093588e-01 4.041766210395649761e-01 -2.437986278348448221e-01 -1.315605537908352551e-01 -5.420641210351004324e-02 9.593308681778982550e-01
2.074756258010625576e+00 2.995884160807773533e-01 4.122553792593331989e-01 -2.578227601804623514e-01 -1.287028161448338093e-01 -6.606597547072591559e-02 9.553001079945602214e-01
2.107976147968723346e+00 3.096450132590114479e-01 4.159047005626086424e-01 -2.713835548165841050e-01 -1.282670483502214576e-01 -7.465070935423394338e-02 9.509604629402559350e-01
2.126381972040371160e+00 3.143148494959256967e-01 4.177914514145101843e-01 -2.839613154872402401e-01 -1.301776597739275898e-01 -8.033690522264169687e-02 9.465546629021419633e-01
2.136668608723949259e+00 3.202140120994556027e-01 4.190285544589444355e-01 -2.905873374839471057e-01 -1.322267273553403288e-01 -8.779997986994364512e-02 9.435922082137625511e-01
2.147824546952057378e+00 3.267578995075795523e-01 4.220653404579241541e-01 -2.926676810072695312e-01 -1.355430305107899747e-01 -9.833236002186862557e-02 9.414374447334820095e-01
2.160743200193253166e+00 3.321995570996136293e-01 4.270890448020047692e-01 -2.911022112769764969e-01 -1.404150478720404271e-01 -1.116344458872916140e-01 9.397238250742525612e-01
2.174223373074264387e+00 3.350752515801833642e-01 4.365195478440155319e-01 -2.865977872806267368e-01 -1.454273946394672723e-01 -1.263175255206210323e-01 9.384862619988491028e-01
2.188543737776204257e+00 3.367122140941059549e-01 4.483922648485518803e-01 -2.804001861203656021e-01 -1.509320927485726105e-01 -1.428287626623800655e-01 9.371206878297662080e-01
2.203423970309816848e+00 3.368944282220739939e-01 4.628998744470759763e-01 -2.725786731199734692e-01 -1.567094292855469306e-01 -1.607090898716574123e-01 9.355830322134836008e-01
2.219712609361643274e+00 3.363157488664856865e-01 4.791701831869430439e-01 -2.627109003603200210e-01 -1.633478902604283967e-01 -1.797467601522353686e-01 9.338048788660893162e-01
2.237576793053055901e+00 3.333376839753709464e-01 4.969919390031091178e-01 -2.506335026361983243e-01 -1.709847889712085012e-01 -1.997836981472825291e-01 9.316831667747236256e-01
2.256914377253228743e+00 3.284405868584696075e-01 5.165389491104891428e-01 -2.372203658426612072e-01 -1.787878120074730959e-01 -2.205620909805216801e-01 9.290391705032433611e-01
2.276439569135102925e+00 3.201760191803335043e-01 5.385950222321099767e-01 -2.218677991964297935e-01 -1.876768645665559676e-01 -2.398155134426591395e-01 9.263048060430394415e-01
2.296869893567342391e+00 3.084384915786588244e-01 5.623023070320143368e-01 -2.050816089246594587e-01 -1.968049944207188040e-01 -2.577724164211812607e-01 9.234515196718878771e-01
2.318824810985525176e+00 2.945208874522473597e-01 5.878060155887139260e-01 -1.867095326053155868e-01 -2.066084420898689489e-01 -2.742342278453687165e-01 9.204608032771175452e-01
2.342289750692624128e+00 2.788159216838009269e-01 6.155300817910065447e-01 -1.670427992101434778e-01 -2.157398371531413228e-01 -2.882920584888570281e-01 9.178456923194843187e-01
2.365059047096957912e+00 2.580759622515312879e-01 6.453953617014674959e-01 -1.470324339106683365e-01 -2.249876352538807134e-01 -2.974404673460873672e-01 9.161283729620608440e-01
2.386194207733871586e+00 2.314469981648240859e-01 6.769787767241096654e-01 -1.273672474127152121e-01 -2.343769545739289029e-01 -3.014376441195925627e-01 9.154126797017771988e-01
2.407024062983516011e+00 2.013912440026953410e-01 7.111923429902587968e-01 -1.093082214948704889e-01 -2.429015680620160433e-01 -3.019334984785354004e-01 9.153615151639019620e-01
2.425980298908120503e+00 1.669901976893851114e-01 7.481265151060463303e-01 -9.452792250864930357e-02 -2.495420643954046613e-01 -2.983197248513919653e-01 9.164052442713693791e-01
2.445179648537346928e+00 1.336562325509043359e-01 7.914203787749036767e-01 -8.409992632099932974e-02 -2.528095182776413097e-01 -2.937138467692252397e-01 9.180123779541610185e-01
2.463871158073663636e+00 1.011561180752335032e-01 8.407735652280281524e-01 -8.085596733057655305e-02 -2.562690377880560977e-01 -2.889261253832203780e-01 9.188635300681272655e-01
2.484374332456205092e+00 7.064342352388014445e-02 8.956625549319514601e-01 -8.094283230952539765e-02 -2.611802467573867137e-01 -2.850102863686198584e-01 9.186959634533831132e-01
2.508653620959683472e+00 4.030469738340431568e-02 9.539911776623904993e-01 -8.204027674333144726e-02 -2.656982839984802780e-01 -2.799697351388669708e-01 9.188529600966702793e-01
2.536066913093070418e+00 8.622450855730164065e-03 1.014897800288942165e+00 -8.361252227646032154e-02 -2.707054760920942216e-01 -2.740125288247274304e-01 9.190454969039341115e-01
2.565160101532652615e+00 -2.482806872664367059e-02 1.078540624821214600e+00 -8.568776837770442079e-02 -2.759055457234133590e-01 -2.683454537125505857e-01 9.189801160315274053e-01
2.597276027195575487e+00 -5.968654509148818565e-02 1.144214495470624593e+00 -8.884054006788506819e-02 -2.820258631464183097e-01 -2.619721844984699288e-01 9.186617144009343594e-01
2.636538071646548520e+00 -7.973298574708684305e-02 1.206463078198318994e+00 -9.129224559947374251e-02 -2.868934885806753154e-01 -2.577644696451575346e-01 9.181042044844179850e-01
2.672915728091028953e+00 -8.895639545974730333e-02 1.257617876526805123e+00 -9.432289220246503625e-02 -2.916916002873478631e-01 -2.510306530435080230e-01 9.181518466794685862e-01
2.709004518308604226e+00 -9.360183848615070967e-02 1.292590718813081185e+00 -1.021691431328905358e-01 -3.014839497895815401e-01 -2.382923632949164872e-01 9.175432653592350274e-01
2.738642655785846536e+00 -9.144914275105933688e-02 1.315339914784124487e+00 -1.134276027455369262e-01 -3.139440349264930874e-01 -2.212544070237223992e-01 9.163077044541613203e-01
2.757880718890851846e+00 -8.513751014958574614e-02 1.329147804576495728e+00 -1.255277648917202393e-01 -3.242060790895705535e-01 -1.983784041573103119e-01 9.163946787747379030e-01
2.771323979160206452e+00 -7.891239336324569476e-02 1.338795272981337048e+00 -1.371912943926579531e-01 -3.320100097910004822e-01 -1.720177795452952907e-01 9.172555727068399944e-01
2.783360430882675374e+00 -7.317867824618773387e-02 1.348246767182009975e+00 -1.489288517244241883e-01 -3.388984096129196155e-01 -1.451492000218044809e-01 9.175509657882271464e-01
2.794245239497722633e+00 -6.626207734205753763e-02 1.355695072640078491e+00 -1.596271565650718149e-01 -3.442845739357432433e-01 -1.185100220844068769e-01 9.175743445096899986e-01
2.803543320879187117e+00 -6.077486081819887670e-02 1.363533154024219929e+00 -1.711307348325590560e-01 -3.485613383703067836e-01 -9.152930750172025287e-02 9.169741822196655345e-01
2.811640016315042789e+00 -5.535296344266848328e-02 1.369980858640708510e+00 -1.820832213095464058e-01 -3.514750283396685937e-01 -6.504127170901631561e-02 9.160134485615600841e-01
2.818262214368101759e+00 -5.083675941709417390e-02 1.375870990581958164e+00 -1.926424607227441299e-01 -3.526946917732085574e-01 -4.058732519034192326e-02 9.147939690201181140e-01
2.823744256416067078e+00 -4.744289444590999577e-02 1.380858044472478063e+00 -2.020403426311119244e-01 -3.522758948155400027e-01 -1.869939461659681640e-02 9.136365396164856101e-01
2.830164501360086682e+00 -4.423581901646732317e-02 1.386455169173758772e+00 -2.092926048427664887e-01 -3.510577577107772407e-01 -1.608398609412866991e-03 9.126622975466467391e-01
2.840854915753831644e+00 -4.152836338150323742e-02 1.395947248595210466e+00 -2.112877678621938038e-01 -3.494872481410670750e-01 6.831835703866563636e-03 9.127811723296614943e-01
