0.000000000000000000e+00 0.000000000000000000e+00 0.000000000000000000e+00 0.000000000000000000e+00 0.000000000000000000e+00 0.000000000000000000e+00 1.000000000000000000e+00
8.621941506862640381e-02 5.964166484773159027e-04 3.022230044007301331e-02 -2.422945238812759805e-02 6.276731811081150830e-03 2.051616528196780267e-02 9.994761744218149113e-01
1.638472537792006190e-01 -3.376693598240737386e-03 6.159634655344276705e-02 -4.955856292857595963e-02 1.404636487388639769e-02 4.230595548897710112e-02 9.977759541121687947e-01
2.336975619807643012e-01 -5.519044933733104584e-03 9.198412404995218172e-02 -7.468255967492345992e-02 2.242811875513722394e-02 6.182874351776686955e-02 9.950360301237946015e-01
2.960783214729656443e-01 -1.020598292440958940e-02 1.199049318479954163e-01 -9.936204017374732078e-02 3.174570261616022765e-02 8.209351113530871658e-02 9.911508718491822689e-01
3.512988736071195328e-01 -1.382075471958534550e-02 1.449822701525539936e-01 -1.220625471530400047e-01 4.015687308350850138e-02 9.962402111328387544e-02 9.866930700799955156e-01
3.993800922612333326e-01 -1.859591691100909855e-02 1.666600978749174233e-01 -1.421549406863582554e-01 4.747812935212285951e-02 1.147429216781135491e-01 9.820243693495855908e-01
4.403310275041906752e-01 -2.166624264208796835e-02 1.853579102380633614e-01 -1.601586375505704429e-01 5.437787720639135347e-02 1.269786154511521881e-01 9.773784776158005450e-01
4.739669600360889579e-01 -2.321969993409361832e-02 2.012951516482445746e-01 -1.764749521836604662e-01 6.095572947094921035e-02 1.363279292857262071e-01 9.729109342550865680e-01
5.009396706171226343e-01 -2.380502798313684221e-02 2.129000385854409594e-01 -1.904254844015935422e-01 6.688100170256172650e-02 1.424045666259973197e-01 9.690129028582344928e-01
5.203701976776029525e-01 -2.462045753823404945e-02 2.219535767476157884e-01 -2.022696541023804584e-01 7.269999216226301353e-02 1.465119139999858933e-01 9.655754539262951797e-01
5.327300379660754315e-01 -2.624230972888691796e-02 2.270151342182187837e-01 -2.104277708205161412e-01 7.155663826474481515e-02 1.489516884447531775e-01 9.635420049469634041e-01
5.378105605107184051e-01 -2.429466456469802846e-02 2.285970347355771592e-01 -2.159884000380858649e-01 7.044529033341180579e-02 1.488558445790277851e-01 9.624076109702651705e-01
5.432882848316454849e-01 -2.181126627864311135e-02 2.303845497022447009e-01 -2.195065061837349896e-01 6.953038324013474658e-02 1.458240554838060588e-01 9.621422786634760138e-01
5.496586333468654884e-01 -1.989483536721870297e-02 2.326337222601161103e-01 -2.213364778448251580e-01 6.873567313736586581e-02 1.413312974296797031e-01 9.624505364850931555e-01
5.568541709662587769e-01 -1.842250882308904547e-02 2.354759661472418941e-01 -2.212193693929426497e-01 6.796048245849768688e-02 1.348417579815847367e-01 9.634630577940354046e-01
5.650184601636479842e-01 -1.814303013730005076e-02 2.388261337111338700e-01 -2.205630026303937452e-01 6.738807318055949069e-02 1.272427204372154064e-01 9.646865291686274047e-01
5.738985438594306210e-01 -2.052056954726541593e-02 2.423542432959613357e-01 -2.180733206367699017e-01 6.694221298772709550e-02 1.189229593435555954e-01 9.663436742110589339e-01
5.838119323745248890e-01 -2.119438944737719877e-02 2.469256714057651569e-01 -2.152213475387978470e-01 6.696215517988819699e-02 1.097462976425770814e-01 9.680659024524082001e-01
5.942402012190787230e-01 -2.356423836788819684e-02 2.525723441575287720e-01 -2.115602683644682847e-01 6.681893260785537469e-02 1.003894852873412485e-01 9.698966101283392760e-01
6.053681620871654845e-01 -2.749903453698211708e-02 2.587375590006787407e-01 -2.074209253877300485e-01 6.651724446726577089e-02 9.073446853090860742e-02 9.717609130440435505e-01
6.180097111696329915e-01 -3.105730847752721790e-02 2.651463226554456876e-01 -2.027950766337886512e-01 6.638548442755591583e-02 8.153995776828408537e-02 9.735596333237944711e-01
6.320787263521755461e-01 -3.597436998004368419e-02 2.709176333352339983e-01 -1.967573555946175445e-01 6.579536005268885046e-02 7.268591356514120250e-02 9.755379395923825525e-01
6.478320632806048307e-01 -3.902711521238667880e-02 2.777577903504133139e-01 -1.904059391889703357e-01 6.574238218029282432e-02 6.459016378209606057e-02 9.773697500175808628e-01
6.645239328019992842e-01 -4.503456566107599812e-02 2.844873742795052118e-01 -1.834310985047783171e-01 6.537712732129667692e-02 5.767702584734045457e-02 9.791589370546288640e-01
6.823750286268083221e-01 -5.186119431782414829e-02 2.921703235770325424e-01 -1.765198308576551300e-01 6.522733601861295527e-02 5.217143070483514639e-02 9.807468000295032073e-01
7.029219057366342671e-01 -5.632890723886553597e-02 2.996081380364826741e-01 -1.696573001746501386e-01 6.526558054895044425e-02 4.823819394904247521e-02 9.821557316116379388e-01
7.246788898204453711e-01 -6.350491398694584066e-02 3.070905495499314797e-01 -1.630105761116121821e-01 6.498707894328316359e-02 4.651818110292711694e-02 9.833820673944868584e-01
7.484950426837523318e-01 -6.985427984855956118e-02 3.152957734310111726e-01 -1.570344148512052285e-01 6.525907147438313183e-02 4.668740361161120844e-02 9.843280614137989160e-01
7.742027204675460128e-01 -7.685657421300112757e-02 3.237009766965697199e-01 -1.515773960566059730e-01 6.596154121685582350e-02 5.004577313072292033e-02 9.849714659200763389e-01
8.015069198823507879e-01 -8.262375998750343120e-02 3.346483833286723053e-01 -1.479336192119630466e-01 6.779753658664669502e-02 5.616897804613250889e-02 9.850706493672853892e-01
8.301190626401167005e-01 -9.115553030826085978e-02 3.461686453018500420e-01 -1.447902596522380458e-01 6.250689115757258885e-02 6.559792143960858912e-02 9.853048167802975765e-01
8.602183608851509122e-01 -9.948083486690377508e-02 3.597641405760307332e-01 -1.431507901868567245e-01 5.705860718865730929e-02 7.762526745313227949e-02 9.850007535364624367e-01
8.930384703011121639e-01 -1.076955049897804495e-01 3.721460135795398028e-01 -1.426912391080419618e-01 5.096997455923091974e-02 9.171111836446713128e-02 9.841901964272870007e-01
9.287060658694840098e-01 -1.131340733627516221e-01 3.837450254519442217e-01 -1.428619622629886954e-01 4.459428880988310778e-02 1.085010054859378570e-01 9.827661679934091010e-01
9.659712427447235683e-01 -1.191140735157798225e-01 3.959413367876125633e-01 -1.437330543050688858e-01 3.831731191005624537e-02 1.271511716364827072e-01 9.806656781286847702e-01
1.004428829463868578e+00 -1.268801677063219335e-01 4.089315249806056429e-01 -1.446089404560331748e-01 3.170826756065303620e-02 1.470648101505487859e-01 9.779850621169366987e-01
1.036833633753809103e+00 -1.335446911872065212e-01 4.202131795481788834e-01 -1.459727251426079231e-01 2.482899404723808157e-02 1.681694499834194279e-01 9.745740201038179951e-01
1.063226763433337663e+00 -1.376503133553952374e-01 4.301500988129608460e-01 -1.487757690897408558e-01 1.831244679164454811e-02 1.900844298025014534e-01 9.702568393837361915e-01
1.084634058974674575e+00 -1.406154708395797870e-01 4.341835456058114606e-01 -1.500904956869766882e-01 1.124130920086019100e-02 2.113778454228450732e-01 9.657462826934847255e-01
1.099693755122089112e+00 -1.411564441194252950e-01 4.377072393149215590e-01 -1.513444983041764003e-01 5.406468127887844623e-03 2.331277800575903281e-01 9.605816212591509196e-01
1.106832759949121670e+00 -1.355456617790360141e-01 4.389189775260329829e-01 -1.527528213932246859e-01 -6.777131099795498078e-04 2.526324149763178872e-01 9.554281653607369362e-01
1.115005792067210955e+00 -1.358713746421818802e-01 4.413235250246038133e-01 -1.541534044739392706e-01 -6.108260719940451777e-03 2.743486172670235312e-01 9.491745114802354610e-01
1.121732331921895920e+00 -1.332864485067794535e-01 4.443727006038685756e-01 -1.557726444894383944e-01 -9.618284749814756673e-03 2.953786510096136908e-01 9.425464573987741845e-01
1.127524495799887561e+00 -1.292485784278701033e-01 4.448358946009722259e-01 -1.566347723337921938e-01 -1.355429327929163694e-02 3.140743635154415458e-01 9.362900850762067018e-01
1.133237485672029088e+00 -1.266999512089622693e-01 4.453182170863799194e-01 -1.577483885723265367e-01 -1.688280976962672209e-02 3.328437927129094809e-01 9.295404382218143136e-01
1.136832565394196859e+00 -1.227063407440843745e-01 4.446116983519409205e-01 -1.583832152004299443e-01 -1.957541619684232542e-02 3.485216707176219675e-01 9.236147493753509297e-01
1.140257176941879225e+00 -1.197272186193464177e-01 4.445611651900997496e-01 -1.590901904104884412e-01 -2.084736755738606298e-02 3.632998100211064507e-01 9.177521161074539968e-01
1.141715228903658952e+00 -1.170773655343144842e-01 4.425557099799012906e-01 -1.597968253930265592e-01 -2.156749406677309008e-02 3.756021669956355336e-01 9.126460595116668850e-01
1.147418808787039168e+00 -1.158939861999137566e-01 4.428805273752253191e-01 -1.604272832367331092e-01 -2.067559212394915261e-02 3.859749035191757383e-01 9.082174742521573751e-01
1.155881995727323641e+00 -1.162937582028876204e-01 4.453081314194086704e-01 -1.609613876851270498e-01 -1.792616743557552336e-02 3.935631862632121281e-01 9.049188375837349252e-01
