8.625207841396331787e-02 -1.959599321708083153e-03 3.007112070918083191e-02 -2.391592413187026978e-02 4.648907575756311417e-03 1.871164888143539429e-02 9.995280504226684570e-01
7.612561434507369995e-02 -7.924984209239482880e-03 3.418016806244850159e-02 -2.556706406176090240e-02 6.366143468767404556e-03 1.989084482192993164e-02 9.994549155235290527e-01
6.796364486217498779e-02 -1.237290911376476288e-02 3.217027336359024048e-02 -2.486310340464115143e-02 6.979395169764757156e-03 1.799452491104602814e-02 9.995045065879821777e-01
5.900488048791885376e-02 -1.756829209625720978e-02 3.004460036754608154e-02 -2.443462051451206207e-02 7.808348629623651505e-03 1.852391846477985382e-02 9.994993209838867188e-01
5.136846005916595459e-02 -1.751057989895343781e-02 2.731136232614517212e-02 -2.250241860747337341e-02 7.093320135027170181e-03 1.583099737763404846e-02 9.995962977409362793e-01
4.369886219501495361e-02 -1.781810447573661804e-02 2.403036691248416901e-02 -2.033444866538047791e-02 6.533575709909200668e-03 1.359074003994464874e-02 9.996795058250427246e-01
3.691697865724563599e-02 -1.540869288146495819e-02 2.087398059666156769e-02 -1.833783090114593506e-02 6.449781358242034912e-03 1.080369483679533005e-02 9.997527003288269043e-01
3.012691624462604523e-02 -1.264640223234891891e-02 1.789475791156291962e-02 -1.658809185028076172e-02 6.501099094748497009e-03 8.479233831167221069e-03 9.998053312301635742e-01
2.438598126173019409e-02 -9.608795866370201111e-03 1.324907969683408737e-02 -1.402935571968555450e-02 6.147106643766164780e-03 5.449805408716201782e-03 9.998678565025329590e-01
1.764894090592861176e-02 -7.162543479353189468e-03 9.868625551462173462e-03 -1.167679950594902039e-02 6.077513098716735840e-03 3.942759241908788681e-03 9.999055862426757812e-01
1.116246450692415237e-02 -4.205712582916021347e-03 6.223087199032306671e-03 -8.783328346908092499e-03 -7.994089392013847828e-04 6.766564911231398582e-04 9.999608993530273438e-01
5.077194888144731522e-03 -6.405602907761931419e-04 2.432943554595112801e-03 -6.124149076640605927e-03 -3.607767575886100531e-04 -1.244645216502249241e-03 9.999803900718688965e-01
5.262922029942274094e-03 2.902174601331353188e-04 3.403727663680911064e-03 -3.498534206300973892e-03 1.502511440776288509e-04 -4.138510674238204956e-03 9.999852776527404785e-01
6.051965523511171341e-03 -9.358258685097098351e-04 3.436680417507886887e-03 -1.646585646085441113e-03 2.713020367082208395e-04 -5.472531076520681381e-03 9.999836087226867676e-01
6.742367520928382874e-03 -1.545450650155544281e-03 3.764826804399490356e-03 4.825135983992367983e-04 5.750263808295130730e-04 -7.405020762234926224e-03 9.999722838401794434e-01
7.741678971797227859e-03 -1.891225925646722317e-03 3.800923237577080727e-03 1.534828217700123787e-03 6.302823312580585480e-04 -8.853456936776638031e-03 9.999594092369079590e-01
8.334090933203697205e-03 -4.254124592989683151e-03 3.066183766350150108e-03 3.261863021180033684e-03 7.562221726402640343e-04 -9.287288412451744080e-03 9.999512434005737305e-01
9.203351102769374847e-03 -4.274234175682067871e-03 4.081239923834800720e-03 3.909263294190168381e-03 1.240091514773666859e-03 -1.010420452803373337e-02 9.999405145645141602e-01
9.188177995383739471e-03 -6.246559787541627884e-03 4.775747656822204590e-03 4.773861262947320938e-03 1.214700983837246895e-03 -1.024154294282197952e-02 9.999354481697082520e-01
1.022661384195089340e-02 -7.521962281316518784e-03 4.020008258521556854e-03 5.262505728751420975e-03 7.698232075199484825e-04 -1.038632355630397797e-02 9.999319314956665039e-01
1.173025928437709808e-02 -7.194547448307275772e-03 4.917496349662542343e-03 5.826474167406558990e-03 1.035816385410726070e-03 -9.983412921428680420e-03 9.999326467514038086e-01
1.307241898030042648e-02 -8.046477101743221283e-03 4.448461811989545822e-03 7.209473289549350739e-03 5.331205902621150017e-04 -9.402049705386161804e-03 9.999296665191650391e-01
1.462840382009744644e-02 -6.833105348050594330e-03 6.602505687624216080e-03 7.396367844194173813e-03 8.701308979652822018e-04 -8.613926358520984650e-03 9.999351501464843750e-01
1.565721258521080017e-02 -9.334571659564971924e-03 5.264295265078544617e-03 7.971276529133319855e-03 4.566229763440787792e-04 -7.369573693722486496e-03 9.999409914016723633e-01
1.680459827184677124e-02 -9.895858354866504669e-03 6.630966905504465103e-03 7.744477130472660065e-03 5.706845549866557121e-04 -5.895608570426702499e-03 9.999524950981140137e-01
1.944078877568244934e-02 -6.694947835057973862e-03 8.642282336950302124e-03 7.460293360054492950e-03 8.949128095991909504e-04 -4.473424516618251801e-03 9.999617934226989746e-01
2.069638110697269440e-02 -9.256523102521896362e-03 8.174629881978034973e-03 6.935664918273687363e-03 1.026875688694417477e-04 -2.149982377886772156e-03 9.999736547470092773e-01
2.233031392097473145e-02 -8.671635761857032776e-03 1.005032565444707870e-02 6.074395496398210526e-03 6.344455759972333908e-04 -2.831638848874717951e-04 9.999812841415405273e-01
2.416360564529895782e-02 -9.343302808701992035e-03 1.045883540064096451e-02 5.279858596622943878e-03 7.053556037135422230e-04 2.785528777167201042e-03 9.999819397926330566e-01
2.515227720141410828e-02 -9.537652134895324707e-03 1.322956755757331848e-02 3.001327859237790108e-03 1.265378668904304504e-03 5.777722224593162537e-03 9.999780058860778809e-01
2.663198113441467285e-02 -1.357560046017169952e-02 1.142816524952650070e-02 2.228321973234415054e-03 -6.464147008955478668e-03 8.211701177060604095e-03 9.999428987503051758e-01
2.758557721972465515e-02 -1.541853509843349457e-02 1.270514167845249176e-02 6.023815949447453022e-04 -7.150763180106878281e-03 1.068646740168333054e-02 9.999171495437622070e-01
2.965948171913623810e-02 -1.627724245190620422e-02 1.238215342164039612e-02 -9.350145119242370129e-04 -7.681038696318864822e-03 1.261155866086483002e-02 9.998905062675476074e-01
3.240532055497169495e-02 -1.533803530037403107e-02 1.228543743491172791e-02 -1.675039879046380520e-03 -8.275795727968215942e-03 1.534283440560102463e-02 9.998466372489929199e-01
3.372957557439804077e-02 -1.720184646546840668e-02 1.181592326611280441e-02 -2.496104687452316284e-03 -8.670745417475700378e-03 1.734959334135055542e-02 9.998087882995605469e-01
3.448209911584854126e-02 -1.969036087393760681e-02 1.145938318222761154e-02 -2.736756578087806702e-03 -8.997700177133083344e-03 1.868924498558044434e-02 9.997811317443847656e-01
2.934892475605010986e-02 -1.662741787731647491e-02 9.161465801298618317e-03 -3.364511998370289803e-03 -9.571855887770652771e-03 1.966653950512409210e-02 9.997550845146179199e-01
2.372932992875576019e-02 -1.346199773252010345e-02 8.239485323429107666e-03 -4.885412752628326416e-03 -9.028039872646331787e-03 2.046738751232624054e-02 9.997377991676330566e-01
2.053968980908393860e-02 -7.558777462691068649e-03 2.078267280012369156e-03 -3.502297215163707733e-03 -1.008187793195247650e-02 1.929957047104835510e-02 9.997567534446716309e-01
1.457884348928928375e-02 2.663542982190847397e-03 4.457169678062200546e-03 -3.062556963413953781e-03 -7.989190518856048584e-03 1.616834476590156555e-02 9.998326897621154785e-01
8.345980197191238403e-03 1.845707767643034458e-03 3.294317750260233879e-03 -4.077007994055747986e-03 -7.710404228419065475e-03 1.892973668873310089e-02 9.997828006744384766e-01
7.837861776351928711e-03 -1.053000683896243572e-03 3.185199340805411339e-03 -3.618203336372971535e-03 -7.603667210787534714e-03 2.060654945671558380e-02 9.997522234916687012e-01
7.164100185036659241e-03 2.053562202490866184e-04 3.139929380267858505e-03 -3.358066547662019730e-03 -5.727689247578382492e-03 2.019069343805313110e-02 9.997740983963012695e-01
6.543786730617284775e-03 9.019330609589815140e-04 2.536430954933166504e-03 -3.062215400859713554e-03 -5.613205954432487488e-03 1.883661374449729919e-02 9.998021125793457031e-01
5.994288716465234756e-03 -4.717180272564291954e-04 1.792312017641961575e-03 -3.204758977517485619e-03 -4.817021079361438751e-03 1.848113164305686951e-02 9.998124837875366211e-01
5.035064648836851120e-03 1.191846211440861225e-03 1.612549880519509315e-03 -2.475103829056024551e-03 -4.035790916532278061e-03 1.625349558889865875e-02 9.998567104339599609e-01
4.372748546302318573e-03 1.744455512380227447e-04 1.205953885801136494e-03 -2.098555676639080048e-03 -2.717079129070043564e-03 1.554130390286445618e-02 9.998733401298522949e-01
3.265567123889923096e-03 1.015220186673104763e-03 1.214449875988066196e-03 -1.634022104553878307e-03 -1.261513330973684788e-03 1.305449753999710083e-02 9.999126791954040527e-01
5.531423725187778473e-03 -1.529362518340349197e-03 1.049340120516717434e-03 -9.075563284568488598e-04 -2.010204334510490298e-04 1.029688119888305664e-02 9.999465346336364746e-01
6.590128410607576370e-03 -5.642134696245193481e-03 1.554074464365839958e-03 1.410923287039622664e-04 1.817775191739201546e-03 7.711277343332767487e-03 9.999685883522033691e-01
1.628806293010711670e-01 -5.858635995537042618e-03 6.423037499189376831e-02 -4.489429295063018799e-02 1.038812007755041122e-02 3.241497650742530823e-02 9.984116554260253906e-01
1.447037458419799805e-01 -1.798961684107780457e-02 6.591845303773880005e-02 -4.335443675518035889e-02 1.352441497147083282e-02 2.964857406914234161e-02 9.985281229019165039e-01
1.270665228366851807e-01 -3.332598879933357239e-02 6.069381535053253174e-02 -4.480632394552230835e-02 1.325944717973470688e-02 3.419378399848937988e-02 9.983222484588623047e-01
1.108416616916656494e-01 -3.467465564608573914e-02 5.674264207482337952e-02 -4.551362246274948120e-02 1.353484485298395157e-02 3.311397880315780640e-02 9.983229637145996094e-01
9.595648944377899170e-02 -3.288740292191505432e-02 5.139325931668281555e-02 -4.188801348209381104e-02 1.395006570965051651e-02 3.023651428520679474e-02 9.985672235488891602e-01
8.115863800048828125e-02 -3.126734495162963867e-02 4.533344507217407227e-02 -3.818202018737792969e-02 1.333469618111848831e-02 2.508164383471012115e-02 9.988669753074645996e-01
6.776411086320877075e-02 -2.644726261496543884e-02 3.865325823426246643e-02 -3.350905701518058777e-02 1.409767381846904755e-02 2.028315141797065735e-02 9.991331100463867188e-01
5.534901842474937439e-02 -1.967819593846797943e-02 3.142608702182769775e-02 -2.800484560430049896e-02 1.313805300742387772e-02 1.286682579666376114e-02 9.994386434555053711e-01
4.226758331060409546e-02 -1.590718328952789307e-02 2.330207079648971558e-02 -2.392428182065486908e-02 1.133940834552049637e-02 8.327995426952838898e-03 9.996147751808166504e-01
2.900565601885318756e-02 -1.109583582729101181e-02 1.592382602393627167e-02 -1.991911418735980988e-02 5.243191961199045181e-03 4.619993269443511963e-03 9.997771978378295898e-01
1.631755754351615906e-02 -4.742436110973358154e-03 8.682636544108390808e-03 -1.522430405020713806e-02 -9.646755061112344265e-04 -5.711790290661156178e-04 9.998834729194641113e-01
1.036763377487659454e-02 -3.338218375574797392e-04 5.877599120140075684e-03 -9.267171844840049744e-03 -3.732564218807965517e-04 -5.619749892503023148e-03 9.999411702156066895e-01
1.129334047436714172e-02 -6.823168369010090828e-04 6.963790394365787506e-03 -5.321218166500329971e-03 2.729335683397948742e-04 -9.547156281769275665e-03 9.999402165412902832e-01
1.278557255864143372e-02 -2.536563901230692863e-03 7.199709303677082062e-03 -1.682652742601931095e-03 6.641531945206224918e-04 -1.289750263094902039e-02 9.999151825904846191e-01
1.443922240287065506e-02 -3.592581255361437798e-03 7.584278937429189682e-03 1.466757035814225674e-03 9.079355513677000999e-04 -1.586088351905345917e-02 9.998727440834045410e-01
1.619772240519523621e-02 -6.356247235089540482e-03 6.778331007808446884e-03 4.906819667667150497e-03 1.339927548542618752e-03 -1.810072176158428192e-02 9.998232126235961914e-01
1.750768162310123444e-02 -8.675182238221168518e-03 7.081490941345691681e-03 6.995505187660455704e-03 2.025879919528961182e-03 -1.924151182174682617e-02 9.997883439064025879e-01
1.838408783078193665e-02 -1.072923373430967331e-02 8.791269734501838684e-03 9.306122548878192902e-03 2.484916709363460541e-03 -2.019695751368999481e-02 9.997496008872985840e-01
1.935728080570697784e-02 -1.403904613107442856e-02 8.591498248279094696e-03 1.054982282221317291e-02 2.096852753311395645e-03 -2.070127055048942566e-02 9.997278451919555664e-01
2.194965630769729614e-02 -1.502978894859552383e-02 8.504555560648441315e-03 1.200049929320812225e-02 2.007217612117528915e-03 -2.077851258218288422e-02 9.997100830078125000e-01
2.452785149216651917e-02 -1.582315191626548767e-02 9.166176430881023407e-03 1.332784723490476608e-02 1.587194623425602913e-03 -1.957625895738601685e-02 9.997182488441467285e-01
2.756707184016704559e-02 -1.543247047811746597e-02 1.091322302818298340e-02 1.419679448008537292e-02 1.656699343584477901e-03 -1.800703443586826324e-02 9.997357130050659180e-01
3.021967783570289612e-02 -1.653938740491867065e-02 1.180580258369445801e-02 1.483758725225925446e-02 1.353107974864542484e-03 -1.561991125345230103e-02 9.997670054435729980e-01
3.232816979289054871e-02 -1.950353011488914490e-02 1.184799242764711380e-02 1.520198304206132889e-02 1.061518210917711258e-03 -1.243783906102180481e-02 9.998065233230590820e-01
3.632054105401039124e-02 -1.696581952273845673e-02 1.528074312955141068e-02 1.430187840014696121e-02 1.108644413761794567e-03 -9.641263633966445923e-03 9.998506307601928711e-01
4.011777415871620178e-02 -1.617090217769145966e-02 1.680400967597961426e-02 1.398870721459388733e-02 9.268458234146237373e-04 -5.944986827671527863e-03 9.998840689659118652e-01
4.296709969639778137e-02 -1.839211024343967438e-02 1.798214577138423920e-02 1.311680767685174942e-02 4.211965715512633324e-04 -2.017392776906490326e-03 9.999118447303771973e-01
4.640424624085426331e-02 -1.811895705759525299e-02 2.062166668474674225e-02 1.113225985318422318e-02 1.889099716208875179e-03 2.917941426858305931e-03 9.999319911003112793e-01
4.911400005221366882e-02 -1.914409734308719635e-02 2.398844808340072632e-02 8.637676015496253967e-03 1.909323735162615776e-03 8.397935889661312103e-03 9.999256134033203125e-01
5.171125754714012146e-02 -2.336885221302509308e-02 2.492406591773033142e-02 5.637952126562595367e-03 -5.333231296390295029e-03 1.343448739498853683e-02 9.998796582221984863e-01
5.472891405224800110e-02 -2.850103750824928284e-02 2.359328046441078186e-02 2.580834785476326942e-03 -1.302831992506980896e-02 1.717106439173221588e-02 9.997643232345581055e-01
5.747609212994575500e-02 -3.153332322835922241e-02 2.478504553437232971e-02 4.415270450408570468e-05 -1.393195055425167084e-02 2.184432186186313629e-02 9.996643066406250000e-01
6.201918795704841614e-02 -3.137965500354766846e-02 2.517555281519889832e-02 -2.347333356738090515e-03 -1.555906236171722412e-02 2.615326084196567535e-02 9.995340704917907715e-01
6.597623229026794434e-02 -3.245677798986434937e-02 2.468711137771606445e-02 -3.224985674023628235e-03 -1.634042337536811829e-02 2.979835867881774902e-02 9.994171261787414551e-01
6.866801530122756958e-02 -3.564197197556495667e-02 2.395739220082759857e-02 -4.086555447429418564e-03 -1.729474775493144989e-02 3.214491531252861023e-02 9.993252158164978027e-01
6.417842954397201538e-02 -3.498287871479988098e-02 2.180777303874492645e-02 -5.328334867954254150e-03 -1.752799190580844879e-02 3.380208462476730347e-02 9.992606043815612793e-01
5.279045924544334412e-02 -3.024016879498958588e-02 1.799774169921875000e-02 -8.079771883785724640e-03 -1.803745143115520477e-02 3.657714277505874634e-02 9.991353750228881836e-01
4.414436593651771545e-02 -2.211503498256206512e-02 1.045376155525445938e-02 -7.275534793734550476e-03 -1.877898536622524261e-02 3.801881894469261169e-02 9.990740418434143066e-01
3.645926341414451599e-02 -5.294878501445055008e-03 6.577659863978624344e-03 -5.690085701644420624e-03 -1.883590593934059143e-02 3.302646055817604065e-02 9.992607831954956055e-01
2.282259799540042877e-02 4.240229725837707520e-03 7.857934571802616119e-03 -6.105412263423204422e-03 -1.532251667231321335e-02 3.343417122960090637e-02 9.993048310279846191e-01
1.617572270333766937e-02 -3.171495336573570967e-05 7.133859209716320038e-03 -7.302223239094018936e-03 -1.337490975856781006e-02 3.917381912469863892e-02 9.991161823272705078e-01
1.511558983474969864e-02 1.671302452450618148e-04 6.210748571902513504e-03 -6.490621250122785568e-03 -1.343104057013988495e-02 3.808058798313140869e-02 9.991633296012878418e-01
1.366019994020462036e-02 2.052471041679382324e-03 5.566142965108156204e-03 -6.369749549776315689e-03 -1.082534436136484146e-02 3.612596169114112854e-02 9.992682933807373047e-01
1.255256310105323792e-02 6.158446776680648327e-04 4.478087648749351501e-03 -6.765850353986024857e-03 -1.063470449298620224e-02 3.447960689663887024e-02 9.993259310722351074e-01
1.108187716454267502e-02 9.490044903941452503e-04 3.580187680199742317e-03 -5.476112011820077896e-03 -8.819535374641418457e-03 3.295560553669929504e-02 9.994028806686401367e-01
9.372446686029434204e-03 1.613260945305228233e-03 2.915116026997566223e-03 -4.562688525766134262e-03 -6.843567825853824615e-03 3.018302284181118011e-02 9.995105266571044922e-01
7.642002776265144348e-03 1.423605135641992092e-03 2.452539280056953430e-03 -3.392372513189911842e-03 -3.823918290436267853e-03 2.734793350100517273e-02 9.996129274368286133e-01
8.824218995869159698e-03 -3.635862376540899277e-04 2.198555972427129745e-03 -1.958195120096206665e-03 -1.177676953375339508e-03 2.222014032304286957e-02 9.997504949569702148e-01
1.240173354744911194e-02 -7.189154159277677536e-03 2.495580120012164116e-03 -5.552411894313991070e-04 2.075301017612218857e-03 1.779537834227085114e-02 9.998393654823303223e-01
