2.616429710388183594e+01 -2.226403045654296875e+01 -9.312875270843505859e-01 -9.828075766563415527e-02 1.950348913669586182e-01 7.394629120826721191e-01 6.367863416671752930e-01
2.616371917724609375e+01 -2.217281150817871094e+01 -9.335734248161315918e-01 -1.150443106889724731e-01 1.832592189311981201e-01 7.594124078750610352e-01 6.135740876197814941e-01
2.616260337829589844e+01 -2.208923339843750000e+01 -9.349567294120788574e-01 -1.317155808210372925e-01 1.714167743921279907e-01 7.774057984352111816e-01 5.906829833984375000e-01
2.616098213195800781e+01 -2.201338005065917969e+01 -9.357045292854309082e-01 -1.481155157089233398e-01 1.596851795911788940e-01 7.933979630470275879e-01 5.684009194374084473e-01
2.615896606445312500e+01 -2.194533348083496094e+01 -9.358944296836853027e-01 -1.640767753124237061e-01 1.482433825731277466e-01 8.073759675025939941e-01 5.470307469367980957e-01
2.615670394897460938e+01 -2.188514709472656250e+01 -9.355675578117370605e-01 -1.794431507587432861e-01 1.372693777084350586e-01 8.193558454513549805e-01 5.268844962120056152e-01
2.615433120727539062e+01 -2.183286476135253906e+01 -9.347609877586364746e-01 -1.940720528364181519e-01 1.269402652978897095e-01 8.293763995170593262e-01 5.082809925079345703e-01
2.615199279785156250e+01 -2.178851509094238281e+01 -9.335012435913085938e-01 -2.078255563974380493e-01 1.174262389540672302e-01 8.374949693679809570e-01 4.915412664413452148e-01
2.614983367919921875e+01 -2.175213623046875000e+01 -9.318089485168457031e-01 -2.205989211797714233e-01 1.089066267013549805e-01 8.437740206718444824e-01 4.769808948040008545e-01
2.614798545837402344e+01 -2.172370910644531250e+01 -9.296998977661132812e-01 -2.322075814008712769e-01 1.015074625611305237e-01 8.482977151870727539e-01 4.649249315261840820e-01
2.614657592773437500e+01 -2.170332145690917969e+01 -9.271813631057739258e-01 -2.427972555160522461e-01 9.553106874227523804e-02 8.510641455650329590e-01 4.556317031383514404e-01
2.614575195312500000e+01 -2.169089698791503906e+01 -9.241957068443298340e-01 -2.468549013137817383e-01 8.807570487260818481e-02 8.535137176513671875e-01 4.503396451473236084e-01
2.614546203613281250e+01 -2.168662452697753906e+01 -9.207415580749511719e-01 -2.498871982097625732e-01 8.211376518011093140e-02 8.544836044311523438e-01 4.479469954967498779e-01
2.614566230773925781e+01 -2.168199920654296875e+01 -9.173525571823120117e-01 -2.523175179958343506e-01 7.769182324409484863e-02 8.541031479835510254e-01 4.480979144573211670e-01
2.614630699157714844e+01 -2.167653083801269531e+01 -9.140424132347106934e-01 -2.541537284851074219e-01 7.464507222175598145e-02 8.525704741477966309e-01 4.504893422126770020e-01
2.614733505249023438e+01 -2.167031288146972656e+01 -9.107924103736877441e-01 -2.554767727851867676e-01 7.286833226680755615e-02 8.500404357910156250e-01 4.547912478446960449e-01
2.614869308471679688e+01 -2.166320419311523438e+01 -9.076054692268371582e-01 -2.563186287879943848e-01 7.224457710981369019e-02 8.466652631759643555e-01 4.606734812259674072e-01
2.615030670166015625e+01 -2.165518379211425781e+01 -9.044724702835083008e-01 -2.567020058631896973e-01 7.266430556774139404e-02 8.425927162170410156e-01 4.678040146827697754e-01
2.615211677551269531e+01 -2.164617538452148438e+01 -9.013976454734802246e-01 -2.566372752189636230e-01 7.401936501264572144e-02 8.379738330841064453e-01 4.758533835411071777e-01
2.615405845642089844e+01 -2.163612365722656250e+01 -8.983778357505798340e-01 -2.561288475990295410e-01 7.620375603437423706e-02 8.329648375511169434e-01 4.844971001148223877e-01
2.615607261657714844e+01 -2.162497138977050781e+01 -8.954177498817443848e-01 -2.551800310611724854e-01 7.911166548728942871e-02 8.277311921119689941e-01 4.934175610542297363e-01
2.615810966491699219e+01 -2.161264419555664062e+01 -8.925196528434753418e-01 -2.537967264652252197e-01 8.263877034187316895e-02 8.224476575851440430e-01 5.023066401481628418e-01
2.616012001037597656e+01 -2.159908676147460938e+01 -8.896841406822204590e-01 -2.519918084144592285e-01 8.667972683906555176e-02 8.172982335090637207e-01 5.108649730682373047e-01
2.616205978393554688e+01 -2.158420753479003906e+01 -8.869124054908752441e-01 -2.497875690460205078e-01 9.112953394651412964e-02 8.124755024909973145e-01 5.188034772872924805e-01
2.616392707824707031e+01 -2.156793975830078125e+01 -8.841389417648315430e-01 -2.472191005945205688e-01 9.588360786437988281e-02 8.081774711608886719e-01 5.258415937423706055e-01
2.616566658020019531e+01 -2.155020332336425781e+01 -8.814153671264648438e-01 -2.443359643220901489e-01 1.008368581533432007e-01 8.046056628227233887e-01 5.317066311836242676e-01
2.616725540161132812e+01 -2.153092384338378906e+01 -8.787406682968139648e-01 -2.412063926458358765e-01 1.058851480484008789e-01 8.019602894783020020e-01 5.361316800117492676e-01
2.616865730285644531e+01 -2.151002120971679688e+01 -8.761035799980163574e-01 -2.379094809293746948e-01 1.109188050031661987e-01 8.004379868507385254e-01 5.388547182083129883e-01
2.616986274719238281e+01 -2.148741340637207031e+01 -8.734917640686035156e-01 -2.345687299966812134e-01 1.158415675163269043e-01 8.002185225486755371e-01 5.396087765693664551e-01
2.617084121704101562e+01 -2.146302223205566406e+01 -8.708889484405517578e-01 -2.312311679124832153e-01 1.204879581928253174e-01 8.014895915985107422e-01 5.381435751914978027e-01
2.617155265808105469e+01 -2.143677520751953125e+01 -8.682731986045837402e-01 -2.283170819282531738e-01 1.249195709824562073e-01 8.043255805969238281e-01 5.341315269470214844e-01
2.617197418212890625e+01 -2.140865135192871094e+01 -8.655831217765808105e-01 -2.197900861501693726e-01 1.248998194932937622e-01 8.103664517402648926e-01 5.285534262657165527e-01
2.617205619812011719e+01 -2.137857246398925781e+01 -8.628371953964233398e-01 -2.106186598539352417e-01 1.238913387060165405e-01 8.181648254394531250e-01 5.204493403434753418e-01
2.617179489135742188e+01 -2.134664916992187500e+01 -8.600080013275146484e-01 -2.011688798666000366e-01 1.221818625926971436e-01 8.273479938507080078e-01 5.099697709083557129e-01
2.617120170593261719e+01 -2.131291770935058594e+01 -8.570662736892700195e-01 -1.914419680833816528e-01 1.198076978325843811e-01 8.376270532608032227e-01 4.973419308662414551e-01
2.617028045654296875e+01 -2.127760124206542969e+01 -8.539770245552062988e-01 -1.815400719642639160e-01 1.168733239173889160e-01 8.486932516098022461e-01 4.827794730663299561e-01
2.616903877258300781e+01 -2.124046707153320312e+01 -8.507344722747802734e-01 -1.715435981750488281e-01 1.134684383869171143e-01 8.602539896965026855e-01 4.665122032165527344e-01
2.616750335693359375e+01 -2.120952224731445312e+01 -8.468286395072937012e-01 -1.615450233221054077e-01 1.096904054284095764e-01 8.720314502716064453e-01 4.487822949886322021e-01
2.616569900512695312e+01 -2.118522834777832031e+01 -8.422248959541320801e-01 -1.516409516334533691e-01 1.056389361619949341e-01 8.837699294090270996e-01 4.298480153083801270e-01
2.616368865966796875e+01 -2.116758537292480469e+01 -8.369211554527282715e-01 -1.419348269701004028e-01 1.014179065823554993e-01 8.952401280403137207e-01 4.099840223789215088e-01
2.616153526306152344e+01 -2.115663528442382812e+01 -8.309186697006225586e-01 -1.325360685586929321e-01 9.713502228260040283e-02 9.062420129776000977e-01 3.894829750061035156e-01
2.615931320190429688e+01 -2.115268898010253906e+01 -8.242129683494567871e-01 -1.235592588782310486e-01 9.290108829736709595e-02 9.166087508201599121e-01 3.686510920524597168e-01
2.615713310241699219e+01 -2.114979171752929688e+01 -8.171920180320739746e-01 -1.151237487792968750e-01 8.882983773946762085e-02 9.262058138847351074e-01 3.478094339370727539e-01
2.615509223937988281e+01 -2.114771461486816406e+01 -8.098977804183959961e-01 -1.073532029986381531e-01 8.503752946853637695e-02 9.349323511123657227e-01 3.272899091243743896e-01
2.615330505371093750e+01 -2.114660835266113281e+01 -8.023516535758972168e-01 -1.003742218017578125e-01 8.164213597774505615e-02 9.427181482315063477e-01 3.074333965778350830e-01
2.615188789367675781e+01 -2.114644813537597656e+01 -7.945913672447204590e-01 -9.431592375040054321e-02 7.876297831535339355e-02 9.495221376419067383e-01 2.885863780975341797e-01
2.615097236633300781e+01 -2.114730834960937500e+01 -7.866513133049011230e-01 -8.930923044681549072e-02 7.652017474174499512e-02 9.553260803222656250e-01 2.710975706577301025e-01
2.615067291259765625e+01 -2.114913368225097656e+01 -7.785747051239013672e-01 -8.548567444086074829e-02 7.503437250852584839e-02 9.601294994354248047e-01 2.553170025348663330e-01
2.615112686157226562e+01 -2.115210914611816406e+01 -7.703883051872253418e-01 -8.297751843929290771e-02 7.442637532949447632e-02 9.639409184455871582e-01 2.415917664766311646e-01
2.615245437622070312e+01 -2.115197181701660156e+01 -7.623943090438842773e-01 -8.191657066345214844e-02 7.481701672077178955e-02 9.667692780494689941e-01 2.302649617195129395e-01
2.615478515625000000e+01 -2.114852333068847656e+01 -7.546330094337463379e-01 -8.243448287248611450e-02 7.632727175951004028e-02 9.686135649681091309e-01 2.216729521751403809e-01
