0.000000000000000000e+00 0.000000000000000000e+00 0.000000000000000000e+00 0.000000000000000000e+00 0.000000000000000000e+00 0.000000000000000000e+00 1.000000000000000000e+00
8.776371181011199951e-02 3.285801038146018982e-03 2.518465556204319000e-02 -2.267364715128843827e-02 4.860218230966307194e-03 1.867738508979577619e-02 9.995566213525943766e-01
1.668621040385095955e-01 2.033233223397537624e-03 5.289879825759134097e-02 -4.678654822445946909e-02 1.121012595742326007e-02 3.884038428993374925e-02 9.980865576338904255e-01
2.381487914255789873e-01 2.176324080628922689e-03 7.982946980413020699e-02 -7.069878210725025203e-02 1.817327711673712848e-02 5.644408646133872859e-02 9.957336387362509811e-01
3.015781498533048888e-01 -1.025573170913948468e-03 1.055075346334936465e-01 -9.413201334881103610e-02 2.633932279149563474e-02 7.483619797804874629e-02 9.923935447240549435e-01
3.577212409334221133e-01 -3.066693882446366957e-03 1.286383806979608524e-01 -1.156467141149308958e-01 3.363204618272432056e-02 9.050572186043229217e-02 9.885865856335015467e-01
4.065738565299192864e-01 -6.605051480338873515e-03 1.487738311867967678e-01 -1.348349136322755937e-01 4.012075812690848314e-02 1.039828493246289370e-01 9.845798280888302667e-01
4.482775448956503039e-01 -8.895451874236265377e-03 1.658492675243294079e-01 -1.520309174096839411e-01 4.618096612891983699e-02 1.146866602958887676e-01 9.806125067880507862e-01
4.826362750901239118e-01 -1.004076984851438523e-02 1.802002463780091324e-01 -1.677467197356944384e-01 5.214646960450127627e-02 1.229835535103951938e-01 9.767378508543921312e-01
5.101764691850863009e-01 -1.065846944906184701e-02 1.903835333450668854e-01 -1.811343883727075110e-01 5.737968850152993378e-02 1.284056250838332691e-01 9.733498344085452780e-01
5.302160816193746129e-01 -1.114145095380522296e-02 1.980227403498135419e-01 -1.924536201222176723e-01 6.265311951176970318e-02 1.320837645290183493e-01 9.703556409199360910e-01
5.428856623661725278e-01 -1.197368346352052637e-02 2.024729703779304391e-01 -2.005133967646766935e-01 6.101087236346641740e-02 1.339263013287999016e-01 9.685741050553269282e-01
5.481229184791546194e-01 -1.039196281558804613e-02 2.039483505889962411e-01 -2.062292821975791890e-01 5.997010866676046742e-02 1.335238482470935129e-01 9.674939023994184595e-01
5.535704614046875749e-01 -7.836110788370254793e-03 2.057259428897155462e-01 -2.098457462568374676e-01 5.913686046388497847e-02 1.302399529439734194e-01 9.672151514371233327e-01
5.599671607677251250e-01 -5.886162716843930040e-03 2.078690184122093665e-01 -2.117327972398963254e-01 5.832207135862418207e-02 1.254625320634769059e-01 9.674848379244139762e-01
5.671122929596760232e-01 -3.815009045393220714e-03 2.104534469842455902e-01 -2.116781009704600258e-01 5.758057857516375722e-02 1.185158812281574270e-01 9.684166688142054058e-01
5.753899255973961013e-01 -2.543069095332201567e-03 2.132499301587207630e-01 -2.107430651570247060e-01 5.679132157080477028e-02 1.103570657068586175e-01 9.696305607451920494e-01
5.847492680668078258e-01 -3.020124548057277411e-03 2.162717298857184112e-01 -2.080661062916526471e-01 5.620359572235809203e-02 1.014469586970917631e-01 9.712147887113431466e-01
5.948907519781369002e-01 -2.517382814655554253e-03 2.203368028720982807e-01 -2.049062452509806953e-01 5.604564415880806949e-02 9.160729893927518908e-02 9.728722522556697561e-01
6.056534137000747497e-01 -3.486495109951333674e-03 2.257659669872117969e-01 -2.009228738006721415e-01 5.586251815207569915e-02 8.153122829606530841e-02 9.746086582120656594e-01
6.173337672094267869e-01 -6.169262167651907991e-03 2.315708031668749500e-01 -1.965526980718954042e-01 5.564183626317345532e-02 7.139955393405696127e-02 9.763058571144281883e-01
6.305029886624409219e-01 -8.194748650875216534e-03 2.375717435842262804e-01 -1.914742051137164613e-01 5.552086225703869310e-02 6.162838125466602035e-02 9.779861989078552087e-01
6.452645680760989988e-01 -1.123096640537532553e-02 2.428915084474941311e-01 -1.849709959895669831e-01 5.494165909270744969e-02 5.224627430129360345e-02 9.798150190522710856e-01
6.614024052974087908e-01 -1.179836921015846134e-02 2.494886953530596752e-01 -1.782519427657150712e-01 5.487038135183551490e-02 4.357325700201412910e-02 9.814870643186229815e-01
6.787952481793799731e-01 -1.498090164511282039e-02 2.563702503518046072e-01 -1.710439092612370815e-01 5.482778606089051127e-02 3.613862341581390580e-02 9.830726803639213696e-01
6.972884304845401449e-01 -1.944507786088304699e-02 2.642674408385732310e-01 -1.640090732074569180e-01 5.501170177245515158e-02 3.024517818735608307e-02 9.844592250419235135e-01
7.181910292686415342e-01 -2.049494682429864323e-02 2.719768376614020711e-01 -1.571152783934374186e-01 5.548824997202797538e-02 2.558514635284953043e-02 9.856882081553465236e-01
7.405877277705935624e-01 -2.443790705977541555e-02 2.799573667623526108e-01 -1.504765226943178547e-01 5.560893949905253153e-02 2.332658273215243439e-02 9.867726853250737840e-01
7.648142313946822979e-01 -2.741951240091235198e-02 2.888475684053535275e-01 -1.446311033950888336e-01 5.653277168243625583e-02 2.286240099916810042e-02 9.876047793916217232e-01
7.908897177702151060e-01 -3.137464000126642671e-02 2.980665882939320666e-01 -1.393666299517104801e-01 5.783644568747400849e-02 2.550806139492532709e-02 9.882212438568680479e-01
8.182827461453803242e-01 -3.450601978435913902e-02 3.098327167164282026e-01 -1.360246454005109018e-01 6.012804431141835493e-02 3.095188078211758009e-02 9.883946050070280265e-01
8.473628027510949901e-01 -4.062106812184453075e-02 3.217120585339549588e-01 -1.331767695751583658e-01 5.515864453242548537e-02 3.966984240612222296e-02 9.887607271642335771e-01
8.777396622610276200e-01 -4.747391741094487277e-02 3.355106396371651534e-01 -1.316498060750335153e-01 4.987699321622541399e-02 5.091692206953167543e-02 9.887305402156241207e-01
9.107665242088908153e-01 -5.379984477282938327e-02 3.484396835372733370e-01 -1.315252842128152577e-01 4.417684298839581747e-02 6.409617550941298925e-02 9.882515805407969811e-01
9.466657107153104711e-01 -5.825492960186961361e-02 3.597398038996652003e-01 -1.317947187352031813e-01 3.743913141706261410e-02 8.015760252928207097e-02 9.873212356214172702e-01
9.842464624685873797e-01 -6.411882108792368862e-02 3.709872810730541204e-01 -1.324711418109618954e-01 3.036102932802053206e-02 9.815038095512400307e-02 9.858479128160727578e-01
1.023183597629818919e+00 -7.186327957378467468e-02 3.824749313087412173e-01 -1.332057333356865825e-01 2.319451572245170498e-02 1.176050505360638904e-01 9.838126341612576375e-01
1.056244288669250242e+00 -7.748287497176103988e-02 3.923326057506978382e-01 -1.344044349863300070e-01 1.571220176716226283e-02 1.380348366716733222e-01 9.811396222947362800e-01
1.083018228909440550e+00 -8.079945118763708078e-02 4.015169436108945167e-01 -1.370964370886414985e-01 8.846017929091197496e-03 1.591515466486895236e-01 9.776487611119488719e-01
1.104868607565804961e+00 -8.162178210617142271e-02 4.038012096858356603e-01 -1.383195538126237301e-01 1.107615657325314133e-03 1.790759311213549199e-01 9.740627726762030036e-01
1.113536189739976701e+00 -6.880687714023092649e-02 4.041946388318392591e-01 -1.386888443559147477e-01 -5.658902132691927267e-03 1.929163059440863193e-01 9.713478677480901213e-01
1.120270884222484220e+00 -6.269904725529454326e-02 4.053139506079753707e-01 -1.405333042179454650e-01 -1.170406624462756034e-02 2.117630038165536632e-01 9.670934988166957069e-01
1.127710671032825962e+00 -5.907003522656201211e-02 4.073550891110540029e-01 -1.419797167645207026e-01 -1.731791834634456573e-02 2.316829428277094871e-01 9.622187192807610812e-01
1.133819620412122475e+00 -5.497286425787544645e-02 4.100233451871952983e-01 -1.438874713967997487e-01 -2.094649602560139101e-02 2.513836400259786275e-01 9.569032894742152129e-01
1.139069725658765186e+00 -5.026833610147410369e-02 4.106331954672570173e-01 -1.451069915351559103e-01 -2.503340488594899341e-02 2.695663408439160080e-01 9.516571218308903513e-01
1.144403807821632757e+00 -4.701841606421319764e-02 4.112264769212087279e-01 -1.465910530806879830e-01 -2.829503775465669682e-02 2.875039225613728044e-01 9.460718516619028851e-01
1.147471276376589078e+00 -4.255066117487361910e-02 4.111765432163981271e-01 -1.477225796647984868e-01 -3.083635491541780044e-02 3.030751715548483660e-01 9.409423994377693612e-01
1.150631384703913573e+00 -3.935189112471792344e-02 4.117988557281661022e-01 -1.490232277132372829e-01 -3.185119823298050018e-02 3.178018998722336730e-01 9.358309308901104906e-01
1.152076601051526206e+00 -3.610713324047576389e-02 4.110556286818928817e-01 -1.499279360180020282e-01 -3.222677964060681466e-02 3.298649399944811322e-01 9.314892216433934280e-01
1.157265270494376663e+00 -3.344021166415850344e-02 4.110998177523288999e-01 -1.506159193799157248e-01 -3.157328288406947847e-02 3.394049391644179958e-01 9.279667342680247843e-01
1.165760955073035232e+00 -3.334440055414233939e-02 4.134434863407803196e-01 -1.511149273073102706e-01 -2.888179014550889059e-02 3.462901410183917283e-01 9.254259879516889553e-01
1.286026466184386097e+00 8.540918611212679201e-02 4.595277482964911231e-01 -1.934880041601020617e-01 -2.878888951770087676e-02 3.716216821230393652e-01 9.075411381653840648e-01
1.390371368715493272e+00 1.969476495239254610e-01 5.072703508072843315e-01 -2.355403102999153453e-01 -2.552046416229693943e-02 3.925063442204459463e-01 8.887115605636405347e-01
1.495848396666538127e+00 2.866300023099445649e-01 5.493647157510191947e-01 -2.773612604447129870e-01 -2.159499240910473308e-02 4.183510204819325673e-01 8.646310260273433190e-01
1.584222179106938189e+00 3.741564958829906029e-01 5.845374637005513740e-01 -3.190603705258346356e-01 -1.795702337388494635e-02 4.415176027718525353e-01 8.384153098041945418e-01
1.656973212330375977e+00 4.570333762059296534e-01 6.122720306428097725e-01 -3.575509923032710868e-01 -1.344812280178307555e-02 4.609694678135526358e-01 8.120859472000142576e-01
1.713311206784305485e+00 5.344000495955474328e-01 6.337177894363222874e-01 -3.927340030747292210e-01 -9.888777185392029490e-03 4.749657025580376613e-01 7.874451068539480847e-01
1.756354110048523820e+00 6.034546566217271479e-01 6.465348271048592110e-01 -4.242001429892596209e-01 -5.953159806343614677e-03 4.839612208330577037e-01 7.653759437727242210e-01
1.788470986972139354e+00 6.615694592334505630e-01 6.519680864165886547e-01 -4.510085612253081910e-01 -3.316952583830927795e-03 4.873389278681222736e-01 7.477172225590255072e-01
1.814065375050533779e+00 7.054126135994703839e-01 6.542656203689164451e-01 -4.735757469690685117e-01 -2.230167174962291096e-03 4.880522806617951237e-01 7.331616531010614057e-01
1.831580184153070112e+00 7.355685124439691469e-01 6.556320855242170342e-01 -4.900424245155508562e-01 -5.301754564026120616e-03 4.888434022215670249e-01 7.217080030579586802e-01
1.840736212831010743e+00 7.523107491284409809e-01 6.555530665656188472e-01 -5.003353583085320411e-01 -1.309437545777377213e-02 4.889996771588197566e-01 7.144035150362949560e-01
1.844047628716120268e+00 7.636237417788493964e-01 6.537652854154885063e-01 -5.066803653449549749e-01 -2.015355544620368866e-02 4.852184645135771968e-01 7.123425322637040313e-01
1.847452705326531941e+00 7.764137241177715421e-01 6.526158093502443247e-01 -5.106513197214425093e-01 -2.669997187343269712e-02 4.785273989984310528e-01 7.138164116749513566e-01
1.852530916710488862e+00 7.904092370878894602e-01 6.523361248975374505e-01 -5.120044799098715238e-01 -3.291690513431551335e-02 4.692736087483336815e-01 7.187142478349208830e-01
1.858850323326908915e+00 8.058615917480288493e-01 6.518791056687326391e-01 -5.108003208403467665e-01 -3.911549226113095884e-02 4.579186106285131341e-01 7.265421918475349905e-01
1.868450479079012405e+00 8.218257714366015154e-01 6.531813480285418860e-01 -5.070640090977837078e-01 -4.450257930839107007e-02 4.445934583444414723e-01 7.370497051827051838e-01
1.880142273153076804e+00 8.387331151898647086e-01 6.562422241791067146e-01 -5.018723201632037112e-01 -4.900428578491239362e-02 4.301574323085456397e-01 7.487905833131399680e-01
1.893062034669569238e+00 8.568884870169419798e-01 6.620594249080499205e-01 -4.949422139850888080e-01 -5.268853843195017012e-02 4.147250164299610131e-01 7.617475195106394592e-01
1.907831130296562261e+00 8.758954403703078651e-01 6.701971435357371165e-01 -4.868433142579154382e-01 -5.625369384551773266e-02 3.985977908705832795e-01 7.752024963867145679e-01
1.925229670887223188e+00 8.960270348500272153e-01 6.786835438181262337e-01 -4.773787995811933360e-01 -5.944371629722835365e-02 3.822112235485845555e-01 7.889806758702569978e-01
1.944335248755744594e+00 9.173926535927664494e-01 6.893837145473459271e-01 -4.665488775521612896e-01 -6.183584597166359026e-02 3.669086904375117864e-01 8.024253771468206065e-01
1.964710704760776139e+00 9.416648742350753887e-01 7.000092983826406989e-01 -4.550977164300957223e-01 -6.306712939304479071e-02 3.526404839705083449e-01 8.152013829449006321e-01
1.988395284353543291e+00 9.667581316286227855e-01 7.116508752780920100e-01 -4.429041536494042197e-01 -6.331844970656863580e-02 3.402996994731323777e-01 8.270567085426230314e-01
2.016172836479968478e+00 9.912307854758083403e-01 7.256283470720034101e-01 -4.303543489121952614e-01 -6.230531692130306803e-02 3.303008654904184827e-01 8.377437078916063484e-01
2.045296376592503851e+00 1.019693082595640954e+00 7.391279290287211534e-01 -4.184232096142389556e-01 -6.056395802982240256e-02 3.224838973692732980e-01 8.469109519786626183e-01
2.076820364090837145e+00 1.050985615808655460e+00 7.525564116465052189e-01 -4.068326060728528759e-01 -5.745969147268931154e-02 3.176527225571381674e-01 8.545655986194808929e-01
2.112367315235790244e+00 1.082308878839549848e+00 7.687757354846260771e-01 -3.957985494645212543e-01 -5.353527810799069836e-02 3.163727824316234782e-01 8.604567070899927783e-01
2.150031708325700563e+00 1.117079904588689665e+00 7.854871943798087397e-01 -3.869945349167197013e-01 -4.722909233282253372e-02 3.182593963732601172e-01 8.641270736426082122e-01
2.189531873645055082e+00 1.155391884929738655e+00 8.035442269705356244e-01 -3.802526995932290488e-01 -3.983809438934737823e-02 3.245955503460510316e-01 8.651349833309431858e-01
2.233189591055535939e+00 1.193324947757904431e+00 8.258254482716216316e-01 -3.740564629532017182e-01 -3.751137489464605873e-02 3.378851861170660831e-01 8.628489208888708850e-01
2.282704772190122799e+00 1.230436629034211915e+00 8.489593145842224686e-01 -3.677853541312152696e-01 -4.176846961573912193e-02 3.570970437921355267e-01 8.575960759865060012e-01
2.335726538048057410e+00 1.268335535258423352e+00 8.747375099457660452e-01 -3.629676724909546848e-01 -4.605518422903707998e-02 3.805012373224718192e-01 8.493245534706956867e-01
2.390564449918511691e+00 1.312218632586316769e+00 8.978015022776922871e-01 -3.589083388175869915e-01 -5.124809543557799774e-02 4.077123077827100039e-01 8.380507807549151256e-01
2.447265262988423729e+00 1.360672844299730455e+00 9.190845248851929883e-01 -3.549159898336931573e-01 -5.587619621674170395e-02 4.380585998744170317e-01 8.240249716682034320e-01
2.505441753883001610e+00 1.412985930579256255e+00 9.400234946731588215e-01 -3.507910184805519416e-01 -6.074068517053809318e-02 4.700456357433743793e-01 8.076591674939359589e-01
2.557503479391153967e+00 1.464936340401587822e+00 9.602468482049193454e-01 -3.474349510889740977e-01 -6.556276140159568444e-02 5.023362427832062105e-01 7.890809706650206978e-01
2.598833567229437591e+00 1.509831564022712680e+00 9.776094926647814765e-01 -3.455889086020343948e-01 -7.083762409113454617e-02 5.364083165421256183e-01 7.666918906632708142e-01
2.631735548759079890e+00 1.547115946872339221e+00 9.862359084918467245e-01 -3.419669987346941054e-01 -7.578986518798358496e-02 5.710603986406894705e-01 7.424314710567634368e-01
2.628894957278597566e+00 1.580090965785274415e+00 9.687671194727203172e-01 -3.354657905433752196e-01 -8.453186949010568774e-02 5.943400626192955061e-01 7.260006586645137983e-01
2.628217152419973779e+00 1.604023029348022211e+00 9.635331453747044694e-01 -3.318418915615742315e-01 -8.851405981074858542e-02 6.223391793745431944e-01 7.033776837774111668e-01
2.628154860106493906e+00 1.621695049313673920e+00 9.640259041837351273e-01 -3.307229799840112339e-01 -8.938442370469489029e-02 6.528293104752218579e-01 6.756083382359348022e-01
2.627017526600281094e+00 1.637951752785870241e+00 9.627977328761192499e-01 -3.282071583777427803e-01 -9.029517505183483339e-02 6.814098235216889954e-01 6.479255319557226667e-01
2.622455314203254506e+00 1.652051386997899218e+00 9.613205247756023697e-01 -3.271662091283090712e-01 -8.941950449646346444e-02 7.067335080627803467e-01 6.208817700669704287e-01
2.619252934629923590e+00 1.664599635276716061e+00 9.581134041773411436e-01 -3.253448836170190761e-01 -8.965318960714709073e-02 7.303536238353036669e-01 5.938826453501845348e-01
2.615391453412708955e+00 1.675210499786200513e+00 9.551092621807962812e-01 -3.238883800129332413e-01 -8.823191741717130443e-02 7.516658391878724421e-01 5.677234469699825592e-01
2.611021535023520190e+00 1.683522765369141361e+00 9.518300367690730734e-01 -3.229934087963148848e-01 -8.566170083285090664e-02 7.700827815679166521e-01 5.434241809279194424e-01
2.607332254250333659e+00 1.690297008576426396e+00 9.491955261218020246e-01 -3.233779284830415879e-01 -8.153304526371418781e-02 7.855349170240767398e-01 5.212619034957559627e-01
2.604049142622251622e+00 1.698321740042657346e+00 9.464282975643864004e-01 -3.245015044726957121e-01 -7.655673319744982219e-02 7.969893410772393993e-01 5.036326343738651845e-01
2.605284747115957700e+00 1.712754274424642231e+00 9.450534922740249089e-01 -3.271423003130288776e-01 -7.025382818350531244e-02 8.050674294514390539e-01 4.898048070485984118e-01
