-4.452462308108806610e-03 9.506114125251770020e-01 -2.659993059933185577e-02
-1.203229371458292007e-02 8.749285340309143066e-01 -2.054677531123161316e-02
-1.829908601939678192e-02 7.982332110404968262e-01 -1.469173282384872437e-02
-2.430026233196258545e-02 7.206957340240478516e-01 -1.160222385078668594e-02
-2.857665345072746277e-02 6.425039172172546387e-01 -8.223399519920349121e-03
-3.146867081522941589e-02 5.637888312339782715e-01 -5.476254504173994064e-03
-3.292528912425041199e-02 4.848975241184234619e-01 -2.856477862223982811e-03
-3.280945122241973877e-02 4.051407277584075928e-01 -4.630229086615145206e-04
-3.119078651070594788e-02 3.265273272991180420e-01 1.835933886468410492e-03
-2.841285988688468933e-02 2.447563409805297852e-01 4.109786357730627060e-03
-2.383529208600521088e-02 1.696497499942779541e-01 6.360820028930902481e-03
-1.876976527273654938e-02 7.721969485282897949e-02 1.020256523042917252e-02
-1.438741944730281830e-02 3.522051125764846802e-02 1.063330192118883133e-02
-1.024263352155685425e-02 5.757854506373405457e-02 7.291627582162618637e-03
-6.721545942127704620e-03 5.903026834130287170e-02 5.442163441330194473e-03
-3.620248520746827126e-03 7.020372897386550903e-02 3.165911883115768433e-03
-1.125333830714225769e-03 7.814346998929977417e-02 1.222195802256464958e-03
6.944488268345594406e-04 8.825250715017318726e-02 -7.500045467168092728e-04
1.958596985787153244e-03 9.831527620553970337e-02 -2.624704269692301750e-03
2.621491206809878349e-03 1.092274636030197144e-01 -4.469318781048059464e-03
2.808837220072746277e-03 1.206749007105827332e-01 -6.299865897744894028e-03
2.564617199823260307e-03 1.327938139438629150e-01 -8.010795339941978455e-03
1.790907932445406914e-03 1.456575691699981689e-01 -9.880321100354194641e-03
8.945175213739275932e-04 1.593042761087417603e-01 -1.117234025150537491e-02
-2.229423262178897858e-04 1.736478805541992188e-01 -1.222712453454732895e-02
-1.815696014091372490e-03 1.888082921504974365e-01 -1.381822954863309860e-02
-3.566622966900467873e-03 2.047132998704910278e-01 -1.505869720131158829e-02
-5.572034977376461029e-03 2.215085774660110474e-01 -1.624146103858947754e-02
-7.718997076153755188e-03 2.389178574085235596e-01 -1.712202467024326324e-02
-1.024797465652227402e-02 2.574175894260406494e-01 -1.789549365639686584e-02
-1.299604400992393494e-02 2.758773565292358398e-01 -1.803708635270595551e-02
-1.617040485143661499e-02 2.956426441669464111e-01 -1.794174499809741974e-02
-1.962402649223804474e-02 3.140237629413604736e-01 -1.787314750254154205e-02
-2.295799180865287781e-02 3.343714177608489990e-01 -1.745685376226902008e-02
-2.623224258422851562e-02 3.466590642929077148e-01 -1.631190814077854156e-02
-2.943502739071846008e-02 3.749195635318756104e-01 -1.587661728262901306e-02
-3.243859484791755676e-02 3.560068011283874512e-01 -1.230324804782867432e-02
-3.523452952504158020e-02 2.772594094276428223e-01 -4.858051892369985580e-03
-3.757664933800697327e-02 2.154756486415863037e-01 1.616168767213821411e-03
-3.924493119120597839e-02 1.497580111026763916e-01 8.362043648958206177e-03
-4.029327630996704102e-02 7.402329146862030029e-02 1.566893421113491058e-02
-4.035018011927604675e-02 3.084596060216426849e-02 2.081855945289134979e-02
-3.938430547714233398e-02 3.345276042819023132e-02 2.291884832084178925e-02
-3.735746070742607117e-02 1.946051232516765594e-02 2.578380703926086426e-02
-3.417647629976272583e-02 1.247387565672397614e-02 2.789435908198356628e-02
-2.974100410938262939e-02 5.836868658661842346e-04 2.994329668581485748e-02
-2.406158298254013062e-02 -6.401075981557369232e-03 3.130983188748359680e-02
-1.715577766299247742e-02 -2.310005016624927521e-02 3.289743140339851379e-02
-8.930511772632598877e-03 -1.491991337388753891e-02 3.257242590188980103e-02
4.307175986468791962e-04 2.543682977557182312e-02 2.993636764585971832e-02
1.107962988317012787e-02 5.467860400676727295e-02 2.769900858402252197e-02
