8.652016520500183105e-02 2.940851496532559395e-03 2.883342467248439789e-02 -2.521578222513198853e-02 5.480035208165645599e-03 2.326069399714469910e-02 9.993963837623596191e-01
7.731550931930541992e-02 -6.605511531233787537e-03 3.075327165424823761e-02 -2.643769234418869019e-02 6.904480513185262680e-03 2.471343241631984711e-02 9.993211030960083008e-01
6.862810254096984863e-02 -9.006135165691375732e-03 3.044394589960575104e-02 -2.630000934004783630e-02 7.812145166099071503e-03 2.230821736156940460e-02 9.993746280670166016e-01
5.967896804213523865e-02 -1.465113833546638489e-02 2.837444283068180084e-02 -2.598757669329643250e-02 8.819127455353736877e-03 2.331630326807498932e-02 9.993513822555541992e-01
5.153819918632507324e-02 -1.575733721256256104e-02 2.570944465696811676e-02 -2.392837218940258026e-02 8.156426250934600830e-03 2.033590525388717651e-02 9.994735121726989746e-01
4.348401725292205811e-02 -1.746906898915767670e-02 2.182422019541263580e-02 -2.135607041418552399e-02 7.236274424940347672e-03 1.771664060652256012e-02 9.995887279510498047e-01
3.609955683350563049e-02 -1.615613698959350586e-02 1.848607324063777924e-02 -1.898107305169105530e-02 6.933122873306274414e-03 1.461170986294746399e-02 9.996890425682067871e-01
2.886579371988773346e-02 -1.370359864085912704e-02 1.569386385381221771e-02 -1.713756099343299866e-02 7.008272688835859299e-03 1.168411970138549805e-02 9.997603297233581543e-01
2.262694574892520905e-02 -1.077172625809907913e-02 1.154767442494630814e-02 -1.455068774521350861e-02 6.634167395532131195e-03 8.174761198461055756e-03 9.998387098312377930e-01
1.551987230777740479e-02 -8.356650359928607941e-03 8.556369692087173462e-03 -1.218421570956707001e-02 6.588822696357965469e-03 6.018858402967453003e-03 9.998859167098999023e-01
9.475647471845149994e-03 -5.887542385607957840e-03 4.344590008258819580e-03 -9.146467782557010651e-03 -5.396264605224132538e-04 2.780867507681250572e-03 9.999541640281677246e-01
5.025899037718772888e-03 -1.451784628443419933e-04 2.859381726011633873e-03 -6.067268550395965576e-03 -2.045894070761278272e-04 1.147000366472639143e-04 9.999815821647644043e-01
5.571190733462572098e-03 -1.698449887044262141e-05 3.211849601939320564e-03 -3.586521837860345840e-03 3.136456944048404694e-04 -2.849459880962967873e-03 9.999894499778747559e-01
6.352650467306375504e-03 -7.965188706293702126e-04 3.556109033524990082e-03 -1.649620011448860168e-03 4.364924388937652111e-04 -4.300228320062160492e-03 9.999892711639404297e-01
6.977277342230081558e-03 -8.018800290301442146e-04 4.158034920692443848e-03 5.515420925803482533e-04 5.880377721041440964e-04 -6.284355185925960541e-03 9.999799132347106934e-01
7.678434252738952637e-03 -2.855448750779032707e-03 3.879691008478403091e-03 1.337072462774813175e-03 8.749975240789353848e-04 -7.297474425286054611e-03 9.999721050262451172e-01
7.944618351757526398e-03 -5.187146831303834915e-03 2.979848068207502365e-03 3.219439182430505753e-03 9.159354376606643200e-04 -7.891893386840820312e-03 9.999632835388183594e-01
8.848848752677440643e-03 -4.057293757796287537e-03 4.778481554239988327e-03 3.690241836011409760e-03 1.561564160510897636e-03 -8.648341521620750427e-03 9.999545812606811523e-01
8.714980445802211761e-03 -6.038530729711055756e-03 5.071320571005344391e-03 4.531205631792545319e-03 1.353098079562187195e-03 -8.800199255347251892e-03 9.999501109123229980e-01
9.131206199526786804e-03 -7.489526178687810898e-03 4.628982394933700562e-03 4.983926191926002502e-03 1.173438038676977158e-03 -8.973342366516590118e-03 9.999466538429260254e-01
1.046295277774333954e-02 -6.986765656620264053e-03 5.303686019033193588e-03 5.491544958204030991e-03 1.246002735570073128e-03 -8.522107265889644623e-03 9.999478459358215332e-01
1.179908309131860733e-02 -7.602571044117212296e-03 4.233309999108314514e-03 6.926703732460737228e-03 5.644242628477513790e-04 -8.129931055009365082e-03 9.999427795410156250e-01
1.313987560570240021e-02 -5.993105936795473099e-03 6.241585128009319305e-03 7.181868422776460648e-03 9.193714358843863010e-04 -7.307221647351980209e-03 9.999470710754394531e-01
1.376172155141830444e-02 -8.300706744194030762e-03 5.203667562454938889e-03 7.656147703528404236e-03 3.913555119652301073e-04 -6.198417861014604568e-03 9.999514222145080566e-01
1.444769185036420822e-02 -9.156453423202037811e-03 5.944689270108938217e-03 7.387271616607904434e-03 3.877697163261473179e-04 -4.680688027292490005e-03 9.999616742134094238e-01
1.687502674758434296e-02 -6.227949168533086777e-03 7.265045307576656342e-03 7.274806033819913864e-03 3.577429743018001318e-04 -3.166754031553864479e-03 9.999684691429138184e-01
1.768163032829761505e-02 -8.744879625737667084e-03 6.542372982949018478e-03 6.799063179641962051e-03 -3.889486542902886868e-04 -9.717213106341660023e-04 9.999763369560241699e-01
1.918023265898227692e-02 -8.210796862840652466e-03 7.719901856034994125e-03 5.994312930852174759e-03 1.466811409045476466e-05 9.822929278016090393e-04 9.999815225601196289e-01
2.058289758861064911e-02 -8.956911042332649231e-03 7.907814346253871918e-03 5.225722678005695343e-03 -1.122777248383499682e-04 4.235174041241407394e-03 9.999773502349853516e-01
2.147937193512916565e-02 -8.867378346621990204e-03 1.032876875251531601e-02 3.161786822602152824e-03 6.426731124520301819e-04 7.140657864511013031e-03 9.999693036079406738e-01
2.233507484197616577e-02 -1.135576795786619186e-02 1.031981315463781357e-02 2.174437046051025391e-03 -7.154230959713459015e-03 9.642858058214187622e-03 9.999255537986755371e-01
2.321312576532363892e-02 -1.222930196672677994e-02 1.198755577206611633e-02 3.571877314243465662e-04 -7.662996649742126465e-03 1.229216158390045166e-02 9.998950362205505371e-01
2.558969520032405853e-02 -1.245456747710704803e-02 1.098989043384790421e-02 -1.243137638084590435e-03 -8.409328758716583252e-03 1.437538955360651016e-02 9.998605251312255859e-01
2.836008556187152863e-02 -1.101455371826887131e-02 1.041368674486875534e-02 -2.065244363620877266e-03 -9.489360265433788300e-03 1.739348098635673523e-02 9.998015761375427246e-01
2.923460491001605988e-02 -1.321981288492679596e-02 9.981878101825714111e-03 -2.941138809546828270e-03 -9.734779596328735352e-03 1.949181221425533295e-02 9.997583031654357910e-01
2.991490066051483154e-02 -1.616651192307472229e-02 9.438102133572101593e-03 -3.118642373010516167e-03 -1.017777901142835617e-02 2.096227370202541351e-02 9.997236132621765137e-01
2.442798204720020294e-02 -1.436886657029390335e-02 7.404377218335866928e-03 -3.826129715889692307e-03 -1.052264124155044556e-02 2.223989181220531464e-02 9.996899366378784180e-01
1.899818703532218933e-02 -1.130056846886873245e-02 6.417150143533945084e-03 -5.415600724518299103e-03 -9.951408952474594116e-03 2.327563799917697906e-02 9.996649026870727539e-01
1.490631513297557831e-02 -8.274316787719726562e-03 1.584351877681910992e-03 -4.068259149789810181e-03 -1.064103282988071442e-02 2.263455465435981750e-02 9.996789097785949707e-01
1.103903912007808685e-02 -4.533275961875915527e-03 2.151557942852377892e-03 -3.997924271970987320e-03 -9.361016564071178436e-03 2.271849103271961212e-02 9.996900558471679688e-01
9.090856648981571198e-03 1.821634825319051743e-03 2.632196061313152313e-03 -4.124417901039123535e-03 -8.913718163967132568e-03 2.112137340009212494e-02 9.997286796569824219e-01
8.398852311074733734e-03 -4.750724416226148605e-03 2.134062582626938820e-03 -4.172893241047859192e-03 -8.813085965812206268e-03 2.372588776051998138e-02 9.996709227561950684e-01
9.170862846076488495e-03 -1.842997851781547070e-03 4.223507363349199295e-03 -3.870165208354592323e-03 -6.633546203374862671e-03 2.310581319034099579e-02 9.997035264968872070e-01
1.064312364906072617e-02 5.210901144891977310e-04 1.744857057929039001e-03 -3.232907503843307495e-03 -7.024706806987524033e-03 2.087625674903392792e-02 9.997521638870239258e-01
1.118750963360071182e-02 -2.091758884489536285e-03 1.279058051295578480e-03 -3.439721651375293732e-03 -6.264138035476207733e-03 2.123166993260383606e-02 9.997490644454956055e-01
1.199250575155019760e-02 2.516071544960141182e-03 3.959933819714933634e-04 -2.621435327455401421e-03 -5.327758379280567169e-03 1.806764863431453705e-02 9.998191595077514648e-01
1.308902911841869354e-02 1.381671609124168754e-04 1.257146243005990982e-03 -2.203829353675246239e-03 -3.835359122604131699e-03 1.732356101274490356e-02 9.998401403427124023e-01
1.185256149619817734e-02 5.718927830457687378e-03 -5.429061595350503922e-03 -1.709382166154682636e-03 -2.952158683910965919e-03 1.451046112924814224e-02 9.998888969421386719e-01
1.238118484616279602e-02 -5.927986465394496918e-03 -1.266082283109426498e-03 -1.007178332656621933e-03 -1.279677497223019600e-03 1.215995755046606064e-02 9.999247193336486816e-01
9.404305368661880493e-03 -1.052122004330158234e-02 1.243116334080696106e-03 4.219175025355070829e-05 1.228278852067887783e-03 9.199392981827259064e-03 9.999569058418273926e-01
1.637956053018569946e-01 -1.039866916835308075e-02 5.989610403776168823e-02 -4.462766647338867188e-02 1.108340825885534286e-02 3.817192465066909790e-02 9.982126355171203613e-01
1.447793543338775635e-01 -1.654773578047752380e-02 6.381894648075103760e-02 -4.284741356968879700e-02 1.539509091526269913e-02 3.366561233997344971e-02 9.983955621719360352e-01
1.267608106136322021e-01 -4.517481848597526550e-02 4.925476014614105225e-02 -4.398419708013534546e-02 1.326968055218458176e-02 4.238811135292053223e-02 9.980443716049194336e-01
1.110799387097358704e-01 -4.211635515093803406e-02 4.601343348622322083e-02 -4.473061114549636841e-02 1.358733512461185455e-02 4.049523174762725830e-02 9.980854988098144531e-01
9.587152302265167236e-02 -3.729276359081268311e-02 4.276555404067039490e-02 -4.177388921380043030e-02 1.443600840866565704e-02 3.695324435830116272e-02 9.983391165733337402e-01
8.091016113758087158e-02 -3.050597943365573883e-02 4.017935320734977722e-02 -3.896905481815338135e-02 1.420421153306961060e-02 3.094164468348026276e-02 9.986602067947387695e-01
6.775335222482681274e-02 -2.228389494121074677e-02 3.454972058534622192e-02 -3.443282097578048706e-02 1.522156596183776855e-02 2.503849193453788757e-02 9.989773631095886230e-01
5.487152934074401855e-02 -1.501058042049407959e-02 2.748743817210197449e-02 -2.913198992609977722e-02 1.465651392936706543e-02 1.685276441276073456e-02 9.993260502815246582e-01
4.093589261174201965e-02 -1.292377617210149765e-02 1.951172575354576111e-02 -2.483805455267429352e-02 1.242737937718629837e-02 1.172464061528444290e-02 9.995454549789428711e-01
2.655702084302902222e-02 -9.816456586122512817e-03 1.366268564015626907e-02 -2.048084326088428497e-02 6.254583597183227539e-03 7.579655386507511139e-03 9.997419714927673340e-01
1.435367017984390259e-02 -5.465933587402105331e-03 6.970119662582874298e-03 -1.572512090206146240e-02 -4.025401722174137831e-04 1.961609814316034317e-03 9.998743534088134766e-01
1.072473172098398209e-02 -7.788171060383319855e-04 5.767611786723136902e-03 -9.356965310871601105e-03 -2.869994204957038164e-05 -4.102141130715608597e-03 9.999477863311767578e-01
1.163067389279603958e-02 -1.228685840032994747e-03 7.216686382889747620e-03 -5.800615064799785614e-03 7.785607594996690750e-04 -7.833750918507575989e-03 9.999521970748901367e-01
1.310887001454830170e-02 -3.279684344306588173e-03 7.550217211246490479e-03 -1.839729491621255875e-03 1.083058654330670834e-03 -1.114388927817344666e-02 9.999356269836425781e-01
1.482332963496446609e-02 -3.927518613636493683e-03 7.833972573280334473e-03 1.245069317519664764e-03 1.206818618811666965e-03 -1.402726396918296814e-02 9.999001026153564453e-01
1.584514975547790527e-02 -8.039876818656921387e-03 6.741950754076242447e-03 4.694031085819005966e-03 1.698339357972145081e-03 -1.610814779996871948e-02 9.998577833175659180e-01
1.691052876412868500e-02 -9.862914681434631348e-03 6.980034988373517990e-03 6.771516520529985428e-03 2.353269839659333229e-03 -1.708279922604560852e-02 9.998283982276916504e-01
1.733184419572353363e-02 -1.151398569345474243e-02 8.798643015325069427e-03 8.977035991847515106e-03 2.725069876760244370e-03 -1.792209036648273468e-02 9.997953772544860840e-01
1.857759617269039154e-02 -1.246311794966459274e-02 9.820583276450634003e-03 1.025463081896305084e-02 2.695139730349183083e-03 -1.881483197212219238e-02 9.997667670249938965e-01
2.072900719940662384e-02 -1.286306604743003845e-02 9.909898042678833008e-03 1.151097472757101059e-02 2.590915653854608536e-03 -1.900044269859790802e-02 9.997498393058776855e-01
2.178481034934520721e-02 -1.446422375738620758e-02 1.084067486226558685e-02 1.262846030294895172e-02 2.172341570258140564e-03 -1.765451580286026001e-02 9.997620582580566406e-01
2.444055676460266113e-02 -1.298304367810487747e-02 1.254787296056747437e-02 1.338229235261678696e-02 2.159034134820103645e-03 -1.617477834224700928e-02 9.997773170471191406e-01
2.677339687943458557e-02 -1.416798029094934464e-02 1.210270915180444717e-02 1.420069299638271332e-02 1.627562800422310829e-03 -1.387699041515588760e-02 9.998015165328979492e-01
2.890051342546939850e-02 -1.650433056056499481e-02 1.081432029604911804e-02 1.478189695626497269e-02 8.896889630705118179e-04 -1.098182424902915955e-02 9.998300075531005859e-01
3.221998736262321472e-02 -1.317153684794902802e-02 1.395291462540626526e-02 1.393098570406436920e-02 7.474733283743262291e-04 -8.291997946798801422e-03 9.998682737350463867e-01
3.526637330651283264e-02 -1.236745622009038925e-02 1.474306639283895493e-02 1.371935009956359863e-02 4.643635475076735020e-04 -4.600694403052330017e-03 9.998952150344848633e-01
3.705727681517601013e-02 -1.619271747767925262e-02 1.467874273657798767e-02 1.294163800776004791e-02 -5.535780219361186028e-04 -8.435348863713443279e-04 9.999157190322875977e-01
4.028533399105072021e-02 -1.422253996133804321e-02 1.715915091335773468e-02 1.105762273073196411e-02 9.709224686957895756e-04 4.210927058011293411e-03 9.999295473098754883e-01
4.277527704834938049e-02 -1.414680387824773788e-02 1.982576027512550354e-02 8.847933262586593628e-03 8.317501051351428032e-04 9.508482180535793304e-03 9.999153017997741699e-01
4.415524750947952271e-02 -1.929033175110816956e-02 2.089978195726871490e-02 5.682835355401039124e-03 -6.607557646930217743e-03 1.493973564356565475e-02 9.998503923416137695e-01
4.756063595414161682e-02 -2.266438305377960205e-02 1.880029402673244476e-02 2.950122579932212830e-03 -1.498904265463352203e-02 1.947364583611488342e-02 9.996936321258544922e-01
4.922482371330261230e-02 -2.700191736221313477e-02 1.924033090472221375e-02 1.826160587370395660e-04 -1.616742275655269623e-02 2.486324682831764221e-02 9.995601177215576172e-01
5.381929874420166016e-02 -2.638482674956321716e-02 1.826794072985649109e-02 -2.157300012186169624e-03 -1.792073622345924377e-02 2.972497232258319855e-02 9.993951320648193359e-01
5.671747401356697083e-02 -2.781949564814567566e-02 1.824856363236904144e-02 -3.119226777926087379e-03 -1.819293759763240814e-02 3.329158574342727661e-02 9.992752075195312500e-01
5.913013592362403870e-02 -3.068216703832149506e-02 1.754414290189743042e-02 -4.029364790767431259e-03 -1.911712251603603363e-02 3.576051816344261169e-02 9.991694092750549316e-01
5.411697924137115479e-02 -3.075621277093887329e-02 1.711251586675643921e-02 -5.629930179566144943e-03 -1.891291886568069458e-02 3.736454993486404419e-02 9.991068243980407715e-01
4.260322079062461853e-02 -2.664810977876186371e-02 1.432488113641738892e-02 -8.713684976100921631e-03 -1.935903541743755341e-02 4.141508415341377258e-02 9.989164471626281738e-01
3.321168571710586548e-02 -2.100088633596897125e-02 7.530588191002607346e-03 -7.942950353026390076e-03 -2.015450038015842438e-02 4.261070117354393005e-02 9.988568425178527832e-01
2.853263355791568756e-02 3.646960947662591934e-03 2.689138520509004593e-03 -6.424993742257356644e-03 -2.076233737170696259e-02 3.184588998556137085e-02 9.992564916610717773e-01
2.000328898429870605e-02 -1.444122754037380219e-03 5.253939423710107803e-03 -7.637014612555503845e-03 -1.740858890116214752e-02 4.013136401772499084e-02 9.990135431289672852e-01
1.781519874930381775e-02 -1.726788352243602276e-03 7.710997015237808228e-03 -7.992557249963283539e-03 -1.556335575878620148e-02 4.420177266001701355e-02 9.988694190979003906e-01
1.934949867427349091e-02 -1.056148554198443890e-03 5.445637274533510208e-03 -7.196792867034673691e-03 -1.638848707079887390e-02 4.228582978248596191e-02 9.989452362060546875e-01
1.889592036604881287e-02 2.726593986153602600e-03 8.844614960253238678e-03 -6.983078084886074066e-03 -1.242353115230798721e-02 4.040181264281272888e-02 9.990818500518798828e-01
2.175066806375980377e-02 4.088990390300750732e-03 2.135799033567309380e-03 -7.390813436359167099e-03 -1.396096125245094299e-02 3.819909691810607910e-02 9.991452693939208984e-01
2.336564287543296814e-02 9.225144749507308006e-04 3.840427845716476440e-03 -6.187645252794027328e-03 -1.124977320432662964e-02 3.686443716287612915e-02 9.992377758026123047e-01
2.395229414105415344e-02 8.288560435175895691e-03 1.632700557820498943e-03 -4.832479171454906464e-03 -9.234189055860042572e-03 3.304151445627212524e-02 9.993996620178222656e-01
2.662089467048645020e-02 1.704519381746649742e-03 6.135344505310058594e-03 -3.778391983360052109e-03 -5.243944004178047180e-03 3.055969811975955963e-02 9.995120167732238770e-01
2.750574238598346710e-02 1.027182952384464443e-04 4.286360461264848709e-03 -2.116041956469416618e-03 -2.598123159259557724e-03 2.397839911282062531e-02 9.997068643569946289e-01
2.052693814039230347e-02 -1.824026368558406830e-02 3.921539522707462311e-03 -7.199018145911395550e-04 1.470903982408344746e-03 2.161646820604801178e-02 9.997649788856506348e-01
