0.000000000000000000e+00 0.000000000000000000e+00 0.000000000000000000e+00 -2.376310953566829198e-13 -7.069293067596404967e-12 1.454176622867064950e-12 1.000000000000000000e+00
8.777732402086257935e-02 -1.664212904870510101e-04 2.503121644258499146e-02 -2.139688096940517426e-02 4.567780531942844391e-03 1.708386465907096863e-02 9.996147155761718750e-01
1.663503348827362061e-01 -3.252450842410326004e-03 5.473796278238296509e-02 -4.231146723031997681e-02 1.112797018140554428e-02 3.258129581809043884e-02 9.985111355781555176e-01
2.368861138820648193e-01 -9.956168010830879211e-03 8.168882876634597778e-02 -6.285795569419860840e-02 1.832421869039535522e-02 4.772213101387023926e-02 9.967124462127685547e-01
2.999453842639923096e-01 -2.462428621947765350e-02 1.046018004417419434e-01 -8.413746953010559082e-02 2.530084550380706787e-02 6.628390401601791382e-02 9.939251542091369629e-01
3.559304475784301758e-01 -3.225256502628326416e-02 1.267280131578445435e-01 -1.042330637574195862e-01 3.252293169498443604e-02 8.162832260131835938e-02 9.906637072563171387e-01
4.044798314571380615e-01 -3.902420401573181152e-02 1.467816531658172607e-01 -1.227298453450202942e-01 3.933744877576828003e-02 9.539864957332611084e-02 9.870608448982238770e-01
4.459538459777832031e-01 -4.140638187527656555e-02 1.644883006811141968e-01 -1.396646499633789062e-01 4.604217410087585449e-02 1.059104055166244507e-01 9.834414124488830566e-01
4.802795052528381348e-01 -4.110021889209747314e-02 1.788320243358612061e-01 -1.545833498239517212e-01 5.289983004331588745e-02 1.136383712291717529e-01 9.799959063529968262e-01
5.079140067100524902e-01 -4.028278216719627380e-02 1.886578798294067383e-01 -1.672636121511459351e-01 5.826352164149284363e-02 1.179849281907081604e-01 9.770914912223815918e-01
5.279511809349060059e-01 -4.024058207869529724e-02 1.962535232305526733e-01 -1.781521886587142944e-01 6.352270394563674927e-02 1.212671175599098206e-01 9.744336605072021484e-01
5.405780076980590820e-01 -4.124208539724349976e-02 2.008209973573684692e-01 -1.863597333431243896e-01 6.216246262192726135e-02 1.228674277663230896e-01 9.727843403816223145e-01
5.458979010581970215e-01 -3.976064920425415039e-02 2.023924291133880615e-01 -1.921052485704421997e-01 6.100719794631004333e-02 1.220812201499938965e-01 9.718384742736816406e-01
5.512160062789916992e-01 -3.703934699296951294e-02 2.043216824531555176e-01 -1.955362856388092041e-01 5.998902022838592529e-02 1.184012442827224731e-01 9.716727733612060547e-01
5.576249361038208008e-01 -3.556359931826591492e-02 2.068692594766616821e-01 -1.976124048233032227e-01 5.919009819626808167e-02 1.135215461254119873e-01 9.718841314315795898e-01
5.645397305488586426e-01 -3.316063061356544495e-02 2.096376419067382812e-01 -1.977279186248779297e-01 5.822689086198806763e-02 1.065034866333007812e-01 9.727128744125366211e-01
5.728580951690673828e-01 -3.270053863525390625e-02 2.128548026084899902e-01 -1.968164592981338501e-01 5.741826072335243225e-02 9.832352399826049805e-02 9.738065004348754883e-01
5.819232463836669922e-01 -3.484445065259933472e-02 2.162003815174102783e-01 -1.941005289554595947e-01 5.685882642865180969e-02 8.938942104578018188e-02 9.752445220947265625e-01
5.918226838111877441e-01 -3.605009615421295166e-02 2.206107527017593384e-01 -1.908494532108306885e-01 5.671395733952522278e-02 7.972924411296844482e-02 9.767310023307800293e-01
6.021668314933776855e-01 -3.876240178942680359e-02 2.263814210891723633e-01 -1.865186691284179688e-01 5.654440447688102722e-02 6.974226236343383789e-02 9.783402085304260254e-01
6.135736703872680664e-01 -4.247871041297912598e-02 2.320721000432968140e-01 -1.817737519741058350e-01 5.625195801258087158e-02 5.929788202047348022e-02 9.799376130104064941e-01
6.262283921241760254e-01 -4.619855433702468872e-02 2.384225577116012573e-01 -1.764723658561706543e-01 5.604841560125350952e-02 4.924326017498970032e-02 9.814740419387817383e-01
6.399844288825988770e-01 -5.102994292974472046e-02 2.448895275592803955e-01 -1.701955795288085938e-01 5.559466406702995300e-02 3.977927938103675842e-02 9.830362200736999512e-01
6.555942296981811523e-01 -5.384248495101928711e-02 2.523691952228546143e-01 -1.638441383838653564e-01 5.554390698671340942e-02 3.112634085118770599e-02 9.844293594360351562e-01
6.722345948219299316e-01 -6.013953685760498047e-02 2.590314149856567383e-01 -1.567000150680541992e-01 5.519957095384597778e-02 2.385377883911132812e-02 9.858139157295227051e-01
6.900582909584045410e-01 -6.708160787820816040e-02 2.666458487510681152e-01 -1.497671306133270264e-01 5.498717725276947021e-02 1.803799904882907867e-02 9.870262742042541504e-01
7.108365893363952637e-01 -7.027282565832138062e-02 2.745747864246368408e-01 -1.430120170116424561e-01 5.513286590576171875e-02 1.357949897646903992e-02 9.880909323692321777e-01
7.324039340019226074e-01 -7.746844738721847534e-02 2.824555337429046631e-01 -1.362525224685668945e-01 5.476398393511772156e-02 1.138188410550355911e-02 9.890938401222229004e-01
7.558676600456237793e-01 -8.395199477672576904e-02 2.915793359279632568e-01 -1.302680522203445435e-01 5.512635409832000732e-02 1.092124171555042267e-02 9.898848533630371094e-01
7.815719842910766602e-01 -8.975192904472351074e-02 3.007831275463104248e-01 -1.248525232076644897e-01 5.615240707993507385e-02 1.324158813804388046e-02 9.904965758323669434e-01
8.084590435028076172e-01 -9.569493681192398071e-02 3.127040266990661621e-01 -1.210696846246719360e-01 5.778210237622261047e-02 1.829637214541435242e-02 9.907919764518737793e-01
8.369144201278686523e-01 -1.052968874573707581e-01 3.238765597343444824e-01 -1.182583868503570557e-01 5.224009975790977478e-02 2.610193006694316864e-02 9.912641644477844238e-01
8.667421936988830566e-01 -1.159014776349067688e-01 3.362475633621215820e-01 -1.167867854237556458e-01 4.660733789205551147e-02 3.630478307604789734e-02 9.913983941078186035e-01
8.986909985542297363e-01 -1.274234652519226074e-01 3.483174443244934082e-01 -1.163335070013999939e-01 4.044928029179573059e-02 4.861642792820930481e-02 9.911945462226867676e-01
9.336913824081420898e-01 -1.366972476243972778e-01 3.595570921897888184e-01 -1.164089292287826538e-01 3.367135673761367798e-02 6.336883455514907837e-02 9.906057715415954590e-01
9.702349901199340820e-01 -1.469286680221557617e-01 3.708022534847259521e-01 -1.168025583028793335e-01 2.681490406394004822e-02 7.966523617506027222e-02 9.895916581153869629e-01
1.008291125297546387e+00 -1.585625708103179932e-01 3.826651573181152344e-01 -1.173091158270835876e-01 1.979355886578559875e-02 9.691657871007919312e-02 9.881569147109985352e-01
1.039996623992919922e+00 -1.669759750366210938e-01 3.932019174098968506e-01 -1.187568679451942444e-01 1.250113174319267273e-02 1.148087605834007263e-01 9.861843585968017578e-01
1.066477775573730469e+00 -1.766062974929809570e-01 4.031715691089630127e-01 -1.214959770441055298e-01 5.540912505239248276e-03 1.355710625648498535e-01 9.832743406295776367e-01
1.086513638496398926e+00 -1.756192743778228760e-01 4.039346575736999512e-01 -1.224767938256263733e-01 -2.825300209224224091e-03 1.523425728082656860e-01 9.807054400444030762e-01
1.100304961204528809e+00 -1.668029874563217163e-01 4.031502604484558105e-01 -1.235234141349792480e-01 -1.070068310946226120e-02 1.670716702938079834e-01 9.781178832054138184e-01
1.108362913131713867e+00 -1.637681573629379272e-01 4.061067998409271240e-01 -1.256100237369537354e-01 -1.613086834549903870e-02 1.865915805101394653e-01 9.742410778999328613e-01
1.116668701171875000e+00 -1.628184169530868530e-01 4.078205823898315430e-01 -1.273454129695892334e-01 -2.202613838016986847e-02 2.066127359867095947e-01 9.698501229286193848e-01
1.123305082321166992e+00 -1.594140678644180298e-01 4.104851186275482178e-01 -1.292323768138885498e-01 -2.621085196733474731e-02 2.254934906959533691e-01 9.652795791625976562e-01
1.129169225692749023e+00 -1.557790338993072510e-01 4.114379286766052246e-01 -1.310032755136489868e-01 -3.046035207808017731e-02 2.429232895374298096e-01 9.606760740280151367e-01
1.135209083557128906e+00 -1.536642462015151978e-01 4.117723107337951660e-01 -1.327889114618301392e-01 -3.472024947404861450e-02 2.603228688240051270e-01 9.557163119316101074e-01
1.139564037322998047e+00 -1.505353450775146484e-01 4.113883376121520996e-01 -1.340413689613342285e-01 -3.799980878829956055e-02 2.756443917751312256e-01 9.511094689369201660e-01
1.143481612205505371e+00 -1.480957567691802979e-01 4.117824733257293701e-01 -1.352992653846740723e-01 -3.951251134276390076e-02 2.899815142154693604e-01 9.465958476066589355e-01
1.145951271057128906e+00 -1.456603109836578369e-01 4.111442565917968750e-01 -1.362201869487762451e-01 -4.019204527139663696e-02 3.017775714397430420e-01 9.427402615547180176e-01
1.151512742042541504e+00 -1.441582143306732178e-01 4.117251038551330566e-01 -1.368988007307052612e-01 -3.938604146242141724e-02 3.112584352493286133e-01 9.395881295204162598e-01
1.159974932670593262e+00 -1.458848863840103149e-01 4.143470823764801025e-01 -1.373750567436218262e-01 -3.641147911548614502e-02 3.189640343189239502e-01 9.370508790016174316e-01
1.285279512405395508e+00 -4.109605029225349426e-02 4.672040343284606934e-01 -1.819149702787399292e-01 -3.721260651946067810e-02 3.585878312587738037e-01 9.148425459861755371e-01
1.392264962196350098e+00 6.583576649427413940e-02 5.194318294525146484e-01 -2.241917699575424194e-01 -3.313677012920379639e-02 3.792663216590881348e-01 8.971047997474670410e-01
1.502044200897216797e+00 1.481571197509765625e-01 5.653880834579467773e-01 -2.661853432655334473e-01 -2.880199439823627472e-02 4.056547284126281738e-01 8.739336729049682617e-01
1.594672203063964844e+00 2.293193638324737549e-01 6.046396493911743164e-01 -3.079723715782165527e-01 -2.460874617099761963e-02 4.292847216129302979e-01 8.486825823783874512e-01
1.670808434486389160e+00 3.076268136501312256e-01 6.362893581390380859e-01 -3.466979265213012695e-01 -1.950515061616897583e-02 4.490504264831542969e-01 8.232702016830444336e-01
1.729490995407104492e+00 3.822080492973327637e-01 6.610579490661621094e-01 -3.823567330837249756e-01 -1.539559755474328995e-02 4.632120430469512939e-01 7.993753552436828613e-01
1.774155497550964355e+00 4.496378302574157715e-01 6.766729354858398438e-01 -4.142599701881408691e-01 -1.078803092241287231e-02 4.722008109092712402e-01 7.780094146728515625e-01
1.807386875152587891e+00 5.069071650505065918e-01 6.840379238128662109e-01 -4.415284395217895508e-01 -7.524885237216949463e-03 4.754516482353210449e-01 7.608822584152221680e-01
1.834015727043151855e+00 5.500135421752929688e-01 6.879509687423706055e-01 -4.644829630851745605e-01 -5.890660919249057770e-03 4.761278927326202393e-01 7.466747760772705078e-01
1.852260470390319824e+00 5.795776247978210449e-01 6.912840604782104492e-01 -4.812579154968261719e-01 -8.492069318890571594e-03 4.768279194831848145e-01 7.354956865310668945e-01
1.862132430076599121e+00 5.958703756332397461e-01 6.923943758010864258e-01 -4.917548894882202148e-01 -1.611938886344432831e-02 4.767585694789886475e-01 7.284356951713562012e-01
1.865472674369812012e+00 6.072105169296264648e-01 6.908484697341918945e-01 -4.980117678642272949e-01 -2.314862981438636780e-02 4.727392196655273438e-01 7.266128063201904297e-01
1.868830800056457520e+00 6.200261116027832031e-01 6.898570060729980469e-01 -5.018736720085144043e-01 -2.968881838023662567e-02 4.658050239086151123e-01 7.281944751739501953e-01
1.874175667762756348e+00 6.339223384857177734e-01 6.901160478591918945e-01 -5.029882788658142090e-01 -3.590843826532363892e-02 4.564126431941986084e-01 7.330763936042785645e-01
1.880830883979797363e+00 6.492295265197753906e-01 6.906802654266357422e-01 -5.016592741012573242e-01 -4.207783192396163940e-02 4.448197782039642334e-01 7.407448887825012207e-01
1.891777992248535156e+00 6.639338731765747070e-01 6.942374706268310547e-01 -4.977788329124450684e-01 -4.727469384670257568e-02 4.314927756786346436e-01 7.508630752563476562e-01
1.904680490493774414e+00 6.792924404144287109e-01 6.996750831604003906e-01 -4.924034774303436279e-01 -5.153361335396766663e-02 4.170525074005126953e-01 7.622010707855224609e-01
1.918554425239562988e+00 6.957218647003173828e-01 7.079190015792846680e-01 -4.852802753448486328e-01 -5.500249192118644714e-02 4.016865193843841553e-01 7.746778726577758789e-01
1.934340119361877441e+00 7.127985954284667969e-01 7.181566953659057617e-01 -4.768442809581756592e-01 -5.842894688248634338e-02 3.855309784412384033e-01 7.877635955810546875e-01
1.952754378318786621e+00 7.306016683578491211e-01 7.292912006378173828e-01 -4.671652019023895264e-01 -6.151764467358589172e-02 3.691507577896118164e-01 8.010618090629577637e-01
1.973058223724365234e+00 7.490383386611938477e-01 7.428501844406127930e-01 -4.562356173992156982e-01 -6.387149542570114136e-02 3.537939786911010742e-01 8.140020966529846191e-01
1.994813323020935059e+00 7.703641653060913086e-01 7.566025257110595703e-01 -4.445842802524566650e-01 -6.523982435464859009e-02 3.394799530506134033e-01 8.263425827026367188e-01
2.020149946212768555e+00 7.918070554733276367e-01 7.715835571289062500e-01 -4.321162402629852295e-01 -6.565921753644943237e-02 3.271963894367218018e-01 8.377988338470458984e-01
2.049865245819091797e+00 8.116350769996643066e-01 7.886046171188354492e-01 -4.190445840358734131e-01 -6.507536768913269043e-02 3.174868524074554443e-01 8.481562137603759766e-01
2.080728769302368164e+00 8.362887501716613770e-01 8.053427934646606445e-01 -4.066518247127532959e-01 -6.374176591634750366e-02 3.099353909492492676e-01 8.570363521575927734e-01
2.114460706710815430e+00 8.632599115371704102e-01 8.223136663436889648e-01 -3.945945203304290771e-01 -6.114877387881278992e-02 3.054907917976379395e-01 8.644254803657531738e-01
2.152616500854492188e+00 8.886039257049560547e-01 8.425533771514892578e-01 -3.830227851867675781e-01 -5.815105885267257690e-02 3.046171963214874268e-01 8.701266646385192871e-01
2.192388534545898438e+00 9.188128709793090820e-01 8.628628253936767578e-01 -3.738485872745513916e-01 -5.249092355370521545e-02 3.070060312747955322e-01 8.736299276351928711e-01
2.234104633331298828e+00 9.526715278625488281e-01 8.844846487045288086e-01 -3.668303489685058594e-01 -4.552118852734565735e-02 3.137574195861816406e-01 8.745968341827392578e-01
2.279889345169067383e+00 9.855437874794006348e-01 9.102629423141479492e-01 -3.604349493980407715e-01 -4.396579414606094360e-02 3.270660936832427979e-01 8.724571466445922852e-01
2.331005811691284180e+00 1.018156528472900391e+00 9.364879131317138672e-01 -3.541052341461181641e-01 -4.882496595382690430e-02 3.461371958255767822e-01 8.674184083938598633e-01
2.385173797607421875e+00 1.051797628402709961e+00 9.655779600143432617e-01 -3.494542539119720459e-01 -5.363965034484863281e-02 3.693261146545410156e-01 8.594200611114501953e-01
2.441591024398803711e+00 1.091434597969055176e+00 9.922407865524291992e-01 -3.458032011985778809e-01 -5.919150263071060181e-02 3.962781429290771484e-01 8.484575748443603516e-01
2.499541521072387695e+00 1.136109828948974609e+00 1.017962336540222168e+00 -3.425688743591308594e-01 -6.422730535268783569e-02 4.261024296283721924e-01 8.348402380943298340e-01
2.559380769729614258e+00 1.184446334838867188e+00 1.043309092521667480e+00 -3.391545116901397705e-01 -6.946805864572525024e-02 4.575730264186859131e-01 8.190087676048278809e-01
2.613317251205444336e+00 1.232256650924682617e+00 1.068274378776550293e+00 -3.365463614463806152e-01 -7.465112209320068359e-02 4.895203709602355957e-01 8.009579777717590332e-01
2.656139135360717773e+00 1.273925185203552246e+00 1.089610695838928223e+00 -3.356279730796813965e-01 -8.047541975975036621e-02 5.233344435691833496e-01 7.791011929512023926e-01
2.690828084945678711e+00 1.308501601219177246e+00 1.101786255836486816e+00 -3.331647515296936035e-01 -8.594802021980285645e-02 5.576798915863037109e-01 7.553855776786804199e-01
2.695450067520141602e+00 1.342839717864990234e+00 1.087640166282653809e+00 -3.276558518409729004e-01 -9.529621154069900513e-02 5.823076367378234863e-01 7.378876209259033203e-01
2.699479103088378906e+00 1.366794228553771973e+00 1.084393620491027832e+00 -3.249903619289398193e-01 -9.981114417314529419e-02 6.116059422492980957e-01 7.143929004669189453e-01
2.701975584030151367e+00 1.384237289428710938e+00 1.085826992988586426e+00 -3.242906033992767334e-01 -1.011991053819656372e-01 6.427842378616333008e-01 6.866023540496826172e-01
2.704402446746826172e+00 1.400370955467224121e+00 1.084879279136657715e+00 -3.220463991165161133e-01 -1.030011698603630066e-01 6.722806692123413086e-01 6.585708856582641602e-01
2.701733112335205078e+00 1.415009975433349609e+00 1.084271788597106934e+00 -3.215670585632324219e-01 -1.027139648795127869e-01 6.984535455703735352e-01 6.310365200042724609e-01
2.701779603958129883e+00 1.427905321121215820e+00 1.080850124359130859e+00 -3.197287321090698242e-01 -1.037596091628074646e-01 7.230002284049987793e-01 6.035546660423278809e-01
2.700938701629638672e+00 1.439100980758666992e+00 1.077613592147827148e+00 -3.181256055831909180e-01 -1.033822968602180481e-01 7.452024221420288086e-01 5.768722891807556152e-01
2.698881626129150391e+00 1.447967767715454102e+00 1.073601961135864258e+00 -3.170550167560577393e-01 -1.015799343585968018e-01 7.642957568168640137e-01 5.522769689559936523e-01
2.696768283843994141e+00 1.455368995666503906e+00 1.070919156074523926e+00 -3.174854218959808350e-01 -9.779706597328186035e-02 7.801668643951416016e-01 5.300740599632263184e-01
2.694753646850585938e+00 1.463715672492980957e+00 1.067901253700256348e+00 -3.184657692909240723e-01 -9.333510696887969971e-02 7.919728755950927734e-01 5.124910473823547363e-01
2.698099851608276367e+00 1.477867364883422852e+00 1.068395256996154785e+00 -3.214292824268341064e-01 -8.641567081212997437e-02 8.009437322616577148e-01 4.976994991302490234e-01
