8.465006202459335327e-02 -5.128145217895507812e-03 3.367228806018829346e-02 -2.682740613818168640e-02 6.456270813941955566e-03 2.545640617609024048e-02 9.992950558662414551e-01
7.512692362070083618e-02 -1.292375847697257996e-02 3.400009870529174805e-02 -2.699304930865764618e-02 7.455874234437942505e-03 2.555258758366107941e-02 9.992811679840087891e-01
6.777965277433395386e-02 -1.347456220537424088e-02 3.069390170276165009e-02 -2.619568258523941040e-02 7.513225078582763672e-03 2.322196215391159058e-02 9.993588328361511230e-01
5.899568647146224976e-02 -1.764438115060329437e-02 2.809856086969375610e-02 -2.550394460558891296e-02 8.267169818282127380e-03 2.320625074207782745e-02 9.993711113929748535e-01
5.082708597183227539e-02 -1.867097243666648865e-02 2.516857534646987915e-02 -2.365771308541297913e-02 7.700529415160417557e-03 2.028209529817104340e-02 9.994847178459167480e-01
4.299018159508705139e-02 -1.936348155140876770e-02 2.119493484497070312e-02 -2.131860144436359406e-02 6.874349899590015411e-03 1.771887950599193573e-02 9.995920658111572266e-01
3.574975207448005676e-02 -1.748068444430828094e-02 1.795311085879802704e-02 -1.922018080949783325e-02 6.655846256762742996e-03 1.474366523325443268e-02 9.996843934059143066e-01
2.831128798425197601e-02 -1.508906669914722443e-02 1.543084904551506042e-02 -1.733813993632793427e-02 6.773654837161302567e-03 1.210673712193965912e-02 9.997534155845642090e-01
2.185409702360630035e-02 -1.213332545012235641e-02 1.168496441096067429e-02 -1.492771785706281662e-02 6.569215562194585800e-03 8.495652116835117340e-03 9.998309016227722168e-01
1.491780299693346024e-02 -9.406241588294506073e-03 8.537755347788333893e-03 -1.257445476949214935e-02 6.525292526930570602e-03 6.113068666309118271e-03 9.998809695243835449e-01
9.091386571526527405e-03 -6.463705562055110931e-03 4.346691537648439407e-03 -9.476800449192523956e-03 -6.108137313276529312e-04 2.896437887102365494e-03 9.999507069587707520e-01
4.836617037653923035e-03 -1.651886384934186935e-03 2.708357991650700569e-03 -6.331539712846279144e-03 -1.877291651908308268e-04 3.443310270085930824e-04 9.999798536300659180e-01
5.082199349999427795e-03 -2.172338310629129410e-03 3.287344006821513176e-03 -4.134292714297771454e-03 4.012787539977580309e-04 -2.332445234060287476e-03 9.999886751174926758e-01
5.887804552912712097e-03 -2.769084647297859192e-03 3.361911280080676079e-03 -1.985871698707342148e-03 4.900423809885978699e-04 -3.886032383888959885e-03 9.999903440475463867e-01
6.315389648079872131e-03 -4.406320862472057343e-03 2.704596612602472305e-03 3.293731424491852522e-04 7.230982300825417042e-04 -5.542649421840906143e-03 9.999843239784240723e-01
6.999984849244356155e-03 -4.594408906996250153e-03 3.472110256552696228e-03 1.013215747661888599e-03 1.023058081045746803e-03 -6.757997442036867142e-03 9.999760985374450684e-01
7.193373050540685654e-03 -6.279123481363058090e-03 2.780457725748419762e-03 3.024112200364470482e-03 1.008106279186904430e-03 -7.641373202204704285e-03 9.999657273292541504e-01
8.183480240404605865e-03 -5.661072675138711929e-03 4.310517571866512299e-03 3.605665173381567001e-03 1.665392657741904259e-03 -8.264124393463134766e-03 9.999579787254333496e-01
8.305561728775501251e-03 -6.943522021174430847e-03 4.575822968035936356e-03 4.503788426518440247e-03 1.285538310185074806e-03 -8.749318309128284454e-03 9.999507665634155273e-01
8.728615939617156982e-03 -8.006336167454719543e-03 4.539741668850183487e-03 5.108619574457406998e-03 1.229092129506170750e-03 -9.208993986248970032e-03 9.999437928199768066e-01
9.986418299376964569e-03 -7.814082317054271698e-03 5.062500480562448502e-03 5.693313200026750565e-03 1.266868668608367443e-03 -8.726499043405056000e-03 9.999449253082275391e-01
1.122226845473051071e-02 -8.477589115500450134e-03 4.138784483075141907e-03 7.117631379514932632e-03 7.212624186649918556e-04 -8.414420299232006073e-03 9.999390244483947754e-01
1.265476830303668976e-02 -7.332841865718364716e-03 5.798041820526123047e-03 7.295615971088409424e-03 9.344128193333745003e-04 -7.625088095664978027e-03 9.999438524246215820e-01
1.332381833344697952e-02 -8.815006352961063385e-03 5.489665083587169647e-03 7.650790270417928696e-03 7.217337843030691147e-04 -6.468477193266153336e-03 9.999495744705200195e-01
1.412031892687082291e-02 -9.384592995047569275e-03 6.360954139381647110e-03 7.472385186702013016e-03 5.413218168541789055e-04 -4.870876669883728027e-03 9.999600648880004883e-01
1.625297404825687408e-02 -7.581814192235469818e-03 7.395375054329633713e-03 7.148345466703176498e-03 4.208208993077278137e-04 -3.040897659957408905e-03 9.999697208404541016e-01
1.733657345175743103e-02 -8.902725763618946075e-03 7.218056358397006989e-03 6.817291490733623505e-03 -2.833447651937603951e-04 -1.041069976054131985e-03 9.999761581420898438e-01
1.878433674573898315e-02 -8.575209416449069977e-03 8.277063257992267609e-03 6.055390462279319763e-03 -3.602739161578938365e-05 1.087221084162592888e-03 9.999810457229614258e-01
2.010277844965457916e-02 -9.184145368635654449e-03 8.828658610582351685e-03 5.298789590597152710e-03 -2.406799321761354804e-04 4.413142800331115723e-03 9.999762177467346191e-01
2.102705463767051697e-02 -9.225997142493724823e-03 1.092800125479698181e-02 3.448752220720052719e-03 2.523486618883907795e-04 7.379194721579551697e-03 9.999668002128601074e-01
2.189161442220211029e-02 -1.054326910525560379e-02 1.199601031839847565e-02 2.569598611444234848e-03 -7.655760273337364197e-03 9.653190150856971741e-03 9.999207854270935059e-01
2.293285913765430450e-02 -1.123375725001096725e-02 1.341615058481693268e-02 8.038028609007596970e-04 -8.340551517903804779e-03 1.230283547192811966e-02 9.998891949653625488e-01
2.516962029039859772e-02 -1.129129156470298767e-02 1.302778907120227814e-02 -7.455578306689858437e-04 -9.133923798799514771e-03 1.440841332077980042e-02 9.998542070388793945e-01
2.769005112349987030e-02 -1.100349333137273788e-02 1.209313236176967621e-02 -1.370153157040476799e-03 -9.872953407466411591e-03 1.771645247936248779e-02 9.997933506965637207e-01
2.860221825540065765e-02 -1.288284081965684891e-02 1.204197481274604797e-02 -2.307082992047071457e-03 -1.002431102097034454e-02 1.966506615281105042e-02 9.997537136077880859e-01
2.918561920523643494e-02 -1.604973897337913513e-02 1.165934652090072632e-02 -2.662690589204430580e-03 -1.055845711380243301e-02 2.086573652923107147e-02 9.997229576110839844e-01
2.401605993509292603e-02 -1.406106166541576385e-02 9.139518253505229950e-03 -3.372709965333342552e-03 -1.117810327559709549e-02 2.227660827338695526e-02 9.996836781501770020e-01
1.872497051954269409e-02 -1.107537373900413513e-02 7.518337573856115341e-03 -4.748983308672904968e-03 -1.080608461052179337e-02 2.350423671305179596e-02 9.996540546417236328e-01
1.451112888753414154e-02 -8.443161845207214355e-03 3.363463096320629120e-03 -4.220169503241777420e-03 -1.076622586697340012e-02 2.335902489721775055e-02 9.996602535247802734e-01
1.009055692702531815e-02 -5.670758895576000214e-03 3.614326706156134605e-03 -4.867182113230228424e-03 -9.351162239909172058e-03 2.483109198510646820e-02 9.996360540390014648e-01
8.850057609379291534e-03 8.276270818896591663e-04 3.725857008248567581e-03 -4.319033585488796234e-03 -9.032919071614742279e-03 2.227789163589477539e-02 9.997016787528991699e-01
8.006921038031578064e-03 -4.944699816405773163e-03 3.017199458554387093e-03 -3.899792209267616272e-03 -9.222054854035377502e-03 2.448123507201671600e-02 9.996501207351684570e-01
8.815873414278030396e-03 -1.715013640932738781e-03 4.967745393514633179e-03 -3.848533378913998604e-03 -6.988100241869688034e-03 2.396572567522525787e-02 9.996809363365173340e-01
1.014699414372444153e-02 7.801596657373011112e-04 3.608601633459329605e-03 -2.949077170342206955e-03 -6.983264349400997162e-03 2.116836048662662506e-02 9.997471570968627930e-01
1.072333939373493195e-02 -2.238441258668899536e-03 3.342331154271960258e-03 -3.161651780828833580e-03 -6.245985161513090134e-03 2.165052480995655060e-02 9.997410774230957031e-01
1.125404704362154007e-02 2.493305830284953117e-03 4.175818525254726410e-03 -2.338175196200609207e-03 -4.937672521919012070e-03 1.818319782614707947e-02 9.998197555541992188e-01
1.248196884989738464e-02 1.301862648688256741e-03 3.927826415747404099e-03 -1.946528325788676739e-03 -3.711957950145006180e-03 1.723075099289417267e-02 9.998427629470825195e-01
1.308088004589080811e-02 5.163329653441905975e-03 2.212397521361708641e-03 -1.531578716821968555e-03 -2.303180517628788948e-03 1.460111513733863831e-02 9.998895525932312012e-01
1.222863886505365372e-02 -6.022780667990446091e-03 2.055295277386903763e-03 -8.081640698947012424e-04 -8.602646412327885628e-04 1.225197780877351761e-02 9.999242424964904785e-01
8.926003240048885345e-03 -1.071474608033895493e-02 2.490597777068614960e-03 9.518017031950876117e-05 1.249377033673226833e-03 9.507527574896812439e-03 9.999540448188781738e-01
1.595778167247772217e-01 -1.895315572619438171e-02 6.855927407741546631e-02 -4.981200024485588074e-02 1.360040996223688126e-02 4.296109825372695923e-02 9.977415204048156738e-01
1.424124985933303833e-01 -2.560560777783393860e-02 6.611183285713195801e-02 -4.818004369735717773e-02 1.767446845769882202e-02 3.843788057565689087e-02 9.979422688484191895e-01
1.273211240768432617e-01 -3.841851651668548584e-02 5.337084829807281494e-02 -4.711441695690155029e-02 1.477947551757097244e-02 4.353953897953033447e-02 9.978306889533996582e-01
1.115274280309677124e-01 -3.723663836717605591e-02 4.903919249773025513e-02 -4.735212028026580811e-02 1.456816121935844421e-02 4.105957597494125366e-02 9.979276657104492188e-01
9.617894142866134644e-02 -3.447715565562248230e-02 4.440638795495033264e-02 -4.415894672274589539e-02 1.486778724938631058e-02 3.732973709702491760e-02 9.982161521911621094e-01
8.069763332605361938e-02 -3.121137991547584534e-02 4.006482660770416260e-02 -4.071382805705070496e-02 1.397998444736003876e-02 3.151828050613403320e-02 9.985757470130920410e-01
6.687238812446594238e-02 -2.575403079390525818e-02 3.384647890925407410e-02 -3.583105280995368958e-02 1.480478793382644653e-02 2.607931382954120636e-02 9.989078044891357422e-01
5.348398908972740173e-02 -1.941408962011337280e-02 2.746483869850635529e-02 -3.021977841854095459e-02 1.459344010800123215e-02 1.813903823494911194e-02 9.992721080780029297e-01
3.910174965858459473e-02 -1.684582047164440155e-02 2.026697434484958649e-02 -2.558627538383007050e-02 1.264647301286458969e-02 1.288341078907251358e-02 9.995095729827880859e-01
2.532915398478507996e-02 -1.241743564605712891e-02 1.387618761509656906e-02 -2.130722440779209137e-02 6.027728784829378128e-03 8.353154174983501434e-03 9.997199177742004395e-01
1.341548189520835876e-02 -7.420062553137540817e-03 7.032379973679780960e-03 -1.627154275774955750e-02 -4.592517798300832510e-04 2.465847646817564964e-03 9.998644590377807617e-01
1.036898139864206314e-02 -3.598024602979421616e-03 5.331997759640216827e-03 -1.007956825196743011e-02 1.550563902128487825e-04 -3.328231396153569221e-03 9.999436736106872559e-01
1.092243567109107971e-02 -4.841852467507123947e-03 6.791143212467432022e-03 -6.696206051856279373e-03 8.075305377133190632e-04 -6.907213479280471802e-03 9.999533891677856445e-01
1.239278353750705719e-02 -6.546321325004100800e-03 6.570328492671251297e-03 -2.170334104448556900e-03 1.132376492023468018e-03 -1.048717927187681198e-02 9.999420046806335449e-01
1.380850933492183685e-02 -7.916414178907871246e-03 6.571380421519279480e-03 7.530834409408271313e-04 1.249811844900250435e-03 -1.318294275552034378e-02 9.999120235443115234e-01
1.429415028542280197e-02 -1.110395602881908417e-02 5.791522096842527390e-03 4.251757171005010605e-03 1.816897187381982803e-03 -1.522143930196762085e-02 9.998734593391418457e-01
1.534745283424854279e-02 -1.268673129379749298e-02 5.955381784588098526e-03 6.624754052609205246e-03 2.314835321158170700e-03 -1.643681153655052185e-02 9.998402595520019531e-01
1.618984714150428772e-02 -1.382776536047458649e-02 7.553972303867340088e-03 8.890786208212375641e-03 2.726807491853833199e-03 -1.738212257623672485e-02 9.998056888580322266e-01
1.738863252103328705e-02 -1.457710750401020050e-02 9.057797491550445557e-03 1.030241325497627258e-02 2.850528107956051826e-03 -1.847998797893524170e-02 9.997720718383789062e-01
1.928434520959854126e-02 -1.539591047912836075e-02 9.188917465507984161e-03 1.174925267696380615e-02 2.816310850903391838e-03 -1.876118592917919159e-02 9.997509717941284180e-01
2.061846852302551270e-02 -1.678493432700634003e-02 9.718878194689750671e-03 1.298598386347293854e-02 2.328934380784630775e-03 -1.768058165907859802e-02 9.997566342353820801e-01
2.354305982589721680e-02 -1.558396965265274048e-02 1.123447623103857040e-02 1.375084556639194489e-02 2.613602904602885246e-03 -1.631803810596466064e-02 9.997688531875610352e-01
2.572308667004108429e-02 -1.657113619148731232e-02 1.130231004208326340e-02 1.429833751171827316e-02 2.028629183769226074e-03 -1.412924285978078842e-02 9.997958540916442871e-01
2.806533128023147583e-02 -1.758263260126113892e-02 1.130355056375265121e-02 1.472942903637886047e-02 1.503240317106246948e-03 -1.126035675406455994e-02 9.998269677162170410e-01
3.100913763046264648e-02 -1.580814644694328308e-02 1.395838800817728043e-02 1.392770651727914810e-02 1.068211626261472702e-03 -8.448386564850807190e-03 9.998667240142822266e-01
3.390590846538543701e-02 -1.525396853685379028e-02 1.522283628582954407e-02 1.359465904533863068e-02 6.119677564129233360e-04 -4.563732538372278214e-03 9.998970031738281250e-01
3.609878569841384888e-02 -1.741465367376804352e-02 1.563709788024425507e-02 1.290617324411869049e-02 -3.337349917273968458e-04 -8.460545795969665051e-04 9.999163150787353516e-01
3.912761434912681580e-02 -1.655007526278495789e-02 1.774120144546031952e-02 1.114207413047552109e-02 5.336084286682307720e-04 4.683047067373991013e-03 9.999268054962158203e-01
4.164647310972213745e-02 -1.634558290243148804e-02 2.052585035562515259e-02 9.094219654798507690e-03 3.515048883855342865e-04 9.878001175820827484e-03 9.999098181724548340e-01
4.347850009799003601e-02 -1.887923292815685272e-02 2.262296900153160095e-02 6.340883672237396240e-03 -7.185269612818956375e-03 1.531453058123588562e-02 9.998368024826049805e-01
4.715963080525398254e-02 -2.014231868088245392e-02 2.234715968370437622e-02 3.870528889819979668e-03 -1.580750383436679840e-02 1.973029226064682007e-02 9.996728897094726562e-01
4.919803142547607422e-02 -2.403338067233562469e-02 2.289819531142711639e-02 1.238934928551316261e-03 -1.732892915606498718e-02 2.509545721113681793e-02 9.995340704917907715e-01
5.308104306459426880e-02 -2.467031776905059814e-02 2.236451953649520874e-02 -1.221986720338463783e-03 -1.902008987963199615e-02 3.001670539379119873e-02 9.993676543235778809e-01
5.552684143185615540e-02 -2.628823369741439819e-02 2.344152145087718964e-02 -2.472231397405266762e-03 -1.910776644945144653e-02 3.386035189032554626e-02 9.992408156394958496e-01
5.799122899770736694e-02 -2.961950190365314484e-02 2.247818186879158020e-02 -3.434754442423582077e-03 -2.022227458655834198e-02 3.629178181290626526e-02 9.991307258605957031e-01
5.344247817993164062e-02 -2.944982424378395081e-02 2.107224613428115845e-02 -5.328245460987091064e-03 -2.013501338660717010e-02 3.824652358889579773e-02 9.990512728691101074e-01
4.230483248829841614e-02 -2.558843977749347687e-02 1.690830104053020477e-02 -7.575720082968473434e-03 -2.075662277638912201e-02 4.221295937895774841e-02 9.988642930984497070e-01
3.344221040606498718e-02 -1.938141882419586182e-02 1.033160090446472168e-02 -7.728386670351028442e-03 -2.088639140129089355e-02 4.372397437691688538e-02 9.987953901290893555e-01
2.510868571698665619e-02 -1.263228151947259903e-02 6.679976824671030045e-03 -7.517055608332157135e-03 -1.929261907935142517e-02 4.290549084544181824e-02 9.988645315170288086e-01
1.914532855153083801e-02 -3.426678944379091263e-03 7.178801111876964569e-03 -8.344292640686035156e-03 -1.745467633008956909e-02 4.395118728280067444e-02 9.988463521003723145e-01
1.746695488691329956e-02 -1.129821408540010452e-03 8.570387028157711029e-03 -7.966536097228527069e-03 -1.632976718246936798e-02 4.621409624814987183e-02 9.987663030624389648e-01
1.847133412957191467e-02 5.625630146823823452e-04 7.979147136211395264e-03 -7.130845915526151657e-03 -1.627787947654724121e-02 4.453679174184799194e-02 9.988496899604797363e-01
1.863013394176959991e-02 2.846918301656842232e-03 9.355773217976093292e-03 -7.038365118205547333e-03 -1.349569577723741531e-02 4.244722798466682434e-02 9.989827871322631836e-01
2.031257748603820801e-02 3.141476074233651161e-03 8.479584939777851105e-03 -7.301305886358022690e-03 -1.309948973357677460e-02 3.930474445223808289e-02 9.991147518157958984e-01
2.167651057243347168e-02 2.901218365877866745e-03 9.124970063567161560e-03 -5.922749638557434082e-03 -1.011532731354236603e-02 3.757094591856002808e-02 9.992251992225646973e-01
2.303004078567028046e-02 7.520986720919609070e-03 7.624318357557058334e-03 -4.815147258341312408e-03 -8.856407366693019867e-03 3.394421190023422241e-02 9.993728995323181152e-01
2.528915740549564362e-02 4.028978757560253143e-03 9.666735306382179260e-03 -3.562515135854482651e-03 -5.008537787944078445e-03 3.114127181470394135e-02 9.994961023330688477e-01
2.632995508611202240e-02 4.317179787904024124e-03 7.940079085528850555e-03 -1.607527374289929867e-03 -2.244421513751149178e-03 2.342402376234531403e-02 9.997218251228332520e-01
1.960494183003902435e-02 -1.838344335556030273e-02 6.865574046969413757e-03 -6.259739166125655174e-04 1.924004638567566872e-03 2.197568863630294800e-02 9.997564554214477539e-01
