0.000000000000000000e+00 0.000000000000000000e+00 0.000000000000000000e+00 0.000000000000000000e+00 0.000000000000000000e+00 0.000000000000000000e+00 1.000000000000000000e+00
8.736056089401245117e-02 2.406872110441327095e-03 2.664341032505035400e-02 -2.294109687820898580e-02 4.904187683286960822e-03 1.855779191597693029e-02 9.995525315742015415e-01
1.659546621352404328e-01 7.648761928862944474e-04 5.573755796482242342e-02 -4.730226330416999886e-02 1.122784578339674350e-02 3.852185987227597919e-02 9.980743948610985017e-01
2.367516752228014387e-01 1.921854936515260057e-04 8.392492503529727643e-02 -7.133678394677814283e-02 1.821008123490889738e-02 5.608840480846088994e-02 9.957075610055348136e-01
2.997204686367809234e-01 -3.696032162794299879e-03 1.106215769510398295e-01 -9.485522970570768597e-02 2.631008345372438939e-02 7.441327399356008343e-02 9.923572590351192879e-01
3.554342020277719838e-01 -6.540510326983762363e-03 1.346868694309966696e-01 -1.164265781192966726e-01 3.357321030528534478e-02 9.004372658533324469e-02 9.885392348105633831e-01
4.039444063442756971e-01 -1.042937069464866875e-02 1.555715882548036888e-01 -1.357334743226926710e-01 4.003085033239992679e-02 1.034951503509277393e-01 9.845114061420490170e-01
4.453864997629162215e-01 -1.277011549763111369e-02 1.732658722078680991e-01 -1.530875711425045138e-01 4.603866747965172646e-02 1.141856453772125274e-01 9.805132712249110538e-01
4.794658147889724331e-01 -1.381622128462896629e-02 1.882755675031026754e-01 -1.689320875660597909e-01 5.198335068805741421e-02 1.224765161208793973e-01 9.766059512621799721e-01
5.067510286192791202e-01 -1.422421091806876786e-02 1.991334600904438312e-01 -1.824754497152752120e-01 5.726599025730767095e-02 1.278501325786529641e-01 9.731791511385141646e-01
5.266142769709907245e-01 -1.447272738414984508e-02 2.072307764719060197e-01 -1.939111936285763949e-01 6.254489899913731610e-02 1.314680484964922402e-01 9.701560373564926953e-01
5.391316892911608427e-01 -1.492972748434302430e-02 2.121420882653096140e-01 -2.020499239540631820e-01 6.093077874797032945e-02 1.333068933871649486e-01 9.683452589891614615e-01
5.443581563366804987e-01 -1.341196708016987628e-02 2.137193910686612242e-01 -2.077990825738266489e-01 5.980414817497160113e-02 1.328799200327711594e-01 9.672569110606686893e-01
5.497962506314277853e-01 -1.094051453338347295e-02 2.156395468208492094e-01 -2.114389962514507948e-01 5.892416059483338714e-02 1.295428664419888964e-01 9.669747359245567386e-01
5.561696904259026963e-01 -9.089754942062140339e-03 2.179344934730501615e-01 -2.133323556893563233e-01 5.805257194497751017e-02 1.247275759663101086e-01 9.672446622753581025e-01
5.632974675815821675e-01 -7.256748110136906904e-03 2.207374811127142678e-01 -2.132589869752312961e-01 5.728111995932429201e-02 1.177883347027106342e-01 9.681763196745032385e-01
5.715248881635339728e-01 -5.948680355760142292e-03 2.236625208179622293e-01 -2.123193349879088365e-01 5.642718999334997432e-02 1.095764091997308565e-01 9.693964528337410957e-01
5.808221830560474919e-01 -6.355228593476960376e-03 2.268798414060627100e-01 -2.096438451755247567e-01 5.575720025312982941e-02 1.006244149789444903e-01 9.709867763827157994e-01
5.909053791906169195e-01 -5.976181216117919248e-03 2.311003573657318955e-01 -2.064615358737989237e-01 5.555519747330879554e-02 9.078472247812367779e-02 9.726486459163472542e-01
6.015598472203822489e-01 -7.108870234584247633e-03 2.367083180595493941e-01 -2.024798269876419976e-01 5.530379300679848925e-02 8.070975902521569656e-02 9.743866506373162206e-01
6.131857266564627595e-01 -9.788480075482910298e-03 2.426229313803542897e-01 -1.981014517107265727e-01 5.496313861080227153e-02 7.054982389340741511e-02 9.760930235242752939e-01
6.262515055236428374e-01 -1.175113419548180771e-02 2.488659861219187086e-01 -1.930469998321290848e-01 5.481447684579481006e-02 6.071681666895544643e-02 9.777738476547245261e-01
6.409162722025050218e-01 -1.471115868370337018e-02 2.544878729984403898e-01 -1.865361686132925856e-01 5.419773128947290991e-02 5.132116281501743205e-02 9.796085963125588103e-01
6.569433548022610703e-01 -1.530506754722514400e-02 2.613475016074867097e-01 -1.798170044804581480e-01 5.409235179814281952e-02 4.264255298819030066e-02 9.812856235833021801e-01
6.742380449366152106e-01 -1.850694605809601392e-02 2.684634696276134158e-01 -1.725599649766415833e-01 5.398841905169521338e-02 3.523204241128849445e-02 9.828870801282758585e-01
6.926384557863025648e-01 -2.280769002725124839e-02 2.766622966166846775e-01 -1.655181752583308463e-01 5.415775477676698646e-02 2.935517865239729851e-02 9.842809277553730141e-01
7.133883053756134851e-01 -2.380383325910213899e-02 2.847806115234129409e-01 -1.586374350655503640e-01 5.467253148194951146e-02 2.469258148655553708e-02 9.855127370646756813e-01
7.356697216419407770e-01 -2.752077696019695346e-02 2.931812416986440128e-01 -1.520058534043890186e-01 5.482675698165400541e-02 2.244065957935761219e-02 9.866025866818520784e-01
7.597026203392940324e-01 -3.029137465146889904e-02 3.026465919125247428e-01 -1.461846982005312878e-01 5.582013900553690205e-02 2.195810686795807501e-02 9.874370803429438626e-01
7.856078725185081657e-01 -3.402483518865223600e-02 3.124212276747819761e-01 -1.409636254465389260e-01 5.718441833684352604e-02 2.458497067267542344e-02 9.880560600580660102e-01
8.128233747389268515e-01 -3.712448161607561498e-02 3.246004755375729856e-01 -1.376774378096697615e-01 5.944900818400105508e-02 3.004577325455606851e-02 9.882347848834500681e-01
8.416987743737049943e-01 -4.359179085221546318e-02 3.367884830884463332e-01 -1.348659944996702387e-01 5.442048688928034783e-02 3.884841285949074824e-02 9.886052675120881039e-01
8.719043857557586819e-01 -5.075352391967425519e-02 3.508044183413665529e-01 -1.334011638750977335e-01 4.903631936793566987e-02 5.020541326907282387e-02 9.885742184267688470e-01
9.046340274152251393e-01 -5.785612616168418765e-02 3.640812665057997499e-01 -1.333384009877222609e-01 4.326914520546770726e-02 6.354669296531613443e-02 9.880842422123720103e-01
9.402793624904582925e-01 -6.281379404975409586e-02 3.759608265924250237e-01 -1.336939928458628635e-01 3.662591426124317540e-02 7.970622069077364091e-02 9.871329074975933038e-01
9.776589873119719831e-01 -6.893109289921128813e-02 3.877314012394834641e-01 -1.344936489737547369e-01 2.966566043970276720e-02 9.777599988193375058e-02 9.856324166866107239e-01
1.016388365968949214e+00 -7.670427254503787984e-02 3.998827768669974136e-01 -1.354213761755673762e-01 2.261467664223689930e-02 1.172809003982254322e-01 9.835623100123672691e-01
1.049321267660302093e+00 -8.220701085581799683e-02 4.102223574280514651e-01 -1.368074803818594976e-01 1.516738490612873358e-02 1.377556378964508721e-01 9.808552635197602676e-01
1.075977688768382068e+00 -8.547285486582818781e-02 4.197599183901088993e-01 -1.396786959348219892e-01 8.334394737666672714e-03 1.589237250991954453e-01 9.773247409980470035e-01
1.097778535390651955e+00 -8.613237424251549146e-02 4.225205896604367628e-01 -1.410757247236324452e-01 6.544911521383989846e-04 1.789352176659126936e-01 9.736936886998324159e-01
1.105821591023858907e+00 -7.299573332670984682e-02 4.240177374547504652e-01 -1.414586677327907271e-01 -5.721014488335896854e-03 1.924663744657176545e-01 9.710372855954142457e-01
1.112157827321656356e+00 -6.659697871234103450e-02 4.256977982515541270e-01 -1.433770599794968736e-01 -1.149109733639956492e-02 2.110804658509567167e-01 9.668278079832955951e-01
1.118634290090367189e+00 -6.173014501427998707e-02 4.283540658303599535e-01 -1.449292221255881197e-01 -1.682638436514252017e-02 2.305129729194398125e-01 9.620686891688712272e-01
1.124331664910310558e+00 -5.721963838147230835e-02 4.312559451032780267e-01 -1.468674134036709045e-01 -2.025642610019066231e-02 2.500863426177081794e-01 9.568053413928356843e-01
1.129080471921278805e+00 -5.210511708639496697e-02 4.324215408874672040e-01 -1.482171250354301362e-01 -2.399211907065640012e-02 2.681065263280220656e-01 9.516170199240094885e-01
1.134212244548724380e+00 -4.872586786826168387e-02 4.336911778960643171e-01 -1.499659172898027415e-01 -2.687222505428664074e-02 2.858658611292487772e-01 9.460807664321757571e-01
1.136936608825622086e+00 -4.406872114317283984e-02 4.342025616360271068e-01 -1.512431749037692896e-01 -2.905928797167182942e-02 3.013552674110235863e-01 9.409920630011910925e-01
1.139843670199880865e+00 -4.073698501650706294e-02 4.352293110096261963e-01 -1.527098098631066714e-01 -2.978638377526768299e-02 3.159762141776255029e-01 9.359228159347018350e-01
1.140723153694432668e+00 -3.723599531307972971e-02 4.356022287017839445e-01 -1.540657294876740802e-01 -2.935609157064300243e-02 3.275755046229610334e-01 9.317168344814529268e-01
1.145814789110714660e+00 -3.444895810238850220e-02 4.361890748679059238e-01 -1.548663456183148879e-01 -2.848934498901528611e-02 3.370934656375421667e-01 9.282094416894264288e-01
1.154255507358432631e+00 -3.450312662186008628e-02 4.387248142448069710e-01 -1.553631133929194164e-01 -2.575971162356801430e-02 3.441125348821139074e-01 9.256269786425498358e-01
1.274465125198618098e+00 8.419936059026825181e-02 4.850857922265132127e-01 -1.981883666249671383e-01 -2.560612749575061006e-02 3.695631200942760541e-01 9.074628355119469525e-01
1.379338560788774037e+00 1.952147187745185419e-01 5.328895383758427418e-01 -2.405949374608389590e-01 -2.235059595078139547e-02 3.907075633422998906e-01 8.882354005982775469e-01
1.483452651054428806e+00 2.861139287885886007e-01 5.757597079186856925e-01 -2.828629172666720093e-01 -1.833368398919175968e-02 4.162982759775015751e-01 8.639144584303078966e-01
1.570709693958995956e+00 3.744331418782600451e-01 6.117299162549161284e-01 -3.250057808837107931e-01 -1.466046203300578818e-02 4.392675582073622964e-01 8.373770510061101513e-01
1.642430919925831789e+00 4.578130219845154558e-01 6.406151624144525991e-01 -3.637373360640691611e-01 -1.010014399655938255e-02 4.585314274188836969e-01 8.107663458194748207e-01
1.698974569610985474e+00 5.347804798207617116e-01 6.629382169194975027e-01 -3.989580745785308302e-01 -6.437965846212177073e-03 4.726230702300162068e-01 7.857597856919809054e-01
1.742364440003447479e+00 6.034289538038044576e-01 6.767299761430972671e-01 -4.303975072443670391e-01 -2.365815758815473843e-03 4.818045037219869653e-01 7.632933963207334527e-01
1.774476026073528168e+00 6.614159955218630316e-01 6.834152976668310675e-01 -4.571877652980455009e-01 4.492896459894624031e-04 4.853711627871427070e-01 7.452475962626448069e-01
1.799754515645433317e+00 7.053509950641543291e-01 6.870604798016143322e-01 -4.797157943484086640e-01 1.689451422587898936e-03 4.861074297023961766e-01 7.304583966213928914e-01
1.816903289044316194e+00 7.356970119799429719e-01 6.888076753897269811e-01 -4.961993249724904187e-01 -1.413908571069944550e-03 4.869307990292496280e-01 7.188063909816981845e-01
1.825776320620108084e+00 7.525910876344046319e-01 6.887750226616128346e-01 -5.064899744495995337e-01 -9.258326259423257931e-03 4.871271838478844485e-01 7.113995332675917549e-01
1.829024881934820934e+00 7.639097038742310719e-01 6.869092192519326012e-01 -5.128076548199693718e-01 -1.644629214951862442e-02 4.833763733318823808e-01 7.092990274468818912e-01
1.832479269261703569e+00 7.766822825616431780e-01 6.857142643733691312e-01 -5.167678818803159713e-01 -2.315360559283870245e-02 4.767060079200801659e-01 7.107504828122759299e-01
1.837578487514707648e+00 7.906660325189929228e-01 6.852743088901258606e-01 -5.180981050837881741e-01 -2.959126397496595826e-02 4.674763213704520304e-01 7.156567609985263756e-01
1.843955252897640174e+00 8.060911557076473333e-01 6.847073113727469851e-01 -5.169246725296816614e-01 -3.599013771431952557e-02 4.561242836403832102e-01 7.234944580236484235e-01
1.853462359275477311e+00 8.221322735964474715e-01 6.857129329895053083e-01 -5.132031634818162713e-01 -4.164010268422353722e-02 4.428294514840179774e-01 7.340236315944242973e-01
1.864923285976082923e+00 8.392388751241980360e-01 6.885301379562744906e-01 -5.080502992838576981e-01 -4.637272598648449484e-02 4.283456752332082673e-01 7.458246752361924470e-01
1.877593716413070046e+00 8.576327331977676716e-01 6.941429560150592648e-01 -5.011890749711970239e-01 -5.031036473014376814e-02 4.128426532538005400e-01 7.588407751199178763e-01
1.892430711269250221e+00 8.766224192646350222e-01 7.021970407301429962e-01 -4.930898472275938027e-01 -5.416444079011431545e-02 3.966908825104468739e-01 7.723761775508390937e-01
1.909868144667407508e+00 8.966725765299881079e-01 7.107956799284185223e-01 -4.836393553875780182e-01 -5.761107972870534860e-02 3.803240959484155970e-01 7.862108619535862486e-01
1.929028511351186914e+00 9.180751105603589535e-01 7.213227102674578672e-01 -4.727986803505099811e-01 -6.022402569789035709e-02 3.650700117843944659e-01 7.997239280422328012e-01
1.949513798587862778e+00 9.422462978953550783e-01 7.319674123817629940e-01 -4.613018185732082888e-01 -6.163506679538080513e-02 3.508816895008125547e-01 8.125784827911917141e-01
1.973173609360965974e+00 9.673616216521145894e-01 7.436117711719890666e-01 -4.490528120596924966e-01 -6.205380943248058057e-02 3.385814921498730978e-01 8.245383374287488243e-01
2.000672191989302906e+00 9.919825372633296334e-01 7.578775189751260077e-01 -4.365099331097823110e-01 -6.113929717719351203e-02 3.286716583238940004e-01 8.352819916960940727e-01
2.029531253192742746e+00 1.020531672346585594e+00 7.717564008646006224e-01 -4.245863552233937188e-01 -5.943321717011237904e-02 3.209573082917548392e-01 8.445001633564294119e-01
2.060830835643394199e+00 1.051870134119022637e+00 7.855964142078590839e-01 -4.130354156903754403e-01 -5.631729154330474690e-02 3.162026122975676312e-01 8.522006899990749451e-01
2.095904233553773199e+00 1.083626733965123101e+00 8.020029395718729637e-01 -4.020787049615134889e-01 -5.230946746137092596e-02 3.149354610194937121e-01 8.581445624268786432e-01
2.133278089575354919e+00 1.118552014257207627e+00 8.190418148758743522e-01 -3.933379125161611811e-01 -4.593077897114401786e-02 3.168491449627278689e-01 8.618481707684486626e-01
2.172557321451901391e+00 1.156890514765838152e+00 8.375195908016997981e-01 -3.866825276789719323e-01 -3.844584387945619575e-02 3.232315703029314258e-01 8.628556610671906935e-01
2.215969234149557821e+00 1.195001862311718233e+00 8.599761655560558271e-01 -3.805599088764062832e-01 -3.600044467398693521e-02 3.366149819142476574e-01 8.605628842159807057e-01
2.265159523959376919e+00 1.232242141154623605e+00 8.835914762900648478e-01 -3.744477238373050132e-01 -4.007581940767429574e-02 3.559088693240228252e-01 8.552845769382028118e-01
2.317640812136511741e+00 1.270781765694189103e+00 9.095252780707063778e-01 -3.698368232847923376e-01 -4.414772106521642342e-02 3.793382469085630482e-01 8.469794550635211250e-01
2.371702820673166290e+00 1.315409253488727614e+00 9.329892389735336966e-01 -3.660393714099353102e-01 -4.907737940310083480e-02 4.065292916871969253e-01 8.356677117186289694e-01
2.427445023179344297e+00 1.364804900975066015e+00 9.546372441238988316e-01 -3.623253230447416318e-01 -5.345315422647609754e-02 4.368845264256153160e-01 8.215808123085822645e-01
2.484644222951668535e+00 1.418088314892636204e+00 9.758205542584322822e-01 -3.584762651756485674e-01 -5.804171052288786825e-02 4.689073021586033230e-01 8.051409001706693047e-01
2.535882056724839018e+00 1.470886027406115959e+00 9.959535610055869626e-01 -3.553953242892133324e-01 -6.263632714752659369e-02 5.012872764948755888e-01 7.864362150989635536e-01
2.576439015835143564e+00 1.516431382708241182e+00 1.013445635457071559e+00 -3.538643691575288353e-01 -6.760967398656848870e-02 5.353143063168250837e-01 7.639682805435776825e-01
2.608558728405743654e+00 1.554356225963574367e+00 1.022226917575491889e+00 -3.506908358643779922e-01 -7.222482642249029861e-02 5.699422801523293947e-01 7.395710306547631507e-01
2.606553510338198709e+00 1.588333552316554931e+00 1.006667359116749649e+00 -3.444133870660565644e-01 -8.010940683999520640e-02 5.938365732859451906e-01 7.227171133807728243e-01
2.604277028343042311e+00 1.612257653318540873e+00 1.001866042336447160e+00 -3.410497570751647167e-01 -8.351288263057952965e-02 6.212691690774160280e-01 7.005250039702788367e-01
2.603478343032557429e+00 1.629911556022483055e+00 1.002364888082026395e+00 -3.400963465809763719e-01 -8.388147815131760665e-02 6.514836501500260724e-01 6.729542527190245371e-01
2.600979161100145376e+00 1.646030673831558877e+00 1.001359660127842499e+00 -3.378241148166895580e-01 -8.416077917923371621e-02 6.797002807281060655e-01 6.455999992831461531e-01
2.596050417890924056e+00 1.659996190481449085e+00 9.997888295753578625e-01 -3.368308905330525405e-01 -8.283227722514574509e-02 7.047373604716992146e-01 6.188933815996012777e-01
2.591939252849466246e+00 1.672445205070495877e+00 9.973150186184547294e-01 -3.354708071489509447e-01 -8.239609883167138549e-02 7.280299332282691438e-01 5.921508564308547440e-01
2.586979006142862136e+00 1.682728116724988565e+00 9.948282423941074981e-01 -3.343980275990072193e-01 -8.032476887933838461e-02 7.489867669119711913e-01 5.663432825002228110e-01
2.581960989372380499e+00 1.690861067707453147e+00 9.920681949066604277e-01 -3.337470219200951993e-01 -7.733816388627270944e-02 7.671971159814157115e-01 5.422548469086890810e-01
2.577718903521563298e+00 1.697362828979269045e+00 9.895835170487445875e-01 -3.341573063179645309e-01 -7.284932944106949082e-02 7.824972929771190078e-01 5.203170728678710999e-01
2.573735316789682148e+00 1.705187263061725078e+00 9.871872799657686048e-01 -3.355607720991214959e-01 -6.749085925124638508e-02 7.936600204900218225e-01 5.029390857962304784e-01
2.574558093937776793e+00 1.719663169590367691e+00 9.859682495860698781e-01 -3.382742603245663671e-01 -6.093338810857704124e-02 8.016311039955812401e-01 4.891269979486947972e-01
