8.772012591361999512e-02 4.786289297044277191e-03 2.509585954248905182e-02 -2.275228500366210938e-02 5.426405929028987885e-03 1.905898377299308777e-02 9.995447397232055664e-01
7.906815409660339355e-02 -4.951399285346269608e-03 2.738446742296218872e-02 -2.400125749409198761e-02 6.862734444439411163e-03 2.053325809538364410e-02 9.994775056838989258e-01
7.067088782787322998e-02 -7.211263291537761688e-03 2.758071199059486389e-02 -2.394466847181320190e-02 7.523417472839355469e-03 1.795028522610664368e-02 9.995238184928894043e-01
6.176942586898803711e-02 -1.311410684138536453e-02 2.656042762100696564e-02 -2.369449660181999207e-02 8.712508715689182281e-03 1.896843127906322479e-02 9.995012879371643066e-01
5.382218956947326660e-02 -1.397962588816881180e-02 2.447430975735187531e-02 -2.175428904592990875e-02 7.985929958522319794e-03 1.631201431155204773e-02 9.995983839035034180e-01
4.567915946245193481e-02 -1.654400490224361420e-02 2.107710391283035278e-02 -1.944029517471790314e-02 7.206026464700698853e-03 1.412532944232225418e-02 9.996852874755859375e-01
3.837589547038078308e-02 -1.549051050096750259e-02 1.798189990222454071e-02 -1.730716787278652191e-02 6.986538413912057877e-03 1.131857838481664658e-02 9.997617602348327637e-01
3.116163611412048340e-02 -1.353948935866355896e-02 1.527807675302028656e-02 -1.565289311110973358e-02 6.982349790632724762e-03 8.887248113751411438e-03 9.998136162757873535e-01
2.479130774736404419e-02 -1.097734086215496063e-02 1.128858514130115509e-02 -1.323183439671993256e-02 6.454259157180786133e-03 5.980350542813539505e-03 9.998737573623657227e-01
1.768727414309978485e-02 -8.712775073945522308e-03 8.451314643025398254e-03 -1.102091744542121887e-02 6.411463487893342972e-03 4.308355972170829773e-03 9.999094605445861816e-01
1.094294991344213486e-02 -6.357285194098949432e-03 4.566421266645193100e-03 -8.338909596204757690e-03 -6.087793735787272453e-04 1.249218476004898548e-03 9.999642372131347656e-01
5.011232104152441025e-03 1.031618885463103652e-04 2.642791951075196266e-03 -5.625916644930839539e-03 -1.149452218669466674e-04 -8.998255361802875996e-04 9.999837875366210938e-01
5.411940626800060272e-03 6.196979666128754616e-04 3.113649087026715279e-03 -3.201243933290243149e-03 3.161117783747613430e-04 -3.717282321304082870e-03 9.999879002571105957e-01
6.195728201419115067e-03 -2.391755988355726004e-04 3.296751528978347778e-03 -1.385265612043440342e-03 4.437308234628289938e-04 -4.971337970346212387e-03 9.999865889549255371e-01
6.412428338080644608e-03 2.001569373533129692e-03 4.110516514629125595e-03 7.416955195367336273e-04 5.443796981126070023e-04 -7.294062525033950806e-03 9.999729990959167480e-01
7.698535919189453125e-03 -2.188996411859989166e-03 3.728028386831283569e-03 1.585427788086235523e-03 7.727763149887323380e-04 -8.106373250484466553e-03 9.999656081199645996e-01
8.222474716603755951e-03 -4.534794483333826065e-03 2.963557606562972069e-03 3.429243341088294983e-03 8.732489077374339104e-04 -8.761581964790821075e-03 9.999553561210632324e-01
9.233606979250907898e-03 -3.541914047673344612e-03 4.671467933803796768e-03 4.008889198303222656e-03 1.431331620551645756e-03 -9.610471315681934357e-03 9.999447464942932129e-01
9.276666678488254547e-03 -5.668057594448328018e-03 5.297781899571418762e-03 4.843820352107286453e-03 1.396549283526837826e-03 -9.687116369605064392e-03 9.999403953552246094e-01
9.762643836438655853e-03 -7.554394192993640900e-03 4.994591698050498962e-03 5.186285357922315598e-03 1.332172309048473835e-03 -9.731357917189598083e-03 9.999383091926574707e-01
1.156136486679315567e-02 -7.006467320024967194e-03 5.548562388867139816e-03 5.804186686873435974e-03 1.270772889256477356e-03 -9.327406063675880432e-03 9.999388456344604492e-01
1.305777952075004578e-02 -7.920038886368274689e-03 4.710637498646974564e-03 7.136459928005933762e-03 6.753336638212203979e-04 -8.934201672673225403e-03 9.999343752861022949e-01
1.479036640375852585e-02 -6.075722631067037582e-03 6.971747614443302155e-03 7.422097958624362946e-03 9.892487432807683945e-04 -8.209142833948135376e-03 9.999382495880126953e-01
1.558624673634767532e-02 -8.980442769825458527e-03 6.034553982317447662e-03 7.851256988942623138e-03 5.692202830687165260e-04 -7.068616803735494614e-03 9.999440312385559082e-01
1.651797629892826080e-02 -1.024962402880191803e-02 6.811307277530431747e-03 7.595106028020381927e-03 5.879913805983960629e-04 -5.490853916853666306e-03 9.999558925628662109e-01
1.958361081779003143e-02 -6.755892187356948853e-03 8.264116942882537842e-03 7.497756276279687881e-03 5.465108552016317844e-04 -4.128891509026288986e-03 9.999632239341735840e-01
2.063291333615779877e-02 -9.938856586813926697e-03 7.506659720093011856e-03 6.981601472944021225e-03 -1.302300806855782866e-04 -1.841187011450529099e-03 9.999739527702331543e-01
2.255838178098201752e-02 -9.122581221163272858e-03 9.096542373299598694e-03 6.150591652840375900e-03 2.737102913670241833e-04 2.081203638226725161e-05 9.999810457229614258e-01
2.437944710254669189e-02 -9.997284039855003357e-03 9.287695400416851044e-03 5.410315934568643570e-03 2.460625837557017803e-04 3.161662258207798004e-03 9.999803304672241211e-01
2.543725632131099701e-02 -9.894529357552528381e-03 1.239635609090328217e-02 3.323498181998729706e-03 1.094857114367187023e-03 5.952800624072551727e-03 9.999761581420898438e-01
2.643362805247306824e-02 -1.313124410808086395e-02 1.236915588378906250e-02 2.400208730250597000e-03 -6.496711634099483490e-03 7.991461083292961121e-03 9.999440908432006836e-01
2.747031673789024353e-02 -1.416955050081014633e-02 1.430808566510677338e-02 7.267405744642019272e-04 -6.870352663099765778e-03 1.046961173415184021e-02 9.999213218688964844e-01
3.023937158286571503e-02 -1.457896642386913300e-02 1.307614054530858994e-02 -7.396864239126443863e-04 -7.528344634920358658e-03 1.226241607218980789e-02 9.998962283134460449e-01
3.343971073627471924e-02 -1.326028630137443542e-02 1.192656066268682480e-02 -1.487832050770521164e-03 -8.618665859103202820e-03 1.497377734631299973e-02 9.998496174812316895e-01
3.451734036207199097e-02 -1.597658358514308929e-02 1.124749332666397095e-02 -2.199409529566764832e-03 -8.883941918611526489e-03 1.696758717298507690e-02 9.998141527175903320e-01
3.495871275663375854e-02 -1.939842477440834045e-02 1.047055888921022415e-02 -2.272057579830288887e-03 -9.280515834689140320e-03 1.833921298384666443e-02 9.997861981391906738e-01
2.915789373219013214e-02 -1.735394634306430817e-02 8.391703478991985321e-03 -2.883560257032513618e-03 -9.633858688175678253e-03 1.947197131812572479e-02 9.997598528861999512e-01
2.351006120443344116e-02 -1.418062020093202591e-02 7.640859112143516541e-03 -4.389509093016386032e-03 -9.003662504255771637e-03 2.033009938895702362e-02 9.997431635856628418e-01
1.919736713171005249e-02 -1.064114365726709366e-02 1.249154331162571907e-03 -2.991293789818882942e-03 -9.958861395716667175e-03 1.950260438024997711e-02 9.997557401657104492e-01
1.519211661070585251e-02 2.538145752623677254e-03 1.503634615801274776e-03 -2.509965095669031143e-03 -8.868174627423286438e-03 1.634388044476509094e-02 9.998239278793334961e-01
8.711899630725383759e-03 2.084350446239113808e-03 1.916468376293778419e-03 -3.199585247784852982e-03 -8.297462947666645050e-03 1.822023279964923859e-02 9.997944235801696777e-01
7.689379621297121048e-03 -3.613652195781469345e-03 7.080668583512306213e-04 -3.154997248202562332e-03 -8.245063945651054382e-03 2.042567916214466095e-02 9.997524023056030273e-01
7.230361923575401306e-03 -1.243040664121508598e-03 2.720732009038329124e-03 -2.898776670917868614e-03 -5.989222787320613861e-03 2.029489725828170776e-02 9.997718930244445801e-01
7.040219847112894058e-03 4.905686364509165287e-04 5.125933676026761532e-04 -2.447755774483084679e-03 -6.406730506569147110e-03 1.822561398148536682e-02 9.998103976249694824e-01
6.235271226614713669e-03 -6.984154460951685905e-04 3.633349479059688747e-06 -2.524064155295491219e-03 -5.729805678129196167e-03 1.839304529130458832e-02 9.998112320899963379e-01
5.281865596771240234e-03 1.168609946034848690e-03 -3.300631360616534948e-04 -1.957279164344072342e-03 -4.860128741711378098e-03 1.583680324256420135e-02 9.998608827590942383e-01
4.535551648586988449e-03 1.670655037742108107e-04 8.090600749710574746e-05 -1.518176053650677204e-03 -3.346129087731242180e-03 1.516703981906175613e-02 9.998782277107238770e-01
2.902728039771318436e-03 1.455010497011244297e-03 -1.620679046027362347e-03 -1.183084561489522457e-03 -2.596167847514152527e-03 1.279806625097990036e-02 9.999140501022338867e-01
5.237096454948186874e-03 -2.464031334966421127e-03 -7.335421978496015072e-04 -5.792501615360379219e-04 -8.741266792640089989e-04 1.067871320992708206e-02 9.999424219131469727e-01
5.788203328847885132e-03 -6.622136104851961136e-03 5.680081667378544807e-04 3.564054495655000210e-04 1.483406289480626583e-03 8.252401836216449738e-03 9.999647736549377441e-01
1.673662662506103516e-01 -4.266767762601375580e-03 5.157807096838951111e-02 -4.025826603174209595e-02 1.070932298898696899e-02 3.100738115608692169e-02 9.986506700515747070e-01
1.483271718025207520e-01 -1.242740079760551453e-02 5.875925719738006592e-02 -3.892322629690170288e-02 1.478671375662088394e-02 2.721168287098407745e-02 9.987621903419494629e-01
1.311676204204559326e-01 -4.127892479300498962e-02 4.507066681981086731e-02 -3.991308435797691345e-02 1.329321973025798798e-02 3.532062470912933350e-02 9.984902143478393555e-01
1.158691272139549255e-01 -3.846516460180282593e-02 4.245833680033683777e-02 -4.073682054877281189e-02 1.353759784251451492e-02 3.365207463502883911e-02 9.985112547874450684e-01
1.009185835719108582e-01 -3.476404771208763123e-02 3.920964524149894714e-02 -3.802866861224174500e-02 1.412713155150413513e-02 3.072130680084228516e-02 9.987043738365173340e-01
8.612691611051559448e-02 -2.719248645007610321e-02 3.823892399668693542e-02 -3.569074720144271851e-02 1.412093080580234528e-02 2.465560846030712128e-02 9.989588856697082520e-01
7.293814420700073242e-02 -2.022775821387767792e-02 3.250185027718544006e-02 -3.147841989994049072e-02 1.494477689266204834e-02 1.931918226182460785e-02 9.992059469223022461e-01
6.005482003092765808e-02 -1.358120888471603394e-02 2.544236555695533752e-02 -2.663609385490417480e-02 1.411610934883356094e-02 1.193661708384752274e-02 9.994742274284362793e-01
4.594449326395988464e-02 -1.238455064594745636e-02 1.784096844494342804e-02 -2.293828129768371582e-02 1.201600581407546997e-02 8.022284135222434998e-03 9.996324777603149414e-01
3.044078685343265533e-02 -1.014111097902059555e-02 1.373062655329704285e-02 -1.885801739990711212e-02 6.020411383360624313e-03 4.664233420044183731e-03 9.997931718826293945e-01
1.668045856058597565e-02 -5.344148259609937668e-03 7.572580128908157349e-03 -1.458606589585542679e-02 -3.675183106679469347e-04 -2.933861978817731142e-04 9.998934864997863770e-01
1.060564257204532623e-02 -2.416987117612734437e-04 5.441266112029552460e-03 -8.735827170312404633e-03 -8.370143041247501969e-05 -5.327218677848577499e-03 9.999476671218872070e-01
1.137131825089454651e-02 -1.120913002523593605e-04 6.868775468319654465e-03 -5.061435513198375702e-03 6.778576062060892582e-04 -9.074776433408260345e-03 9.999457597732543945e-01
1.289875060319900513e-02 -2.618825528770685196e-03 6.964541040360927582e-03 -1.488843234255909920e-03 8.740385528653860092e-04 -1.214665453881025314e-02 9.999247193336486816e-01
1.462447270750999451e-02 -3.114177146926522255e-03 7.439473643898963928e-03 1.685363473370671272e-03 1.004227669909596443e-03 -1.511288434267044067e-02 9.998838901519775391e-01
1.612857542932033539e-02 -6.663197651505470276e-03 6.647158879786729813e-03 5.189467687159776688e-03 1.503409817814826965e-03 -1.737625896930694580e-02 9.998344182968139648e-01
1.745779439806938171e-02 -8.635985665023326874e-03 7.250543218106031418e-03 7.282059639692306519e-03 2.202158560976386070e-03 -1.833590120077133179e-02 9.998029470443725586e-01
1.818015985190868378e-02 -1.094839256256818771e-02 8.943825028836727142e-03 9.478571824729442596e-03 2.553542377427220345e-03 -1.922921836376190186e-02 9.997668862342834473e-01
1.971447281539440155e-02 -1.237405370920896530e-02 1.018996164202690125e-02 1.068527903407812119e-02 2.579440129920840263e-03 -2.008557133376598358e-02 9.997378587722778320e-01
2.235932275652885437e-02 -1.318490039557218552e-02 1.030672434717416763e-02 1.197791565209627151e-02 2.448418643325567245e-03 -2.034777961671352386e-02 9.997181892395019531e-01
2.383422479033470154e-02 -1.481122616678476334e-02 1.218867581337690353e-02 1.307554822415113449e-02 2.146003767848014832e-03 -1.903383433818817139e-02 9.997310042381286621e-01
2.713325060904026031e-02 -1.347926724702119827e-02 1.411733310669660568e-02 1.380398403853178024e-02 2.192748012021183968e-03 -1.755127683281898499e-02 9.997482895851135254e-01
3.023490495979785919e-02 -1.480995770543813705e-02 1.388066913932561874e-02 1.456226315349340439e-02 1.728134579025208950e-03 -1.518940459936857224e-02 9.997770786285400391e-01
3.292077407240867615e-02 -1.777064055204391479e-02 1.289573777467012405e-02 1.499716099351644516e-02 1.312281354330480099e-03 -1.232162769883871078e-02 9.998107552528381348e-01
3.706415742635726929e-02 -1.454651262611150742e-02 1.597402058541774750e-02 1.421111635863780975e-02 1.132183242589235306e-03 -9.690990671515464783e-03 9.998514056205749512e-01
4.084227606654167175e-02 -1.382060907781124115e-02 1.715249940752983093e-02 1.387622300535440445e-02 1.014641136862337589e-03 -5.975284613668918610e-03 9.998853802680969238e-01
4.327303171157836914e-02 -1.846625842154026031e-02 1.715345680713653564e-02 1.319106388837099075e-02 -3.544159335433505476e-05 -2.123923506587743759e-03 9.999107122421264648e-01
4.737734049558639526e-02 -1.595761254429817200e-02 2.019024081528186798e-02 1.130191422998905182e-02 1.622412703000009060e-03 2.500645117834210396e-03 9.999316930770874023e-01
5.059980228543281555e-02 -1.567400805652141571e-02 2.341179363429546356e-02 9.087983518838882446e-03 1.517421100288629532e-03 7.770508062094449997e-03 9.999273419380187988e-01
5.220701918005943298e-02 -2.244672365486621857e-02 2.473738789558410645e-02 5.948309320956468582e-03 -5.665563046932220459e-03 1.287050731480121613e-02 9.998834133148193359e-01
5.590089783072471619e-02 -2.753967978060245514e-02 2.192855998873710632e-02 3.196130506694316864e-03 -1.366050448268651962e-02 1.674186624586582184e-02 9.997614026069641113e-01
5.798685178160667419e-02 -3.255355730652809143e-02 2.213460952043533325e-02 8.514852961525321007e-04 -1.479994598776102066e-02 2.155254036188125610e-02 9.996578097343444824e-01
6.333515048027038574e-02 -3.190844133496284485e-02 2.086578123271465302e-02 -1.153272925876080990e-03 -1.647881790995597839e-02 2.577234618365764618e-02 9.995313286781311035e-01
6.673915684223175049e-02 -3.364794328808784485e-02 2.072340622544288635e-02 -2.033127937465906143e-03 -1.662080176174640656e-02 2.914235740900039673e-02 9.994350075721740723e-01
6.935287266969680786e-02 -3.704374656081199646e-02 1.943048462271690369e-02 -2.607304835692048073e-03 -1.756857521831989288e-02 3.133769705891609192e-02 9.993510246276855469e-01
6.356718391180038452e-02 -3.745213150978088379e-02 1.935985870659351349e-02 -4.008095711469650269e-03 -1.745130680501461029e-02 3.283489122986793518e-02 9.993003606796264648e-01
5.158642679452896118e-02 -3.308302909135818481e-02 1.641867309808731079e-02 -6.909201387315988541e-03 -1.783319748938083649e-02 3.649500012397766113e-02 9.991508126258850098e-01
4.170851036906242371e-02 -2.704335004091262817e-02 8.725747466087341309e-03 -6.052160635590553284e-03 -1.858085021376609802e-02 3.746837377548217773e-02 9.991067051887512207e-01
2.831398136913776398e-02 2.446798235177993774e-02 -4.643304855562746525e-04 -4.239195026457309723e-03 -1.991367153823375702e-02 1.977471448481082916e-02 9.995971322059631348e-01
2.347688376903533936e-02 5.001410841941833496e-03 4.941591527312994003e-03 -4.819783847779035568e-03 -1.651638001203536987e-02 3.235954046249389648e-02 9.993281960487365723e-01
1.656967587769031525e-02 -1.089991885237395763e-03 6.066692527383565903e-03 -5.774913355708122253e-03 -1.432081405073404312e-02 3.888552635908126831e-02 9.991243481636047363e-01
1.618004031479358673e-02 6.129466346465051174e-04 2.216523513197898865e-03 -5.427084397524595261e-03 -1.546973362565040588e-02 3.633597865700721741e-02 9.992051720619201660e-01
1.363846193999052048e-02 2.430245513096451759e-03 5.466434173285961151e-03 -5.078712012618780136e-03 -1.122533623129129410e-02 3.576496243476867676e-02 9.992842674255371094e-01
1.227131299674510956e-02 5.146309267729520798e-03 -9.642445365898311138e-04 -5.551792681217193604e-03 -1.310783904045820236e-02 3.298627957701683044e-02 9.993544220924377441e-01
1.160868350416421890e-02 1.262849429622292519e-03 4.123377730138599873e-04 -4.563102964311838150e-03 -1.054213009774684906e-02 3.220715001225471497e-02 9.994152188301086426e-01
8.850198239088058472e-03 4.528958816081285477e-03 -3.252400783821940422e-04 -3.514055162668228149e-03 -8.366525173187255859e-03 2.887989953160285950e-02 9.995416998863220215e-01
8.045203052461147308e-03 1.074846950359642506e-03 7.491496508009731770e-04 -2.466160804033279419e-03 -4.633652046322822571e-03 2.683156542479991913e-02 9.996261596679687500e-01
9.088199585676193237e-03 3.323838463984429836e-04 3.561325429473072290e-04 -1.283915364183485508e-03 -2.227453282102942467e-03 2.105763740837574005e-02 9.997749328613281250e-01
1.099984534084796906e-02 -9.443785063922405243e-03 1.238205237314105034e-03 6.417067925212904811e-05 1.822452759370207787e-03 1.923365332186222076e-02 9.998133778572082520e-01
