8.386820554733276367e-02 -7.116858847439289093e-03 3.523108363151550293e-02 -2.666346170008182526e-02 6.587587296962738037e-03 2.605223283171653748e-02 9.992831945419311523e-01
7.451425492763519287e-02 -1.407431345432996750e-02 3.488014638423919678e-02 -2.612122520804405212e-02 7.468652445822954178e-03 2.530731633305549622e-02 9.993104934692382812e-01
6.681197136640548706e-02 -1.514806412160396576e-02 3.200715035200119019e-02 -2.542483247816562653e-02 7.801426574587821960e-03 2.278910018503665924e-02 9.993864893913269043e-01
5.838504061102867126e-02 -1.800716482102870941e-02 2.912512421607971191e-02 -2.472781203687191010e-02 8.223356679081916809e-03 2.242944948375225067e-02 9.994087219238281250e-01
5.027730762958526611e-02 -1.872241869568824768e-02 2.621293440461158752e-02 -2.335737273097038269e-02 7.813886739313602448e-03 1.984093338251113892e-02 9.994997382164001465e-01
4.235291853547096252e-02 -1.936840824782848358e-02 2.243702672421932220e-02 -2.122054062783718109e-02 7.122117094695568085e-03 1.734731718897819519e-02 9.995989203453063965e-01
3.507080674171447754e-02 -1.747523434460163116e-02 1.925066858530044556e-02 -1.934926211833953857e-02 6.929516326636075974e-03 1.477277930825948715e-02 9.996796250343322754e-01
2.750272303819656372e-02 -1.530754659324884415e-02 1.663128100335597992e-02 -1.756862364709377289e-02 7.091333158314228058e-03 1.237510889768600464e-02 9.997439384460449219e-01
2.088866941630840302e-02 -1.239524874836206436e-02 1.309117395430803299e-02 -1.532625034451484680e-02 7.019007112830877304e-03 8.900733664631843567e-03 9.998182654380798340e-01
1.407524198293685913e-02 -9.508470073342323303e-03 9.766681119799613953e-03 -1.289567071944475174e-02 7.041685748845338821e-03 6.532427389174699783e-03 9.998707175254821777e-01
8.476736024022102356e-03 -6.241037510335445404e-03 5.702713970094919205e-03 -9.902219288051128387e-03 -2.645995118655264378e-04 3.045825287699699402e-03 9.999462962150573730e-01
4.185609053820371628e-03 -1.484767766669392586e-03 3.705798415467143059e-03 -6.538095418363809586e-03 -3.510048845782876015e-04 4.819322202820330858e-04 9.999784231185913086e-01
4.324780777096748352e-03 -2.483451040461659431e-03 4.059947561472654343e-03 -4.680238664150238037e-03 3.928543301299214363e-04 -2.155293710529804230e-03 9.999866485595703125e-01
5.104848183691501617e-03 -3.273919224739074707e-03 4.105910193175077438e-03 -2.456737915053963661e-03 4.649023758247494698e-04 -3.736401675269007683e-03 9.999898672103881836e-01
5.614829715341329575e-03 -4.139119759202003479e-03 4.237456247210502625e-03 8.591921505285426974e-05 8.306692470796406269e-04 -5.294529721140861511e-03 9.999856352806091309e-01
6.139752920717000961e-03 -4.836047068238258362e-03 4.591298289597034454e-03 6.578388274647295475e-04 1.144150155596435070e-03 -6.522705312818288803e-03 9.999778270721435547e-01
6.509192287921905518e-03 -6.162783131003379822e-03 4.307372029870748520e-03 2.787260105833411217e-03 1.069305115379393101e-03 -7.443991955369710922e-03 9.999678134918212891e-01
7.410188205540180206e-03 -5.698873661458492279e-03 5.496326368302106857e-03 3.330543171614408493e-03 1.668674754910171032e-03 -8.157306350767612457e-03 9.999597668647766113e-01
7.275812327861785889e-03 -6.915715523064136505e-03 6.112972740083932877e-03 4.302494693547487259e-03 1.230603549629449844e-03 -8.782923221588134766e-03 9.999514222145080566e-01
7.657694164663553238e-03 -7.887473329901695251e-03 6.328262388706207275e-03 5.028116516768932343e-03 1.252518384717404842e-03 -9.229789488017559052e-03 9.999439716339111328e-01
9.108228608965873718e-03 -7.633731700479984283e-03 6.721878889948129654e-03 5.505943205207586288e-03 1.300536911003291607e-03 -8.729246445000171661e-03 9.999458789825439453e-01
1.038555055856704712e-02 -8.460544049739837646e-03 5.958012305200099945e-03 6.970148999243974686e-03 7.589174783788621426e-04 -8.434541523456573486e-03 9.999398589134216309e-01
1.166468393057584763e-02 -7.403772789984941483e-03 7.526640780270099640e-03 7.089111488312482834e-03 8.916906663216650486e-04 -7.637596223503351212e-03 9.999452829360961914e-01
1.245727762579917908e-02 -8.489757776260375977e-03 7.622670847922563553e-03 7.439095992594957352e-03 5.874732160009443760e-04 -6.539612077176570892e-03 9.999507665634155273e-01
1.327026076614856720e-02 -9.200754575431346893e-03 8.195244707167148590e-03 7.441646885126829147e-03 4.318013670854270458e-04 -5.062638781964778900e-03 9.999594092369079590e-01
1.519087236374616623e-02 -8.135979063808917999e-03 8.909429423511028290e-03 6.998314522206783295e-03 3.473430115263909101e-04 -3.141800872981548309e-03 9.999704957008361816e-01
1.650225743651390076e-02 -8.785972371697425842e-03 9.077323600649833679e-03 6.665551103651523590e-03 -1.925583201227709651e-04 -1.188825699500739574e-03 9.999770522117614746e-01
1.783331669867038727e-02 -8.861336857080459595e-03 9.916893206536769867e-03 6.016558967530727386e-03 -1.498773344792425632e-04 8.506037411279976368e-04 9.999815225601196289e-01
1.899490132927894592e-02 -9.389560669660568237e-03 1.083722151815891266e-02 5.190155934542417526e-03 -2.995684917550534010e-04 4.155457019805908203e-03 9.999778270721435547e-01
2.007242664694786072e-02 -9.632279165089130402e-03 1.228796970099210739e-02 3.531668568029999733e-03 -7.982192619238048792e-05 6.905972491949796677e-03 9.999698996543884277e-01
2.087708562612533569e-02 -1.078133750706911087e-02 1.349880266934633255e-02 2.678161719813942909e-03 -7.856625132262706757e-03 9.396567009389400482e-03 9.999213814735412598e-01
2.193076163530349731e-02 -1.140345260500907898e-02 1.486974768340587616e-02 1.043636002577841282e-03 -8.609805256128311157e-03 1.204048097133636475e-02 9.998899102210998535e-01
2.402734756469726562e-02 -1.166705694049596786e-02 1.474085170775651932e-02 -5.054905777797102928e-04 -9.286777116358280182e-03 1.426798570901155472e-02 9.998549222946166992e-01
2.637261524796485901e-02 -1.181220728904008865e-02 1.410732325166463852e-02 -1.133100129663944244e-03 -9.866927750408649445e-03 1.743238419294357300e-02 9.997987151145935059e-01
2.724757418036460876e-02 -1.315493229776620865e-02 1.461441721767187119e-02 -2.097526332363486290e-03 -9.835487231612205505e-03 1.947951689362525940e-02 9.997596740722656250e-01
2.794001065194606781e-02 -1.623747311532497406e-02 1.417869701981544495e-02 -2.504386240616440773e-03 -1.030379626899957657e-02 2.077465504407882690e-02 9.997279644012451172e-01
2.309394441545009613e-02 -1.396231912076473236e-02 1.139029115438461304e-02 -3.231180831789970398e-03 -1.080583687871694565e-02 2.219828404486179352e-02 9.996899962425231934e-01
1.808063685894012451e-02 -1.070887874811887741e-02 9.392776526510715485e-03 -4.707998596131801605e-03 -1.048021111637353897e-02 2.343513816595077515e-02 9.996593594551086426e-01
1.408196985721588135e-02 -8.082656189799308777e-03 5.435212515294551849e-03 -4.471408668905496597e-03 -1.013176981359720230e-02 2.365740388631820679e-02 9.996587634086608887e-01
9.519035927951335907e-03 -4.102296195924282074e-03 6.292797625064849854e-03 -5.036235321313142776e-03 -8.667327463626861572e-03 2.413671649992465973e-02 9.996584057807922363e-01
7.810065057128667831e-03 1.605886383913457394e-03 5.414286628365516663e-03 -4.359679762274026871e-03 -8.853510953485965729e-03 2.234748378396034241e-02 9.997015595436096191e-01
7.422619499266147614e-03 -2.490768209099769592e-03 6.030350923538208008e-03 -4.261001478880643845e-03 -9.049460291862487793e-03 2.441705577075481415e-02 9.996517896652221680e-01
7.793112657964229584e-03 -6.879007560200989246e-04 6.643311586230993271e-03 -4.140606150031089783e-03 -7.196523249149322510e-03 2.358314394950866699e-02 9.996873736381530762e-01
8.921451866626739502e-03 1.411119359545409679e-03 5.916804075241088867e-03 -3.164293011650443077e-03 -6.848034914582967758e-03 2.149064093828201294e-02 9.997406005859375000e-01
9.500696323812007904e-03 -8.657441358081996441e-04 6.337117403745651245e-03 -3.419304732233285904e-03 -5.793632939457893372e-03 2.106877602636814117e-02 9.997553825378417969e-01
1.009145099669694901e-02 2.967290580272674561e-03 6.298051215708255768e-03 -2.463802462443709373e-03 -5.054773762822151184e-03 1.852797344326972961e-02 9.998125433921813965e-01
1.125162281095981598e-02 3.169214352965354919e-03 6.023227702826261520e-03 -2.060068305581808090e-03 -3.660967107862234116e-03 1.717615313827991486e-02 9.998436570167541504e-01
1.180787291377782822e-02 4.444996360689401627e-03 6.593952421098947525e-03 -1.449290080927312374e-03 -2.033375436440110207e-03 1.445502880960702896e-02 9.998924136161804199e-01
1.207643747329711914e-02 -2.282486762851476669e-03 6.244007498025894165e-03 -7.591059547848999500e-04 -4.022948560304939747e-04 1.127167232334613800e-02 9.999361038208007812e-01
8.429663255810737610e-03 -9.804010391235351562e-03 5.788309965282678604e-03 -1.371694525005295873e-04 1.516203046776354313e-03 8.911056444048881531e-03 9.999591112136840820e-01
1.593298763036727905e-01 -1.609033346176147461e-02 6.985533237457275391e-02 -5.198656022548675537e-02 1.461867336183786392e-02 4.678381234407424927e-02 9.974442124366760254e-01
1.431287676095962524e-01 -2.334596216678619385e-02 6.539774686098098755e-02 -5.028120055794715881e-02 1.828980818390846252e-02 4.256397858262062073e-02 9.976600408554077148e-01
1.273690164089202881e-01 -3.046142309904098511e-02 5.817503109574317932e-02 -4.874293506145477295e-02 1.500922907143831253e-02 4.396411031484603882e-02 9.977304339408874512e-01
1.110600680112838745e-01 -3.231881931424140930e-02 5.339409038424491882e-02 -4.789428040385246277e-02 1.512260828167200089e-02 4.093003645539283752e-02 9.978988766670227051e-01
9.512612223625183105e-02 -3.244167193770408630e-02 4.805776849389076233e-02 -4.438902065157890320e-02 1.554845366626977921e-02 3.701500967144966125e-02 9.982072710990905762e-01
7.925379276275634766e-02 -3.195406123995780945e-02 4.229920357465744019e-02 -4.093932360410690308e-02 1.440286356955766678e-02 3.169349581003189087e-02 9.985550045967102051e-01
6.523814797401428223e-02 -2.795075811445713043e-02 3.526343032717704773e-02 -3.600705787539482117e-02 1.488393731415271759e-02 2.656990848481655121e-02 9.988873600959777832e-01
5.178871750831604004e-02 -2.157807163894176483e-02 2.905300073325634003e-02 -3.050355240702629089e-02 1.472989469766616821e-02 1.927070692181587219e-02 9.992403388023376465e-01
3.744044899940490723e-02 -1.845186017453670502e-02 2.193672582507133484e-02 -2.625533379614353180e-02 1.299599278718233109e-02 1.411245018243789673e-02 9.994711875915527344e-01
2.417705394327640533e-02 -1.302623562514781952e-02 1.530014537274837494e-02 -2.182251960039138794e-02 6.442144047468900681e-03 9.193817153573036194e-03 9.996988177299499512e-01
1.268612127751111984e-02 -7.450692355632781982e-03 8.248415775597095490e-03 -1.689695753157138824e-02 -1.998558291234076023e-04 3.073372878134250641e-03 9.998524785041809082e-01
9.316755458712577820e-03 -4.184314049780368805e-03 6.676926277577877045e-03 -1.085624098777770996e-02 1.310849329456686974e-04 -2.857056912034749985e-03 9.999369978904724121e-01
9.685915894806385040e-03 -5.862948950380086899e-03 7.789199706166982651e-03 -7.455896586179733276e-03 8.134882082231342793e-04 -6.423733197152614594e-03 9.999512434005737305e-01
1.096302364021539688e-02 -7.396490313112735748e-03 8.044168353080749512e-03 -2.830197568982839584e-03 1.356418128125369549e-03 -9.957479313015937805e-03 9.999455213546752930e-01
1.257012132555246353e-02 -8.213786408305168152e-03 8.429316803812980652e-03 8.144131425069645047e-05 1.399590633809566498e-03 -1.274774409830570221e-02 9.999177455902099609e-01
1.348870433866977692e-02 -1.056986860930919647e-02 8.215534500777721405e-03 3.536192933097481728e-03 1.847029314376413822e-03 -1.487717870622873306e-02 9.998813867568969727e-01
1.437743287533521652e-02 -1.231219340115785599e-02 8.582734502851963043e-03 6.052049342542886734e-03 2.364084357395768166e-03 -1.621596142649650574e-02 9.998474121093750000e-01
1.510105561465024948e-02 -1.355391740798950195e-02 9.931272827088832855e-03 8.623518981039524078e-03 2.695234958082437515e-03 -1.721628382802009583e-02 9.998109936714172363e-01
1.643676310777664185e-02 -1.427709683775901794e-02 1.108591910451650620e-02 1.012066472321748734e-02 2.637773519381880760e-03 -1.826706156134605408e-02 9.997784495353698730e-01
1.829355023801326752e-02 -1.521908584982156754e-02 1.127305161207914352e-02 1.163387205451726913e-02 2.533165737986564636e-03 -1.843347959220409393e-02 9.997591972351074219e-01
1.952679641544818878e-02 -1.668147742748260498e-02 1.190564595162868500e-02 1.304559502750635147e-02 2.003345405682921410e-03 -1.751636341214179993e-02 9.997594356536865234e-01
2.209865115582942963e-02 -1.573793403804302216e-02 1.368635240942239761e-02 1.384505536407232285e-02 2.281206194311380386e-03 -1.613031886518001556e-02 9.997714161872863770e-01
2.438906952738761902e-02 -1.635719276964664459e-02 1.419991347938776016e-02 1.440723612904548645e-02 1.787611283361911774e-03 -1.408646907657384872e-02 9.997953772544860840e-01
2.669686265289783478e-02 -1.700939796864986420e-02 1.491776853799819946e-02 1.469354238361120224e-02 1.359923509880900383e-03 -1.134530548006296158e-02 9.998267292976379395e-01
2.907530032098293304e-02 -1.657745242118835449e-02 1.691495440900325775e-02 1.409961748868227005e-02 8.554940577596426010e-04 -8.469924330711364746e-03 9.998643398284912109e-01
3.201258182525634766e-02 -1.618649810552597046e-02 1.808924973011016846e-02 1.352052390575408936e-02 4.343219916336238384e-04 -4.711081739515066147e-03 9.998974204063415527e-01
3.431237488985061646e-02 -1.783007383346557617e-02 1.885897479951381683e-02 1.273765787482261658e-02 -3.918898000847548246e-04 -8.319568587467074394e-04 9.999184608459472656e-01
3.706647455692291260e-02 -1.791821420192718506e-02 2.060678228735923767e-02 1.094500906765460968e-02 2.387868007645010948e-04 4.580935463309288025e-03 9.999296069145202637e-01
3.930961340665817261e-02 -1.842583902180194855e-02 2.319827489554882050e-02 9.016088210046291351e-03 -2.646648208610713482e-04 9.694260545074939728e-03 9.999123215675354004e-01
4.116352647542953491e-02 -2.013045549392700195e-02 2.566968649625778198e-02 6.460097618401050568e-03 -7.559413090348243713e-03 1.520537678152322769e-02 9.998349547386169434e-01
4.501181095838546753e-02 -2.087943255901336670e-02 2.582878991961479187e-02 3.931407351046800613e-03 -1.611368171870708466e-02 2.001618780195713043e-02 9.996620416641235352e-01
4.736141487956047058e-02 -2.313646115362644196e-02 2.727595716714859009e-02 1.415716717019677162e-03 -1.741241104900836945e-02 2.530533447861671448e-02 9.995270967483520508e-01
5.093591287732124329e-02 -2.448225021362304688e-02 2.706556953489780426e-02 -1.055308035574853420e-03 -1.865303888916969299e-02 3.057003393769264221e-02 9.993579983711242676e-01
5.293874442577362061e-02 -2.601853944361209869e-02 2.905738167464733124e-02 -2.469652099534869194e-03 -1.872788742184638977e-02 3.457973524928092957e-02 9.992234110832214355e-01
5.512632057070732117e-02 -2.952918782830238342e-02 2.889085561037063599e-02 -3.859991440549492836e-03 -1.957833580672740936e-02 3.716374561190605164e-02 9.991099238395690918e-01
5.104651674628257751e-02 -2.936512418091297150e-02 2.644565887749195099e-02 -5.677212961018085480e-03 -1.978065818548202515e-02 3.937450796365737915e-02 9.990125894546508789e-01
4.091750085353851318e-02 -2.480601333081722260e-02 2.099470235407352448e-02 -7.775984238833189011e-03 -2.013480477035045624e-02 4.322262108325958252e-02 9.988322854042053223e-01
3.231118619441986084e-02 -1.879202201962471008e-02 1.426920201629400253e-02 -8.232031017541885376e-03 -1.994949579238891602e-02 4.491725191473960876e-02 9.987576007843017578e-01
2.376159094274044037e-02 -1.197991147637367249e-02 1.124771870672702789e-02 -8.079112507402896881e-03 -1.835482008755207062e-02 4.375678300857543945e-02 9.988409280776977539e-01
1.757304184138774872e-02 -2.228058641776442528e-03 1.077241171151399612e-02 -8.823405019938945770e-03 -1.688858121633529663e-02 4.480955004692077637e-02 9.988138079643249512e-01
1.591234654188156128e-02 5.948849138803780079e-04 1.123681105673313141e-02 -8.384176529943943024e-03 -1.730405353009700775e-02 4.706203937530517578e-02 9.987068772315979004e-01
1.641885749995708466e-02 2.534689381718635559e-03 1.136529445648193359e-02 -7.440767716616392136e-03 -1.622833125293254852e-02 4.559446871280670166e-02 9.988005161285400391e-01
1.710024662315845490e-02 3.920077346265316010e-03 1.161601953208446503e-02 -7.420888170599937439e-03 -1.443818025290966034e-02 4.353855177760124207e-02 9.989198446273803711e-01
1.792311109602451324e-02 4.624786786735057831e-03 1.231854129582643509e-02 -7.437901571393013000e-03 -1.260930579155683517e-02 4.061252996325492859e-02 9.990677237510681152e-01
1.922074332833290100e-02 5.548323970288038254e-03 1.270166411995887756e-02 -6.145227700471878052e-03 -1.011956203728914261e-02 3.856267780065536499e-02 9.991860389709472656e-01
2.101142518222332001e-02 7.501558400690555573e-03 1.213774736970663071e-02 -4.982758313417434692e-03 -8.638610132038593292e-03 3.507966548204421997e-02 9.993347525596618652e-01
2.287439070641994476e-02 7.345271296799182892e-03 1.311598811298608780e-02 -3.767357673496007919e-03 -5.035890266299247742e-03 3.155272081494331360e-02 9.994822740554809570e-01
2.449354156851768494e-02 6.148552522063255310e-03 1.171370875090360641e-02 -1.639441819861531258e-03 -2.160831820219755173e-03 2.385620027780532837e-02 9.997116923332214355e-01
2.072428353130817413e-02 -1.363863237202167511e-02 1.240696106106042862e-02 -9.998576715588569641e-04 2.481330651789903641e-03 2.043186128139495850e-02 9.997876882553100586e-01
