-4.452462308108806610e-03 9.506114125251770020e-01 -2.659993059933185577e-02
-1.229579839855432510e-02 8.747326135635375977e-01 -2.101126872003078461e-02
-1.878698170185089111e-02 7.978451251983642578e-01 -1.558940298855304718e-02
-2.499236166477203369e-02 7.201185822486877441e-01 -1.291063427925109863e-02
-2.946789190173149109e-02 6.417401432991027832e-01 -9.920779615640640259e-03
-3.255056962370872498e-02 5.628401637077331543e-01 -7.544015999883413315e-03
-3.418555855751037598e-02 4.837653338909149170e-01 -5.279677920043468475e-03
-3.423049300909042358e-02 4.038270413875579834e-01 -3.228777786716818810e-03
-3.275212273001670837e-02 3.250352144241333008e-01 -1.258249627426266670e-03
-3.009425103664398193e-02 2.430892586708068848e-01 7.034190930426120758e-04
-2.561899647116661072e-02 1.678104996681213379e-01 2.657736884430050850e-03
-2.064082771539688110e-02 7.521037757396697998e-02 6.216049659997224808e-03
-1.633036695420742035e-02 3.304466605186462402e-02 6.375226657837629318e-03
-1.224032696336507797e-02 5.524111911654472351e-02 2.773710526525974274e-03
-8.756663650274276733e-03 5.653569847345352173e-02 6.754025816917419434e-04
-5.673122592270374298e-03 6.755651533603668213e-02 -1.840517739765346050e-03
-3.178714308887720108e-03 7.534649223089218140e-02 -4.013849422335624695e-03
-1.344094052910804749e-03 8.530724048614501953e-02 -6.205522455275058746e-03
-5.058012902736663818e-05 9.522321820259094238e-02 -8.290620520710945129e-03
6.542354822158813477e-04 1.059899479150772095e-01 -1.033726334571838379e-02
8.947448804974555969e-04 1.172932609915733337e-01 -1.236098073422908783e-02
7.147416472434997559e-04 1.292694658041000366e-01 -1.425702404230833054e-02
1.573609188199043274e-05 1.419921666383743286e-01 -1.630489155650138855e-02
-7.955399341881275177e-04 1.554998606443405151e-01 -1.776923984289169312e-02
-1.821098383516073227e-03 1.697066426277160645e-01 -1.898923143744468689e-02
-3.316235262900590897e-03 1.847328245639801025e-01 -2.073846571147441864e-02
-4.961678758263587952e-03 2.005067467689514160e-01 -2.213034406304359436e-02
-6.857536733150482178e-03 2.171742022037506104e-01 -2.345775067806243896e-02
-8.892144076526165009e-03 2.344590872526168823e-01 -2.447701059281826019e-02
-1.130573078989982605e-02 2.528382539749145508e-01 -2.538370713591575623e-02
-1.393907796591520309e-02 2.711812257766723633e-01 -2.565346285700798035e-02
-1.700711064040660858e-02 2.908338606357574463e-01 -2.567929401993751526e-02
-2.036663331091403961e-02 3.091069161891937256e-01 -2.572454139590263367e-02
-2.361873164772987366e-02 3.293513655662536621e-01 -2.541420608758926392e-02
-2.682191878557205200e-02 3.415409624576568604e-01 -2.436610870063304901e-02
-2.996474318206310272e-02 3.697087466716766357e-01 -2.401791512966156006e-02
-3.291952610015869141e-02 3.507085144519805908e-01 -2.052340470254421234e-02
-3.567822277545928955e-02 2.718784213066101074e-01 -1.315209455788135529e-02
-3.799519315361976624e-02 2.100164890289306641e-01 -6.749118212610483170e-03
-3.962854668498039246e-02 1.442433595657348633e-01 -7.012579590082168579e-05
-4.062493890523910522e-02 6.847842037677764893e-02 7.173730060458183289e-03
-4.063393548130989075e-02 2.527806349098682404e-02 1.226060464978218079e-02
-3.962847217917442322e-02 2.786498516798019409e-02 1.430017314851284027e-02
-3.756970539689064026e-02 1.385591831058263779e-02 1.710547134280204773e-02
-3.436242789030075073e-02 6.858780048787593842e-03 1.916239783167839050e-02
-2.990599907934665680e-02 -5.036408081650733948e-03 2.116985246539115906e-02
-2.421102114021778107e-02 -1.202116534113883972e-02 2.250721119344234467e-02
-1.729431003332138062e-02 -2.871700935065746307e-02 2.407516352832317352e-02
-9.064937010407447815e-03 -2.053406834602355957e-02 2.374204248189926147e-02
2.969154156744480133e-04 1.982316933572292328e-02 2.110448852181434631e-02
1.094591524451971054e-02 4.906489700078964233e-02 1.886716112494468689e-02
