8.472967892885208130e-02 -4.297125153243541718e-03 3.358822688460350037e-02 -2.697781287133693695e-02 6.457153707742691040e-03 2.551047317683696747e-02 9.992896318435668945e-01
7.522173970937728882e-02 -1.225245557725429535e-02 3.403895348310470581e-02 -2.737788297235965729e-02 7.460985332727432251e-03 2.589136362075805664e-02 9.992619156837463379e-01
6.779905408620834351e-02 -1.325451862066984177e-02 3.074680827558040619e-02 -2.663142792880535126e-02 7.611387409269809723e-03 2.369575202465057373e-02 9.993354678153991699e-01
5.906389281153678894e-02 -1.771122217178344727e-02 2.791260927915573120e-02 -2.588847279548645020e-02 8.371463045477867126e-03 2.380033023655414581e-02 9.993464350700378418e-01
5.088483914732933044e-02 -1.876520551741123199e-02 2.498108707368373871e-02 -2.403587475419044495e-02 7.772937417030334473e-03 2.073959261178970337e-02 9.994657039642333984e-01
4.305990785360336304e-02 -1.949417404830455780e-02 2.093194425106048584e-02 -2.156144566833972931e-02 6.899160332977771759e-03 1.811496727168560028e-02 9.995796084403991699e-01
3.574815765023231506e-02 -1.778368279337882996e-02 1.765625551342964172e-02 -1.936082728207111359e-02 6.686248350888490677e-03 1.502254325896501541e-02 9.996773600578308105e-01
2.830809168517589569e-02 -1.528885867446660995e-02 1.523886620998382568e-02 -1.745647005736827850e-02 6.788037251681089401e-03 1.230165269225835800e-02 9.997488856315612793e-01
2.192172035574913025e-02 -1.221009250730276108e-02 1.147646550089120865e-02 -1.497482787817716599e-02 6.597651168704032898e-03 8.583131246268749237e-03 9.998292922973632812e-01
1.495026238262653351e-02 -9.505793452262878418e-03 8.369051851332187653e-03 -1.261130254715681076e-02 6.539771798998117447e-03 6.165818776935338974e-03 9.998800754547119141e-01
9.094214066863059998e-03 -6.548719480633735657e-03 4.211422521620988846e-03 -9.434174746274948120e-03 -5.944236181676387787e-04 2.902971114963293076e-03 9.999511241912841797e-01
4.903853870928287506e-03 -1.674163388088345528e-03 2.570251002907752991e-03 -6.262864451855421066e-03 -1.630961050977930427e-04 3.173148434143513441e-04 9.999803304672241211e-01
5.134655162692070007e-03 -2.086903434246778488e-03 3.261070931330323219e-03 -4.077821038663387299e-03 4.412709677126258612e-04 -2.364491578191518784e-03 9.999887943267822266e-01
5.919222719967365265e-03 -2.731908811256289482e-03 3.337064525112509727e-03 -1.929614925757050514e-03 5.490644252859055996e-04 -3.891803557053208351e-03 9.999904036521911621e-01
6.289560813456773758e-03 -4.552065860480070114e-03 2.516898326575756073e-03 3.874391550198197365e-04 7.780836895108222961e-04 -5.550310015678405762e-03 9.999842047691345215e-01
6.989526096731424332e-03 -4.655738361179828644e-03 3.410947974771261215e-03 1.054010004736483097e-03 1.092710415832698345e-03 -6.775534711778163910e-03 9.999759197235107422e-01
7.137048989534378052e-03 -6.418083328753709793e-03 2.602626802399754524e-03 3.094802843406796455e-03 1.082362257875502110e-03 -7.636453490704298019e-03 9.999654889106750488e-01
8.181346580386161804e-03 -5.749716889113187790e-03 4.195709712803363800e-03 3.641427960246801376e-03 1.762943342328071594e-03 -8.266341872513294220e-03 9.999576210975646973e-01
8.290062658488750458e-03 -7.059886120259761810e-03 4.423335194587707520e-03 4.538240842521190643e-03 1.354454550892114639e-03 -8.722296915948390961e-03 9.999507665634155273e-01
8.680247701704502106e-03 -8.152436465024948120e-03 4.369265865534543991e-03 5.141399335116147995e-03 1.283844700083136559e-03 -9.179680608212947845e-03 9.999438524246215820e-01
9.961992502212524414e-03 -7.946624420583248138e-03 4.901757463812828064e-03 5.698021035641431808e-03 1.335137756541371346e-03 -8.675887249410152435e-03 9.999452233314514160e-01
1.112241670489311218e-02 -8.702320046722888947e-03 3.936987370252609253e-03 7.120368070900440216e-03 7.640508119948208332e-04 -8.379315957427024841e-03 9.999392628669738770e-01
1.263032667338848114e-02 -7.584396749734878540e-03 5.521124228835105896e-03 7.324651349335908890e-03 1.012228080071508884e-03 -7.543717045336961746e-03 9.999442100524902344e-01
1.321753859519958496e-02 -9.187828749418258667e-03 5.123022012412548065e-03 7.761848159134387970e-03 6.732461624778807163e-04 -6.358331535011529922e-03 9.999494552612304688e-01
1.404307410120964050e-02 -9.724828414618968964e-03 6.011287216097116470e-03 7.552078459411859512e-03 4.958251956850290298e-04 -4.819876514375209808e-03 9.999597668647766113e-01
1.627375744283199310e-02 -7.957692258059978485e-03 6.940802093595266342e-03 7.239522412419319153e-03 3.286541323177516460e-04 -2.958500524982810020e-03 9.999693632125854492e-01
1.730051077902317047e-02 -9.406206198036670685e-03 6.643133703619241714e-03 6.922463420778512955e-03 -3.838507982436567545e-04 -9.727338911034166813e-04 9.999755024909973145e-01
1.881074532866477966e-02 -9.059098549187183380e-03 7.680102717131376266e-03 6.151376757770776749e-03 -1.523726241430267692e-04 1.194863812997937202e-03 9.999803304672241211e-01
2.014355733990669250e-02 -9.692615829408168793e-03 8.167355321347713470e-03 5.390549078583717346e-03 -3.882405580952763557e-04 4.532468505203723907e-03 9.999751448631286621e-01
2.115719765424728394e-02 -9.650249034166336060e-03 1.029188837856054306e-02 3.530463669449090958e-03 1.758321159286424518e-04 7.505610585212707520e-03 9.999656081199645996e-01
2.206160500645637512e-02 -1.106170285493135452e-02 1.119070686399936676e-02 2.518926979973912239e-03 -7.734780665487051010e-03 9.852010756731033325e-03 9.999184012413024902e-01
2.309499867260456085e-02 -1.171114202588796616e-02 1.271127816289663315e-02 7.151149329729378223e-04 -8.392234332859516144e-03 1.251316722482442856e-02 9.998862147331237793e-01
2.531280741095542908e-02 -1.210129633545875549e-02 1.198110822588205338e-02 -8.198741124942898750e-04 -9.338836185634136200e-03 1.465295627713203430e-02 9.998486638069152832e-01
2.779304049909114838e-02 -1.151261571794748306e-02 1.136073004454374313e-02 -1.448169467039406300e-03 -9.925072081387042999e-03 1.784594543278217316e-02 9.997904300689697266e-01
2.874626964330673218e-02 -1.322700176388025284e-02 1.130317989736795425e-02 -2.435021800920367241e-03 -1.009004283696413040e-02 1.978597976267337799e-02 9.997503757476806641e-01
2.925223670899868011e-02 -1.637294143438339233e-02 1.102580968290567398e-02 -2.781241200864315033e-03 -1.066237967461347580e-02 2.096718922257423401e-02 9.997194409370422363e-01
2.399465069174766541e-02 -1.442007999867200851e-02 8.621686138212680817e-03 -3.515182994306087494e-03 -1.124192960560321808e-02 2.235312387347221375e-02 9.996807575225830078e-01
1.868224702775478363e-02 -1.140619441866874695e-02 7.119421847164630890e-03 -4.926496651023626328e-03 -1.079032383859157562e-02 2.358629181981086731e-02 9.996514320373535156e-01
1.449037063866853714e-02 -8.636008016765117645e-03 2.936199074611067772e-03 -4.253136459738016129e-03 -1.088869385421276093e-02 2.322673983871936798e-02 9.996618628501892090e-01
1.004737336188554764e-02 -5.876950453966856003e-03 3.398810978978872299e-03 -4.948589485138654709e-03 -9.335852228105068207e-03 2.474892698228359222e-02 9.996378421783447266e-01
8.851867169141769409e-03 6.224020617082715034e-04 3.761324798688292503e-03 -4.318365827202796936e-03 -8.931742981076240540e-03 2.204517275094985962e-02 9.997077584266662598e-01
7.915375754237174988e-03 -5.218323320150375366e-03 2.789311343804001808e-03 -4.020530264824628830e-03 -9.175852872431278229e-03 2.433742955327033997e-02 9.996535778045654297e-01
8.818154223263263702e-03 -2.230905927717685699e-03 4.754221066832542419e-03 -3.911222796887159348e-03 -6.930265575647354126e-03 2.389493025839328766e-02 9.996827840805053711e-01
1.019947510212659836e-02 4.029807751066982746e-04 3.521426813676953316e-03 -2.960387617349624634e-03 -6.933715660125017166e-03 2.103577740490436554e-02 9.997503161430358887e-01
1.075644697993993759e-02 -2.636393764987587929e-03 2.918916055932641029e-03 -3.183058695867657661e-03 -6.293688435107469559e-03 2.161616645753383636e-02 9.997414946556091309e-01
1.133169606328010559e-02 2.283635083585977554e-03 4.084763582795858383e-03 -2.355332719162106514e-03 -4.868860356509685516e-03 1.807433180510997772e-02 9.998220205307006836e-01
1.256718672811985016e-02 7.633671048097312450e-04 3.795427735894918442e-03 -1.944052870385348797e-03 -3.646685509011149406e-03 1.720100827515125275e-02 9.998435378074645996e-01
1.337242871522903442e-02 4.863369278609752655e-03 4.357389116194099188e-04 -1.565175596624612808e-03 -2.383069833740592003e-03 1.453808695077896118e-02 9.998902678489685059e-01
1.201540231704711914e-02 -6.598447449505329132e-03 1.458888873457908630e-03 -8.646301575936377048e-04 -9.287631837651133537e-04 1.240960974246263504e-02 9.999222159385681152e-01
8.931035175919532776e-03 -1.078978180885314941e-02 2.121224068105220795e-03 1.307538914261385798e-04 1.228625304065644741e-03 9.515265934169292450e-03 9.999539852142333984e-01
1.597082465887069702e-01 -1.785736717283725739e-02 6.854968518018722534e-02 -4.967010766267776489e-02 1.318527571856975555e-02 4.260896518826484680e-02 9.977692365646362305e-01
1.424955576658248901e-01 -2.436420507729053497e-02 6.640137732028961182e-02 -4.793241620063781738e-02 1.744211278855800629e-02 3.792421892285346985e-02 9.979779720306396484e-01
1.270138174295425415e-01 -4.013710096478462219e-02 5.283564329147338867e-02 -4.716604202985763550e-02 1.453499682247638702e-02 4.404642432928085327e-02 9.978095889091491699e-01
1.111918091773986816e-01 -3.890470787882804871e-02 4.850342124700546265e-02 -4.762136191129684448e-02 1.433995645493268967e-02 4.181579500436782837e-02 9.978867769241333008e-01
9.594750404357910156e-02 -3.557791188359260559e-02 4.403724893927574158e-02 -4.455301165580749512e-02 1.489668712019920349e-02 3.813148662447929382e-02 9.981678724288940430e-01
8.070249855518341064e-02 -3.167947754263877869e-02 3.968584910035133362e-02 -4.116259515285491943e-02 1.391802914440631866e-02 3.225920349359512329e-02 9.985345602035522461e-01
6.695584952831268311e-02 -2.567283809185028076e-02 3.374299779534339905e-02 -3.627277910709381104e-02 1.494646351784467697e-02 2.672651596367359161e-02 9.988726377487182617e-01
5.368860810995101929e-02 -1.897455006837844849e-02 2.737262658774852753e-02 -3.045642934739589691e-02 1.478741411119699478e-02 1.848209463059902191e-02 9.992557764053344727e-01
3.934213146567344666e-02 -1.656311936676502228e-02 2.003342285752296448e-02 -2.564894407987594604e-02 1.268415339291095734e-02 1.296070031821727753e-02 9.995065331459045410e-01
2.546807751059532166e-02 -1.234027277678251266e-02 1.368947979062795639e-02 -2.131404168903827667e-02 6.040990352630615234e-03 8.359454572200775146e-03 9.997196197509765625e-01
1.350118219852447510e-02 -7.465230301022529602e-03 6.817278452217578888e-03 -1.622223667800426483e-02 -4.829783865716308355e-04 2.413538517430424690e-03 9.998653531074523926e-01
1.042744424194097519e-02 -3.478805068880319595e-03 5.296984687447547913e-03 -9.960185736417770386e-03 1.943126990227028728e-04 -3.429528092965483665e-03 9.999445080757141113e-01
1.099605672061443329e-02 -4.731044173240661621e-03 6.750313565135002136e-03 -6.617609877139329910e-03 8.758461335673928261e-04 -6.980266887694597244e-03 9.999533295631408691e-01
1.244559604674577713e-02 -6.510375998914241791e-03 6.505902856588363647e-03 -2.067209454253315926e-03 1.224005594849586487e-03 -1.054896693676710129e-02 9.999414682388305664e-01
1.383485365658998489e-02 -7.915575057268142700e-03 6.516754161566495895e-03 8.391715236939489841e-04 1.377226319164037704e-03 -1.325273606926202774e-02 9.999108910560607910e-01
1.424485258758068085e-02 -1.128847245126962662e-02 5.551295354962348938e-03 4.328074399381875992e-03 1.952859922312200069e-03 -1.523228082805871964e-02 9.998726844787597656e-01
1.530013978481292725e-02 -1.287861075252294540e-02 5.657833069562911987e-03 6.701883859932422638e-03 2.450049621984362602e-03 -1.647019386291503906e-02 9.998388886451721191e-01
1.614074781537055969e-02 -1.399593893438577652e-02 7.346478756517171860e-03 8.962645195424556732e-03 2.882903674617409706e-03 -1.737721264362335205e-02 9.998046755790710449e-01
1.730728335678577423e-02 -1.482489705085754395e-02 8.807983249425888062e-03 1.037756353616714478e-02 2.980987075716257095e-03 -1.846106350421905518e-02 9.997712969779968262e-01
1.915375888347625732e-02 -1.569976657629013062e-02 8.944674395024776459e-03 1.180015224963426590e-02 2.971384674310684204e-03 -1.871682703495025635e-02 9.997507929801940918e-01
2.047703415155410767e-02 -1.712600700557231903e-02 9.418221190571784973e-03 1.301643252372741699e-02 2.435832982882857323e-03 -1.763970777392387390e-02 9.997566938400268555e-01
2.342192269861698151e-02 -1.598592475056648254e-02 1.091846823692321777e-02 1.378607749938964844e-02 2.724736696109175682e-03 -1.624372787773609161e-02 9.997693300247192383e-01
2.556459978222846985e-02 -1.709195971488952637e-02 1.087833289057016373e-02 1.437258534133434296e-02 2.073945011943578720e-03 -1.403944846242666245e-02 9.997959733009338379e-01
2.788536809384822845e-02 -1.830118894577026367e-02 1.058559492230415344e-02 1.492250431329011917e-02 1.327668433077633381e-03 -1.115937903523445129e-02 9.998254776000976562e-01
3.102727793157100677e-02 -1.649214513599872589e-02 1.310029532760381699e-02 1.405222900211811066e-02 8.876366191543638706e-04 -8.295817300677299500e-03 9.998664259910583496e-01
3.394939750432968140e-02 -1.603103242814540863e-02 1.429941225796937943e-02 1.376723870635032654e-02 3.463756002020090818e-04 -4.422873258590698242e-03 9.998953938484191895e-01
3.601253405213356018e-02 -1.858382485806941986e-02 1.444472558796405792e-02 1.311784237623214722e-02 -7.023346261121332645e-04 -7.586465217173099518e-04 9.999133944511413574e-01
3.919700905680656433e-02 -1.736395061016082764e-02 1.678430661559104919e-02 1.129447948187589645e-02 2.979167329613119364e-04 4.975015297532081604e-03 9.999237656593322754e-01
4.181828349828720093e-02 -1.711634919047355652e-02 1.952381432056427002e-02 9.156570769846439362e-03 1.624897413421422243e-04 1.008353196084499359e-02 9.999071955680847168e-01
4.378835111856460571e-02 -1.963488198816776276e-02 2.134609408676624298e-02 6.354225799441337585e-03 -7.467170711606740952e-03 1.551203243434429169e-02 9.998316168785095215e-01
4.747745767235755920e-02 -2.109154872596263885e-02 2.074071764945983887e-02 3.907336387783288956e-03 -1.608719117939472198e-02 1.997063122689723969e-02 9.996634721755981445e-01
4.939539730548858643e-02 -2.501536719501018524e-02 2.137062326073646545e-02 1.113006961531937122e-03 -1.760995760560035706e-02 2.542057260870933533e-02 9.995211362838745117e-01
5.326419696211814880e-02 -2.549284882843494415e-02 2.096265740692615509e-02 -1.348099554888904095e-03 -1.928666420280933380e-02 3.021328151226043701e-02 9.993564486503601074e-01
5.578396096825599670e-02 -2.705809846520423889e-02 2.190469950437545776e-02 -2.625821391120553017e-03 -1.920674368739128113e-02 3.392106667160987854e-02 9.992364645004272461e-01
5.820963159203529358e-02 -3.023888356983661652e-02 2.104317396879196167e-02 -3.518512006849050522e-03 -2.029322460293769836e-02 3.624006360769271851e-02 9.991308450698852539e-01
5.358633026480674744e-02 -3.003185056149959564e-02 1.985003054141998291e-02 -5.425419658422470093e-03 -2.018867433071136475e-02 3.814221173524856567e-02 9.990536570549011230e-01
4.216697067022323608e-02 -2.616949565708637238e-02 1.635426282882690430e-02 -7.902258075773715973e-03 -2.067897096276283264e-02 4.217563197016716003e-02 9.988649487495422363e-01
3.333748131990432739e-02 -1.983845420181751251e-02 9.788305498659610748e-03 -7.863727398216724396e-03 -2.101651206612586975e-02 4.348166659474372864e-02 9.988021850585937500e-01
2.503154240548610687e-02 -1.294982060790061951e-02 6.353480275720357895e-03 -7.654928136616945267e-03 -1.919571682810783386e-02 4.257684573531150818e-02 9.988794326782226562e-01
1.910517923533916473e-02 -4.408992826938629150e-03 6.736015435308218002e-03 -8.488662540912628174e-03 -1.739249750971794128e-02 4.364148527383804321e-02 9.988597631454467773e-01
1.738595031201839447e-02 -1.829707878641784191e-03 8.614145219326019287e-03 -8.074361830949783325e-03 -1.599398627877235413e-02 4.578914865851402283e-02 9.987904429435729980e-01
1.850223913788795471e-02 -6.052845274098217487e-04 7.904059253633022308e-03 -7.198021747171878815e-03 -1.613958179950714111e-02 4.426182806491851807e-02 9.988636374473571777e-01
1.864332519471645355e-02 2.220054389908909798e-03 9.498166851699352264e-03 -7.120168302208185196e-03 -1.322555355727672577e-02 4.196652024984359741e-02 9.990060925483703613e-01
2.054191008210182190e-02 1.723387045785784721e-03 8.332637138664722443e-03 -7.412505336105823517e-03 -1.319344993680715561e-02 3.932563588023185730e-02 9.991118311882019043e-01
2.181899733841419220e-02 1.787672983482480049e-03 9.071314707398414612e-03 -6.000542547553777695e-03 -1.010748557746410370e-02 3.744575753808021545e-02 9.992295503616333008e-01
2.345838025212287903e-02 6.275942083448171616e-03 7.442805450409650803e-03 -4.830167163163423538e-03 -8.782917633652687073e-03 3.372551128268241882e-02 9.993808865547180176e-01
2.558351308107376099e-02 2.690184162929654121e-03 9.352362714707851410e-03 -3.548806067556142807e-03 -4.934718832373619080e-03 3.097072057425975800e-02 9.995018243789672852e-01
2.645066566765308380e-02 3.192397300153970718e-03 8.069715462625026703e-03 -1.663053641095757484e-03 -2.079168334603309631e-03 2.345894649624824524e-02 9.997212290763854980e-01
1.940338313579559326e-02 -1.872757449746131897e-02 6.498277187347412109e-03 -6.950072711333632469e-04 1.869722851552069187e-03 2.216333337128162384e-02 9.997524023056030273e-01
