2.616429710388183594e+01 -2.226403045654296875e+01 -9.312875270843505859e-01 -9.828075766563415527e-02 1.950348913669586182e-01 7.394629120826721191e-01 6.367863416671752930e-01
2.616371917724609375e+01 -2.217281150817871094e+01 -9.335731267929077148e-01 -1.150443404912948608e-01 1.832592040300369263e-01 7.594124078750610352e-01 6.135740876197814941e-01
2.616261291503906250e+01 -2.208922386169433594e+01 -9.349906444549560547e-01 -1.317156553268432617e-01 1.714167892932891846e-01 7.774057984352111816e-01 5.906829833984375000e-01
2.616100692749023438e+01 -2.201335334777832031e+01 -9.358068704605102539e-01 -1.481156349182128906e-01 1.596852093935012817e-01 7.933979630470275879e-01 5.684009194374084473e-01
2.615901756286621094e+01 -2.194527816772460938e+01 -9.361007809638977051e-01 -1.640769541263580322e-01 1.482434272766113281e-01 8.073759675025939941e-01 5.470307469367980957e-01
2.615679168701171875e+01 -2.188505363464355469e+01 -9.359089136123657227e-01 -1.794433593750000000e-01 1.372694224119186401e-01 8.193558454513549805e-01 5.268845558166503906e-01
2.615446090698242188e+01 -2.183272552490234375e+01 -9.352698922157287598e-01 -1.940722763538360596e-01 1.269402951002120972e-01 8.293763399124145508e-01 5.082809925079345703e-01
2.615217399597167969e+01 -2.178832054138183594e+01 -9.342107176780700684e-01 -2.078258097171783447e-01 1.174263060092926025e-01 8.374949693679809570e-01 4.915412962436676025e-01
2.615007400512695312e+01 -2.175187683105468750e+01 -9.327536225318908691e-01 -2.205991744995117188e-01 1.089066937565803528e-01 8.437739610671997070e-01 4.769809246063232422e-01
2.614829063415527344e+01 -2.172338104248046875e+01 -9.309096932411193848e-01 -2.322078347206115723e-01 1.015075296163558960e-01 8.482976555824279785e-01 4.649249911308288574e-01
2.614695549011230469e+01 -2.170291328430175781e+01 -9.286878705024719238e-01 -2.427975088357925415e-01 9.553112834692001343e-02 8.510640263557434082e-01 4.556317329406738281e-01
2.614621353149414062e+01 -2.169039916992187500e+01 -9.260306954383850098e-01 -2.468551546335220337e-01 8.807577192783355713e-02 8.535136580467224121e-01 4.503397047519683838e-01
2.614600753784179688e+01 -2.168603324890136719e+01 -9.229341149330139160e-01 -2.498874366283416748e-01 8.211383223533630371e-02 8.544836044311523438e-01 4.479470551013946533e-01
2.614630889892578125e+01 -2.168130111694335938e+01 -9.199326038360595703e-01 -2.523176670074462891e-01 7.769188284873962402e-02 8.541030287742614746e-01 4.480979144573211670e-01
2.614705276489257812e+01 -2.167572402954101562e+01 -9.170380830764770508e-01 -2.541538774967193604e-01 7.464513182640075684e-02 8.525704741477966309e-01 4.504893720149993896e-01
2.614818763732910156e+01 -2.166939163208007812e+01 -9.142336249351501465e-01 -2.554768621921539307e-01 7.286837697029113770e-02 8.500403761863708496e-01 4.547912180423736572e-01
2.614966201782226562e+01 -2.166215705871582031e+01 -9.115150570869445801e-01 -2.563186883926391602e-01 7.224459946155548096e-02 8.466652631759643555e-01 4.606734812259674072e-01
2.615139770507812500e+01 -2.165400695800781250e+01 -9.088782072067260742e-01 -2.567020654678344727e-01 7.266432791948318481e-02 8.425927162170410156e-01 4.678039848804473877e-01
2.615333366394042969e+01 -2.164486122131347656e+01 -9.063233733177185059e-01 -2.566373050212860107e-01 7.401937991380691528e-02 8.379738330841064453e-01 4.758533537387847900e-01
2.615540504455566406e+01 -2.163466644287109375e+01 -9.038518071174621582e-01 -2.561288774013519287e-01 7.620375603437423706e-02 8.329648375511169434e-01 4.844970703125000000e-01
2.615755271911621094e+01 -2.162336349487304688e+01 -9.014602899551391602e-01 -2.551800608634948730e-01 7.911165803670883179e-02 8.277312517166137695e-01 4.934174418449401855e-01
2.615972900390625000e+01 -2.161088562011718750e+01 -8.991581201553344727e-01 -2.537967264652252197e-01 8.263875544071197510e-02 8.224475979804992676e-01 5.023065209388732910e-01
2.616188621520996094e+01 -2.159716415405273438e+01 -8.969365358352661133e-01 -2.519918084144592285e-01 8.667969703674316406e-02 8.172982931137084961e-01 5.108649134635925293e-01
2.616397476196289062e+01 -2.158211708068847656e+01 -8.948054909706115723e-01 -2.497875988483428955e-01 9.112948924303054810e-02 8.124755620956420898e-01 5.188033580780029297e-01
2.616599082946777344e+01 -2.156567764282226562e+01 -8.926901817321777344e-01 -2.472191452980041504e-01 9.588355571031570435e-02 8.081775903701782227e-01 5.258414745330810547e-01
2.616788482666015625e+01 -2.154776382446289062e+01 -8.906455636024475098e-01 -2.443360090255737305e-01 1.008368134498596191e-01 8.046057820320129395e-01 5.317065119743347168e-01
2.616962051391601562e+01 -2.152830314636230469e+01 -8.886687159538269043e-01 -2.412064224481582642e-01 1.058851033449172974e-01 8.019604682922363281e-01 5.361316204071044922e-01
2.617118453979492188e+01 -2.150720977783203125e+01 -8.867510557174682617e-01 -2.379094958305358887e-01 1.109187304973602295e-01 8.004381060600280762e-01 5.388545989990234375e-01
2.617254638671875000e+01 -2.148440742492675781e+01 -8.848738074302673340e-01 -2.345687448978424072e-01 1.158414930105209351e-01 8.002186417579650879e-01 5.396086573600769043e-01
2.617368125915527344e+01 -2.145981979370117188e+01 -8.830232620239257812e-01 -2.312311828136444092e-01 1.204878836870193481e-01 8.014897108078002930e-01 5.381433963775634766e-01
2.617454910278320312e+01 -2.143337059020996094e+01 -8.811762928962707520e-01 -2.283170819282531738e-01 1.249194890260696411e-01 8.043256402015686035e-01 5.341314077377319336e-01
2.617513084411621094e+01 -2.140503883361816406e+01 -8.792676329612731934e-01 -2.197901159524917603e-01 1.248997375369071960e-01 8.103665709495544434e-01 5.285533070564270020e-01
2.617537117004394531e+01 -2.137475013732910156e+01 -8.773219585418701172e-01 -2.106186747550964355e-01 1.238912567496299744e-01 8.181650042533874512e-01 5.204492211341857910e-01
2.617527008056640625e+01 -2.134260559082031250e+01 -8.753064274787902832e-01 -2.011689096689224243e-01 1.221817880868911743e-01 8.273482322692871094e-01 5.099695920944213867e-01
2.617483520507812500e+01 -2.130865097045898438e+01 -8.731915354728698730e-01 -1.914419829845428467e-01 1.198076084256172180e-01 8.376272320747375488e-01 4.973417520523071289e-01
2.617406845092773438e+01 -2.127310943603515625e+01 -8.709408044815063477e-01 -1.815401166677474976e-01 1.168732419610023499e-01 8.486934304237365723e-01 4.827792346477508545e-01
2.617298507690429688e+01 -2.123574638366699219e+01 -8.685480952262878418e-01 -1.715436130762100220e-01 1.134683638811111450e-01 8.602542281150817871e-01 4.665119647979736328e-01
2.617160606384277344e+01 -2.120456314086914062e+01 -8.655045032501220703e-01 -1.615449935197830200e-01 1.096903234720230103e-01 8.720316290855407715e-01 4.487819969654083252e-01
2.616995239257812500e+01 -2.118003082275390625e+01 -8.617732524871826172e-01 -1.516408920288085938e-01 1.056388467550277710e-01 8.837701678276062012e-01 4.298476874828338623e-01
2.616809463500976562e+01 -2.116213989257812500e+01 -8.573476672172546387e-01 -1.419347077608108521e-01 1.014177948236465454e-01 8.952402472496032715e-01 4.099836647510528564e-01
2.616608810424804688e+01 -2.115094566345214844e+01 -8.522337675094604492e-01 -1.325358450412750244e-01 9.713488817214965820e-02 9.062422513961791992e-01 3.894825875759124756e-01
2.616401481628417969e+01 -2.114674377441406250e+01 -8.464236855506896973e-01 -1.235589608550071716e-01 9.290090948343276978e-02 9.166089296340942383e-01 3.686507046222686768e-01
2.616197967529296875e+01 -2.114359283447265625e+01 -8.403044939041137695e-01 -1.151234135031700134e-01 8.882965147495269775e-02 9.262061119079589844e-01 3.478090167045593262e-01
2.616007995605468750e+01 -2.114126014709472656e+01 -8.339170217514038086e-01 -1.073528155684471130e-01 8.503732085227966309e-02 9.349325895309448242e-01 3.272894918918609619e-01
2.615843200683593750e+01 -2.113989257812500000e+01 -8.272809982299804688e-01 -1.003737896680831909e-01 8.164189755916595459e-02 9.427183866500854492e-01 3.074329793453216553e-01
2.615715599060058594e+01 -2.113946914672851562e+01 -8.204344511032104492e-01 -9.431543201208114624e-02 7.876272499561309814e-02 9.495223164558410645e-01 2.885859608650207520e-01
2.615638160705566406e+01 -2.114007186889648438e+01 -8.134108781814575195e-01 -8.930869400501251221e-02 7.651989907026290894e-02 9.553263187408447266e-01 2.710971534252166748e-01
2.615622138977050781e+01 -2.114163017272949219e+01 -8.062534332275390625e-01 -8.548507839441299438e-02 7.503405213356018066e-02 9.601296782493591309e-01 2.553165853023529053e-01
2.615681648254394531e+01 -2.114434051513671875e+01 -7.989882826805114746e-01 -8.297682553529739380e-02 7.442599534988403320e-02 9.639410376548767090e-01 2.415913790464401245e-01
2.615828514099121094e+01 -2.114393424987792969e+01 -7.919146418571472168e-01 -8.191586285829544067e-02 7.481659948825836182e-02 9.667694568634033203e-01 2.302644550800323486e-01
2.616075897216796875e+01 -2.114021873474121094e+01 -7.850733995437622070e-01 -8.243377506732940674e-02 7.632683217525482178e-02 9.686138033866882324e-01 2.216723412275314331e-01
