-4.452462308108806610e-03 9.506114125251770020e-01 -2.659993059933185577e-02
-1.184021681547164917e-02 8.758546113967895508e-01 -2.164431102573871613e-02
-1.787999458611011505e-02 8.000558614730834961e-01 -1.682104729115962982e-02
-2.363860607147216797e-02 7.233831882476806641e-01 -1.470843702554702759e-02
-2.767124772071838379e-02 6.460227966308593750e-01 -1.225338503718376160e-02
-3.031568415462970734e-02 5.681048035621643066e-01 -1.038048695772886276e-02
-3.151759505271911621e-02 4.899753630161285400e-01 -8.590303361415863037e-03
-3.113489784300327301e-02 4.109455645084381104e-01 -6.985039450228214264e-03
-2.923609316349029541e-02 3.330251276493072510e-01 -5.431905854493379593e-03
-2.616619318723678589e-02 2.519132792949676514e-01 -3.860230091959238052e-03
-2.128819748759269714e-02 1.774312555789947510e-01 -2.270742785185575485e-03
-1.591724529862403870e-02 8.559246361255645752e-02 9.446330368518829346e-04
-1.122557558119297028e-02 4.415823519229888916e-02 7.806543726474046707e-04
-6.766458507627248764e-03 6.705976277589797974e-02 -3.125082934275269508e-03
-2.925650682300329208e-03 6.903395801782608032e-02 -5.508806090801954269e-03
5.047889426350593567e-04 8.071083575487136841e-02 -8.291726000607013702e-03
3.335795830935239792e-03 8.913221210241317749e-02 -1.071406248956918716e-02
5.498245824128389359e-03 9.969943016767501831e-02 -1.313741784542798996e-02
7.110466249287128448e-03 1.101963743567466736e-01 -1.543732825666666031e-02
8.124274201691150665e-03 1.215176060795783997e-01 -1.768259331583976746e-02
8.663912303745746613e-03 1.333480179309844971e-01 -1.988935843110084534e-02
8.773867972195148468e-03 1.458228826522827148e-01 -2.195363305509090424e-02
8.356284350156784058e-03 1.590146869421005249e-01 -2.415604516863822937e-02
7.818556390702724457e-03 1.729608625173568726e-01 -2.576160244643688202e-02
7.058359216898679733e-03 1.875739842653274536e-01 -2.711009792983531952e-02
5.819971673190593719e-03 2.029730975627899170e-01 -2.897539734840393066e-02
4.423817154020071030e-03 2.190855890512466431e-01 -3.047092445194721222e-02
2.769346581771969795e-03 2.360558211803436279e-01 -3.189002722501754761e-02
9.692227467894554138e-04 2.536064386367797852e-01 -3.298970311880111694e-02
-1.215645577758550644e-03 2.722132503986358643e-01 -3.396611660718917847e-02
-3.626176621764898300e-03 2.907445430755615234e-01 -3.429660946130752563e-02
-6.479975767433643341e-03 3.105449974536895752e-01 -3.437452018260955811e-02
-9.635421447455883026e-03 3.289247453212738037e-01 -3.446307405829429626e-02
-1.269302889704704285e-02 3.492343723773956299e-01 -3.418661281466484070e-02
-1.570978760719299316e-02 3.614475429058074951e-01 -3.316211700439453125e-02
-1.867405138909816742e-02 3.895972073078155518e-01 -3.282691165804862976e-02
-2.145814336836338043e-02 3.705382645130157471e-01 -2.933549508452415466e-02
-2.405301667749881744e-02 2.916111350059509277e-01 -2.195885404944419861e-02
-2.621154114603996277e-02 2.296164333820343018e-01 -1.554255560040473938e-02
-2.768127992749214172e-02 1.636924594640731812e-01 -8.841794915497303009e-03
-2.849609032273292542e-02 8.777663111686706543e-02 -1.570757478475570679e-03
-2.832311950623989105e-02 4.442288354039192200e-02 3.546346677467226982e-03
-2.714132145047187805e-02 4.685940220952033997e-02 5.618775263428688049e-03
-2.491643466055393219e-02 3.270671144127845764e-02 8.459709584712982178e-03
-2.155950292944908142e-02 2.557654678821563721e-02 1.055181398987770081e-02
-1.697396673262119293e-02 1.356564834713935852e-02 1.259042229503393173e-02
-1.117995940148830414e-02 6.480618380010128021e-03 1.395334582775831223e-02
-4.201430361717939377e-03 -1.029467303305864334e-02 1.554147060960531235e-02
4.050391726195812225e-03 -2.168268896639347076e-03 1.521915569901466370e-02
1.341447047889232635e-02 3.816676884889602661e-02 1.258502993732690811e-02
2.406350523233413696e-02 6.740852445363998413e-02 1.034770905971527100e-02
