8.856729418039321899e-02 -4.102728562429547310e-04 2.243208140134811401e-02 -1.153655536472797394e-02 4.183883778750896454e-03 6.640367209911346436e-03 9.999026656150817871e-01
8.088979125022888184e-02 -1.173509657382965088e-02 1.858298853039741516e-02 -1.331350672990083694e-02 3.434284823015332222e-03 7.394787855446338654e-03 9.998781085014343262e-01
7.590501010417938232e-02 -3.257525386288762093e-03 5.906930658966302872e-03 -1.487716101109981537e-02 1.379698631353676319e-03 4.626754671335220337e-03 9.998776912689208984e-01
6.799463182687759399e-02 -5.856860894709825516e-03 5.943560507148504257e-03 -1.523413229733705521e-02 2.072812523692846298e-03 5.768058821558952332e-03 9.998651742935180664e-01
6.065239757299423218e-02 -2.396879717707633972e-03 2.605923917144536972e-03 -1.581182517111301422e-02 1.704317168332636356e-03 4.896773956716060638e-03 9.998615384101867676e-01
5.270797014236450195e-02 -2.835251390933990479e-03 4.285503178834915161e-03 -1.466990076005458832e-02 2.669219858944416046e-03 4.230764228850603104e-03 9.998798966407775879e-01
4.492023214697837830e-02 1.027024816721677780e-03 4.139075521379709244e-03 -1.323694642633199692e-02 3.194883232936263084e-03 1.697552390396595001e-03 9.999058246612548828e-01
3.708520159125328064e-02 1.905770623125135899e-03 2.973308088257908821e-03 -1.280033122748136520e-02 3.191489726305007935e-03 4.085015389136970043e-04 9.999129176139831543e-01
2.913435176014900208e-02 3.050485393032431602e-03 2.104085404425859451e-03 -1.047263294458389282e-02 2.720212796702980995e-03 -2.314410638064146042e-03 9.999387860298156738e-01
2.109260670840740204e-02 3.608464030548930168e-03 1.502598403021693230e-03 -8.591162972152233124e-03 2.915497636422514915e-03 -3.708370728418231010e-03 9.999519586563110352e-01
1.311642862856388092e-02 2.214044565334916115e-03 2.018106169998645782e-03 -7.889509201049804688e-03 3.700446686707437038e-04 -3.147404873743653297e-03 9.999638795852661133e-01
5.526337306946516037e-03 1.237461925484240055e-03 1.889960549306124449e-04 -6.177742965519428253e-03 -6.098348530940711498e-04 -2.881073160097002983e-03 9.999765753746032715e-01
5.986387375742197037e-03 1.540126977488398552e-03 1.076620654202997684e-03 -3.076852997764945030e-03 -6.253470783121883869e-04 -5.514966323971748352e-03 9.999798536300659180e-01
6.708650849759578705e-03 1.978421641979366541e-04 2.065838547423481941e-03 -2.589229261502623558e-04 -7.382346666418015957e-04 -6.815438624471426010e-03 9.999764561653137207e-01
7.395263295620679855e-03 -2.157020615413784981e-03 1.636826433241367340e-03 1.577074988745152950e-03 -3.525483771227300167e-04 -7.914572022855281830e-03 9.999673962593078613e-01
8.131570182740688324e-03 -2.710060914978384972e-03 2.119079232215881348e-03 2.581023611128330231e-03 -2.739868477874551900e-06 -8.730058558285236359e-03 9.999585747718811035e-01
9.060410782694816589e-03 -3.129391698166728020e-03 2.252112841233611107e-03 3.633423009887337685e-03 3.258467477280646563e-04 -9.736482053995132446e-03 9.999459385871887207e-01
9.990721009671688080e-03 -3.384622046723961830e-03 2.890865085646510124e-03 4.496928304433822632e-03 8.036315557546913624e-04 -1.011695992201566696e-02 9.999383687973022461e-01
1.084301341325044632e-02 -4.432322923094034195e-03 3.005569567903876305e-03 5.437667947262525558e-03 4.227658500894904137e-04 -1.038660295307636261e-02 9.999311566352844238e-01
1.197603065520524979e-02 -4.933385644108057022e-03 3.091996069997549057e-03 6.632388569414615631e-03 4.149549931753426790e-04 -1.111800782382488251e-02 9.999161362648010254e-01
1.317359693348407745e-02 -5.383878480643033981e-03 3.318503266200423241e-03 7.693538907915353775e-03 3.443100431468337774e-04 -1.141612138599157333e-02 9.999051690101623535e-01
1.460074819624423981e-02 -5.789342802017927170e-03 2.953708404675126076e-03 1.004251558333635330e-02 -3.593173169065266848e-04 -1.139596942812204361e-02 9.998845458030700684e-01
1.616746373474597931e-02 -5.481916945427656174e-03 3.582776058465242386e-03 1.018383447080850601e-02 4.145071579841896892e-05 -1.131749991327524185e-02 9.998840689659118652e-01
1.758825406432151794e-02 -5.771780852228403091e-03 4.163552541285753250e-03 1.064688619226217270e-02 3.941436807508580387e-05 -1.017706748098134995e-02 9.998915195465087891e-01
1.907407678663730621e-02 -6.095737684518098831e-03 4.828439559787511826e-03 1.044907141476869583e-02 7.916341564850881696e-05 -8.207436650991439819e-03 9.999117255210876465e-01
2.046776004135608673e-02 -7.032691035419702530e-03 5.391447339206933975e-03 1.034796051681041718e-02 -3.343435309943743050e-05 -5.611931905150413513e-03 9.999307394027709961e-01
2.210570499300956726e-02 -7.277753204107284546e-03 6.262592040002346039e-03 9.609200991690158844e-03 1.983588590519502759e-04 -3.164113033562898636e-03 9.999487996101379395e-01
2.372917905449867249e-02 -8.353648707270622253e-03 6.480119191110134125e-03 9.125815704464912415e-03 -3.146662493236362934e-04 -1.289248233661055565e-03 9.999575018882751465e-01
2.539990842342376709e-02 -8.534056134521961212e-03 7.910680957138538361e-03 7.280520629137754440e-03 -1.834131544455885887e-04 4.030098498333245516e-04 9.999734163284301758e-01
2.722988463938236237e-02 -8.327358402311801910e-03 9.370899759232997894e-03 4.810399841517210007e-03 -2.446237704134546220e-05 2.053553937003016472e-03 9.999863505363464355e-01
2.882921323180198669e-02 -7.815581746399402618e-03 1.148719061166048050e-02 1.257186639122664928e-03 -2.061254112049937248e-03 2.058758167549967766e-03 9.999949932098388672e-01
3.087838366627693176e-02 -7.822604849934577942e-03 1.206018961966037750e-02 5.981120048090815544e-04 -1.851687789894640446e-03 3.379525151103734970e-03 9.999923706054687500e-01
3.320208564400672913e-02 -6.677972152829170227e-03 1.228728704154491425e-02 5.526330787688493729e-04 -2.417005598545074463e-03 3.468431532382965088e-03 9.999909400939941406e-01
3.483535721898078918e-02 -8.258777670562267303e-03 1.243312750011682510e-02 3.837196854874491692e-04 -2.096136566251516342e-03 3.990097437053918839e-03 9.999897480010986328e-01
3.666003420948982239e-02 -7.831318303942680359e-03 1.295825000852346420e-02 6.586229574168100953e-05 -2.269391436129808426e-03 3.760394174605607986e-03 9.999903440475463867e-01
3.815198689699172974e-02 -8.515347726643085480e-03 1.341484114527702332e-02 -3.639763745013624430e-04 -2.316716592758893967e-03 4.931454081088304520e-03 9.999850988388061523e-01
3.295389935374259949e-02 -8.001439273357391357e-04 1.162597350776195526e-02 -3.037242277059704065e-04 -1.636612927541136742e-03 3.718134947121143341e-03 9.999917149543762207e-01
2.711197361350059509e-02 4.786258563399314880e-03 7.363976910710334778e-03 3.803248546319082379e-05 -2.836640924215316772e-03 3.497320925816893578e-03 9.999898672103881836e-01
2.097616530954837799e-02 5.358835682272911072e-03 3.823168808594346046e-03 -1.516409218311309814e-03 -4.330830182880163193e-03 5.789327900856733322e-03 9.999727010726928711e-01
1.491685956716537476e-02 3.922212868928909302e-03 1.267692307010293007e-03 -2.699495526030659676e-03 -6.000395398586988449e-03 9.677235968410968781e-03 9.999315142631530762e-01
8.753171190619468689e-03 2.396724652498960495e-03 1.245901221409440041e-03 -2.814630279317498207e-03 -5.692005623131990433e-03 1.220469083636999130e-02 9.999053478240966797e-01
8.127021603286266327e-03 2.225685631856322289e-03 1.297781360335648060e-03 -2.916022669523954391e-03 -5.040909629315137863e-03 1.276335958391427994e-02 9.999015927314758301e-01
7.417879533022642136e-03 2.206466160714626312e-03 1.154221128672361374e-03 -2.598298713564872742e-03 -4.590525291860103607e-03 1.235536951571702957e-02 9.999097585678100586e-01
6.734975613653659821e-03 1.879511168226599693e-03 1.084274845197796822e-03 -2.326613059267401695e-03 -4.000090993940830231e-03 1.199751812964677811e-02 9.999173283576965332e-01
5.967137403786182404e-03 1.663790782913565636e-03 9.957265574485063553e-04 -2.296173945069313049e-03 -3.434993093833327293e-03 1.162418071180582047e-02 9.999238848686218262e-01
5.137936212122440338e-03 1.507813460193574429e-03 8.371394360437989235e-04 -2.187283476814627647e-03 -2.717785537242889404e-03 1.091424748301506042e-02 9.999343752861022949e-01
4.256274551153182983e-03 1.375592546537518501e-03 7.730214274488389492e-04 -1.563254976645112038e-03 -1.751255826093256474e-03 9.257977828383445740e-03 9.999544024467468262e-01
3.464929526671767235e-03 1.029717270284891129e-03 3.216147015336900949e-04 -1.596048241481184959e-03 -1.161536201834678650e-03 8.441625162959098816e-03 9.999624490737915039e-01
5.771106574684381485e-03 7.024469086900353432e-04 4.874564183410257101e-04 -2.389319270150735974e-04 -5.243692430667579174e-04 4.593292251229286194e-03 9.999892711639404297e-01
8.712431415915489197e-03 1.104777446016669273e-03 7.427195669151842594e-04 8.889540913514792919e-04 4.205816003377549350e-05 3.013959794770926237e-04 9.999995827674865723e-01
1.677604466676712036e-01 -2.737964875996112823e-02 4.238817468285560608e-02 -1.428102608770132065e-02 4.306959453970193863e-03 1.050878781825304031e-02 9.998335242271423340e-01
1.560678482055664062e-01 -3.220463171601295471e-03 3.522076085209846497e-02 -1.503365766257047653e-02 2.850275719538331032e-03 3.962147980928421021e-03 9.998750686645507812e-01
1.444283127784729004e-01 -2.703556325286626816e-03 8.568344637751579285e-03 -2.104921825230121613e-02 5.024065030738711357e-04 4.844189621508121490e-03 9.997665882110595703e-01
1.263937354087829590e-01 -2.599612064659595490e-02 7.533912081271409988e-03 -2.255382761359214783e-02 2.489917445927858353e-03 8.259260095655918121e-03 9.997084140777587891e-01
1.109877824783325195e-01 -2.129582874476909637e-02 1.259747426956892014e-02 -2.095231972634792328e-02 4.475200083106756210e-03 7.876812480390071869e-03 9.997394084930419922e-01
9.727761894464492798e-02 -1.043132040649652481e-02 6.909745279699563980e-03 -2.232739329338073730e-02 4.158689174801111221e-03 3.721148474141955376e-03 9.997351169586181641e-01
8.216135203838348389e-02 -1.222319202497601509e-03 5.790021270513534546e-03 -2.142678946256637573e-02 4.850794561207294464e-03 -1.114952829084359109e-04 9.997586607933044434e-01
6.629235297441482544e-02 4.143601283431053162e-03 5.147722084075212479e-03 -1.936782896518707275e-02 5.436117295175790787e-03 -3.646156052127480507e-03 9.997910261154174805e-01
5.035388097167015076e-02 5.424969363957643509e-03 4.198811948299407959e-03 -1.683898270130157471e-02 5.298697855323553085e-03 -5.676002707332372665e-03 9.998280405998229980e-01
3.457459434866905212e-02 4.533306695520877838e-03 1.435411977581679821e-03 -1.608587987720966339e-02 2.396327676251530647e-03 -4.878906533122062683e-03 9.998558163642883301e-01
1.882434636354446411e-02 3.119192551821470261e-03 2.370107395108789206e-04 -1.441855542361736298e-02 -9.572215494699776173e-04 -4.623826127499341965e-03 9.998849034309387207e-01
1.154998224228620529e-02 2.815379528328776360e-03 9.038700954988598824e-04 -8.931839838624000549e-03 -7.858408498577773571e-04 -7.392874918878078461e-03 9.999324679374694824e-01
1.275289710611104965e-02 1.506335800513625145e-03 3.405001945793628693e-03 -4.023116081953048706e-03 -5.134612438268959522e-04 -1.116817723959684372e-02 9.999294281005859375e-01
1.392972469329833984e-02 -3.300735494121909142e-03 4.099847748875617981e-03 2.801322552841156721e-04 1.829169632401317358e-04 -1.306507736444473267e-02 9.999145865440368652e-01
1.504460163414478302e-02 -5.970889236778020859e-03 4.114306997507810593e-03 3.477925201877951622e-03 4.588971787597984076e-04 -1.447700429707765579e-02 9.998890757560729980e-01
1.680349931120872498e-02 -6.697381380945444107e-03 4.636959172785282135e-03 5.155496764928102493e-03 8.437956566922366619e-04 -1.641094684600830078e-02 9.998517036437988281e-01
1.838050037622451782e-02 -8.199668489396572113e-03 5.181496962904930115e-03 6.615884602069854736e-03 1.126631046645343304e-03 -1.793347112834453583e-02 9.998166561126708984e-01
2.036159671843051910e-02 -9.131143800914287567e-03 5.692562554031610489e-03 8.746140636503696442e-03 9.121504845097661018e-04 -1.962221786379814148e-02 9.997687935829162598e-01
2.272932417690753937e-02 -9.875157848000526428e-03 5.609994288533926010e-03 1.111277285963296890e-02 5.840669618919491768e-04 -2.153341844677925110e-02 9.997062087059020996e-01
2.528203837573528290e-02 -1.022226549685001373e-02 6.027712486684322357e-03 1.251260749995708466e-02 1.204238622449338436e-03 -2.235930785536766052e-02 9.996709823608398438e-01
2.757772058248519897e-02 -1.157482713460922241e-02 6.441986188292503357e-03 1.480097882449626923e-02 6.409218767657876015e-04 -2.196990512311458588e-02 9.996488690376281738e-01
3.052284568548202515e-02 -1.167283207178115845e-02 7.021670695394277573e-03 1.638863608241081238e-02 8.813425665721297264e-04 -2.086774446070194244e-02 9.996474981307983398e-01
3.357995301485061646e-02 -1.178030297160148621e-02 7.731006946414709091e-03 1.806221902370452881e-02 4.663099534809589386e-04 -1.992180012166500092e-02 9.996382594108581543e-01
3.662899136543273926e-02 -1.200837083160877228e-02 8.943660184741020203e-03 1.908256113529205322e-02 4.307026683818548918e-04 -1.723507978022098541e-02 9.996692538261413574e-01
3.950002789497375488e-02 -1.387963350862264633e-02 9.360838681459426880e-03 1.996521092951297760e-02 -2.381233643973246217e-04 -1.289996411651372910e-02 9.997174143791198730e-01
4.241519421339035034e-02 -1.629838906228542328e-02 9.413961321115493774e-03 2.021883055567741394e-02 -4.112500755582004786e-04 -7.317664101719856262e-03 9.997687339782714844e-01
4.558894038200378418e-02 -1.753299497067928314e-02 1.104723848402500153e-02 1.892335899174213409e-02 -5.361420335248112679e-04 -3.735394915565848351e-03 9.998137950897216797e-01
4.871173575520515442e-02 -1.926561444997787476e-02 1.276348251849412918e-02 1.585759408771991730e-02 -3.571976267267018557e-04 1.113555626943707466e-04 9.998741745948791504e-01
5.239063873887062073e-02 -1.778765022754669189e-02 1.711570844054222107e-02 1.058802939951419830e-02 1.031588180921971798e-03 2.803872339427471161e-03 9.999395012855529785e-01
5.564627796411514282e-02 -1.695840433239936829e-02 2.138389647006988525e-02 4.073549527674913406e-03 -1.672256155870854855e-03 4.145155660808086395e-03 9.999817013740539551e-01
5.920795351266860962e-02 -1.635183207690715790e-02 2.431546337902545929e-02 1.769075053744018078e-03 -3.816667944192886353e-03 5.008392501622438431e-03 9.999786019325256348e-01
6.381575763225555420e-02 -1.473450753837823868e-02 2.495182491838932037e-02 1.690169447101652622e-03 -3.817072836682200432e-03 5.950517486780881882e-03 9.999735951423645020e-01
6.798408180475234985e-02 -1.439047418534755707e-02 2.521802857518196106e-02 1.830077380873262882e-03 -4.091404378414154053e-03 6.458612624555826187e-03 9.999691247940063477e-01
7.127027958631515503e-02 -1.613227091729640961e-02 2.600109577178955078e-02 1.275213784538209438e-03 -4.144451115280389786e-03 5.945158656686544418e-03 9.999729394912719727e-01
7.478894293308258057e-02 -1.632014103233814240e-02 2.645506337285041809e-02 6.313803023658692837e-04 -4.961528815329074860e-03 6.984612904489040375e-03 9.999631047248840332e-01
7.119912654161453247e-02 -1.082320790737867355e-02 2.513553760945796967e-02 -2.342839979974087328e-05 -4.560464993119239807e-03 7.072022650390863419e-03 9.999645948410034180e-01
5.974583327770233154e-02 -2.422099787509068847e-04 2.134469151496887207e-02 2.552677178755402565e-04 -4.771447740495204926e-03 9.546254761517047882e-03 9.999430179595947266e-01
4.807062819600105286e-02 6.709576118737459183e-03 1.383030228316783905e-02 -9.095556451939046383e-04 -5.781593266874551773e-03 1.150873117148876190e-02 9.999166727066040039e-01
3.571845591068267822e-02 8.702287450432777405e-03 7.002948783338069916e-03 -1.924271695315837860e-03 -9.856371209025382996e-03 1.449058856815099716e-02 9.998445510864257812e-01
2.303238771855831146e-02 6.701436359435319901e-03 5.019700620323419571e-03 -8.811506559140980244e-04 -1.085265353322029114e-02 2.022750116884708405e-02 9.997361302375793457e-01
1.663943938910961151e-02 4.697411786764860153e-03 3.689218778163194656e-03 -2.596835256554186344e-04 -9.784742258489131927e-03 2.365631796419620514e-02 9.996722340583801270e-01
1.541747525334358215e-02 4.020385909825563431e-03 3.635974368080496788e-03 -1.834643189795315266e-04 -9.246082976460456848e-03 2.377514727413654327e-02 9.996745586395263672e-01
1.413511298596858978e-02 3.583593992516398430e-03 3.025241661816835403e-03 -2.411698733340017498e-05 -8.223122917115688324e-03 2.343085408210754395e-02 9.996916651725769043e-01
1.269213482737541199e-02 2.833571285009384155e-03 2.979928161948919296e-03 -5.842603859491646290e-04 -7.601638324558734894e-03 2.363077178597450256e-02 9.996916651725769043e-01
1.125862449407577515e-02 2.116044517606496811e-03 2.300451276823878288e-03 -8.321842178702354431e-04 -6.811463274061679840e-03 2.348645776510238647e-02 9.997006058692932129e-01
9.569964371621608734e-03 1.652623410336673260e-03 2.151247346773743629e-03 -1.148747862316668034e-03 -5.177231505513191223e-03 2.165677770972251892e-02 9.997513890266418457e-01
7.889515720307826996e-03 1.228726934641599655e-03 1.639383728615939617e-03 -1.051487051881849766e-03 -3.440528409555554390e-03 1.963467709720134735e-02 9.998007416725158691e-01
8.878910914063453674e-03 1.511287060566246510e-03 1.309065031819045544e-03 -9.094401029869914055e-04 -1.865086262114346027e-03 1.490648835897445679e-02 9.998867511749267578e-01
1.437303703278303146e-02 1.652813283726572990e-03 1.548819243907928467e-03 9.438245324417948723e-04 5.086056626169010997e-05 5.407239310443401337e-03 9.999849200248718262e-01
