0.000000000000000000e+00 0.000000000000000000e+00 0.000000000000000000e+00 -2.537033083616080376e-14 -3.015698801789312711e-12 -1.465313981263705045e-12 1.000000000000000000e+00
8.802711963653564453e-02 -7.742696441709995270e-03 2.135895192623138428e-02 -8.998085744678974152e-03 3.114959225058555603e-03 6.121965125203132629e-03 9.999359250068664551e-01
1.683699339628219604e-01 -1.986476778984069824e-02 4.342927783727645874e-02 -1.681515388190746307e-02 5.384179763495922089e-03 1.102958247065544128e-02 9.997833371162414551e-01
2.445484399795532227e-01 -1.351983845233917236e-02 5.065080523490905762e-02 -2.707747370004653931e-02 5.906630307435989380e-03 1.239255815744400024e-02 9.995390772819519043e-01
3.125236034393310547e-01 -2.114287391304969788e-02 5.322500318288803101e-02 -3.928823769092559814e-02 6.710646208375692368e-03 1.678121089935302734e-02 9.990644454956054688e-01
3.722313046455383301e-01 -3.000488504767417908e-02 5.796819925308227539e-02 -5.112975463271141052e-02 8.482790552079677582e-03 2.122185006737709045e-02 9.984304904937744141e-01
4.247587323188781738e-01 -3.480631858110427856e-02 6.315698474645614624e-02 -6.265354901552200317e-02 1.084882300347089767e-02 2.477751486003398895e-02 9.976688027381896973e-01
4.698399007320404053e-01 -3.378401696681976318e-02 6.512005627155303955e-02 -7.417608052492141724e-02 1.291415747255086899e-02 2.549095824360847473e-02 9.968357086181640625e-01
5.069019794464111328e-01 -3.041075915098190308e-02 6.677611917257308960e-02 -8.517341315746307373e-02 1.544280909001827240e-02 2.496991120278835297e-02 9.959335327148437500e-01
5.359111428260803223e-01 -2.577889338135719299e-02 6.775442510843276978e-02 -9.445030987262725830e-02 1.762234605848789215e-02 2.218937687575817108e-02 9.951262474060058594e-01
5.569722652435302734e-01 -2.174998447299003601e-02 6.766419857740402222e-02 -1.026025861501693726e-01 1.982418633997440338e-02 1.902921497821807861e-02 9.943428039550781250e-01
5.701581239700317383e-01 -1.924341171979904175e-02 6.758066266775131226e-02 -1.106543317437171936e-01 1.934553869068622589e-02 1.683022826910018921e-02 9.935280680656433105e-01
5.756397247314453125e-01 -1.792943477630615234e-02 6.685549765825271606e-02 -1.167889833450317383e-01 1.832998543977737427e-02 1.456305664032697678e-02 9.928807020187377930e-01
5.816234946250915527e-01 -1.595957949757575989e-02 6.735117733478546143e-02 -1.199073866009712219e-01 1.736899837851524353e-02 9.584583342075347900e-03 9.925868511199951172e-01
5.884166955947875977e-01 -1.544105820357799530e-02 6.927561014890670776e-02 -1.207413300871849060e-01 1.633424311876296997e-02 3.397048218175768852e-03 9.925438165664672852e-01
5.957444310188293457e-01 -1.763918809592723846e-02 7.143054157495498657e-02 -1.196077018976211548e-01 1.558993104845285416e-02 -3.686616430059075356e-03 9.926919937133789062e-01
6.037853956222534180e-01 -2.004368603229522705e-02 7.408260554075241089e-02 -1.174456849694252014e-01 1.489011012017726898e-02 -1.156380772590637207e-02 9.929003715515136719e-01
6.126616597175598145e-01 -2.322255447506904602e-02 7.694359868764877319e-02 -1.145224496722221375e-01 1.424858625978231430e-02 -2.050761133432388306e-02 9.931067824363708496e-01
6.223434805870056152e-01 -2.689693123102188110e-02 8.043152838945388794e-02 -1.107615232467651367e-01 1.379816979169845581e-02 -3.006557561457157135e-02 9.932962656021118164e-01
6.329195499420166016e-01 -3.152501210570335388e-02 8.405269682407379150e-02 -1.058350652456283569e-01 1.274805795401334763e-02 -4.039522260427474976e-02 9.934811592102050781e-01
6.446732282638549805e-01 -3.660783171653747559e-02 8.770117908716201782e-02 -9.985620528459548950e-02 1.178810279816389084e-02 -5.159553512930870056e-02 9.935932755470275879e-01
6.574047803878784180e-01 -4.249462485313415527e-02 9.180123358964920044e-02 -9.322332590818405151e-02 1.086480449885129929e-02 -6.292048096656799316e-02 9.935956597328186035e-01
6.712086200714111328e-01 -4.943569749593734741e-02 9.589057415723800659e-02 -8.481810241937637329e-02 9.397584944963455200e-03 -7.374759018421173096e-02 9.936190247535705566e-01
6.864726543426513672e-01 -5.657671391963958740e-02 1.003993302583694458e-01 -7.615777850151062012e-02 8.245976641774177551e-03 -8.435042202472686768e-02 9.934872388839721680e-01
7.029807567596435547e-01 -6.451351940631866455e-02 1.053342297673225403e-01 -6.654789298772811890e-02 6.832941900938749313e-03 -9.400194138288497925e-02 9.933218359947204590e-01
7.207866907119750977e-01 -7.326272130012512207e-02 1.109083741903305054e-01 -5.682884529232978821e-02 5.529777146875858307e-03 -1.018975153565406799e-01 9.931549429893493652e-01
7.394114732742309570e-01 -8.421614021062850952e-02 1.164567843079566956e-01 -4.664150997996330261e-02 3.930855076760053635e-03 -1.069763600826263428e-01 9.931591153144836426e-01
7.593821287155151367e-01 -9.613451361656188965e-02 1.227240338921546936e-01 -3.692565858364105225e-02 2.757975831627845764e-03 -1.097086817026138306e-01 9.932737946510314941e-01
7.804803252220153809e-01 -1.098087131977081299e-01 1.293062120676040649e-01 -2.796845510601997375e-02 1.272805500775575638e-03 -1.106845512986183167e-01 9.934611320495605469e-01
8.031715750694274902e-01 -1.239088550209999084e-01 1.374450325965881348e-01 -2.108196169137954712e-02 7.125914562493562698e-04 -1.099593937397003174e-01 9.937121868133544922e-01
8.278141617774963379e-01 -1.377616375684738159e-01 1.474837362766265869e-01 -1.713577844202518463e-02 7.362768519669771194e-04 -1.079060435295104980e-01 9.940131306648254395e-01
8.540620207786560059e-01 -1.515059173107147217e-01 1.595666706562042236e-01 -1.657528243958950043e-02 -1.376246800646185875e-03 -1.058516800403594971e-01 9.942429065704345703e-01
8.823883533477783203e-01 -1.654930114746093750e-01 1.723312139511108398e-01 -1.595648191869258881e-02 -3.131133504211902618e-03 -1.027852892875671387e-01 9.945706129074096680e-01
9.134677052497863770e-01 -1.783365160226821899e-01 1.852773129940032959e-01 -1.535957120358943939e-02 -5.374508444219827652e-03 -9.961582720279693604e-02 9.948928952217102051e-01
9.458380937576293945e-01 -1.928619891405105591e-01 1.986103653907775879e-01 -1.483036484569311142e-02 -7.322092540562152863e-03 -9.621547907590866089e-02 9.952231049537658691e-01
9.800527691841125488e-01 -2.072394937276840210e-01 2.125702649354934692e-01 -1.465641893446445465e-02 -9.611576795578002930e-03 -9.310016036033630371e-02 9.955024719238281250e-01
1.015796303749084473e+00 -2.224183827638626099e-01 2.268138676881790161e-01 -1.496190577745437622e-02 -1.205492671579122543e-02 -8.904583007097244263e-02 9.958420991897583008e-01
1.047544121742248535e+00 -2.299777418375015259e-01 2.397612631320953369e-01 -1.525734551250934601e-02 -1.396506186574697495e-02 -8.524221181869506836e-02 9.961455464363098145e-01
1.074427604675292969e+00 -2.315152883529663086e-01 2.490783631801605225e-01 -1.536212489008903503e-02 -1.640827208757400513e-02 -8.028540760278701782e-02 9.965183734893798828e-01
1.095775485038757324e+00 -2.302623540163040161e-01 2.542590498924255371e-01 -1.685963571071624756e-02 -2.006807178258895874e-02 -7.428035885095596313e-02 9.968928694725036621e-01
1.110842466354370117e+00 -2.283878177404403687e-01 2.569331228733062744e-01 -1.871854439377784729e-02 -2.568665705621242523e-02 -6.530628353357315063e-02 9.973589777946472168e-01
1.119562268257141113e+00 -2.269711792469024658e-01 2.592929601669311523e-01 -2.000488713383674622e-02 -3.062474727630615234e-02 -5.360822379589080811e-02 9.978917837142944336e-01
1.127734422683715820e+00 -2.257107347249984741e-01 2.613689899444580078e-01 -2.136525325477123260e-02 -3.513307869434356689e-02 -4.131933301687240601e-02 9.982995390892028809e-01
1.135159254074096680e+00 -2.243093401193618774e-01 2.633720338344573975e-01 -2.246503904461860657e-02 -3.929601982235908508e-02 -2.941343374550342560e-02 9.985419511795043945e-01
1.141859889030456543e+00 -2.230269759893417358e-01 2.652211785316467285e-01 -2.360290847718715668e-02 -4.292173311114311218e-02 -1.757114194333553314e-02 9.986450076103210449e-01
1.147784590721130371e+00 -2.219195961952209473e-01 2.669534087181091309e-01 -2.490870654582977295e-02 -4.625384509563446045e-02 -5.688889883458614349e-03 9.986028075218200684e-01
1.152895689010620117e+00 -2.209142595529556274e-01 2.683618962764739990e-01 -2.638390474021434784e-02 -4.898484423756599426e-02 5.755017977207899094e-03 9.984344244003295898e-01
1.157144427299499512e+00 -2.200142294168472290e-01 2.697469294071197510e-01 -2.747875452041625977e-02 -5.071567371487617493e-02 1.569700427353382111e-02 9.982115626335144043e-01
1.160467624664306641e+00 -2.191543281078338623e-01 2.705691158771514893e-01 -2.888092584908008575e-02 -5.182396247982978821e-02 2.498690411448478699e-02 9.979257583618164062e-01
1.165965080261230469e+00 -2.181737273931503296e-01 2.717644870281219482e-01 -2.919973246753215790e-02 -5.209256336092948914e-02 3.007812425494194031e-02 9.977620244026184082e-01
1.174489021301269531e+00 -2.165717631578445435e-01 2.733999788761138916e-01 -2.827496454119682312e-02 -5.180377885699272156e-02 3.042706288397312164e-02 9.977931380271911621e-01
1.339335203170776367e+00 -2.217571735382080078e-01 3.297172784805297852e-01 -5.504580587148666382e-02 -4.828203469514846802e-02 3.742229938507080078e-02 9.966134428977966309e-01
1.490926742553710938e+00 -2.087411433458328247e-01 3.793019056320190430e-01 -7.031963020563125610e-02 -4.577987268567085266e-02 4.048359394073486328e-02 9.956507682800292969e-01
1.633646845817565918e+00 -1.976680606603622437e-01 4.004821479320526123e-01 -9.150300920009613037e-02 -4.578047245740890503e-02 4.429830983281135559e-02 9.937649965286254883e-01
1.760339140892028809e+00 -2.096000462770462036e-01 4.231674969196319580e-01 -1.143779382109642029e-01 -4.353607818484306335e-02 5.123279988765716553e-02 9.911596179008483887e-01
1.871039509773254395e+00 -2.150495797395706177e-01 4.485888183116912842e-01 -1.356874257326126099e-01 -3.926160931587219238e-02 5.760258436203002930e-02 9.882962107658386230e-01
1.967803955078125000e+00 -2.110934853553771973e-01 4.640962481498718262e-01 -1.581032276153564453e-01 -3.592239692807197571e-02 5.982403829693794250e-02 9.849538207054138184e-01
2.048776149749755859e+00 -1.998517215251922607e-01 4.742276072502136230e-01 -1.794556528329849243e-01 -3.243537992238998413e-02 5.816314741969108582e-02 9.815093874931335449e-01
2.113620519638061523e+00 -1.858683675527572632e-01 4.803946614265441895e-01 -1.986257582902908325e-01 -2.887381985783576965e-02 5.296850949525833130e-02 9.782169461250305176e-01
2.162782192230224609e+00 -1.734873801469802856e-01 4.839153587818145752e-01 -2.151805758476257324e-01 -2.570491656661033630e-02 4.586837440729141235e-02 9.751577973365783691e-01
2.196710109710693359e+00 -1.653184890747070312e-01 4.843536019325256348e-01 -2.308203279972076416e-01 -2.515209279954433441e-02 4.017493128776550293e-02 9.718411564826965332e-01
2.215226411819458008e+00 -1.607473641633987427e-01 4.837304949760437012e-01 -2.446515560150146484e-01 -2.772600203752517700e-02 3.553497046232223511e-02 9.685629010200500488e-01
2.226509571075439453e+00 -1.568977832794189453e-01 4.836044609546661377e-01 -2.530531883239746094e-01 -3.061133623123168945e-02 2.831672132015228271e-02 9.665532708168029785e-01
2.238908767700195312e+00 -1.530313789844512939e-01 4.863994121551513672e-01 -2.565674483776092529e-01 -3.404553234577178955e-02 1.752686128020286560e-02 9.657675027847290039e-01
2.252545118331909180e+00 -1.531537324190139771e-01 4.923804104328155518e-01 -2.558333873748779297e-01 -3.721313178539276123e-02 4.870144650340080261e-03 9.659920930862426758e-01
2.267184019088745117e+00 -1.558826863765716553e-01 4.999422729015350342e-01 -2.519088983535766602e-01 -4.045247659087181091e-02 -9.103043936192989349e-03 9.668622612953186035e-01
2.283333778381347656e+00 -1.594200879335403442e-01 5.086245536804199219e-01 -2.462153136730194092e-01 -4.381163418292999268e-02 -2.497282624244689941e-02 9.679023027420043945e-01
2.300671815872192383e+00 -1.646264046430587769e-01 5.188330411911010742e-01 -2.389528006315231323e-01 -4.729384183883666992e-02 -4.231363162398338318e-02 9.689552783966064453e-01
2.319507360458374023e+00 -1.712327003479003906e-01 5.303197503089904785e-01 -2.294563204050064087e-01 -5.145793780684471130e-02 -6.112122535705566406e-02 9.700340628623962402e-01
2.340139865875244141e+00 -1.796200722455978394e-01 5.425499081611633301e-01 -2.174653857946395874e-01 -5.649646371603012085e-02 -8.155359327793121338e-02 9.710128307342529297e-01
2.362606525421142578e+00 -1.895212382078170776e-01 5.558626055717468262e-01 -2.038824856281280518e-01 -6.119136139750480652e-02 -1.027928963303565979e-01 9.716590046882629395e-01
2.386297702789306641e+00 -2.020765542984008789e-01 5.705964565277099609e-01 -1.880191415548324585e-01 -6.654784083366394043e-02 -1.233290359377861023e-01 9.721162915229797363e-01
2.411947727203369141e+00 -2.164419144392013550e-01 5.864997506141662598e-01 -1.705238223075866699e-01 -7.161234319210052490e-02 -1.426465213298797607e-01 9.723401069641113281e-01
2.439560890197753906e+00 -2.328310459852218628e-01 6.036776900291442871e-01 -1.514063626527786255e-01 -7.710668444633483887e-02 -1.607517302036285400e-01 9.722599983215332031e-01
2.468921422958374023e+00 -2.514078319072723389e-01 6.226177215576171875e-01 -1.314048767089843750e-01 -8.233948051929473877e-02 -1.760493665933609009e-01 9.720903635025024414e-01
2.499320983886718750e+00 -2.739498913288116455e-01 6.428226828575134277e-01 -1.109395101666450500e-01 -8.775767683982849121e-02 -1.868643164634704590e-01 9.721485376358032227e-01
2.530666112899780273e+00 -3.009539246559143066e-01 6.638366580009460449e-01 -9.069281071424484253e-02 -9.272716939449310303e-02 -1.921149939298629761e-01 9.727632403373718262e-01
2.563649654388427734e+00 -3.308342099189758301e-01 6.867942214012145996e-01 -7.202461361885070801e-02 -9.720566868782043457e-02 -1.939095258712768555e-01 9.735310077667236328e-01
2.598174810409545898e+00 -3.638893067836761475e-01 7.117395997047424316e-01 -5.665777251124382019e-02 -1.006081029772758484e-01 -1.922095566987991333e-01 9.745374917984008789e-01
2.635783910751342773e+00 -3.967262506484985352e-01 7.410897612571716309e-01 -4.641973599791526794e-02 -1.014729589223861694e-01 -1.884586662054061890e-01 9.757211208343505859e-01
2.676074743270874023e+00 -4.295926094055175781e-01 7.748213410377502441e-01 -4.318000376224517822e-02 -1.036780327558517456e-01 -1.839197129011154175e-01 9.765038490295410156e-01
2.719446659088134766e+00 -4.625365436077117920e-01 8.122078776359558105e-01 -4.267279058694839478e-02 -1.075119152665138245e-01 -1.786768436431884766e-01 9.770848155021667480e-01
2.767570734024047852e+00 -4.949338734149932861e-01 8.515352010726928711e-01 -4.234199598431587219e-02 -1.112867370247840881e-01 -1.725133508443832397e-01 9.777839779853820801e-01
2.819714307785034180e+00 -5.276543498039245605e-01 8.924656510353088379e-01 -4.197585210204124451e-02 -1.153260543942451477e-01 -1.658160090446472168e-01 9.784901738166809082e-01
2.874272108078002930e+00 -5.621493458747863770e-01 9.354688525199890137e-01 -4.209978133440017700e-02 -1.193401440978050232e-01 -1.596732139587402344e-01 9.790250062942504883e-01
2.932024717330932617e+00 -5.970215797424316406e-01 9.802817106246948242e-01 -4.310585930943489075e-02 -1.239999681711196899e-01 -1.525449603796005249e-01 9.795386195182800293e-01
2.988595247268676758e+00 -6.247438788414001465e-01 1.023287773132324219e+00 -4.469988495111465454e-02 -1.281543076038360596e-01 -1.454185843467712402e-01 9.800162315368652344e-01
3.038695812225341797e+00 -6.386537551879882812e-01 1.059642314910888672e+00 -4.636441916227340698e-02 -1.324334889650344849e-01 -1.358087956905364990e-01 9.807485342025756836e-01
3.081758260726928711e+00 -6.426804065704345703e-01 1.085651874542236328e+00 -4.956193640828132629e-02 -1.374356299638748169e-01 -1.243627071380615234e-01 9.814218878746032715e-01
3.115462303161621094e+00 -6.416018605232238770e-01 1.101882696151733398e+00 -5.466004833579063416e-02 -1.461300253868103027e-01 -1.098979562520980835e-01 9.816214442253112793e-01
3.137127876281738281e+00 -6.390038728713989258e-01 1.113038539886474609e+00 -5.965910479426383972e-02 -1.555421948432922363e-01 -8.954876661300659180e-02 9.819513559341430664e-01
3.152521371841430664e+00 -6.364976763725280762e-01 1.121363997459411621e+00 -6.445031613111495972e-02 -1.636647880077362061e-01 -6.574670970439910889e-02 9.822103977203369141e-01
3.166445493698120117e+00 -6.336728930473327637e-01 1.129439949989318848e+00 -6.910859048366546631e-02 -1.711487472057342529e-01 -4.180721938610076904e-02 9.819288849830627441e-01
3.179082632064819336e+00 -6.305083036422729492e-01 1.136656641960144043e+00 -7.346490770578384399e-02 -1.775502264499664307e-01 -1.822273805737495422e-02 9.811965823173522949e-01
3.190110921859741211e+00 -6.273810863494873047e-01 1.143482685089111328e+00 -7.834971696138381958e-02 -1.832074970006942749e-01 5.424030125141143799e-03 9.799321293830871582e-01
3.199823617935180664e+00 -6.244995594024658203e-01 1.149304389953613281e+00 -8.340768516063690186e-02 -1.879917532205581665e-01 2.881875447928905487e-02 9.781982302665710449e-01
3.207858324050903320e+00 -6.217052936553955078e-01 1.154459595680236816e+00 -8.843273669481277466e-02 -1.912361532449722290e-01 5.021207407116889954e-02 9.762617945671081543e-01
3.214425325393676758e+00 -6.192100048065185547e-01 1.158593654632568359e+00 -9.302375465631484985e-02 -1.928733587265014648e-01 6.947383284568786621e-02 9.743304252624511719e-01
3.221898794174194336e+00 -6.160166859626770020e-01 1.162690520286560059e+00 -9.664481133222579956e-02 -1.933452486991882324e-01 8.398789167404174805e-02 9.727401733398437500e-01
3.234178304672241211e+00 -6.112914681434631348e-01 1.168903112411499023e+00 -9.677498787641525269e-02 -1.926909983158111572e-01 8.942403644323348999e-02 9.723724126815795898e-01
