-4.452462308108806610e-03 9.506114125251770020e-01 -2.659993059933185577e-02
-1.234945375472307205e-02 8.749249577522277832e-01 -2.018799446523189545e-02
-1.893538981676101685e-02 7.982233166694641113e-01 -1.398027315735816956e-02
-2.525271102786064148e-02 7.206767797470092773e-01 -1.054623443633317947e-02
-2.983687445521354675e-02 6.424731612205505371e-01 -6.834284402430057526e-03
-3.303090482950210571e-02 5.637437701225280762e-01 -3.765238216146826744e-03
-3.478670865297317505e-02 4.848356246948242188e-01 -8.341424399986863136e-04
-3.496995195746421814e-02 4.050592780113220215e-01 1.860777847468852997e-03
-3.365189209580421448e-02 3.264234662055969238e-01 4.451736342161893845e-03
-3.117585554718971252e-02 2.446271479129791260e-01 7.007823791354894638e-03
-2.690001949667930603e-02 1.694926619529724121e-01 9.531841613352298737e-03
-2.213465049862861633e-02 7.703231275081634521e-02 1.363800093531608582e-02
-1.805075816810131073e-02 3.500073775649070740e-02 1.432512979954481125e-02
-1.420312188565731049e-02 5.732422322034835815e-02 1.123263221234083176e-02
-1.097733620554208755e-02 5.873931944370269775e-02 9.625450707972049713e-03
-8.167186751961708069e-03 6.987436115741729736e-02 7.584109436720609665e-03
-5.958831869065761566e-03 7.777376472949981689e-02 5.868069361895322800e-03
-4.419520497322082520e-03 8.784031122922897339e-02 4.116098396480083466e-03
-3.430278971791267395e-03 9.785854071378707886e-02 2.454623579978942871e-03
-3.036292269825935364e-03 1.087242439389228821e-01 8.167233318090438843e-04
-3.110722405835986137e-03 1.201232373714447021e-01 -8.128904737532138824e-04
-3.608742263168096542e-03 1.321918219327926636e-01 -2.328217029571533203e-03
-4.627262242138385773e-03 1.450035125017166138e-01 -4.007956478744745255e-03
-5.758617538958787918e-03 1.585967838764190674e-01 -5.116675514727830887e-03
-7.099090144038200378e-03 1.728854179382324219e-01 -5.995542742311954498e-03
-8.903067559003829956e-03 1.879895180463790894e-01 -7.418551482260227203e-03
-1.085386704653501511e-02 2.038375288248062134e-01 -8.499040268361568451e-03
-1.304661575704813004e-02 2.205750346183776855e-01 -9.530546143651008606e-03
-1.536846626549959183e-02 2.379259914159774780e-01 -1.026864349842071533e-02
-1.806068047881126404e-02 2.563671171665191650e-01 -1.090830937027931213e-02
-2.096038497984409332e-02 2.747682631015777588e-01 -1.092502195388078690e-02
-2.427369356155395508e-02 2.944749593734741211e-01 -1.071514375507831573e-02
-2.785301208496093750e-02 3.127975165843963623e-01 -1.054306700825691223e-02
-3.129936382174491882e-02 3.330867886543273926e-01 -1.003477536141872406e-02
-3.467411547899246216e-02 3.453162610530853271e-01 -8.809564635157585144e-03
-3.796580806374549866e-02 3.735188841819763184e-01 -8.306751027703285217e-03
-4.104695469141006470e-02 3.545485734939575195e-01 -4.678025841712951660e-03
-4.390966519713401794e-02 2.757442593574523926e-01 2.813387662172317505e-03
-4.630875959992408752e-02 2.139043956995010376e-01 9.327009320259094238e-03
-4.802490025758743286e-02 1.481317281723022461e-01 1.610589399933815002e-02
-4.911103844642639160e-02 7.234520465135574341e-02 2.343966439366340637e-02
-4.919726029038429260e-02 2.912094257771968842e-02 2.861221879720687866e-02
-4.825218766927719116e-02 3.168637305498123169e-02 3.073116764426231384e-02
-4.624021798372268677e-02 1.765803247690200806e-02 3.361222892999649048e-02
-4.306966066360473633e-02 1.064105797559022903e-02 3.573663532733917236e-02
-3.864014521241188049e-02 -1.272227615118026733e-03 3.779583796858787537e-02
-3.296459093689918518e-02 -8.273847401142120361e-03 3.917067497968673706e-02
-2.606119401752948761e-02 -2.498246915638446808e-02 4.076504707336425781e-02
-1.783861592411994934e-02 -1.680694893002510071e-02 4.044247791171073914e-02
-8.478163741528987885e-03 2.354913577437400818e-02 3.780714794993400574e-02
2.170717809349298477e-03 5.279089882969856262e-02 3.556981310248374939e-02
