-4.452462308108806610e-03 9.506114125251770020e-01 -2.659993059933185577e-02
-1.197254285216331482e-02 8.747228980064392090e-01 -2.126767486333847046e-02
-1.814924366772174835e-02 7.978260517120361328e-01 -1.608769409358501434e-02
-2.404933050274848938e-02 7.200900912284851074e-01 -1.363735180348157883e-02
-2.822841890156269073e-02 6.417021155357360840e-01 -1.086314581334590912e-02
-3.102357313036918640e-02 5.627924799919128418e-01 -8.689612150192260742e-03
-3.238015249371528625e-02 4.837079942226409912e-01 -6.616637110710144043e-03
-3.215590119361877441e-02 4.037599861621856689e-01 -4.745834041386842728e-03
-3.041835501790046692e-02 3.249584138393402100e-01 -2.944162115454673767e-03
-2.751180529594421387e-02 2.430026531219482422e-01 -1.140461652539670467e-03
-2.279867231845855713e-02 1.677138656377792358e-01 6.656440673395991325e-04
-1.759346202015876770e-02 7.510335743427276611e-02 4.084059502929449081e-03
-1.306660845875740051e-02 3.292694687843322754e-02 4.111116752028465271e-03
-8.770457468926906586e-03 5.511262640357017517e-02 3.849777858704328537e-04
-5.090849939733743668e-03 5.639629065990447998e-02 -1.830527093261480331e-03
-1.820800360292196274e-03 6.740643829107284546e-02 -4.456492140889167786e-03
8.502788841724395752e-04 7.518538832664489746e-02 -6.732800044119358063e-03
2.852078527212142944e-03 8.513466268777847290e-02 -9.020669385790824890e-03
4.303300753235816956e-03 9.503861516714096069e-02 -1.119541283696889877e-02
5.156433209776878357e-03 1.057926863431930542e-01 -1.332538202404975891e-02
5.535834003239870071e-03 1.170826628804206848e-01 -1.542636286467313766e-02
5.485649686306715012e-03 1.290448307991027832e-01 -1.739388704299926758e-02
4.907802678644657135e-03 1.417527645826339722e-01 -1.950798556208610535e-02
4.209083504974842072e-03 1.552449762821197510e-01 -2.103350497782230377e-02
3.287452273070812225e-03 1.694354861974716187e-01 -2.230992913246154785e-02
1.887694932520389557e-03 1.844445616006851196e-01 -2.411107718944549561e-02
3.292202018201351166e-04 2.002005726099014282e-01 -2.555041387677192688e-02
-1.487983390688896179e-03 2.168493121862411499e-01 -2.692116424441337585e-02
-3.451877739280462265e-03 2.341146469116210938e-01 -2.797989360988140106e-02
-5.802310537546873093e-03 2.524734139442443848e-01 -2.892238087952136993e-02
-8.379896171391010284e-03 2.707952260971069336e-01 -2.922462113201618195e-02
-1.139993034303188324e-02 2.904258072376251221e-01 -2.927989885210990906e-02
-1.471927762031555176e-02 3.086759448051452637e-01 -2.935165911912918091e-02
-1.793871074914932251e-02 3.288966715335845947e-01 -2.906504459679126740e-02
-2.111659757792949677e-02 3.410616815090179443e-01 -2.803804911673069000e-02
-2.424129471182823181e-02 3.692040145397186279e-01 -2.770837768912315369e-02
-2.718481048941612244e-02 3.501775264739990234e-01 -2.423002198338508606e-02
-2.993843704462051392e-02 2.713203430175781250e-01 -1.687288843095302582e-02
-3.225584328174591064e-02 2.094304561614990234e-01 -1.048239134252071381e-02
-3.389278799295425415e-02 1.436333805322647095e-01 -3.814875613898038864e-03
-3.489125147461891174e-02 6.785137951374053955e-02 3.418458160012960434e-03
-3.490360826253890991e-02 2.463522180914878845e-02 8.495917543768882751e-03
-3.390328958630561829e-02 2.720657177269458771e-02 1.052805967628955841e-02
-3.185110539197921753e-02 1.318208500742912292e-02 1.332749053835868835e-02
-2.865076251327991486e-02 6.172635126858949661e-03 1.537979114800691605e-02
-2.420057356357574463e-02 -5.730724893510341644e-03 1.738418079912662506e-02
-1.851145178079605103e-02 -1.272041350603103638e-02 1.871953904628753662e-02
-1.159959100186824799e-02 -2.941809967160224915e-02 2.028644643723964691e-02
-3.373606130480766296e-03 -2.123533561825752258e-02 1.995330862700939178e-02
5.986887495964765549e-03 1.912204176187515259e-02 1.731605827808380127e-02
1.663590036332607269e-02 4.836377128958702087e-02 1.507873088121414185e-02
