0.000000000000000000e+00 0.000000000000000000e+00 0.000000000000000000e+00 0.000000000000000000e+00 0.000000000000000000e+00 0.000000000000000000e+00 1.000000000000000000e+00
8.712711185216903687e-02 3.964185249060392380e-03 2.681240253150463104e-02 -2.384390842639908664e-02 5.517981460233128445e-03 2.056380344987371322e-02 9.994889443606832513e-01
1.657009553452784278e-01 2.777696527300934325e-03 5.495182949564203501e-02 -4.888511955063911535e-02 1.246229806910656955e-02 4.255994391732943055e-02 9.978194162207458806e-01
2.361667614951062366e-01 3.316193884794973231e-03 8.237518794809298162e-02 -7.384774143314300210e-02 2.001633640163550179e-02 6.197919259699651712e-02 9.951404107196655247e-01
2.985956738212294792e-01 9.418652107490948881e-04 1.084201018166542213e-01 -9.854733504544364864e-02 2.870272165244688173e-02 8.229450631879502154e-02 9.913083227507620832e-01
3.535182257316718535e-01 -1.790764158849139816e-04 1.318233274229061447e-01 -1.211920393757614511e-01 3.661326321110047743e-02 9.980559806076366725e-02 9.869198554820506342e-01
4.010288514225174294e-01 -2.823602693657869134e-03 1.520241206683792257e-01 -1.413213430687544903e-01 4.357322162622417200e-02 1.149458331813666551e-01 9.823019432865828238e-01
4.412046838321314057e-01 -4.543491445793051975e-03 1.690205232032999660e-01 -1.592812881898690580e-01 5.013593321569611433e-02 1.271018658619518515e-01 9.777325683066804274e-01
4.738332422514930364e-01 -5.139711915251470899e-03 1.832452119568716287e-01 -1.755576637056138756e-01 5.648837119691136471e-02 1.364768109641127936e-01 9.733255625446257664e-01
4.994725007290753971e-01 -5.095681802694255157e-03 1.934424648670874936e-01 -1.894632721237202999e-01 6.215260329148456636e-02 1.426866276973795256e-01 9.694747282403052280e-01
5.175298764685472008e-01 -5.242515551306519209e-03 2.010464851724990121e-01 -2.012119845065946377e-01 6.774185777175055490e-02 1.469188292832039888e-01 9.660950448059458795e-01
5.286814787105530433e-01 -6.151192144640624769e-03 2.053058983504570945e-01 -2.093764726906527651e-01 6.634865010102095062e-02 1.493901108292434166e-01 9.640756941754204945e-01
5.336421587320994142e-01 -3.593512182303120178e-03 2.068246900429792090e-01 -2.149456136308303678e-01 6.519802513305754388e-02 1.492782895948717437e-01 9.629452699687790496e-01
5.389361052956570530e-01 -3.406043050083796576e-04 2.084821433493412035e-01 -2.184094444225054554e-01 6.426037254855129777e-02 1.460986813757278735e-01 9.627165181959056461e-01
5.453511045159713522e-01 2.456382486131814501e-03 2.106411177956164782e-01 -2.201921497328459543e-01 6.343502179545566777e-02 1.415715660270774334e-01 9.630414876309737471e-01
5.519723566117744618e-01 6.547984189133790843e-03 2.130972273832122399e-01 -2.200428992796370220e-01 6.256511952981450020e-02 1.348311529041189838e-01 9.640992109224950646e-01
5.603823709959155908e-01 7.684611546059459848e-03 2.162821407261041051e-01 -2.192396750316774612e-01 6.186905234915603125e-02 1.271005920491832530e-01 9.653764160959024121e-01
5.696259000891202851e-01 6.159930257025707234e-03 2.196191234609682630e-01 -2.166481542158142370e-01 6.133057318189992502e-02 1.186614432244532669e-01 9.670685601134753062e-01
5.795700639277417965e-01 6.466673973322834695e-03 2.239338830329566377e-01 -2.136573277979746943e-01 6.124293146471260912e-02 1.092711477277501092e-01 9.688445003704657665e-01
5.898602560922107108e-01 5.043795601226964270e-03 2.294311893736790120e-01 -2.098502336183244721e-01 6.109003712451861051e-02 9.974655158501899432e-02 9.707118585148513112e-01
6.007106620227001814e-01 1.809959244043275045e-03 2.351504924905127580e-01 -2.056132575978847077e-01 6.081918909588098637e-02 9.008390999056639648e-02 9.725785848446987236e-01
6.127942484207209439e-01 -7.394497841558657705e-04 2.409732754891307782e-01 -2.008278485604786390e-01 6.071352455777002943e-02 8.080131505068781361e-02 9.743988868345559995e-01
6.260420486948540253e-01 -4.417119856460937494e-03 2.460633522908327042e-01 -1.946076463552335878e-01 6.018276494809481070e-02 7.193687170481115334e-02 9.763866986356399824e-01
6.404683432254877351e-01 -5.955685491779166493e-03 2.521498881588852825e-01 -1.880984905216554204e-01 6.013788715426434534e-02 6.375872772265540889e-02 9.782316786075188064e-01
6.556569907664928643e-01 -1.044775338883321622e-02 2.580228083746445855e-01 -1.809681800632375881e-01 5.979307758226273112e-02 5.671255611002249536e-02 9.800300973221733880e-01
6.716254514832162847e-01 -1.572325353797242309e-02 2.647379501351038167e-01 -1.739910722045963365e-01 5.974563800055363028e-02 5.118327885427291501e-02 9.815996319776854051e-01
6.897710081512353764e-01 -1.799239665185654868e-02 2.712128630912798988e-01 -1.669921592148911615e-01 5.988984667988565130e-02 4.708083404608159189e-02 9.830107934763145927e-01
7.088272000129888228e-01 -2.312498850282724422e-02 2.777269824541634402e-01 -1.603192764149417027e-01 5.969934101598316223e-02 4.530249156593572912e-02 9.842161360950983928e-01
7.294286126517223190e-01 -2.748454006686878309e-02 2.849013400262427331e-01 -1.543371650982692800e-01 6.011905910723570889e-02 4.538881882693725917e-02 9.851424228643215208e-01
7.515697452286060898e-01 -3.229659313746995747e-02 2.921835011649016600e-01 -1.489017951855848843e-01 6.097423067278965464e-02 4.865150922226806063e-02 9.857704749254599941e-01
7.749148291517493625e-01 -3.614383291302836893e-02 3.015046152528629286e-01 -1.453429728456438197e-01 6.293146647058747711e-02 5.468600798512625316e-02 9.858623084908473277e-01
7.994687904902887388e-01 -4.225646087606272500e-02 3.112023621408991358e-01 -1.422274754268881003e-01 5.762280316024495641e-02 6.409090751879653602e-02 9.860746996871315728e-01
8.252225865649972514e-01 -4.831596796534651933e-02 3.226971805935048287e-01 -1.406609280643482673e-01 5.210917521316086459e-02 7.616088935381098990e-02 9.857477649518242568e-01
8.532966792887549667e-01 -5.408260785771851209e-02 3.331526865775355506e-01 -1.403774158771763092e-01 4.600548625902309285e-02 9.027438966886267013e-02 9.849001019979800597e-01
8.838410546533040923e-01 -5.767045061839976700e-02 3.425456793252414922e-01 -1.406395326908425059e-01 3.925866333402674296e-02 1.072831353837300494e-01 9.834478166430404844e-01
9.157080050063266530e-01 -6.209641577129229595e-02 3.522395910525199514e-01 -1.415351080141795115e-01 3.249218984426978374e-02 1.263241750775201955e-01 9.813023354652339325e-01
9.489912438874681389e-01 -6.795577386288970123e-02 3.623997627252560916e-01 -1.423813807834891088e-01 2.544224504468664549e-02 1.467187050074132137e-01 9.785468083715878063e-01
9.766029187659750477e-01 -7.272179936936873368e-02 3.709376678171343311e-01 -1.437373533700183614e-01 1.811122434226330319e-02 1.682886724513119325e-01 9.750335786646435743e-01
9.981772248139264558e-01 -7.535782134316346137e-02 3.785148997743583155e-01 -1.466314762065532018e-01 1.128371281237819206e-02 1.906194443014417039e-01 9.705854498522343832e-01
1.015041934482103336e+00 -7.709005025836442038e-02 3.809135809807892570e-01 -1.478967483229037816e-01 3.734462535503039506e-03 2.121468989563877749e-01 9.659742744443408080e-01
1.026567514144907767e+00 -7.343315523759168240e-02 3.818236886928954577e-01 -1.489456759868467706e-01 -3.069987416622215609e-03 2.317336069728211101e-01 9.613039561873493177e-01
1.033654821645551003e+00 -6.697719854809845719e-02 3.828142363405258042e-01 -1.505345088408217846e-01 -9.255480397764571238e-03 2.513305205637538231e-01 9.560787975704784225e-01
1.043314108922856143e+00 -6.637668971038598875e-02 3.848147085419047486e-01 -1.521275214325138736e-01 -1.507551095145353431e-02 2.731575651704861718e-01 9.497446450401730855e-01
1.051816326004078261e+00 -6.189348564725171559e-02 3.884136775453175816e-01 -1.539140971615030051e-01 -1.868958304049802774e-02 2.942641232592678735e-01 9.430640359716758736e-01
1.060122898995097263e+00 -5.499839792186742710e-02 3.886389474140070632e-01 -1.549919749248065415e-01 -2.283562699310629288e-02 3.131808315341125803e-01 9.366823306801199678e-01
1.070137643062198274e+00 -4.944593890133787417e-02 3.888555134941143465e-01 -1.563352475948048270e-01 -2.632192384210219407e-02 3.321482367457049834e-01 9.298085800375477383e-01
1.077616418292896672e+00 -3.990255386971746504e-02 3.870391036261796591e-01 -1.572339282811432426e-01 -2.918083749669660512e-02 3.481882196456716483e-01 9.236833517067681854e-01
1.087185077371717989e+00 -3.088578667868846495e-02 3.867923806641382911e-01 -1.581813637439792308e-01 -3.058583289317796938e-02 3.633170143857660239e-01 9.176295058726799958e-01
1.092656964897532168e+00 -2.053205932597724701e-02 3.786977633333477589e-01 -1.589873500691609542e-01 -3.147508846918058850e-02 3.759446462873061723e-01 9.123584625857074082e-01
1.105864820302984164e+00 -1.659313929766527418e-02 3.784235802711993224e-01 -1.596853401259127059e-01 -3.089026380912658631e-02 3.863424561092676512e-01 9.079019167058370865e-01
1.119562069767576995e+00 -1.679091950950465512e-02 3.820330977771200232e-01 -1.602783396685686368e-01 -2.822374289238886724e-02 3.939619254907127388e-01 9.046039329086964509e-01
