0.000000000000000000e+00 0.000000000000000000e+00 0.000000000000000000e+00 0.000000000000000000e+00 0.000000000000000000e+00 0.000000000000000000e+00 1.000000000000000000e+00
7.882600277662277222e-02 -2.829785645008087158e-02 3.651335462927818298e-02 -3.797848028739158471e-02 3.082203642571969618e-02 5.491484298356203581e-02 9.972923328321152692e-01
1.549104913333986810e-01 -4.452420679542533344e-02 6.772319142450354545e-02 -7.878699820535459142e-02 6.266355408702986574e-02 1.100065199311371367e-01 9.888197274911193491e-01
2.273442221781578065e-01 -4.860913037126628894e-02 9.104143741710538085e-02 -1.210378605600418017e-01 9.412365313468872008e-02 1.634018180991094193e-01 9.745719163168690136e-01
2.936489164216172232e-01 -4.355949867105751716e-02 1.075061810397793111e-01 -1.627984516938109083e-01 1.256239847792010866e-01 2.169202283435046341e-01 9.542855406583999889e-01
3.524762983925551763e-01 -3.196164635007081589e-02 1.173081262974794425e-01 -2.015270234324253729e-01 1.536394318047147600e-01 2.648408322224797828e-01 9.303983649001622558e-01
4.027301916517935787e-01 -1.582508485650274688e-02 1.216315160330439515e-01 -2.372273796166955440e-01 1.799374628055658010e-01 3.081253629879872058e-01 9.035510171112713929e-01
4.440473225145645797e-01 2.310421262536999087e-03 1.215197243310444652e-01 -2.686786822292896448e-01 2.029807568886743963e-01 3.439802461311520787e-01 8.765204893897149407e-01
4.766231240994698304e-01 2.010544540047532261e-02 1.183670948206427820e-01 -2.976721654007316586e-01 2.229589704396037209e-01 3.734370940442991449e-01 8.498384059560386561e-01
5.009520887290042079e-01 3.586527439294563691e-02 1.136477377236682629e-01 -3.219753561511546902e-01 2.390824467845677759e-01 3.955527701490224035e-01 8.262623431442801536e-01
5.178972457518321582e-01 4.808492794695989891e-02 1.087775704585138559e-01 -3.415784545191366539e-01 2.511160656388597978e-01 4.110938251453460368e-01 8.070109961541700461e-01
5.276412613678043151e-01 5.637896593215804830e-02 1.046208266328278458e-01 -3.575593869743856068e-01 2.567605575824515873e-01 4.208537547604297990e-01 7.931629201875854962e-01
5.314150416219758366e-01 5.997316663447289226e-02 1.023964748300460192e-01 -3.696233338002050672e-01 2.556636122253312382e-01 4.234255037784017683e-01 7.865910953248353987e-01
5.357286811240815627e-01 6.411290044506176566e-02 1.004930447183175063e-01 -3.777136540570508183e-01 2.528624798911504601e-01 4.217591013608646411e-01 7.845458700556927623e-01
5.405890313533378011e-01 6.886041842644821664e-02 9.871796663569887276e-02 -3.835898320586487165e-01 2.502459346657676109e-01 4.170593825697311852e-01 7.850460396276315311e-01
5.460204469569316377e-01 7.428029439720353067e-02 9.694412062454656198e-02 -3.877887597909171480e-01 2.480324303178751966e-01 4.090241995084669679e-01 7.879079867007876548e-01
5.520934298158504117e-01 8.041018295225577095e-02 9.507310519649009306e-02 -3.911491019240037614e-01 2.452901528902707851e-01 3.992313642511625682e-01 7.921170612714186765e-01
5.588719366120178389e-01 8.727362538268329528e-02 9.309797343341040532e-02 -3.935761456453049090e-01 2.419825923640854526e-01 3.874160362996437734e-01 7.977788273635842975e-01
5.666096783206310272e-01 9.478971618523079901e-02 9.129159594033608993e-02 -3.957785033497291938e-01 2.389697242468440397e-01 3.752445341716352245e-01 8.033955356821121940e-01
5.754407112835989713e-01 1.028989126565733048e-01 8.970929066015387310e-02 -3.973496119395688031e-01 2.358624263675122013e-01 3.628633379650668678e-01 8.092047946474080211e-01
5.854662612203813676e-01 1.115436514251793160e-01 8.826678575762998691e-02 -3.984421192758231256e-01 2.328673223135340753e-01 3.502029602842874345e-01 8.150917582662930982e-01
5.967419057818418304e-01 1.207498167247865184e-01 8.698279361884439509e-02 -3.989513484577282276e-01 2.297876243817262298e-01 3.370709107243302638e-01 8.212299741170152600e-01
6.093678515853333533e-01 1.305046272590100198e-01 8.605980678933602968e-02 -3.977606051901586559e-01 2.270446541963942189e-01 3.248135203779392577e-01 8.274861950143267419e-01
6.233987503337251601e-01 1.408408663812238670e-01 8.530441964929455501e-02 -3.964720323070463071e-01 2.249092297026920872e-01 3.133203607589327699e-01 8.331003046012852575e-01
6.391346095079385448e-01 1.514405992933511025e-01 8.515042450088496084e-02 -3.947790203220199468e-01 2.242142782022810421e-01 3.052374941268825581e-01 8.370827645716746312e-01
6.565599665017062270e-01 1.624235693864846952e-01 8.530367822516886356e-02 -3.931480882885899364e-01 2.253130184137306369e-01 3.005967274021287827e-01 8.392319297330453898e-01
6.758723797584318405e-01 1.735612909957314209e-01 8.596509374139787996e-02 -3.903356571753158755e-01 2.287888352858360452e-01 3.006272970826008306e-01 8.395933371787049904e-01
6.970705658900552271e-01 1.850015978121105631e-01 8.674241972406063206e-02 -3.866614205036482121e-01 2.359846879309339396e-01 3.069238284367830638e-01 8.370196750936913510e-01
7.201348413564823137e-01 1.969521555753766529e-01 8.701204331680593984e-02 -3.827154830546353192e-01 2.455650918618482725e-01 3.181511459485553139e-01 8.318692764015028773e-01
7.449184421728776151e-01 2.098176580366900301e-01 8.610853063944781671e-02 -3.811523173664615460e-01 2.595935583030689053e-01 3.358847420158549424e-01 8.212889476515984333e-01
7.710946189297680498e-01 2.241585645972124785e-01 8.332077495797840516e-02 -3.832330893064663790e-01 2.766385160625982609e-01 3.595526771177878778e-01 8.045653504027733272e-01
7.977467069454884374e-01 2.408441950170731038e-01 7.736945169402470457e-02 -3.885080276588455117e-01 2.915525773797552067e-01 3.901713904176204450e-01 7.821923632760909850e-01
8.243151509985673364e-01 2.601390147954377730e-01 6.831718677697783126e-02 -3.944106497771457387e-01 3.081974880536920702e-01 4.232812361554511571e-01 7.551738494005716396e-01
8.497821668612345336e-01 2.822056416165654169e-01 5.557174673770992612e-02 -3.988366869947329030e-01 3.233979140273114394e-01 4.550576858946909220e-01 7.275064184033139814e-01
8.740297819868049212e-01 3.067685461490409216e-01 3.991897252069578211e-02 -4.021025754856140111e-01 3.367303387772202505e-01 4.844194386336321823e-01 7.001885497554863891e-01
8.970525406631236764e-01 3.333264783252553043e-01 2.153874450664088405e-02 -4.038101580988098793e-01 3.484129126943787957e-01 5.128925794443182085e-01 6.726715397837097488e-01
9.185771180289149518e-01 3.618012100575501711e-01 7.078713515949811019e-04 -4.061966687310172297e-01 3.612837603948247933e-01 5.439284318174183452e-01 6.392340509136252846e-01
9.311600593863761377e-01 3.866597313786063195e-01 -2.039867496939570118e-02 -4.060257552144170834e-01 3.701697754872236845e-01 5.663646635353135617e-01 6.142869779808389774e-01
9.290743119072246703e-01 4.061770929091891857e-01 -4.106066834463747289e-02 -4.014560314563503929e-01 3.719501343048270958e-01 5.752026195982631318e-01 6.079704752742804974e-01
9.228627349999246610e-01 4.201395677066010470e-01 -5.686569402073293755e-02 -3.970981376682717889e-01 3.717971086643981904e-01 5.806867554859941327e-01 6.057085694063880643e-01
9.177760331556262807e-01 4.299226904401932670e-01 -6.772476716833872312e-02 -3.929095984633748651e-01 3.718382396352465924e-01 5.870251885286564830e-01 6.022954416340918771e-01
9.146145357960149269e-01 4.358277925599371994e-01 -7.397370688848051157e-02 -3.882966446013149664e-01 3.725916694835271215e-01 5.938466527774356463e-01 5.981198179360668332e-01
9.115096644566326178e-01 4.412951884482075315e-01 -7.973163586467384156e-02 -3.838681515658434740e-01 3.733935923152830183e-01 6.005546740676415141e-01 5.937647268799485234e-01
9.085578662312787657e-01 4.463387852700528846e-01 -8.493496903140894394e-02 -3.793888152815320658e-01 3.743954028133313905e-01 6.069266009431625308e-01 5.895187106946631062e-01
9.057533945616443871e-01 4.508726532910282137e-01 -8.958761208985784041e-02 -3.753332824019706138e-01 3.753689891328687023e-01 6.128697786976636808e-01 5.853321138275325852e-01
9.032333073930278733e-01 4.549049715507026970e-01 -9.368101764392387787e-02 -3.715953889143161493e-01 3.764756780589027518e-01 6.185704199772351641e-01 5.809936026299210576e-01
9.009480021124960381e-01 4.583543027977696194e-01 -9.718132973026666344e-02 -3.680579311219833172e-01 3.774842535923704223e-01 6.236984929040175762e-01 5.770954752701443757e-01
8.989968200869069559e-01 4.612549879692855459e-01 -1.000769474701570100e-01 -3.650561541955603118e-01 3.786088362002839047e-01 6.279619252055461676e-01 5.736315663622060246e-01
8.974161270412202018e-01 4.635616816443255406e-01 -1.023899673024522422e-01 -3.626505605062921855e-01 3.797108728840062897e-01 6.314661512896153628e-01 5.705740300378372432e-01
8.950136810174267321e-01 4.672478850782996740e-01 -1.062210082987727483e-01 -3.609894824221922538e-01 3.805515871961391294e-01 6.329064014385781256e-01 5.694704295054543453e-01
8.919454783186513414e-01 4.728784308114979407e-01 -1.122676379255147239e-01 -3.602184727184111757e-01 3.808285506409405108e-01 6.313106702480494326e-01 5.715409911459495840e-01
9.308255428731961878e-01 6.052078675262312357e-01 -2.202825999927851552e-01 -3.935659445533960521e-01 3.993702197320559977e-01 6.821617340692829323e-01 4.693236020599769187e-01
9.349717195350688570e-01 7.201249683877064545e-01 -3.315701403576597484e-01 -4.215074514774687087e-01 4.068163814637236753e-01 7.192296740242967168e-01 3.735513032029673663e-01
9.116606169445538033e-01 8.114874809914094378e-01 -4.413414770433926604e-01 -4.471906924103306591e-01 4.058765060522099288e-01 7.521626578759470494e-01 2.636969521124776783e-01
8.672285262496962632e-01 8.772928094441655444e-01 -5.433384413688380210e-01 -4.677797659585484213e-01 3.997652810501636234e-01 7.747980946363945964e-01 1.451127946614695630e-01
8.099378363326532604e-01 9.164116238679410609e-01 -6.334383418372052654e-01 -4.821437517500227754e-01 3.890575611043776694e-01 7.844760311261946839e-01 2.773036935238275616e-02
7.493136840624341488e-01 9.311209522539571903e-01 -7.091208393467065552e-01 -4.907545339886821845e-01 3.731308093286497818e-01 7.836759068833398789e-01 -7.606220789507035784e-02
6.931426606113283428e-01 9.283826527193014266e-01 -7.693107393422520257e-01 -4.956783476386202869e-01 3.534598719619961860e-01 7.756514264370806266e-01 -1.665351592336532238e-01
6.465200538209130432e-01 9.148406809103566406e-01 -8.149319211848965461e-01 -4.981593755484335362e-01 3.327839073223639588e-01 7.637629573578467168e-01 -2.403294666670134916e-01
6.113840480797271271e-01 8.977004566423343324e-01 -8.474010997010907875e-01 -4.990946347177270259e-01 3.124729470066819892e-01 7.511195619678598945e-01 -2.984704451267296554e-01
5.881876079922608858e-01 8.817147712079775879e-01 -8.680019909660477984e-01 -4.983306417369425811e-01 2.916392444364350189e-01 7.400690750935172701e-01 -3.448345787487360203e-01
5.765043546818114928e-01 8.707172061434498289e-01 -8.783314034175043750e-01 -4.962525815373385329e-01 2.712925797273947337e-01 7.352656751950926717e-01 -3.735212154380082028e-01
5.692789593929931113e-01 8.633779433057261476e-01 -8.843375928787283735e-01 -4.947986680310019758e-01 2.537229637852213560e-01 7.369963995618056263e-01 -3.842333181749402748e-01
5.605235805437006613e-01 8.557474369056001784e-01 -8.907888115380022676e-01 -4.967309354833255308e-01 2.402330727424767387e-01 7.410808795004064642e-01 -3.825514063932742848e-01
5.501934063458873148e-01 8.475652603735026602e-01 -8.977228120310198900e-01 -5.017957387609300879e-01 2.278398025875883748e-01 7.465170643087589708e-01 -3.728301672532057243e-01
5.382270552001922059e-01 8.388667325524050700e-01 -9.054727222209486559e-01 -5.088001870132793369e-01 2.159905992967077193e-01 7.530434652598926304e-01 -3.569257207600396997e-01
5.246055126946291836e-01 8.296573429328444327e-01 -9.143245327544167189e-01 -5.171866837806067263e-01 2.046402355597977674e-01 7.599003481884784028e-01 -3.364398444493139628e-01
5.090199639947645682e-01 8.206101222771537973e-01 -9.246765242946904939e-01 -5.263093837846056777e-01 1.934291351579097429e-01 7.663866410651135608e-01 -3.134248213037130193e-01
4.912873000373603749e-01 8.120238462506160770e-01 -9.366015402530466494e-01 -5.356993434510394225e-01 1.826633678823448292e-01 7.724773185625261052e-01 -2.879914925244392299e-01
4.715486069131289426e-01 8.039087739764543272e-01 -9.503907595988000390e-01 -5.453251732541558594e-01 1.721740179112434543e-01 7.781040344183718371e-01 -2.598666477127775098e-01
4.497782996782662690e-01 7.965872513444036684e-01 -9.662797031421550553e-01 -5.552076287422453849e-01 1.617350721300150063e-01 7.825796127627820953e-01 -2.305545599583011807e-01
4.257654392552860378e-01 7.909556977512774978e-01 -9.843814876727055019e-01 -5.639195557770176892e-01 1.535862409193496370e-01 7.861618877260290184e-01 -2.008867529220411674e-01
3.996352768223446206e-01 7.870547699290033616e-01 -1.004855868343609515e+00 -5.717758545186568675e-01 1.475326113458967081e-01 7.880887464848893575e-01 -1.738465658067376574e-01
3.714264346902323433e-01 7.851269698039365919e-01 -1.027805856731799139e+00 -5.784337805168264790e-01 1.446837874034386240e-01 7.885127247050772725e-01 -1.507602275064058306e-01
3.410792590068837948e-01 7.854003949373200566e-01 -1.053199696542698405e+00 -5.844242933567963538e-01 1.453156111901314218e-01 7.868392700728370492e-01 -1.349651123442381362e-01
3.088211779486573771e-01 7.879800466120467917e-01 -1.081364987119489030e+00 -5.890802738589278054e-01 1.508557026892731745e-01 7.837437839072929346e-01 -1.263830253756201283e-01
2.750423189460031725e-01 7.924950724934916035e-01 -1.112859619371458830e+00 -5.933398002512588754e-01 1.641791988086046261e-01 7.772864589064409913e-01 -1.296874431741421863e-01
2.398261728884384381e-01 7.972456942024108706e-01 -1.148144937546188737e+00 -5.963867606542726518e-01 1.823176652316122470e-01 7.679512944292250509e-01 -1.460613228930734142e-01
2.032677415489359263e-01 7.996457282780947695e-01 -1.187700276517202891e+00 -5.988677358627041425e-01 2.035256673078432166e-01 7.542763295423575709e-01 -1.760737242795879787e-01
1.655294003500590860e-01 7.969560375422855003e-01 -1.231548990268900301e+00 -6.002345507459900809e-01 2.220080399823188277e-01 7.349746242414627595e-01 -2.241499854898264532e-01
1.268085241592816215e-01 7.853024251620126517e-01 -1.278519770979100523e+00 -5.938044274348124318e-01 2.376594537269582641e-01 7.133775629327719914e-01 -2.863681873342725503e-01
8.723237613966974835e-02 7.626963990974455765e-01 -1.326341338693032945e+00 -5.793871106265935378e-01 2.513766877406006794e-01 6.898233153371304827e-01 -3.539267304367132438e-01
4.811545796505328071e-02 7.274341328917746097e-01 -1.372586220054784256e+00 -5.610176937007620435e-01 2.641777742208574753e-01 6.609478430463652243e-01 -4.226312810651254859e-01
1.045600561389693761e-02 6.799755230166150133e-01 -1.414945582697960225e+00 -5.390778551863606438e-01 2.750676784789102269e-01 6.294938095689373014e-01 -4.873093288849318361e-01
-2.495605348613604002e-02 6.217147030991890810e-01 -1.451924255870960634e+00 -5.149339735424076636e-01 2.848481028385773661e-01 5.984015601626802017e-01 -5.437096044727925959e-01
-5.781142358205036691e-02 5.546967299443822386e-01 -1.483368178598262199e+00 4.855255279848772476e-01 -2.937374465878109797e-01 -5.604282064152343867e-01 6.032441459320448951e-01
-8.086169390301885251e-02 4.844174480767193813e-01 -1.502016524743821080e+00 4.566232373318282467e-01 -3.007196967443894198e-01 -5.254040026820642195e-01 6.519306075681894352e-01
-8.887974872729732800e-02 4.214851753105208765e-01 -1.501339141131630583e+00 4.379926305988672275e-01 -3.084868558187486842e-01 -5.029044948395973158e-01 6.782959416053409019e-01
-8.239875729486136058e-02 3.747484900752910963e-01 -1.483429380776460249e+00 4.299968907244715588e-01 -3.172248614293416424e-01 -4.965121990958571430e-01 6.840662960615860877e-01
-7.627640156188948695e-02 3.418629536055396989e-01 -1.466647318812991374e+00 4.218529272407653408e-01 -3.258422130310569265e-01 -4.908805078646543696e-01 6.891322710365259674e-01
-7.239803553289506088e-02 3.209523391482786425e-01 -1.454469383754887879e+00 4.124243784857283823e-01 -3.359833261631582912e-01 -4.828832734740727273e-01 6.955897359578886441e-01
-6.966270011732432488e-02 3.062567443683152923e-01 -1.445029869488633656e+00 4.025536623018644566e-01 -3.464482656125569826e-01 -4.735403146536917296e-01 7.026263008307405133e-01
-6.711130549638712195e-02 2.929986568610804532e-01 -1.435821401986981050e+00 3.924283118537909565e-01 -3.563739910838243929e-01 -4.638248763396693453e-01 7.098338415594598327e-01
-6.477147678415105803e-02 2.812595309222803985e-01 -1.426960602782187282e+00 3.829213476125921667e-01 -3.655393860629819192e-01 -4.543425977580446418e-01 7.164670283004838103e-01
-6.265475818706262023e-02 2.709960420181451446e-01 -1.418703503219404194e+00 3.731746490831222007e-01 -3.737494623164103191e-01 -4.446596914841099424e-01 7.234153575015799253e-01
-6.074517504005856605e-02 2.622537793939972439e-01 -1.411190002702727542e+00 3.640773797140242074e-01 -3.813206493558596311e-01 -4.353288858531421668e-01 7.297472062963020756e-01
-5.911365346820948719e-02 2.550314508058857954e-01 -1.404547762760658625e+00 3.565368383567398824e-01 -3.878352860808698122e-01 -4.269566848212764110e-01 7.349648039542949762e-01
-5.775899290856628676e-02 2.492362018469672091e-01 -1.398978040893391395e+00 3.502572109205798201e-01 -3.932597690340147722e-01 -4.190632818858159303e-01 7.396300467345408025e-01
-5.618125788800495957e-02 2.428245834550181725e-01 -1.392714288639588460e+00 3.458402604956182236e-01 -3.972528887468018688e-01 -4.128880278343695642e-01 7.430397923891350898e-01
-5.351571768493699338e-02 2.320606850982057379e-01 -1.383293660539163250e+00 3.454982520998860496e-01 -3.990720825883372069e-01 -4.098475598808480336e-01 7.439068546224356648e-01
