8.641575276851654053e-02 -3.984834998846054077e-03 2.939338237047195435e-02 -2.416997961699962616e-02 3.906554076820611954e-03 1.788888499140739441e-02 9.995401501655578613e-01
7.613988220691680908e-02 -1.046750787645578384e-02 3.345666825771331787e-02 -2.559816464781761169e-02 5.588292144238948822e-03 1.868204027414321899e-02 9.994820952415466309e-01
6.810417771339416504e-02 -1.463344693183898926e-02 3.089913353323936462e-02 -2.489576116204261780e-02 6.271350663155317307e-03 1.695959828794002533e-02 9.995265007019042969e-01
5.914445221424102783e-02 -1.872772350907325745e-02 2.905347384512424469e-02 -2.442395500838756561e-02 6.983053404837846756e-03 1.743430085480213165e-02 9.995252490043640137e-01
5.136579647660255432e-02 -1.872947253286838531e-02 2.649549394845962524e-02 -2.283623628318309784e-02 6.377022713422775269e-03 1.499224547296762466e-02 9.996064305305480957e-01
4.371584206819534302e-02 -1.832026802003383636e-02 2.361836656928062439e-02 -2.092944271862506866e-02 6.155049894005060196e-03 1.292575336992740631e-02 9.996784329414367676e-01
3.671203181147575378e-02 -1.604089327156543732e-02 2.075887098908424377e-02 -1.889480277895927429e-02 6.078815087676048279e-03 1.044336333870887756e-02 9.997484683990478516e-01
2.972152270376682281e-02 -1.339007634669542313e-02 1.803113892674446106e-02 -1.714572310447692871e-02 6.363037973642349243e-03 8.361872285604476929e-03 9.997977614402770996e-01
2.396809682250022888e-02 -1.026484556496143341e-02 1.351689174771308899e-02 -1.454442646354436874e-02 5.796533543616533279e-03 5.448393989354372025e-03 9.998625516891479492e-01
1.721600629389286041e-02 -7.864901795983314514e-03 1.009600795805454254e-02 -1.230729464441537857e-02 5.851728376001119614e-03 3.958847373723983765e-03 9.998993277549743652e-01
1.117090508341789246e-02 -4.649594891816377640e-03 5.882822442799806595e-03 -9.370495565235614777e-03 -6.462044548243284225e-04 8.342496585100889206e-04 9.999555349349975586e-01
4.993146285414695740e-03 -1.179383834823966026e-03 2.405199222266674042e-03 -6.833090912550687790e-03 -1.045639000949449837e-04 -1.251314883120357990e-03 9.999758601188659668e-01
5.345565266907215118e-03 -9.116272558458149433e-04 3.156231483444571495e-03 -4.289767239242792130e-03 3.730454773176461458e-04 -3.885933198034763336e-03 9.999831914901733398e-01
5.997571162879467010e-03 -1.427950453944504261e-03 3.361981129273772240e-03 -2.264942042529582977e-03 4.815247084479779005e-04 -5.340509116649627686e-03 9.999830722808837891e-01
6.781582254916429520e-03 -1.401221612468361855e-03 3.750809235498309135e-03 -3.560604527592658997e-04 9.078301955014467239e-04 -7.366853766143321991e-03 9.999724030494689941e-01
7.841411978006362915e-03 -1.469703274779021740e-03 3.782800165936350822e-03 1.283866818994283676e-03 7.972973398864269257e-04 -8.534951135516166687e-03 9.999624490737915039e-01
8.795857429504394531e-03 -2.002757973968982697e-03 3.946895711123943329e-03 2.940688747912645340e-03 1.034345943480730057e-03 -9.278365410864353180e-03 9.999520778656005859e-01
9.744507260620594025e-03 -2.753219334408640862e-03 4.134203307330608368e-03 3.787375520914793015e-03 1.162616303190588951e-03 -9.833927266299724579e-03 9.999437928199768066e-01
1.016342919319868088e-02 -3.989374730736017227e-03 5.199950188398361206e-03 4.365745466202497482e-03 1.571817789226770401e-03 -9.865920990705490112e-03 9.999405741691589355e-01
1.136304810643196106e-02 -4.544601310044527054e-03 5.248977337032556534e-03 4.846383351832628250e-03 1.364911091513931751e-03 -9.853294119238853455e-03 9.999387860298156738e-01
1.255399547517299652e-02 -4.817423410713672638e-03 5.721183959394693375e-03 5.666382610797882080e-03 1.559389289468526840e-03 -9.336086921393871307e-03 9.999391436576843262e-01
1.398114766925573349e-02 -4.967502318322658539e-03 5.939209368079900742e-03 6.756708025932312012e-03 1.326327677816152573e-03 -8.626664988696575165e-03 9.999390840530395508e-01
1.516358274966478348e-02 -4.510880913585424423e-03 7.347945123910903931e-03 6.901574786752462387e-03 1.536901807412505150e-03 -7.730451412498950958e-03 9.999451041221618652e-01
1.659465953707695007e-02 -5.782767664641141891e-03 7.153475657105445862e-03 7.297854870557785034e-03 1.040310831740498543e-03 -6.418266333639621735e-03 9.999522566795349121e-01
1.756233535706996918e-02 -7.052168715745210648e-03 8.131637237966060638e-03 6.972435861825942993e-03 1.328739454038441181e-03 -4.979937803000211716e-03 9.999623894691467285e-01
1.981613971292972565e-02 -5.064739380031824112e-03 8.895209059119224548e-03 6.718164309859275818e-03 1.309390645474195480e-03 -4.015733022242784500e-03 9.999685287475585938e-01
2.119409851729869843e-02 -6.644702982157468796e-03 9.354463778436183929e-03 6.258770823478698730e-03 7.021610508672893047e-04 -1.871782704256474972e-03 9.999784231185913086e-01
2.281790412962436676e-02 -6.639517378062009811e-03 1.049330085515975952e-02 5.585141945630311966e-03 1.156598096713423729e-03 4.084209285792894661e-05 9.999837279319763184e-01
2.461329847574234009e-02 -7.413678802549839020e-03 1.094473805278539658e-02 4.681020975112915039e-03 1.051446888595819473e-03 2.970069414004683495e-03 9.999840855598449707e-01
2.567226625978946686e-02 -8.380542509257793427e-03 1.301255729049444199e-02 2.592961071059107780e-03 1.496635493822395802e-03 5.959565751254558563e-03 9.999777674674987793e-01
2.717770263552665710e-02 -1.106789428740739822e-02 1.276856940239667892e-02 1.276057213544845581e-03 -5.465608555823564529e-03 8.566942997276782990e-03 9.999475479125976562e-01
2.843058295547962189e-02 -1.307860575616359711e-02 1.344499550759792328e-02 -4.792387699126265943e-05 -6.347629241645336151e-03 1.100675296038389206e-02 9.999192953109741211e-01
3.044017218053340912e-02 -1.319798827171325684e-02 1.404136884957551956e-02 -2.039820887148380280e-03 -6.687892135232686996e-03 1.279599778354167938e-02 9.998936653137207031e-01
3.290108591318130493e-02 -1.292231678962707520e-02 1.366837881505489349e-02 -2.732031280174851418e-03 -7.611193694174289703e-03 1.569841615855693817e-02 9.998440742492675781e-01
3.457723930478096008e-02 -1.462724432349205017e-02 1.279305201023817062e-02 -3.355950582772493362e-03 -8.159604854881763458e-03 1.770120672881603241e-02 9.998043775558471680e-01
3.554945066571235657e-02 -1.681269146502017975e-02 1.271270867437124252e-02 -3.877796232700347900e-03 -8.380083367228507996e-03 1.894477754831314087e-02 9.997779130935668945e-01
3.052588738501071930e-02 -1.376918517053127289e-02 1.001711841672658920e-02 -4.565592389553785324e-03 -9.047068655490875244e-03 1.985904015600681305e-02 9.997514486312866211e-01
2.483813837170600891e-02 -1.102794427424669266e-02 8.581783622503280640e-03 -5.775256082415580750e-03 -8.582971990108489990e-03 2.067268081009387970e-02 9.997327923774719238e-01
2.094663865864276886e-02 -6.111032795161008835e-03 2.688276814296841621e-03 -4.673555959016084671e-03 -9.457675740122795105e-03 2.019153162837028503e-02 9.997404813766479492e-01
1.513409614562988281e-02 3.234419564250856638e-04 3.218393307179212570e-03 -4.693005699664354324e-03 -8.393341675400733948e-03 1.770902238786220551e-02 9.997969269752502441e-01
8.725855499505996704e-03 8.285319199785590172e-04 2.662244718521833420e-03 -5.939647555351257324e-03 -7.561996579170227051e-03 1.967428438365459442e-02 9.997602105140686035e-01
8.194617927074432373e-03 -3.929465601686388254e-04 2.319529652595520020e-03 -5.069365259259939194e-03 -7.359884213656187057e-03 2.047471702098846436e-02 9.997504353523254395e-01
7.427948061376810074e-03 1.121546956710517406e-04 2.457373077049851418e-03 -4.872934427112340927e-03 -5.586154293268918991e-03 2.027438953518867493e-02 9.997669458389282227e-01
6.733128800988197327e-03 8.538821712136268616e-04 2.000989858061075211e-03 -4.377432167530059814e-03 -5.486045032739639282e-03 1.856743171811103821e-02 9.998029470443725586e-01
6.070730742067098618e-03 2.267606760142371058e-05 1.584962010383605957e-03 -4.560854285955429077e-03 -4.482767079025506973e-03 1.842562295496463776e-02 9.998098015785217285e-01
5.140706896781921387e-03 9.597716853022575378e-04 1.422906760126352310e-03 -3.824257757514715195e-03 -4.023113287985324860e-03 1.633123308420181274e-02 9.998512268066406250e-01
4.402984399348497391e-03 1.889059785753488541e-04 1.087993383407592773e-03 -3.217501332983374596e-03 -2.380701713263988495e-03 1.549050956964492798e-02 9.998720288276672363e-01
3.448581555858254433e-03 3.167032846249639988e-04 1.084652496501803398e-03 -2.760042669251561165e-03 -9.751539328135550022e-04 1.335009653121232986e-02 9.999065995216369629e-01
5.600424017757177353e-03 -1.180135994218289852e-03 1.131039112806320190e-03 -1.661455025896430016e-03 4.817045191884972155e-05 1.001559570431709290e-02 9.999484419822692871e-01
6.996412295848131180e-03 -5.103840492665767670e-03 1.636964501813054085e-03 -5.967674078419804573e-04 1.992261735722422600e-03 8.355343714356422424e-03 9.999629259109497070e-01
1.631057262420654297e-01 -1.198730990290641785e-02 6.279169768095016479e-02 -4.702467098832130432e-02 9.250123053789138794e-03 3.222960233688354492e-02 9.983307719230651855e-01
1.446212530136108398e-01 -2.374170161783695221e-02 6.425777822732925415e-02 -4.607297107577323914e-02 1.246194075793027878e-02 2.981235273182392120e-02 9.984153509140014648e-01
1.281076222658157349e-01 -3.023860417306423187e-02 6.011927500367164612e-02 -4.775683954358100891e-02 1.257792022079229355e-02 3.350041806697845459e-02 9.982178211212158203e-01
1.117919534444808960e-01 -3.303354233503341675e-02 5.585049092769622803e-02 -4.714268818497657776e-02 1.281415298581123352e-02 3.194188326597213745e-02 9.982950687408447266e-01
9.659697860479354858e-02 -3.293562307953834534e-02 5.014741793274879456e-02 -4.322203621268272400e-02 1.289256010204553604e-02 2.875621803104877472e-02 9.985683560371398926e-01
8.129909634590148926e-02 -3.223087266087532043e-02 4.439730942249298096e-02 -3.909560665488243103e-02 1.208426430821418762e-02 2.368434146046638489e-02 9.988816380500793457e-01
6.745567917823791504e-02 -2.832957170903682709e-02 3.785066679120063782e-02 -3.446640074253082275e-02 1.236450299620628357e-02 1.901602745056152344e-02 9.991484284400939941e-01
5.431399494409561157e-02 -2.313241735100746155e-02 3.087435662746429443e-02 -2.884527482092380524e-02 1.171553507447242737e-02 1.257618330419063568e-02 9.994360804557800293e-01
4.141438007354736328e-02 -1.806360483169555664e-02 2.326218038797378540e-02 -2.472251467406749725e-02 1.034306827932596207e-02 8.098689839243888855e-03 9.996080398559570312e-01
2.825781516730785370e-02 -1.263051200658082962e-02 1.612388715147972107e-02 -2.069733664393424988e-02 4.682031925767660141e-03 4.560111556202173233e-03 9.997644424438476562e-01
1.605403982102870941e-02 -5.993012804538011551e-03 8.396023884415626526e-03 -1.603159308433532715e-02 -8.917589439079165459e-04 -4.002939676865935326e-04 9.998710155487060547e-01
1.031188573688268661e-02 -2.118306234478950500e-03 5.596715956926345825e-03 -1.041291095316410065e-02 -8.334023732459172606e-05 -5.039841867983341217e-03 9.999330639839172363e-01
1.130428537726402283e-02 -2.380023244768381119e-03 6.561106536537408829e-03 -6.400007288902997971e-03 2.877295191865414381e-04 -9.082134813070297241e-03 9.999382495880126953e-01
1.284078415483236313e-02 -2.864637644961476326e-03 6.974882446229457855e-03 -2.394475275650620461e-03 1.054803258739411831e-03 -1.264441292732954025e-02 9.999166131019592285e-01
1.459691114723682404e-02 -2.890898147597908974e-03 7.582343183457851410e-03 9.232913143932819366e-04 1.322617288678884506e-03 -1.528564468026161194e-02 9.998818635940551758e-01
1.662105135619640350e-02 -3.927857615053653717e-03 7.551586255431175232e-03 4.231896251440048218e-03 1.841879799030721188e-03 -1.726835221052169800e-02 9.998402595520019531e-01
1.841000840067863464e-02 -5.416411440819501877e-03 7.978681474924087524e-03 6.448762957006692886e-03 2.312596188858151436e-03 -1.849776506423950195e-02 9.998054504394531250e-01
1.975847594439983368e-02 -7.155899889767169952e-03 9.421957656741142273e-03 8.719249628484249115e-03 2.775018801912665367e-03 -1.896910928189754486e-02 9.997782111167907715e-01
2.133700251579284668e-02 -9.065560065209865570e-03 1.040004193782806396e-02 9.999147616326808929e-03 2.735540503636002541e-03 -1.925153285264968872e-02 9.997609257698059082e-01
2.392757497727870941e-02 -9.672828949987888336e-03 1.067318767309188843e-02 1.158340182155370712e-02 2.713353373110294342e-03 -1.933914422988891602e-02 9.997422099113464355e-01
2.638392150402069092e-02 -1.001837570220232010e-02 1.181216817349195480e-02 1.310755684971809387e-02 2.297729719430208206e-03 -1.810011826455593109e-02 9.997476339340209961e-01
2.902515232563018799e-02 -9.644272737205028534e-03 1.348078250885009766e-02 1.382602937519550323e-02 2.508963225409388542e-03 -1.623434945940971375e-02 9.997694492340087891e-01
3.172620385885238647e-02 -1.043693162500858307e-02 1.451466884464025497e-02 1.423552818596363068e-02 2.309657866135239601e-03 -1.406605634838342667e-02 9.997970461845397949e-01
3.401225432753562927e-02 -1.296767871826887131e-02 1.552027370780706406e-02 1.409996859729290009e-02 2.236056840047240257e-03 -1.113776955753564835e-02 9.998360276222229004e-01
3.730848059058189392e-02 -1.212810818105936050e-02 1.736399158835411072e-02 1.350262109190225601e-02 2.187967533245682716e-03 -8.474847301840782166e-03 9.998705387115478516e-01
4.079866409301757812e-02 -1.186763122677803040e-02 1.865307241678237915e-02 1.312171295285224915e-02 2.068560337647795677e-03 -4.946699831634759903e-03 9.998995065689086914e-01
4.377786070108413696e-02 -1.368855312466621399e-02 2.009779401123523712e-02 1.219359226524829865e-02 1.748384092934429646e-03 -9.812301723286509514e-04 9.999236464500427246e-01
4.732490703463554382e-02 -1.469485461711883545e-02 2.124424837529659271e-02 1.021462865173816681e-02 2.263142960146069527e-03 3.622449468821287155e-03 9.999387264251708984e-01
5.008308961987495422e-02 -1.662448421120643616e-02 2.386287599802017212e-02 7.690188940614461899e-03 2.259928034618496895e-03 8.944421075284481049e-03 9.999278783798217773e-01
5.260902270674705505e-02 -2.011745609343051910e-02 2.586397528648376465e-02 4.367616027593612671e-03 -4.605447407811880112e-03 1.418385375291109085e-02 9.998792409896850586e-01
5.581791326403617859e-02 -2.285141684114933014e-02 2.695142477750778198e-02 9.777566883713006973e-04 -1.100796088576316833e-02 1.770491711795330048e-02 9.997822046279907227e-01
5.912322923541069031e-02 -2.490603923797607422e-02 2.821848914027214050e-02 -1.771975192241370678e-03 -1.214889530092477798e-02 2.247090265154838562e-02 9.996721148490905762e-01
6.366357207298278809e-02 -2.462362870573997498e-02 2.838130481541156769e-02 -4.066011402755975723e-03 -1.385346334427595139e-02 2.591258287429809570e-02 9.995599389076232910e-01
6.780369579792022705e-02 -2.591834589838981628e-02 2.732502482831478119e-02 -4.975256975740194321e-03 -1.510195620357990265e-02 3.016248345375061035e-02 9.994185566902160645e-01
7.102005928754806519e-02 -2.864786051213741302e-02 2.636389248073101044e-02 -5.686452146619558334e-03 -1.618845947086811066e-02 3.258443996310234070e-02 9.993216991424560547e-01
6.714397668838500977e-02 -2.755572460591793060e-02 2.346529625356197357e-02 -7.203677203506231308e-03 -1.677955873310565948e-02 3.404304757714271545e-02 9.992535114288330078e-01
5.571549013257026672e-02 -2.343854866921901703e-02 1.927790232002735138e-02 -9.852610528469085693e-03 -1.678240671753883362e-02 3.605853766202926636e-02 9.991601705551147461e-01
4.655371978878974915e-02 -1.620935462415218353e-02 1.082076784223318100e-02 -8.705042302608489990e-03 -1.754129119217395782e-02 3.745299950242042542e-02 9.991065263748168945e-01
3.656476363539695740e-02 -4.983959719538688660e-03 6.225570570677518845e-03 -8.352649398148059845e-03 -1.811709813773632050e-02 3.448429703712463379e-02 9.992061257362365723e-01
2.354224584996700287e-02 2.027336508035659790e-03 6.500013172626495361e-03 -9.738520719110965729e-03 -1.505225151777267456e-02 3.507272154092788696e-02 9.992239475250244141e-01
1.678413897752761841e-02 3.948681696783751249e-04 5.539292003959417343e-03 -9.764288552105426788e-03 -1.301273610442876816e-02 3.875546529889106750e-02 9.991163015365600586e-01
1.561684999614953995e-02 9.207486291415989399e-04 4.727427847683429718e-03 -9.098866954445838928e-03 -1.260483078658580780e-02 3.774317726492881775e-02 9.991665482521057129e-01
1.411055028438568115e-02 1.512162853032350540e-03 4.516785964369773865e-03 -9.104993194341659546e-03 -1.056660711765289307e-02 3.636140376329421997e-02 9.992413520812988281e-01
1.281529478728771210e-02 4.473230801522731781e-04 3.683407325297594070e-03 -8.966177701950073242e-03 -9.893812239170074463e-03 3.449317067861557007e-02 9.993157386779785156e-01
1.125279720872640610e-02 7.727908086962997913e-04 3.050198080018162727e-03 -7.954948581755161285e-03 -8.434799499809741974e-03 3.301519155502319336e-02 9.993876218795776367e-01
9.552662260830402374e-03 1.245265710167586803e-03 2.477743430063128471e-03 -6.735789589583873749e-03 -6.315949838608503342e-03 3.018232993781566620e-02 9.995017647743225098e-01
7.872475311160087585e-03 8.849918376654386520e-04 1.919046742841601372e-03 -5.332248751074075699e-03 -3.487253328785300255e-03 2.780670300126075745e-02 9.995930194854736328e-01
8.866413496434688568e-03 -2.582788292784243822e-04 2.037814818322658539e-03 -3.383379429578781128e-03 -8.100574486888945103e-04 2.297071367502212524e-02 9.997301101684570312e-01
1.294021774083375931e-02 -5.917226895689964294e-03 3.041716990992426872e-03 -1.868084422312676907e-03 2.394863404333591461e-03 1.812271401286125183e-02 9.998311400413513184e-01
