7.493852823972702026e-02 -3.378320485353469849e-02 3.988036885857582092e-02 -4.751183092594146729e-02 3.778147697448730469e-02 6.957197189331054688e-02 9.957283139228820801e-01
6.803715229034423828e-02 -3.172516450285911560e-02 3.729152679443359375e-02 -5.086202174425125122e-02 3.943946212530136108e-02 7.070385664701461792e-02 9.954187870025634766e-01
6.303493678569793701e-02 -2.752711996436119080e-02 3.280133381485939026e-02 -5.276322737336158752e-02 4.005851596593856812e-02 6.873840838670730591e-02 9.954327344894409180e-01
5.675245448946952820e-02 -2.483614906668663025e-02 2.924420870840549469e-02 -5.321915447711944580e-02 4.061705246567726135e-02 7.029835134744644165e-02 9.952769279479980469e-01
5.027041956782341003e-02 -2.261600270867347717e-02 2.554702199995517731e-02 -5.009088292717933655e-02 3.722352162003517151e-02 6.405536830425262451e-02 9.959930777549743652e-01
4.388132318854331970e-02 -1.955425366759300232e-02 2.228441089391708374e-02 -4.708542674779891968e-02 3.565713763236999512e-02 6.003369390964508057e-02 9.964474439620971680e-01
3.751575201749801636e-02 -1.640579290688037872e-02 1.895870640873908997e-02 -4.188496619462966919e-02 3.243367001414299011e-02 5.168582499027252197e-02 9.972573518753051758e-01
3.118594735860824585e-02 -1.313840970396995544e-02 1.557574700564146042e-02 -3.804000839591026306e-02 2.991741523146629333e-02 4.415597021579742432e-02 9.978517889976501465e-01
2.475233003497123718e-02 -1.001175679266452789e-02 1.223233249038457870e-02 -3.183498978614807129e-02 2.564433775842189789e-02 3.499993681907653809e-02 9.985508918762207031e-01
1.813352480530738831e-02 -7.318087853491306305e-03 8.820306509733200073e-03 -2.552482485771179199e-02 2.070764452219009399e-02 2.662349864840507507e-02 9.991050362586975098e-01
1.166517753154039383e-02 -3.985018935054540634e-03 5.390611477196216583e-03 -2.169811539351940155e-02 1.420017424970865250e-02 1.784626394510269165e-02 9.995043873786926270e-01
5.098708439618349075e-03 -1.410793163813650608e-03 2.029845956712961197e-03 -1.479574292898178101e-02 6.364352069795131683e-03 3.284232690930366516e-03 9.998648762702941895e-01
5.294981878250837326e-03 -1.846013939939439297e-03 2.814841456711292267e-03 -1.056182198226451874e-02 3.799744416028261185e-03 -1.059254398569464684e-03 9.999364614486694336e-01
5.703413859009742737e-03 -2.218731911852955818e-03 3.443999448791146278e-03 -6.318933796137571335e-03 3.364011179655790329e-03 -4.547356162220239639e-03 9.999640583992004395e-01
6.261060945689678192e-03 -2.486066427081823349e-03 4.079271107912063599e-03 -3.088121069595217705e-03 3.915853332728147507e-03 -7.179935928434133530e-03 9.999617934226989746e-01
6.952620111405849457e-03 -2.692366950213909149e-03 4.729649052023887634e-03 -1.945503172464668751e-03 3.364188596606254578e-03 -8.995333686470985413e-03 9.999520182609558105e-01
7.664330769330263138e-03 -2.963005099445581436e-03 5.425380542874336243e-03 -8.432631730102002621e-04 3.132450161501765251e-03 -1.030608918517827988e-02 9.999416470527648926e-01
8.297265507280826569e-03 -3.485265187919139862e-03 6.215752568095922470e-03 -9.842069121077656746e-04 3.727484727278351784e-03 -9.280695579946041107e-03 9.999495148658752441e-01
8.928930386900901794e-03 -4.133050329983234406e-03 7.031498476862907410e-03 -6.420647259801626205e-04 3.580780932679772377e-03 -8.847963064908981323e-03 9.999542236328125000e-01
9.716046042740345001e-03 -4.764368757605552673e-03 7.760365027934312820e-03 -4.861054185312241316e-04 3.721083048731088638e-03 -8.395972661674022675e-03 9.999577403068542480e-01
1.056697778403759003e-02 -5.377032794058322906e-03 8.542178198695182800e-03 -9.513676195638254285e-05 3.647633595392107964e-03 -8.187815546989440918e-03 9.999598264694213867e-01
1.132168900221586227e-02 -6.160047370940446854e-03 9.449650533497333527e-03 9.552176925353705883e-04 2.897296799346804619e-03 -6.763334851711988449e-03 9.999724626541137695e-01
1.244323048740625381e-02 -6.611398886889219284e-03 1.028251182287931442e-02 7.148295990191400051e-04 3.371224505826830864e-03 -5.512077827006578445e-03 9.999788999557495117e-01
1.323929335922002792e-02 -7.676635868847370148e-03 1.121542137116193771e-02 -2.811825288517866284e-05 3.721013199537992477e-03 -1.265948521904647350e-03 9.999922513961791992e-01
1.433008164167404175e-02 -8.534710854291915894e-03 1.208717096596956253e-02 -2.914135111495852470e-04 4.786620847880840302e-03 3.392162732779979706e-03 9.999827742576599121e-01
1.532547455281019211e-02 -9.975004009902477264e-03 1.277046278119087219e-02 -5.324549856595695019e-04 5.299174226820468903e-03 1.006955001503229141e-02 9.999350905418395996e-01
1.656942628324031830e-02 -1.123974844813346863e-02 1.341529376804828644e-02 -2.815284300595521927e-03 6.725141312927007675e-03 2.009328268468379974e-02 9.997715353965759277e-01
1.801522262394428253e-02 -1.237398665398359299e-02 1.404227036982774734e-02 -4.268437158316373825e-03 7.795491721481084824e-03 2.631047926843166351e-02 9.996142983436584473e-01
1.978499069809913635e-02 -1.319222711026668549e-02 1.466573122888803482e-02 -9.109220467507839203e-03 1.148774847388267517e-02 3.495376557111740112e-02 9.992814064025878906e-01
2.161007747054100037e-02 -1.394417323172092438e-02 1.540097407996654510e-02 -1.529326941817998886e-02 1.485192496329545975e-02 4.269090294837951660e-02 9.988608360290527344e-01
2.399559691548347473e-02 -1.386468298733234406e-02 1.600450463593006134e-02 -2.262932062149047852e-02 1.301060058176517487e-02 4.926619306206703186e-02 9.984445571899414062e-01
2.615396492183208466e-02 -1.414024550467729568e-02 1.661744713783264160e-02 -2.592064253985881805e-02 1.549713499844074249e-02 5.527685582637786865e-02 9.980142712593078613e-01
2.807124331593513489e-02 -1.445021014660596848e-02 1.735361479222774506e-02 -2.586991526186466217e-02 1.473044510930776596e-02 5.583869665861129761e-02 9.979959130287170410e-01
2.973046526312828064e-02 -1.481592189520597458e-02 1.824500411748886108e-02 -2.412622049450874329e-02 1.303565036505460739e-02 5.193018540740013123e-02 9.982741475105285645e-01
3.105877712368965149e-02 -1.589406467974185944e-02 1.886624097824096680e-02 -2.310205064713954926e-02 1.050997525453567505e-02 5.038861557841300964e-02 9.984071254730224609e-01
3.239795565605163574e-02 -1.672682352364063263e-02 1.945839263498783112e-02 -2.730956301093101501e-02 1.406198740005493164e-02 5.708138272166252136e-02 9.978968501091003418e-01
2.877754531800746918e-02 -1.186108123511075974e-02 1.590378768742084503e-02 -2.124508097767829895e-02 9.840330109000205994e-03 4.564125463366508484e-02 9.986834526062011719e-01
2.584994025528430939e-02 -8.683230844326317310e-04 1.196755003184080124e-02 -6.275927182286977768e-03 1.627734163776040077e-04 2.017284184694290161e-02 9.997767806053161621e-01
1.972576417028903961e-02 7.013361901044845581e-03 6.711198482662439346e-03 -9.223065571859478951e-04 -3.663698211312294006e-03 6.907838862389326096e-03 9.999690055847167969e-01
1.366032380610704422e-02 5.634354893118143082e-03 4.599248990416526794e-03 -1.607593265362083912e-03 -3.644326468929648399e-03 7.736104540526866913e-03 9.999621510505676270e-01
8.031416684389114380e-03 3.352517262101173401e-03 2.858586609363555908e-03 -1.379635417833924294e-03 -3.335572779178619385e-03 8.910227566957473755e-03 9.999538064002990723e-01
7.479800842702388763e-03 3.152622841298580170e-03 2.607669448480010033e-03 -1.507932320237159729e-03 -3.096082946285605431e-03 8.907301351428031921e-03 9.999544024467468262e-01
6.864319089800119400e-03 2.874612109735608101e-03 2.417310839518904686e-03 -1.135358586907386780e-03 -2.940641716122627258e-03 8.698638528585433960e-03 9.999572038650512695e-01
6.208542268723249435e-03 2.626108936965465546e-03 2.150735119357705116e-03 -1.213876646943390369e-03 -2.522532595321536064e-03 8.216132409870624542e-03 9.999623298645019531e-01
5.530861672013998032e-03 2.260635839775204659e-03 1.914546708576381207e-03 -1.301397336646914482e-03 -2.052816096693277359e-03 8.120784536004066467e-03 9.999640583992004395e-01
4.773607477545738220e-03 1.989360433071851730e-03 1.621053204871714115e-03 -1.043421914801001549e-03 -1.953293336555361748e-03 7.319521158933639526e-03 9.999707341194152832e-01
4.003418143838644028e-03 1.637645647861063480e-03 1.377114793285727501e-03 -7.417682209052145481e-04 -1.349772675894200802e-03 6.321103312075138092e-03 9.999788403511047363e-01
3.215685253962874413e-03 1.288221916183829308e-03 1.081360038369894028e-03 -6.521106697618961334e-04 -8.621998131275177002e-04 5.301092285662889481e-03 9.999853372573852539e-01
5.269599147140979767e-03 1.892506261356174946e-03 1.639042980968952179e-03 3.216820477973669767e-04 -6.113127456046640873e-04 2.367054112255573273e-03 9.999969601631164551e-01
8.121149614453315735e-03 2.392391907051205635e-03 2.449900144711136818e-03 1.541613601148128510e-03 -5.024583660997450352e-04 -1.679342589341104031e-03 9.999972581863403320e-01
1.451063156127929688e-01 -6.301546841859817505e-02 7.525405287742614746e-02 -7.954800128936767578e-02 6.432767957448959351e-02 1.117520183324813843e-01 9.884561300277709961e-01
1.314599066972732544e-01 -5.998632684350013733e-02 6.876029819250106812e-02 -7.489800453186035156e-02 5.690399929881095886e-02 9.572368860244750977e-02 9.909536838531494141e-01
1.208968982100486755e-01 -5.203063786029815674e-02 6.014160066843032837e-02 -8.540806919336318970e-02 6.030829250812530518e-02 1.021396219730377197e-01 9.892602562904357910e-01
1.084522902965545654e-01 -4.556126147508621216e-02 5.357428640127182007e-02 -8.911940455436706543e-02 6.439190357923507690e-02 1.078073903918266296e-01 9.880733489990234375e-01
9.559166431427001953e-02 -3.966968506574630737e-02 4.710675776004791260e-02 -8.594433218240737915e-02 6.413193792104721069e-02 1.051990240812301636e-01 9.886525273323059082e-01
8.275554329156875610e-02 -3.391119092702865601e-02 4.026218131184577942e-02 -7.704692333936691284e-02 5.759731307625770569e-02 9.094142168760299683e-02 9.911992549896240234e-01
6.972447037696838379e-02 -2.782097831368446350e-02 3.391161561012268066e-02 -6.871486455202102661e-02 5.234179645776748657e-02 7.761453837156295776e-02 9.932343959808349609e-01
5.673687532544136047e-02 -2.186291106045246124e-02 2.722654119133949280e-02 -5.761605128645896912e-02 4.513559490442276001e-02 6.237102672457695007e-02 9.953657984733581543e-01
4.331086203455924988e-02 -1.656810007989406586e-02 2.079040743410587311e-02 -4.781718924641609192e-02 3.763363510370254517e-02 4.884601011872291565e-02 9.969509840011596680e-01
3.000126592814922333e-02 -1.084167882800102234e-02 1.415612455457448959e-02 -4.244141280651092529e-02 3.103791736066341400e-02 3.899990394711494446e-02 9.978548884391784668e-01
1.689236611127853394e-02 -5.043808370828628540e-03 7.304080761969089508e-03 -3.381548449397087097e-02 2.023766748607158661e-02 2.085251361131668091e-02 9.990055561065673828e-01
1.045511011034250259e-02 -3.128286451101303101e-03 4.801034927368164062e-03 -2.257217653095722198e-02 1.025615446269512177e-02 3.019339172169566154e-03 9.996880292892456055e-01
1.105580572038888931e-02 -3.905004356056451797e-03 6.246564909815788269e-03 -1.295149326324462891e-02 6.441390607506036758e-03 -6.804753094911575317e-03 9.998722076416015625e-01
1.197982206940650940e-02 -4.490507300943136215e-03 7.619718555361032486e-03 -7.358188275247812271e-03 5.994580220431089401e-03 -1.352577563375234604e-02 9.998635053634643555e-01
1.304452586919069290e-02 -5.321248900145292282e-03 8.969039656221866608e-03 -3.788192290812730789e-03 5.600391421467065811e-03 -1.746692508459091187e-02 9.998245835304260254e-01
1.441554725170135498e-02 -5.917848553508520126e-03 1.029003784060478210e-02 -1.275478862226009369e-03 5.530033260583877563e-03 -1.978982612490653992e-02 9.997880458831787109e-01
1.561556663364171982e-02 -7.024579681456089020e-03 1.177856512367725372e-02 -3.774770884774625301e-04 6.155228242278099060e-03 -2.029881998896598816e-02 9.997749328613281250e-01
1.681571081280708313e-02 -8.270618505775928497e-03 1.338679902255535126e-02 6.712290924042463303e-04 6.261325441300868988e-03 -2.049092575907707214e-02 9.997702240943908691e-01
1.846901699900627136e-02 -9.220508858561515808e-03 1.481521409004926682e-02 1.678382628597319126e-03 6.571087520569562912e-03 -2.095265872776508331e-02 9.997574687004089355e-01
2.031055651605129242e-02 -1.014875620603561401e-02 1.626325584948062897e-02 1.929081045091152191e-03 7.580536883324384689e-03 -2.059097588062286377e-02 9.997574090957641602e-01
2.165100909769535065e-02 -1.195401605218648911e-02 1.800949126482009888e-02 2.629474736750125885e-03 7.005202583968639374e-03 -1.807341352105140686e-02 9.998086690902709961e-01
2.350619062781333923e-02 -1.326218713074922562e-02 1.971741579473018646e-02 2.094791037961840630e-03 7.620431017130613327e-03 -1.349609438329935074e-02 9.998776912689208984e-01
2.544564008712768555e-02 -1.469991914927959442e-02 2.150787971913814545e-02 1.985040958970785141e-03 7.892487570643424988e-03 -7.938287220895290375e-03 9.999353885650634766e-01
2.736098691821098328e-02 -1.641770452260971069e-02 2.340317144989967346e-02 1.346891163848340511e-03 9.943228214979171753e-03 1.527201617136597633e-03 9.999485015869140625e-01
2.951872162520885468e-02 -1.860368624329566956e-02 2.496136911213397980e-02 1.724475296214222908e-03 1.074636448174715042e-02 1.230458170175552368e-02 9.998650550842285156e-01
3.204028680920600891e-02 -2.111355960369110107e-02 2.609495259821414948e-02 -1.108907861635088921e-03 1.432295329868793488e-02 3.035160340368747711e-02 9.994360208511352539e-01
3.499918431043624878e-02 -2.319235540926456451e-02 2.729415707290172577e-02 -4.879880230873823166e-03 1.739793829619884491e-02 4.511796310544013977e-02 9.988182187080383301e-01
3.852930665016174316e-02 -2.471822127699851990e-02 2.848519198596477509e-02 -1.098989881575107574e-02 2.130426280200481415e-02 5.763405561447143555e-02 9.980499148368835449e-01
4.258145019412040710e-02 -2.567575126886367798e-02 2.969347313046455383e-02 -2.312738820910453796e-02 2.816311269998550415e-02 7.209223508834838867e-02 9.967319965362548828e-01
4.689425602555274963e-02 -2.602996490895748138e-02 3.106020204722881317e-02 -3.517247736454010010e-02 2.789807319641113281e-02 8.412753790616989136e-02 9.954431653022766113e-01
5.093644186854362488e-02 -2.673960104584693909e-02 3.247581794857978821e-02 -4.154433682560920715e-02 2.496598660945892334e-02 9.064861387014389038e-02 9.947027564048767090e-01
5.497929453849792480e-02 -2.734004333615303040e-02 3.379273414611816406e-02 -4.415444284677505493e-02 2.640589326620101929e-02 9.653162956237792969e-02 9.939993619918823242e-01
5.850044637918472290e-02 -2.797175385057926178e-02 3.549858927726745605e-02 -4.384114220738410950e-02 2.482626028358936310e-02 9.439162909984588623e-02 9.942594170570373535e-01
6.152206286787986755e-02 -2.894298546016216278e-02 3.732422739267349243e-02 -3.982107713818550110e-02 2.040602639317512512e-02 8.700890839099884033e-02 9.952021241188049316e-01
6.375277787446975708e-02 -3.151833638548851013e-02 3.875283151865005493e-02 -4.360172525048255920e-02 2.258000895380973816e-02 9.506486356258392334e-02 9.942593574523925781e-01
6.169827282428741455e-02 -2.736763097345829010e-02 3.553292527794837952e-02 -3.990414738655090332e-02 1.856030896306037903e-02 8.514115214347839355e-02 9.953964948654174805e-01
5.533409118652343750e-02 -1.421136502176523209e-02 2.759337797760963440e-02 -2.448042482137680054e-02 1.022376958280801773e-02 5.770860612392425537e-02 9.979808926582336426e-01
4.632600396871566772e-02 1.147509831935167313e-02 1.641050167381763458e-02 -3.481617663055658340e-03 -4.523901268839836121e-03 1.777554303407669067e-02 9.998257160186767578e-01
3.330888599157333374e-02 1.297143660485744476e-02 1.108329184353351593e-02 -2.272683894261717796e-03 -5.954477470368146896e-03 1.342679932713508606e-02 9.998895525932312012e-01
2.151774242520332336e-02 9.031805209815502167e-03 7.484034635126590729e-03 -2.111095469444990158e-03 -6.367459427565336227e-03 1.696881838142871857e-02 9.998335242271423340e-01
1.544700842350721359e-02 6.648893933743238449e-03 5.452444311231374741e-03 -2.069097710773348808e-03 -6.122587714344263077e-03 1.849074847996234894e-02 9.998081326484680176e-01
1.429190579801797867e-02 6.147172767668962479e-03 5.003605037927627563e-03 -2.466935664415359497e-03 -5.649079103022813797e-03 1.875437423586845398e-02 9.998050928115844727e-01
1.301106438040733337e-02 5.630533210933208466e-03 4.561245907098054886e-03 -2.191281877458095551e-03 -5.098682828247547150e-03 1.770996674895286560e-02 9.998277425765991211e-01
1.168347895145416260e-02 5.005321931093931198e-03 4.054931458085775375e-03 -2.906824694946408272e-03 -4.245193209499120712e-03 1.776139624416828156e-02 9.998289942741394043e-01
1.025123056024312973e-02 4.367778543382883072e-03 3.515841905027627945e-03 -2.564213238656520844e-03 -3.834451083093881607e-03 1.662793569266796112e-02 9.998511075973510742e-01
8.722510188817977905e-03 3.722172928974032402e-03 3.001084318384528160e-03 -1.856273389421403408e-03 -3.099032444879412651e-03 1.422178372740745544e-02 9.998923540115356445e-01
7.173872087150812149e-03 3.003079909831285477e-03 2.441084245219826698e-03 -1.372351543977856636e-03 -2.028667135164141655e-03 1.257567759603261948e-02 9.999179244041442871e-01
8.087017573416233063e-03 3.227767068892717361e-03 2.648465568199753761e-03 -8.057323866523802280e-04 -1.188052934594452381e-03 9.434386156499385834e-03 9.999544620513916016e-01
1.336296927183866501e-02 4.223764408379793167e-03 3.912251908332109451e-03 1.023801509290933609e-03 7.918335177237167954e-05 3.443171503022313118e-03 9.999935626983642578e-01
