0.000000000000000000e+00 0.000000000000000000e+00 0.000000000000000000e+00 1.060537074826228832e-12 -9.321002303330772065e-12 1.418828379437520049e-12 1.000000000000000000e+00
8.827386796474456787e-02 8.950037881731987000e-04 2.325549907982349396e-02 -2.103562839329242706e-02 4.382476210594177246e-03 1.717478223145008087e-02 9.996215701103210449e-01
1.674446463584899902e-01 -9.652562439441680908e-04 5.141291767358779907e-02 -4.165309667587280273e-02 1.082512456923723221e-02 3.253966569900512695e-02 9.985433816909790039e-01
2.385316342115402222e-01 -6.999693810939788818e-03 7.702878117561340332e-02 -6.190507858991622925e-02 1.788247004151344299e-02 4.766264185309410095e-02 9.967829585075378418e-01
3.022827506065368652e-01 -2.089068852365016937e-02 9.846516698598861694e-02 -8.306737989187240601e-02 2.473204396665096283e-02 6.640832871198654175e-02 9.940211772918701172e-01
3.590442240238189697e-01 -2.740954793989658356e-02 1.188928335905075073e-01 -1.030270606279373169e-01 3.171604126691818237e-02 8.181819319725036621e-02 9.908003211021423340e-01
4.083224236965179443e-01 -3.310815989971160889e-02 1.374240517616271973e-01 -1.214653402566909790e-01 3.837897628545761108e-02 9.564515948295593262e-02 9.872310161590576172e-01
4.503526091575622559e-01 -3.419279307126998901e-02 1.539292335510253906e-01 -1.383719891309738159e-01 4.500165209174156189e-02 1.060894578695297241e-01 9.836529493331909180e-01
4.852182567119598389e-01 -3.303062170743942261e-02 1.667864620685577393e-01 -1.532410979270935059e-01 5.170834809541702271e-02 1.136654615402221680e-01 9.802670478820800781e-01
5.132511258125305176e-01 -3.145378082990646362e-02 1.752831637859344482e-01 -1.658468395471572876e-01 5.697369948029518127e-02 1.178638935089111328e-01 9.774237275123596191e-01
5.335978269577026367e-01 -3.097294084727764130e-02 1.819613277912139893e-01 -1.766889244318008423e-01 6.219640374183654785e-02 1.211046054959297180e-01 9.748055934906005859e-01
5.463328957557678223e-01 -3.153169900178909302e-02 1.862377822399139404e-01 -1.848244518041610718e-01 6.087673455476760864e-02 1.226349398493766785e-01 9.731878042221069336e-01
5.516806244850158691e-01 -3.007555194199085236e-02 1.877320557832717896e-01 -1.905630975961685181e-01 5.980151519179344177e-02 1.218815967440605164e-01 9.722418189048767090e-01
5.570458173751831055e-01 -2.743684686720371246e-02 1.896499842405319214e-01 -1.939786076545715332e-01 5.886859819293022156e-02 1.182442605495452881e-01 9.720724821090698242e-01
5.634466409683227539e-01 -2.591755799949169159e-02 1.921075433492660522e-01 -1.960702836513519287e-01 5.812391638755798340e-02 1.133828759193420410e-01 9.722768664360046387e-01
5.706127285957336426e-01 -2.406865917146205902e-02 1.947883218526840210e-01 -1.962473988533020020e-01 5.724822729825973511e-02 1.064378693699836731e-01 9.730778932571411133e-01
5.789470672607421875e-01 -2.334832958877086639e-02 1.976911425590515137e-01 -1.952942758798599243e-01 5.641919001936912537e-02 9.823315590620040894e-02 9.741803407669067383e-01
5.882595181465148926e-01 -2.478419058024883270e-02 2.007350325584411621e-01 -1.925989538431167603e-01 5.584645643830299377e-02 8.916080743074417114e-02 9.756214022636413574e-01
5.983653068542480469e-01 -2.560977451503276825e-02 2.047441303730010986e-01 -1.892837435007095337e-01 5.566261336207389832e-02 7.938425242900848389e-02 9.771240353584289551e-01
6.090034246444702148e-01 -2.784162946045398712e-02 2.101840674877166748e-01 -1.849265396595001221e-01 5.546472966670989990e-02 6.926995515823364258e-02 9.787376523017883301e-01
6.207090616226196289e-01 -3.104253299534320831e-02 2.155533283948898315e-01 -1.801818907260894775e-01 5.517295002937316895e-02 5.872565135359764099e-02 9.803273081779479980e-01
6.337091922760009766e-01 -3.408637642860412598e-02 2.215663045644760132e-01 -1.747735291719436646e-01 5.494263395667076111e-02 4.854279011487960815e-02 9.818753004074096680e-01
6.477493047714233398e-01 -3.819297999143600464e-02 2.278967797756195068e-01 -1.684709638357162476e-01 5.453864485025405884e-02 3.899857029318809509e-02 9.834236502647399902e-01
6.636129021644592285e-01 -4.018792510032653809e-02 2.350942194461822510e-01 -1.620236933231353760e-01 5.449597537517547607e-02 3.025370463728904724e-02 9.848162531852722168e-01
6.806357502937316895e-01 -4.557745903730392456e-02 2.415855973958969116e-01 -1.548661589622497559e-01 5.426209792494773865e-02 2.288560569286346436e-02 9.861787557601928711e-01
6.988579630851745605e-01 -5.175802111625671387e-02 2.489042133092880249e-01 -1.479319185018539429e-01 5.412855744361877441e-02 1.697927527129650116e-02 9.873691201210021973e-01
7.199073433876037598e-01 -5.381605029106140137e-02 2.565381526947021484e-01 -1.411612629890441895e-01 5.438451468944549561e-02 1.236465387046337128e-02 9.884144067764282227e-01
7.418808937072753906e-01 -6.002859771251678467e-02 2.641161382198333740e-01 -1.343749016523361206e-01 5.410501360893249512e-02 1.008754316717386246e-02 9.894009828567504883e-01
7.657185792922973633e-01 -6.550311297178268433e-02 2.729395031929016113e-01 -1.283388733863830566e-01 5.460296571254730225e-02 9.522515349090099335e-03 9.901802539825439453e-01
7.917712926864624023e-01 -7.028158754110336304e-02 2.817379832267761230e-01 -1.228419616818428040e-01 5.566101148724555969e-02 1.174166053533554077e-02 9.907944798469543457e-01
8.189180493354797363e-01 -7.534614950418472290e-02 2.934952974319458008e-01 -1.190181374549865723e-01 5.733132362365722656e-02 1.679885759949684143e-02 9.910930395126342773e-01
8.477327227592468262e-01 -8.452745527029037476e-02 3.041094243526458740e-01 -1.161121428012847900e-01 5.168574675917625427e-02 2.475991100072860718e-02 9.915812611579895020e-01
8.778590559959411621e-01 -9.522004425525665283e-02 3.156780898571014404e-01 -1.144881844520568848e-01 4.581394791603088379e-02 3.517764434218406677e-02 9.917439222335815430e-01
9.101229310035705566e-01 -1.067847609519958496e-01 3.267732858657836914e-01 -1.139340698719024658e-01 3.934826329350471497e-02 4.776819795370101929e-02 9.915587902069091797e-01
9.454028606414794922e-01 -1.162960082292556763e-01 3.369405567646026611e-01 -1.138158738613128662e-01 3.230560198426246643e-02 6.275514513254165649e-02 9.909913539886474609e-01
9.820837974548339844e-01 -1.267797648906707764e-01 3.473002016544342041e-01 -1.139788553118705750e-01 2.522485703229904175e-02 7.926841080188751221e-02 9.899944067001342773e-01
1.020439267158508301e+00 -1.385969519615173340e-01 3.584110736846923828e-01 -1.143110096454620361e-01 1.795839704573154449e-02 9.675269573926925659e-02 9.885592460632324219e-01
1.052065491676330566e+00 -1.469397693872451782e-01 3.682026565074920654e-01 -1.155973449349403381e-01 1.044570561498403549e-02 1.148179844021797180e-01 9.865824580192565918e-01
1.079397439956665039e+00 -1.570447981357574463e-01 3.779202401638031006e-01 -1.181720718741416931e-01 3.359725000336766243e-03 1.361323446035385132e-01 9.836117029190063477e-01
1.097578763961791992e+00 -1.550838053226470947e-01 3.777941167354583740e-01 -1.188843920826911926e-01 -5.333679728209972382e-03 1.524548381567001343e-01 9.811195731163024902e-01
1.106778860092163086e+00 -1.389169842004776001e-01 3.752892315387725830e-01 -1.193940341472625732e-01 -1.332497224211692810e-02 1.638211160898208618e-01 9.791476130485534668e-01
1.115794181823730469e+00 -1.372668594121932983e-01 3.789701461791992188e-01 -1.213366314768791199e-01 -1.865721680223941803e-02 1.840280145406723022e-01 9.752244949340820312e-01
1.123522400856018066e+00 -1.346606612205505371e-01 3.798792958259582520e-01 -1.229116469621658325e-01 -2.482570521533489227e-02 2.033557891845703125e-01 9.710420370101928711e-01
1.130072593688964844e+00 -1.309776008129119873e-01 3.825974762439727783e-01 -1.246816962957382202e-01 -2.895178087055683136e-02 2.220551818609237671e-01 9.665958881378173828e-01
1.135287046432495117e+00 -1.263902485370635986e-01 3.831589818000793457e-01 -1.262624859809875488e-01 -3.330454975366592407e-02 2.391322553157806396e-01 9.621664285659790039e-01
1.141121149063110352e+00 -1.236985623836517334e-01 3.830218911170959473e-01 -1.279494613409042358e-01 -3.762705251574516296e-02 2.563392519950866699e-01 9.573417901992797852e-01
1.144826769828796387e+00 -1.197692751884460449e-01 3.827403187751770020e-01 -1.291269659996032715e-01 -4.073750227689743042e-02 2.713152468204498291e-01 9.529190659523010254e-01
1.148339867591857910e+00 -1.169081032276153564e-01 3.829810917377471924e-01 -1.303301453590393066e-01 -4.227813705801963806e-02 2.855744361877441406e-01 9.485113024711608887e-01
1.150592327117919922e+00 -1.141146272420883179e-01 3.824390769004821777e-01 -1.312128305435180664e-01 -4.281622543931007385e-02 2.971955835819244385e-01 9.447881579399108887e-01
1.156051754951477051e+00 -1.124161034822463989e-01 3.828900754451751709e-01 -1.318510472774505615e-01 -4.210698232054710388e-02 3.065614700317382812e-01 9.417335987091064453e-01
1.164591431617736816e+00 -1.142329648137092590e-01 3.854712843894958496e-01 -1.323348134756088257e-01 -3.919612988829612732e-02 3.143488764762878418e-01 9.392208456993103027e-01
1.293427824974060059e+00 -8.125444874167442322e-03 4.353073537349700928e-01 -1.764553189277648926e-01 -4.003739356994628906e-02 3.550298511981964111e-01 9.171773195266723633e-01
1.400993824005126953e+00 9.890429675579071045e-02 4.861230850219726562e-01 -2.181557416915893555e-01 -3.596112132072448730e-02 3.754926323890686035e-01 9.000666737556457520e-01
1.511866569519042969e+00 1.807620525360107422e-01 5.302456021308898926e-01 -2.598338723182678223e-01 -3.163379803299903870e-02 4.022389948368072510e-01 8.773194551467895508e-01
1.605474352836608887e+00 2.619217038154602051e-01 5.671048164367675781e-01 -3.013894557952880859e-01 -2.762618288397789001e-02 4.262042045593261719e-01 8.524969220161437988e-01
1.682685613632202148e+00 3.402332961559295654e-01 5.960226058959960938e-01 -3.399261534214019775e-01 -2.280011773109436035e-02 4.463537037372589111e-01 8.274652957916259766e-01
1.741636157035827637e+00 4.154137074947357178e-01 6.182085871696472168e-01 -3.756391406059265137e-01 -1.885190419852733612e-02 4.605622887611389160e-01 8.040038347244262695e-01
1.786628127098083496e+00 4.831933677196502686e-01 6.311373710632324219e-01 -4.076179862022399902e-01 -1.444326341152191162e-02 4.694939255714416504e-01 7.830800414085388184e-01
1.820445895195007324e+00 5.404075384140014648e-01 6.357463598251342773e-01 -4.347737133502960205e-01 -1.142921019345521927e-02 4.725335836410522461e-01 7.665201425552368164e-01
1.847626209259033203e+00 5.833101868629455566e-01 6.375254988670349121e-01 -4.577680528163909912e-01 -9.826765395700931549e-03 4.731153547763824463e-01 7.526710033416748047e-01
1.866118073463439941e+00 6.128226518630981445e-01 6.397803425788879395e-01 -4.745784997940063477e-01 -1.235209964215755463e-02 4.736792743206024170e-01 7.417887449264526367e-01
1.875917077064514160e+00 6.291773319244384766e-01 6.405827999114990234e-01 -4.851471483707427979e-01 -1.982024498283863068e-02 4.735046625137329102e-01 7.348691225051879883e-01
1.879583597183227539e+00 6.404432058334350586e-01 6.392482519149780273e-01 -4.914966225624084473e-01 -2.664392814040184021e-02 4.694570004940032959e-01 7.330288290977478027e-01
1.883045792579650879e+00 6.532405018806457520e-01 6.383868455886840820e-01 -4.953867495059967041e-01 -3.298621997237205505e-02 4.624273478984832764e-01 7.346187829971313477e-01
1.888845682144165039e+00 6.669488549232482910e-01 6.388164162635803223e-01 -4.965612590312957764e-01 -3.904640674591064453e-02 4.529774785041809082e-01 7.394008636474609375e-01
1.895874261856079102e+00 6.820904612541198730e-01 6.393158435821533203e-01 -4.951928853988647461e-01 -4.507302865386009216e-02 4.413231909275054932e-01 7.469847798347473145e-01
1.906809449195861816e+00 6.969735622406005859e-01 6.420781016349792480e-01 -4.911810159683227539e-01 -5.029507726430892944e-02 4.277799725532531738e-01 7.571101784706115723e-01
1.919566988945007324e+00 7.127745747566223145e-01 6.464934945106506348e-01 -4.856233894824981689e-01 -5.459446460008621216e-02 4.130708277225494385e-01 7.684801816940307617e-01
1.933694243431091309e+00 7.294236421585083008e-01 6.538152694702148438e-01 -4.782370328903198242e-01 -5.810374766588211060e-02 3.974386155605316162e-01 7.809966802597045898e-01
1.949434876441955566e+00 7.469769120216369629e-01 6.632878780364990234e-01 -4.696511626243591309e-01 -6.149303913116455078e-02 3.810132741928100586e-01 7.940247654914855957e-01
1.967946052551269531e+00 7.652599215507507324e-01 6.734402775764465332e-01 -4.597048759460449219e-01 -6.458210945129394531e-02 3.643343746662139893e-01 8.073171377182006836e-01
1.988022446632385254e+00 7.844775915145874023e-01 6.862320303916931152e-01 -4.485400021076202393e-01 -6.686964631080627441e-02 3.487204015254974365e-01 8.202037811279296875e-01
2.009510517120361328e+00 8.065305352210998535e-01 6.992369890213012695e-01 -4.366832673549652100e-01 -6.814278662204742432e-02 3.341681659221649170e-01 8.324636816978454590e-01
2.034634590148925781e+00 8.287356495857238770e-01 7.134450078010559082e-01 -4.240213036537170410e-01 -6.848263740539550781e-02 3.216833472251892090e-01 8.438221216201782227e-01
2.064173936843872070e+00 8.495250940322875977e-01 7.296037077903747559e-01 -4.108856618404388428e-01 -6.775026768445968628e-02 3.116630613803863525e-01 8.540778756141662598e-01
2.094874382019042969e+00 8.750188350677490234e-01 7.453545928001403809e-01 -3.984010815620422363e-01 -6.633087992668151855e-02 3.038016259670257568e-01 8.628911972045898438e-01
2.128333568572998047e+00 9.029182791709899902e-01 7.613354921340942383e-01 -3.862794935703277588e-01 -6.362916529178619385e-02 2.990735769271850586e-01 8.702266216278076172e-01
2.166367769241333008e+00 9.291748404502868652e-01 7.806174755096435547e-01 -3.746131658554077148e-01 -6.049713119864463806e-02 2.979846000671386719e-01 8.759053945541381836e-01
2.206060647964477539e+00 9.600511789321899414e-01 8.000604510307312012e-01 -3.652878105640411377e-01 -5.478113517165184021e-02 3.001552224159240723e-01 8.794717192649841309e-01
2.247592926025390625e+00 9.946436882019042969e-01 8.208584189414978027e-01 -3.581171333789825439e-01 -4.788639768958091736e-02 3.068228065967559814e-01 8.805218338966369629e-01
2.293540954589843750e+00 1.027544736862182617e+00 8.463077545166015625e-01 -3.516456782817840576e-01 -4.645714163780212402e-02 3.203349411487579346e-01 8.783919811248779297e-01
2.345577955245971680e+00 1.059211254119873047e+00 8.718731403350830078e-01 -3.450768887996673584e-01 -5.168600007891654968e-02 3.398043811321258545e-01 8.733747005462646484e-01
2.400945425033569336e+00 1.091331481933593750e+00 9.004192948341369629e-01 -3.401861488819122314e-01 -5.700959637761116028e-02 3.635683357715606689e-01 8.653561472892761230e-01
2.458918571472167969e+00 1.129360914230346680e+00 9.260658025741577148e-01 -3.362650573253631592e-01 -6.316929310560226440e-02 3.911634385585784912e-01 8.543573617935180664e-01
2.518399715423583984e+00 1.172248005867004395e+00 9.513331055641174316e-01 -3.327438533306121826e-01 -6.863026320934295654e-02 4.215033948421478271e-01 8.407770991325378418e-01
2.579605340957641602e+00 1.218962550163269043e+00 9.764577746391296387e-01 -3.290617465972900391e-01 -7.432682812213897705e-02 4.534844458103179932e-01 8.249518871307373047e-01
2.634591817855834961e+00 1.265529036521911621e+00 1.001483678817749023e+00 -3.262882530689239502e-01 -7.998150587081909180e-02 4.858378469944000244e-01 8.069080114364624023e-01
2.678375244140625000e+00 1.306143164634704590e+00 1.022901535034179688e+00 -3.252961337566375732e-01 -8.609923720359802246e-02 5.202500820159912109e-01 7.849262356758117676e-01
2.713734388351440430e+00 1.339970946311950684e+00 1.035251021385192871e+00 -3.225151896476745605e-01 -9.202331304550170898e-02 5.550626516342163086e-01 7.611971497535705566e-01
2.706652402877807617e+00 1.370944023132324219e+00 1.015475034713745117e+00 -3.163174390792846680e-01 -1.026127934455871582e-01 5.762497782707214355e-01 7.465587854385375977e-01
2.707970142364501953e+00 1.395019650459289551e+00 1.011089920997619629e+00 -3.133380413055419922e-01 -1.075626984238624573e-01 6.046452522277832031e-01 7.243297696113586426e-01
2.709472894668579102e+00 1.412578582763671875e+00 1.012493491172790527e+00 -3.127405345439910889e-01 -1.092353239655494690e-01 6.358469128608703613e-01 6.971080899238586426e-01
2.710578918457031250e+00 1.428753018379211426e+00 1.010432124137878418e+00 -3.105047643184661865e-01 -1.117439046502113342e-01 6.649495363235473633e-01 6.700314283370971680e-01
2.706784248352050781e+00 1.443134307861328125e+00 1.009675741195678711e+00 -3.101931810379028320e-01 -1.115646883845329285e-01 6.910037398338317871e-01 6.433096528053283691e-01
2.705342531204223633e+00 1.455422759056091309e+00 1.004684448242187500e+00 -3.083564639091491699e-01 -1.132197901606559753e-01 7.154142260551452637e-01 6.166684627532958984e-01
2.703609704971313477e+00 1.466426014900207520e+00 1.001155376434326172e+00 -3.071444928646087646e-01 -1.129411682486534119e-01 7.375738024711608887e-01 5.906702876091003418e-01
2.699961423873901367e+00 1.474443435668945312e+00 9.965344071388244629e-01 -3.063596487045288086e-01 -1.113691553473472595e-01 7.565664052963256836e-01 5.668755173683166504e-01
2.697245597839355469e+00 1.481660008430480957e+00 9.938911795616149902e-01 -3.071544766426086426e-01 -1.076424941420555115e-01 7.726063728332519531e-01 5.451133251190185547e-01
2.694746255874633789e+00 1.489822506904602051e+00 9.907352328300476074e-01 -3.083236515522003174e-01 -1.033520624041557312e-01 7.843996882438659668e-01 5.281779766082763672e-01
2.698287248611450195e+00 1.503910183906555176e+00 9.915799498558044434e-01 -3.114092350006103516e-01 -9.666282683610916138e-02 7.936673164367675781e-01 5.135880708694458008e-01
