0.000000000000000000e+00 0.000000000000000000e+00 0.000000000000000000e+00 0.000000000000000000e+00 0.000000000000000000e+00 0.000000000000000000e+00 1.000000000000000000e+00
8.347727358341217041e-02 -9.577731601893901825e-03 3.557479754090309143e-02 -2.540164149294566256e-02 6.824055706887583068e-03 2.570040758845351658e-02 9.993236102099061213e-01
1.595212816717160309e-01 -1.855853496283718998e-02 6.879736526256731433e-02 -5.029976475245413053e-02 1.426437218304040487e-02 5.051794878691255597e-02 9.973536976431351952e-01
2.284762677375104800e-01 -2.466317108575182687e-02 9.922274637510516970e-02 -7.476674277533010282e-02 2.162326309535743743e-02 7.273163095370299702e-02 9.943100515064157152e-01
2.899579692214357407e-01 -3.035151201857184261e-02 1.269533674409517865e-01 -9.816444577999103305e-02 2.901120723290386352e-02 9.375195898101049141e-02 9.903194745266902244e-01
3.439421820747097791e-01 -3.484048700328529896e-02 1.520732486764803937e-01 -1.203658085188434174e-01 3.601083111733668907e-02 1.122683129293026993e-01 9.857033621195840922e-01
3.904741544275620591e-01 -3.890427620885114623e-02 1.742224337549003188e-01 -1.410263907060833044e-01 4.245632262088241959e-02 1.287318283443587841e-01 9.806819740186137890e-01
4.295918391217371513e-01 -4.147028255219020743e-02 1.934358573785393276e-01 -1.599637668769609000e-01 4.868077674207992034e-02 1.426523908671836205e-01 9.755470622385151724e-01
4.610144172170855814e-01 -4.360976440517205788e-02 2.100299654503886282e-01 -1.770961715635921141e-01 5.485265525333511694e-02 1.542436163100119328e-01 9.704828896259775073e-01
4.849619702501246632e-01 -4.513602658781643018e-02 2.236513740032418651e-01 -1.923220551675414725e-01 6.067867577637445220e-02 1.627890683554851503e-01 9.658312713026597773e-01
5.014288878801583804e-01 -4.639980215393985780e-02 2.341943825783689981e-01 -2.053398141947538336e-01 6.647580057171298407e-02 1.688509856817890231e-01 9.617202676865566069e-01
5.113436218635780683e-01 -4.748118736472249635e-02 2.408167086989254635e-01 -2.144358322502983860e-01 6.529435997815485893e-02 1.727691106016573108e-01 9.591166533973213282e-01
5.157095046983052322e-01 -4.686074743286956779e-02 2.445598252392362781e-01 -2.208065745062983976e-01 6.382704854709475573e-02 1.740266101621033845e-01 9.575412803028642283e-01
5.202903714911808475e-01 -4.692752191557821029e-02 2.490726558628747755e-01 -2.255657854570413401e-01 6.277460388768323074e-02 1.725732647697424404e-01 9.567642833136094094e-01
5.258634532762457292e-01 -4.729684217751991410e-02 2.538098373096266402e-01 -2.284433606293893859e-01 6.199182538279960492e-02 1.693629920389726762e-01 9.567062357367939196e-01
5.321974088819554360e-01 -4.854560172457320771e-02 2.588034592055370453e-01 -2.290021835519174265e-01 6.152375122686157966e-02 1.643442390765797179e-01 9.574778321432664274e-01
5.390828779002605486e-01 -4.983708128693816602e-02 2.645555314423271298e-01 -2.289937476729459465e-01 6.121704970422790770e-02 1.579904896369548339e-01 9.585683812522111102e-01
5.465616649732232268e-01 -5.239673457384386168e-02 2.705903353837134095e-01 -2.270507039585595022e-01 6.094945823088988857e-02 1.505408400827373816e-01 9.602450712398722388e-01
5.550201532303795648e-01 -5.406612292606621101e-02 2.771679323769445924e-01 -2.245323303932365011e-01 6.109516620475273496e-02 1.421542514947237157e-01 9.621043509186365528e-01
5.634014930249693354e-01 -5.672372129994465023e-02 2.849668642374466598e-01 -2.209809791155682435e-01 6.081466291269965740e-02 1.330675948582638046e-01 9.642416703516689669e-01
5.723738075180312412e-01 -5.999429910964729912e-02 2.933155361184984766e-01 -2.166694029842205493e-01 6.069815744501935728e-02 1.235293097789020161e-01 9.664939798668117366e-01
5.825005247610263170e-01 -6.306049331417912240e-02 3.019448699198367114e-01 -2.117858670091815332e-01 6.072223091761789343e-02 1.143638207844130117e-01 9.687004045127406426e-01
5.937693906497580887e-01 -6.702322836189530952e-02 3.104447372646772507e-01 -2.054891184525046433e-01 6.065422713446062819e-02 1.054972945933475847e-01 9.710641625360386664e-01
6.064098188272234458e-01 -6.955147398735143927e-02 3.194646366897814227e-01 -1.990949327841295136e-01 6.073669391638938236e-02 9.747759665706277887e-02 9.732267874970113031e-01
6.200175805959475817e-01 -7.318781022549539217e-02 3.287904477449389296e-01 -1.922377382741711493e-01 6.080032533058297300e-02 9.049936051084184196e-02 9.752732120642169100e-01
6.345208033916390766e-01 -7.731446429826856204e-02 3.388175616951422664e-01 -1.853106060471021166e-01 6.101410813738642608e-02 8.483789775696698454e-02 9.771078696842194766e-01
6.507725395568130233e-01 -8.041066359350454440e-02 3.489481782385432940e-01 -1.786868417138913201e-01 6.134255052737196817e-02 8.107011474074757307e-02 9.786397399395926344e-01
6.682749306934057110e-01 -8.398214972635811848e-02 3.595701590556284466e-01 -1.722997847603716659e-01 6.167315881299479524e-02 7.932906347933070534e-02 9.799061717027039986e-01
6.871729938623768463e-01 -8.742696280920565777e-02 3.707903093968654140e-01 -1.663744347662960976e-01 6.221673137328592729e-02 7.963515476717608621e-02 9.808704643930449274e-01
7.075074760979641608e-01 -9.104432503251704001e-02 3.826156653197539947e-01 -1.610187259002734961e-01 6.308118201499665623e-02 8.298304011745888387e-02 9.814313778547676392e-01
7.293599247244919592e-01 -9.434662552429727567e-02 3.951951158308932843e-01 -1.570193507991871629e-01 6.419300964553305289e-02 8.887883571942738203e-02 9.814910766524622687e-01
7.523523764173942752e-01 -9.792139735399502110e-02 4.090830853427050995e-01 -1.530991648722051512e-01 5.825242813472138181e-02 9.867777899954238707e-02 9.815446990654883574e-01
7.765110679838309604e-01 -1.013240626226556140e-01 4.244741859534363893e-01 -1.502308508606066961e-01 5.161116006945307838e-02 1.113449079686970183e-01 9.810042258193518716e-01
8.026183146572142268e-01 -1.042873046235589934e-01 4.399776461916709569e-01 -1.485098759128275769e-01 4.437593683842559755e-02 1.264266883283394205e-01 9.797917561729112546e-01
8.304909272204908932e-01 -1.064238120776505314e-01 4.558714314552763103e-01 -1.472819442938740619e-01 3.712338807035859417e-02 1.442247966491721212e-01 9.778185368332401595e-01
8.594861242437863424e-01 -1.082009548597119147e-01 4.727588211424112452e-01 -1.468084884530060918e-01 2.990324482731432018e-02 1.640791443035402863e-01 9.750031272111691072e-01
8.897963771870616156e-01 -1.116919062360714754e-01 4.904911918322036879e-01 -1.466363566289087261e-01 2.237155946024240935e-02 1.853357720404360531e-01 9.714154331922526531e-01
9.146944283390858743e-01 -1.141056326991192610e-01 5.057318067494115388e-01 -1.468110228208752421e-01 1.452003104616616039e-02 2.080027003078545600e-01 9.669387617327932505e-01
9.339650553508006547e-01 -1.143472234406880672e-01 5.183174453991736819e-01 -1.482834132846361785e-01 6.854074133164220900e-03 2.313727360815411582e-01 9.614737167549491925e-01
9.489480688661720009e-01 -1.146169114671215655e-01 5.266005178325465774e-01 -1.497659922966667057e-01 -3.428531812625012706e-04 2.552991786015034736e-01 9.551923154048552744e-01
9.581628836707308805e-01 -1.128473312265965700e-01 5.342814017575231444e-01 -1.521250457225381825e-01 -6.822691775425782264e-03 2.794312440515778762e-01 9.480135026404639120e-01
9.629340800517132148e-01 -1.065858682518817657e-01 5.398419993166262421e-01 -1.538209380244123514e-01 -1.325881511888948698e-02 3.018140114240502880e-01 9.407824537878329840e-01
9.684841107737307553e-01 -1.027432371262945038e-01 5.470597324849902909e-01 -1.552512716402122128e-01 -1.930375413996553852e-02 3.254039657551386355e-01 9.325431179312994034e-01
9.734000605481871737e-01 -9.710580300998189474e-02 5.540876883308427647e-01 -1.570266052366867393e-01 -2.394535427326580784e-02 3.475804372053427072e-01 9.240979953060780572e-01
9.779517395727336249e-01 -8.940809943007703431e-02 5.601391115849129188e-01 -1.580389555776507693e-01 -2.807746199290570357e-02 3.682801831704145545e-01 9.157538158980983445e-01
9.830907965317340347e-01 -8.165998534482962756e-02 5.668270577334155735e-01 -1.595196911255626349e-01 -3.138080954890302976e-02 3.876183781619405577e-01 9.073702143261963560e-01
9.867250929196110798e-01 -7.166413479890593186e-02 5.729248024260410466e-01 -1.604072270682489199e-01 -3.391826337247867695e-02 4.049007596243505702e-01 8.995412429509244134e-01
9.906530716964113692e-01 -6.028320845176085574e-02 5.782132523164243976e-01 -1.612056129751193168e-01 -3.542991648713769010e-02 4.205465642967741724e-01 8.921311891315143461e-01
9.942172706517791170e-01 -4.750999960049913373e-02 5.833906745692127860e-01 -1.619187680401797391e-01 -3.570277171455512460e-02 4.336552657052980542e-01 8.856922350197703464e-01
1.000866831525210499e+00 -3.770668480454773819e-02 5.904416392444958861e-01 -1.626940687054023171e-01 -3.456885865734183466e-02 4.432785123763119395e-01 8.808176851566130727e-01
1.011313312050623914e+00 -3.567799891771138848e-02 5.997924591750648515e-01 -1.635731944902910906e-01 -3.198806200631497398e-02 4.506972134769905991e-01 8.769792447358132348e-01
