2.616429710388183594e+01 -2.226403045654296875e+01 -9.312875270843505859e-01 -9.828075766563415527e-02 1.950348913669586182e-01 7.394629120826721191e-01 6.367863416671752930e-01
2.616371917724609375e+01 -2.217281150817871094e+01 -9.335718154907226562e-01 -1.150443255901336670e-01 1.832592189311981201e-01 7.594124078750610352e-01 6.135740876197814941e-01
2.616263771057128906e+01 -2.208923530578613281e+01 -9.349433183670043945e-01 -1.317156255245208740e-01 1.714167892932891846e-01 7.774057984352111816e-01 5.906829833984375000e-01
2.616108322143554688e+01 -2.201338768005371094e+01 -9.356669187545776367e-01 -1.481156349182128906e-01 1.596852093935012817e-01 7.933979630470275879e-01 5.684009194374084473e-01
2.615916442871093750e+01 -2.194534683227539062e+01 -9.358268976211547852e-01 -1.640769392251968384e-01 1.482434421777725220e-01 8.073759675025939941e-01 5.470307469367980957e-01
2.615703582763671875e+01 -2.188516426086425781e+01 -9.354590177536010742e-01 -1.794433444738388062e-01 1.372694224119186401e-01 8.193558454513549805e-01 5.268845558166503906e-01
2.615481948852539062e+01 -2.183289146423339844e+01 -9.346032738685607910e-01 -1.940722465515136719e-01 1.269402951002120972e-01 8.293763399124145508e-01 5.082809925079345703e-01
2.615267181396484375e+01 -2.178854751586914062e+01 -9.332883954048156738e-01 -2.078257799148559570e-01 1.174262911081314087e-01 8.374949693679809570e-01 4.915412664413452148e-01
2.615072631835937500e+01 -2.175218009948730469e+01 -9.315352439880371094e-01 -2.205991446971893311e-01 1.089066863059997559e-01 8.437740206718444824e-01 4.769808650016784668e-01
2.614912414550781250e+01 -2.172376251220703125e+01 -9.293590784072875977e-01 -2.322078049182891846e-01 1.015075147151947021e-01 8.482976555824279785e-01 4.649249017238616943e-01
2.614798355102539062e+01 -2.170338439941406250e+01 -9.267690181732177734e-01 -2.427974939346313477e-01 9.553112089633941650e-02 8.510640859603881836e-01 4.556316733360290527e-01
2.614745521545410156e+01 -2.169097328186035156e+01 -9.237070083618164062e-01 -2.468551397323608398e-01 8.807574957609176636e-02 8.535136580467224121e-01 4.503396153450012207e-01
2.614748191833496094e+01 -2.168671417236328125e+01 -9.201710224151611328e-01 -2.498874217271804810e-01 8.211381733417510986e-02 8.544836044311523438e-01 4.479469656944274902e-01
2.614802932739257812e+01 -2.168209838867187500e+01 -9.166964292526245117e-01 -2.523176968097686768e-01 7.769187539815902710e-02 8.541030883789062500e-01 4.480978548526763916e-01
2.614903831481933594e+01 -2.167664337158203125e+01 -9.132986068725585938e-01 -2.541539371013641357e-01 7.464513182640075684e-02 8.525704741477966309e-01 4.504892826080322266e-01
2.615045356750488281e+01 -2.167043685913085938e+01 -9.099569916725158691e-01 -2.554769515991210938e-01 7.286838442087173462e-02 8.500403761863708496e-01 4.547911584377288818e-01
2.615222167968750000e+01 -2.166333770751953125e+01 -9.066726565361022949e-01 -2.563187777996063232e-01 7.224462181329727173e-02 8.466652631759643555e-01 4.606733620166778564e-01
2.615426445007324219e+01 -2.165533065795898438e+01 -9.034466147422790527e-01 -2.567021846771240234e-01 7.266435027122497559e-02 8.425927162170410156e-01 4.678039252758026123e-01
2.615652084350585938e+01 -2.164633369445800781e+01 -9.002736210823059082e-01 -2.566374242305755615e-01 7.401939481496810913e-02 8.379737734794616699e-01 4.758532643318176270e-01
2.615892410278320312e+01 -2.163629341125488281e+01 -8.971558213233947754e-01 -2.561290562152862549e-01 7.620378583669662476e-02 8.329648375511169434e-01 4.844970107078552246e-01
2.616141700744628906e+01 -2.162514877319335938e+01 -8.940977454185485840e-01 -2.551801800727844238e-01 7.911170274019241333e-02 8.277312517166137695e-01 4.934173822402954102e-01
2.616395187377929688e+01 -2.161283493041992188e+01 -8.910990357398986816e-01 -2.537968754768371582e-01 8.263879269361495972e-02 8.224475383758544922e-01 5.023064613342285156e-01
2.616647338867187500e+01 -2.159927940368652344e+01 -8.881618976593017578e-01 -2.519920170307159424e-01 8.667974919080734253e-02 8.172982931137084961e-01 5.108649134635925293e-01
2.616893959045410156e+01 -2.158440589904785156e+01 -8.852934837341308594e-01 -2.497878074645996094e-01 9.112953394651412964e-02 8.124755024909973145e-01 5.188033580780029297e-01
2.617134284973144531e+01 -2.156814193725585938e+01 -8.824213147163391113e-01 -2.472193539142608643e-01 9.588360786437988281e-02 8.081775307655334473e-01 5.258414745330810547e-01
2.617362976074218750e+01 -2.155041122436523438e+01 -8.795993328094482422e-01 -2.443361878395080566e-01 1.008368656039237976e-01 8.046057224273681641e-01 5.317064523696899414e-01
2.617577743530273438e+01 -2.153113174438476562e+01 -8.768284916877746582e-01 -2.412066012620925903e-01 1.058851405978202820e-01 8.019603490829467773e-01 5.361315608024597168e-01
2.617775154113769531e+01 -2.151022911071777344e+01 -8.740968108177185059e-01 -2.379096895456314087e-01 1.109187826514244080e-01 8.004380464553833008e-01 5.388545989990234375e-01
2.617953491210937500e+01 -2.148761558532714844e+01 -8.713933825492858887e-01 -2.345689535140991211e-01 1.158415451645851135e-01 8.002185821533203125e-01 5.396085977554321289e-01
2.618109893798828125e+01 -2.146321868896484375e+01 -8.686980605125427246e-01 -2.312314212322235107e-01 1.204879283905029297e-01 8.014897704124450684e-01 5.381433963775634766e-01
2.618240547180175781e+01 -2.143696594238281250e+01 -8.659929037094116211e-01 -2.283172905445098877e-01 1.249195337295532227e-01 8.043256402015686035e-01 5.341314077377319336e-01
2.618342590332031250e+01 -2.140883445739746094e+01 -8.632146716117858887e-01 -2.197902947664260864e-01 1.248997896909713745e-01 8.103665709495544434e-01 5.285532474517822266e-01
2.618411445617675781e+01 -2.137874221801757812e+01 -8.603820800781250000e-01 -2.106188535690307617e-01 1.238913089036941528e-01 8.181649446487426758e-01 5.204491615295410156e-01
2.618446540832519531e+01 -2.134680557250976562e+01 -8.574682474136352539e-01 -2.011691033840179443e-01 1.221818402409553528e-01 8.273481726646423340e-01 5.099695920944213867e-01
2.618448638916015625e+01 -2.131305503845214844e+01 -8.544440865516662598e-01 -1.914422065019607544e-01 1.198076829314231873e-01 8.376272320747375488e-01 4.973416924476623535e-01
2.618418312072753906e+01 -2.127772140502929688e+01 -8.512724041938781738e-01 -1.815403103828430176e-01 1.168733090162277222e-01 8.486934304237365723e-01 4.827791750431060791e-01
2.618356323242187500e+01 -2.124056816101074219e+01 -8.479513525962829590e-01 -1.715438365936279297e-01 1.134684309363365173e-01 8.602542877197265625e-01 4.665119051933288574e-01
2.618264961242675781e+01 -2.120959854125976562e+01 -8.439700007438659668e-01 -1.615453064441680908e-01 1.096903905272483826e-01 8.720316290855407715e-01 4.487819373607635498e-01
2.618147087097167969e+01 -2.118527984619140625e+01 -8.392909765243530273e-01 -1.516412198543548584e-01 1.056389287114143372e-01 8.837701678276062012e-01 4.298476576805114746e-01
2.618008613586425781e+01 -2.116760635375976562e+01 -8.339148759841918945e-01 -1.419350802898406982e-01 1.014178916811943054e-01 8.952402472496032715e-01 4.099836349487304688e-01
2.617855644226074219e+01 -2.115662384033203125e+01 -8.278436064720153809e-01 -1.325362920761108398e-01 9.713502973318099976e-02 9.062421917915344238e-01 3.894825577735900879e-01
2.617696189880371094e+01 -2.115264320373535156e+01 -8.210703730583190918e-01 -1.235594600439071655e-01 9.290107339620590210e-02 9.166088700294494629e-01 3.686506450176239014e-01
2.617540359497070312e+01 -2.114971351623535156e+01 -8.139849901199340820e-01 -1.151239350438117981e-01 8.882985264062881470e-02 9.262059926986694336e-01 3.478090167045593262e-01
2.617398643493652344e+01 -2.114759445190429688e+01 -8.066285252571105957e-01 -1.073533669114112854e-01 8.503753691911697388e-02 9.349324703216552734e-01 3.272894918918609619e-01
2.617282295227050781e+01 -2.114645004272460938e+01 -7.990202307701110840e-01 -1.003743633627891541e-01 8.164213597774505615e-02 9.427182674407958984e-01 3.074330091476440430e-01
2.617202949523925781e+01 -2.114624595642089844e+01 -7.912001013755798340e-01 -9.431602060794830322e-02 7.876297831535339355e-02 9.495221972465515137e-01 2.885859608650207520e-01
2.617173576354980469e+01 -2.114706611633300781e+01 -7.832016348838806152e-01 -8.930930495262145996e-02 7.652016729116439819e-02 9.553261995315551758e-01 2.710972130298614502e-01
2.617206001281738281e+01 -2.114884567260742188e+01 -7.750673294067382812e-01 -8.548570424318313599e-02 7.503435015678405762e-02 9.601294994354248047e-01 2.553165853023529053e-01
2.617313575744628906e+01 -2.115177536010742188e+01 -7.668237686157226562e-01 -8.297750353813171387e-02 7.442633062601089478e-02 9.639409780502319336e-01 2.415913939476013184e-01
2.617508506774902344e+01 -2.115159225463867188e+01 -7.587723731994628906e-01 -8.191654086112976074e-02 7.481694966554641724e-02 9.667693376541137695e-01 2.302644997835159302e-01
2.617803955078125000e+01 -2.114809608459472656e+01 -7.509539127349853516e-01 -8.243444561958312988e-02 7.632718235254287720e-02 9.686136245727539062e-01 2.216724157333374023e-01
