-4.452462308108806610e-03 9.506114125251770020e-01 -2.659993059933185577e-02
-7.228367961943149567e-03 8.734914064407348633e-01 -1.749269664287567139e-02
-8.829466067254543304e-03 7.953871488571166992e-01 -8.650295436382293701e-03
-1.029671449214220047e-02 7.164678573608398438e-01 -2.647454617545008659e-03
-1.016333419829607010e-02 6.369206905364990234e-01 3.563502337783575058e-03
-8.776692673563957214e-03 5.568762421607971191e-01 9.065257385373115540e-03
-6.090783514082431793e-03 4.766806066036224365e-01 1.436510868370532990e-02
-1.973676029592752457e-03 3.956433832645416260e-01 1.936632208526134491e-02
3.499796846881508827e-03 3.157720863819122314e-01 2.420092560350894928e-02
9.987386874854564667e-03 2.327654212713241577e-01 2.893569320440292358e-02
1.813745126128196716e-02 1.564466059207916260e-01 3.357213363051414490e-02
2.664388529956340790e-02 6.283028423786163330e-02 3.972246870398521423e-02
3.433364629745483398e-02 1.967642642557621002e-02 4.238502308726310730e-02
4.165031388401985168e-02 4.091418161988258362e-02 4.119942337274551392e-02
4.820803925395011902e-02 4.128058254718780518e-02 4.143118858337402344e-02
5.421277880668640137e-02 5.140428990125656128e-02 4.116075113415718079e-02
5.948100239038467407e-02 5.833026766777038574e-02 4.114707186818122864e-02
6.394821405410766602e-02 6.746307015419006348e-02 4.102869331836700439e-02
6.773510575294494629e-02 7.658678293228149414e-02 4.093315079808235168e-02
7.079879194498062134e-02 8.659695833921432495e-02 4.079512134194374084e-02
7.326826453208923340e-02 9.717779606580734253e-02 4.060039669275283813e-02
7.519060373306274414e-02 1.084641218185424805e-01 4.045510292053222656e-02
7.646917551755905151e-02 1.205289661884307861e-01 4.008001834154129028e-02
7.751088589429855347e-02 1.334092170000076294e-01 4.021156951785087585e-02
7.822246104478836060e-02 1.470176726579666138e-01 4.050881788134574890e-02
7.835150510072708130e-02 1.614730358123779297e-01 4.019855707883834839e-02
7.821208983659744263e-02 1.767021566629409790e-01 4.016872122883796692e-02
7.771340012550354004e-02 1.928493380546569824e-01 4.012585803866386414e-02
7.697180658578872681e-02 2.096368372440338135e-01 4.031554237008094788e-02
7.574861496686935425e-02 2.275393158197402954e-01 4.054558649659156799e-02
7.421045750379562378e-02 2.454253435134887695e-01 4.134436324238777161e-02
7.215534150600433350e-02 2.646396756172180176e-01 4.231623932719230652e-02
6.973613798618316650e-02 2.824913859367370605e-01 4.319786652922630310e-02
6.735568493604660034e-02 3.023296892642974854e-01 4.436315596103668213e-02
6.495454907417297363e-02 3.141262829303741455e-01 4.619222134351730347e-02
6.254949420690536499e-02 3.419125974178314209e-01 4.724749550223350525e-02
6.027282401919364929e-02 3.225420117378234863e-01 5.137844383716583252e-02
5.813917890191078186e-02 2.433536201715469360e-01 5.932179093360900879e-02
5.640091747045516968e-02 1.811462640762329102e-01 6.623594462871551514e-02
5.527973920106887817e-02 1.150251179933547974e-01 7.335991412401199341e-02
5.472359061241149902e-02 3.891492635011672974e-02 8.098702132701873779e-02
5.510368943214416504e-02 -4.596450366079807281e-03 8.640636503696441650e-02
5.645742267370223999e-02 -2.274118131026625633e-03 8.872948586940765381e-02
5.881762132048606873e-02 -1.650588028132915497e-02 9.177698940038681030e-02
6.227036193013191223e-02 -2.369039505720138550e-02 9.403382241725921631e-02
6.691555678844451904e-02 -3.573539853096008301e-02 9.619476646184921265e-02
7.273560762405395508e-02 -4.283536225557327271e-02 9.764432907104492188e-02
7.970923930406570435e-02 -5.960656702518463135e-02 9.929019212722778320e-02
8.792778104543685913e-02 -5.146086588501930237e-02 9.899951517581939697e-02
9.726643562316894531e-02 -1.110921986401081085e-02 9.637320041656494141e-02
1.079154536128044128e-01 1.813245564699172974e-02 9.413595497608184814e-02
