2.616429710388183594e+01 -2.226403045654296875e+01 -9.312875270843505859e-01 -9.828075766563415527e-02 1.950348913669586182e-01 7.394629120826721191e-01 6.367863416671752930e-01
2.616371726989746094e+01 -2.217281150817871094e+01 -9.335713982582092285e-01 -1.150443777441978455e-01 1.832592040300369263e-01 7.594124078750610352e-01 6.135740876197814941e-01
2.616256141662597656e+01 -2.208922958374023438e+01 -9.349456429481506348e-01 -1.317157447338104248e-01 1.714167892932891846e-01 7.774057984352111816e-01 5.906829833984375000e-01
2.616086578369140625e+01 -2.201336669921875000e+01 -9.356795549392700195e-01 -1.481157690286636353e-01 1.596851944923400879e-01 7.933979630470275879e-01 5.684009194374084473e-01
2.615873718261718750e+01 -2.194530868530273438e+01 -9.358519315719604492e-01 -1.640771180391311646e-01 1.482434421777725220e-01 8.073759675025939941e-01 5.470307469367980957e-01
2.615633010864257812e+01 -2.188510704040527344e+01 -9.355052709579467773e-01 -1.794435381889343262e-01 1.372694224119186401e-01 8.193558454513549805e-01 5.268845558166503906e-01
2.615377616882324219e+01 -2.183280944824218750e+01 -9.346761107444763184e-01 -1.940724551677703857e-01 1.269402951002120972e-01 8.293762803077697754e-01 5.082809329032897949e-01
2.615122604370117188e+01 -2.178843688964843750e+01 -9.333956837654113770e-01 -2.078259736299514771e-01 1.174263060092926025e-01 8.374949097633361816e-01 4.915412068367004395e-01
2.614882469177246094e+01 -2.175203323364257812e+01 -9.316838383674621582e-01 -2.205993831157684326e-01 1.089066937565803528e-01 8.437739610671997070e-01 4.769808351993560791e-01
2.614670372009277344e+01 -2.172358322143554688e+01 -9.295570850372314453e-01 -2.322080433368682861e-01 1.015075147151947021e-01 8.482976555824279785e-01 4.649249315261840820e-01
2.614499855041503906e+01 -2.170316505432128906e+01 -9.270252585411071777e-01 -2.427977174520492554e-01 9.553110599517822266e-02 8.510640263557434082e-01 4.556316435337066650e-01
2.614385032653808594e+01 -2.169071006774902344e+01 -9.240294694900512695e-01 -2.468553781509399414e-01 8.807574212551116943e-02 8.535137176513671875e-01 4.503396451473236084e-01
2.614320755004882812e+01 -2.168640708923339844e+01 -9.205704331398010254e-01 -2.498876303434371948e-01 8.211379498243331909e-02 8.544835448265075684e-01 4.479469358921051025e-01
2.614303970336914062e+01 -2.168174171447753906e+01 -9.171819686889648438e-01 -2.523179054260253906e-01 7.769185304641723633e-02 8.541030287742614746e-01 4.480977952480316162e-01
2.614328765869140625e+01 -2.167624092102050781e+01 -9.138779044151306152e-01 -2.541541159152984619e-01 7.464509457349777222e-02 8.525704145431518555e-01 4.504891932010650635e-01
2.614389610290527344e+01 -2.166998481750488281e+01 -9.106430411338806152e-01 -2.554771304130554199e-01 7.286835461854934692e-02 8.500403761863708496e-01 4.547910988330841064e-01
2.614481544494628906e+01 -2.166284179687500000e+01 -9.074749350547790527e-01 -2.563189566135406494e-01 7.224459201097488403e-02 8.466652035713195801e-01 4.606733322143554688e-01
2.614597511291503906e+01 -2.165478134155273438e+01 -9.043743610382080078e-01 -2.567023038864135742e-01 7.266432046890258789e-02 8.425927162170410156e-01 4.678038358688354492e-01
2.614730644226074219e+01 -2.164573478698730469e+01 -9.013370275497436523e-01 -2.566375732421875000e-01 7.401938736438751221e-02 8.379738330841064453e-01 4.758531749248504639e-01
2.614875984191894531e+01 -2.163564300537109375e+01 -8.983675837516784668e-01 -2.561291456222534180e-01 7.620377093553543091e-02 8.329648375511169434e-01 4.844968616962432861e-01
2.615026283264160156e+01 -2.162444877624511719e+01 -8.954653739929199219e-01 -2.551802694797515869e-01 7.911168038845062256e-02 8.277312517166137695e-01 4.934172630310058594e-01
2.615177917480468750e+01 -2.161208343505859375e+01 -8.926357626914978027e-01 -2.537969648838043213e-01 8.263877034187316895e-02 8.224475979804992676e-01 5.023063421249389648e-01
2.615325546264648438e+01 -2.159848403930664062e+01 -8.898764252662658691e-01 -2.519920468330383301e-01 8.667971193790435791e-02 8.172982931137084961e-01 5.108646750450134277e-01
2.615464782714843750e+01 -2.158356666564941406e+01 -8.871943354606628418e-01 -2.497878372669219971e-01 9.112948924303054810e-02 8.124756217002868652e-01 5.188031792640686035e-01
2.615595054626464844e+01 -2.156726264953613281e+01 -8.845202326774597168e-01 -2.472193539142608643e-01 9.588354825973510742e-02 8.081775903701782227e-01 5.258412361145019531e-01
2.615711975097656250e+01 -2.154949378967285156e+01 -8.819060921669006348e-01 -2.443362176418304443e-01 1.008367985486984253e-01 8.046058416366577148e-01 5.317063331604003906e-01
2.615812683105468750e+01 -2.153017807006835938e+01 -8.793510198593139648e-01 -2.412066161632537842e-01 1.058850586414337158e-01 8.019604682922363281e-01 5.361313819885253906e-01
2.615894317626953125e+01 -2.150923919677734375e+01 -8.768460750579833984e-01 -2.379097193479537964e-01 1.109187230467796326e-01 8.004382848739624023e-01 5.388544201850891113e-01
2.615955162048339844e+01 -2.148659515380859375e+01 -8.743807077407836914e-01 -2.345689237117767334e-01 1.158414706587791443e-01 8.002187013626098633e-01 5.396083593368530273e-01
2.615992355346679688e+01 -2.146217346191406250e+01 -8.719283342361450195e-01 -2.312313765287399292e-01 1.204878762364387512e-01 8.014898896217346191e-01 5.381431579589843750e-01
2.616002464294433594e+01 -2.143589591979980469e+01 -8.694751262664794922e-01 -2.283172607421875000e-01 1.249194741249084473e-01 8.043258786201477051e-01 5.341311693191528320e-01
2.615982818603515625e+01 -2.140774345397949219e+01 -8.669564723968505859e-01 -2.197902351617813110e-01 1.248997226357460022e-01 8.103667497634887695e-01 5.285530090332031250e-01
2.615929031372070312e+01 -2.137763595581054688e+01 -8.643932342529296875e-01 -2.106187641620635986e-01 1.238912343978881836e-01 8.181651234626770020e-01 5.204488635063171387e-01
2.615840530395507812e+01 -2.134568405151367188e+01 -8.617542386054992676e-01 -2.011689692735671997e-01 1.221817359328269958e-01 8.273483514785766602e-01 5.099692940711975098e-01
2.615717887878417969e+01 -2.131192588806152344e+01 -8.590111136436462402e-01 -1.914420127868652344e-01 1.198075637221336365e-01 8.376274108886718750e-01 4.973414242267608643e-01
2.615562438964843750e+01 -2.127658462524414062e+01 -8.561286926269531250e-01 -1.815400868654251099e-01 1.168731823563575745e-01 8.486936092376708984e-01 4.827789068222045898e-01
2.615374946594238281e+01 -2.123942947387695312e+01 -8.530991077423095703e-01 -1.715435683727264404e-01 1.134682893753051758e-01 8.602544665336608887e-01 4.665116071701049805e-01
2.615157127380371094e+01 -2.120846176147460938e+01 -8.494136929512023926e-01 -1.615449637174606323e-01 1.096902415156364441e-01 8.720318675041198730e-01 4.487816691398620605e-01
2.614912796020507812e+01 -2.118414878845214844e+01 -8.450341820716857910e-01 -1.516408622264862061e-01 1.056387647986412048e-01 8.837704062461853027e-01 4.298473298549652100e-01
2.614647865295410156e+01 -2.116647911071777344e+01 -8.399599790573120117e-01 -1.419346928596496582e-01 1.014176979660987854e-01 8.952404260635375977e-01 4.099832475185394287e-01
2.614368057250976562e+01 -2.115550994873046875e+01 -8.341931700706481934e-01 -1.325358897447586060e-01 9.713482856750488281e-02 9.062423706054687500e-01 3.894821703433990479e-01
2.614081382751464844e+01 -2.115154266357421875e+01 -8.277281522750854492e-01 -1.235590726137161255e-01 9.290088713169097900e-02 9.166091084480285645e-01 3.686502873897552490e-01
2.613799095153808594e+01 -2.114863014221191406e+01 -8.209514021873474121e-01 -1.151235625147819519e-01 8.882963657379150391e-02 9.262061715126037598e-01 3.478085994720458984e-01
2.613530158996582031e+01 -2.114653968811035156e+01 -8.139019608497619629e-01 -1.073530167341232300e-01 8.503732830286026001e-02 9.349327087402343750e-01 3.272891044616699219e-01
2.613286972045898438e+01 -2.114541435241699219e+01 -8.066050410270690918e-01 -1.003740280866622925e-01 8.164194226264953613e-02 9.427185654640197754e-01 3.074325919151306152e-01
2.613080596923828125e+01 -2.114524078369140625e+01 -7.990952730178833008e-01 -9.431570023298263550e-02 7.876279205083847046e-02 9.495224952697753906e-01 2.885855436325073242e-01
2.612924575805664062e+01 -2.114608955383300781e+01 -7.914084196090698242e-01 -8.930897712707519531e-02 7.651996612548828125e-02 9.553264379501342773e-01 2.710967659950256348e-01
2.612830162048339844e+01 -2.114789772033691406e+01 -7.835848927497863770e-01 -8.548539876937866211e-02 7.503414154052734375e-02 9.601297974586486816e-01 2.553161382675170898e-01
2.612811279296875000e+01 -2.115085792541503906e+01 -7.756540179252624512e-01 -8.297720551490783691e-02 7.442611455917358398e-02 9.639411568641662598e-01 2.415909171104431152e-01
2.612879753112792969e+01 -2.115070343017578125e+01 -7.679159641265869141e-01 -8.191623538732528687e-02 7.481672614812850952e-02 9.667694568634033203e-01 2.302640080451965332e-01
2.613048553466796875e+01 -2.114724159240722656e+01 -7.604091763496398926e-01 -8.243416249752044678e-02 7.632697373628616333e-02 9.686138629913330078e-01 2.216719537973403931e-01
