-4.452462308108806610e-03 9.506114125251770020e-01 -2.659993059933185577e-02
-1.252455916255712509e-02 8.747226595878601074e-01 -2.090927027165889740e-02
-1.923918910324573517e-02 7.978255748748779297e-01 -1.539195235818624496e-02
-2.566163055598735809e-02 7.200899124145507812e-01 -1.262329425662755966e-02
-3.034723550081253052e-02 6.417029500007629395e-01 -9.548609144985675812e-03
-3.363316506147384644e-02 5.627950429916381836e-01 -7.091888226568698883e-03
-3.546459227800369263e-02 4.837129712104797363e-01 -4.752016160637140274e-03
-3.569931909441947937e-02 4.037679433822631836e-01 -2.629685215651988983e-03
-3.440403193235397339e-02 3.249698877334594727e-01 -5.919439718127250671e-04
-3.192246705293655396e-02 2.430181652307510376e-01 1.432764111086726189e-03
-2.761645615100860596e-02 1.677342057228088379e-01 3.446463495492935181e-03
-2.280033752322196960e-02 7.512954622507095337e-02 7.061243522912263870e-03
-1.864496059715747833e-02 3.295984119176864624e-02 7.274186704307794571e-03
-1.470328308641910553e-02 5.515274778008460999e-02 3.723857924342155457e-03
-1.136125624179840088e-02 5.644432827830314636e-02 1.674175262451171875e-03
-8.412739261984825134e-03 6.746274232864379883e-02 -7.955267792567610741e-04
-6.046545691788196564e-03 7.525105029344558716e-02 -2.924977801740169525e-03
-4.333289805799722672e-03 8.521088212728500366e-02 -5.075053777545690536e-03
-3.154403995722532272e-03 9.512669593095779419e-02 -7.120786234736442566e-03
-2.557586412876844406e-03 1.058939993381500244e-01 -9.130232036113739014e-03
-2.418267074972391129e-03 1.171986237168312073e-01 -1.111884415149688721e-02
-2.692701295018196106e-03 1.291768997907638550e-01 -1.298185531049966812e-02
-3.479491919279098511e-03 1.419024318456649780e-01 -1.499855332076549530e-02
-4.372076131403446198e-03 1.554137468338012695e-01 -1.643352769315242767e-02
-5.472544580698013306e-03 1.696248799562454224e-01 -1.762585528194904327e-02
-7.036291994154453278e-03 1.846561580896377563e-01 -1.934908702969551086e-02
-8.744090795516967773e-03 2.004359811544418335e-01 -2.071663551032543182e-02
-1.069600507616996765e-02 2.171100825071334839e-01 -2.202133834362030029e-02
-1.278052479028701782e-02 2.344024032354354858e-01 -2.301945723593235016e-02
-1.523833721876144409e-02 2.527897953987121582e-01 -2.390653081238269806e-02
-1.791026070713996887e-02 2.711418569087982178e-01 -2.415826544165611267e-02
-2.101111598312854767e-02 2.908042967319488525e-01 -2.416767179965972900e-02
-2.439788728952407837e-02 3.090878129005432129e-01 -2.419803105294704437e-02
-2.767179720103740692e-02 3.293434083461761475e-01 -2.387418597936630249e-02
-3.089140914380550385e-02 3.415448367595672607e-01 -2.281381376087665558e-02
-3.404569253325462341e-02 3.697251379489898682e-01 -2.245446853339672089e-02
-3.700719028711318970e-02 3.507381379604339600e-01 -1.894969865679740906e-02
-3.976828604936599731e-02 2.719219923019409180e-01 -1.156875956803560257e-02
-4.208379983901977539e-02 2.100747525691986084e-01 -5.156477913260459900e-03
-4.371614009141921997e-02 1.443104743957519531e-01 1.531587447971105576e-03
-4.471403360366821289e-02 6.854757666587829590e-02 8.784051984548568726e-03
-4.472353681921958923e-02 2.534908428788185120e-02 1.387909427285194397e-02
-4.371697828173637390e-02 2.793835103511810303e-02 1.592565327882766724e-02
-4.165600612759590149e-02 1.393201760947704315e-02 1.873701997101306915e-02
-3.844587504863739014e-02 6.937250494956970215e-03 2.079876884818077087e-02
-3.398618847131729126e-02 -4.956156015396118164e-03 2.280920557677745819e-02
-2.828796580433845520e-02 -1.193977333605289459e-02 2.414872124791145325e-02
-2.136861346662044525e-02 -2.863534353673458099e-02 2.571785449981689453e-02
-1.313768886029720306e-02 -2.045253291726112366e-02 2.538487687706947327e-02
-3.775286022573709488e-03 1.990455202758312225e-02 2.274726890027523041e-02
6.873706355690956116e-03 4.914627596735954285e-02 2.050993964076042175e-02
