2.616429710388183594e+01 -2.226403045654296875e+01 -9.312875270843505859e-01 -9.828075766563415527e-02 1.950348913669586182e-01 7.394629120826721191e-01 6.367863416671752930e-01
2.616371154785156250e+01 -2.217280769348144531e+01 -9.335839748382568359e-01 -1.150439530611038208e-01 1.832592636346817017e-01 7.594122886657714844e-01 6.135743856430053711e-01
2.616250610351562500e+01 -2.208910751342773438e+01 -9.352990388870239258e-01 -1.317148506641387939e-01 1.714168787002563477e-01 7.774054408073425293e-01 5.906835794448852539e-01
2.616072463989257812e+01 -2.201301765441894531e+01 -9.366904497146606445e-01 -1.481145620346069336e-01 1.596852838993072510e-01 7.933976054191589355e-01 5.684016942977905273e-01
2.615847969055175781e+01 -2.194462585449218750e+01 -9.378262162208557129e-01 -1.640755385160446167e-01 1.482434570789337158e-01 8.073757886886596680e-01 5.470314621925354004e-01
2.615592956542968750e+01 -2.188398170471191406e+01 -9.387328624725341797e-01 -1.794417053461074829e-01 1.372693777084350586e-01 8.193557262420654297e-01 5.268852114677429199e-01
2.615320587158203125e+01 -2.183114051818847656e+01 -9.394380450248718262e-01 -1.940704882144927979e-01 1.269402205944061279e-01 8.293762803077697754e-01 5.082817077636718750e-01
2.615046119689941406e+01 -2.178613090515136719e+01 -9.399624466896057129e-01 -2.078239023685455322e-01 1.174262091517448425e-01 8.374948501586914062e-01 4.915421903133392334e-01
2.614784622192382812e+01 -2.174899482727050781e+01 -9.403140544891357422e-01 -2.205971926450729370e-01 1.089066267013549805e-01 8.437737822532653809e-01 4.769819974899291992e-01
2.614550209045410156e+01 -2.171972274780273438e+01 -9.404992461204528809e-01 -2.322057336568832397e-01 1.015074923634529114e-01 8.482974171638488770e-01 4.649263024330139160e-01
2.614355468750000000e+01 -2.169840431213378906e+01 -9.405161142349243164e-01 -2.427953332662582397e-01 9.553109854459762573e-02 8.510638475418090820e-01 4.556332528591156006e-01
2.614217376708984375e+01 -2.168496322631835938e+01 -9.402979016304016113e-01 -2.468529939651489258e-01 8.807575702667236328e-02 8.535135388374328613e-01 4.503412842750549316e-01
2.614129638671875000e+01 -2.167959594726562500e+01 -9.398302435874938965e-01 -2.498853653669357300e-01 8.211387693881988525e-02 8.544832468032836914e-01 4.479487836360931396e-01
2.614089775085449219e+01 -2.167379188537597656e+01 -9.396505951881408691e-01 -2.523156702518463135e-01 7.769203186035156250e-02 8.541026115417480469e-01 4.480998814105987549e-01
2.614091873168945312e+01 -2.166708374023437500e+01 -9.397490620613098145e-01 -2.541519701480865479e-01 7.464537769556045532e-02 8.525698184967041016e-01 4.504915475845336914e-01
2.614131927490234375e+01 -2.165954399108886719e+01 -9.401085376739501953e-01 -2.554751336574554443e-01 7.286876440048217773e-02 8.500396013259887695e-01 4.547936618328094482e-01
2.614204597473144531e+01 -2.165104866027832031e+01 -9.407181143760681152e-01 -2.563170194625854492e-01 7.224509865045547485e-02 8.466643095016479492e-01 4.606760442256927490e-01
2.614303016662597656e+01 -2.164157485961914062e+01 -9.415674805641174316e-01 -2.567004561424255371e-01 7.266489416360855103e-02 8.425916433334350586e-01 4.678066968917846680e-01
2.614421081542968750e+01 -2.163105201721191406e+01 -9.426458477973937988e-01 -2.566358149051666260e-01 7.402000576257705688e-02 8.379726409912109375e-01 4.758561551570892334e-01
2.614553260803222656e+01 -2.161942672729492188e+01 -9.439477920532226562e-01 -2.561274766921997070e-01 7.620447874069213867e-02 8.329635262489318848e-01 4.844999611377716064e-01
2.614693832397460938e+01 -2.160663795471191406e+01 -9.454677104949951172e-01 -2.551787495613098145e-01 7.911244034767150879e-02 8.277298808097839355e-01 4.934203922748565674e-01
2.614838409423828125e+01 -2.159262466430664062e+01 -9.471964836120605469e-01 -2.537955641746520996e-01 8.263958990573883057e-02 8.224461078643798828e-01 5.023094415664672852e-01
2.614982032775878906e+01 -2.157732963562011719e+01 -9.491323828697204590e-01 -2.519907951354980469e-01 8.668058365583419800e-02 8.172967433929443359e-01 5.108678340911865234e-01
2.615120697021484375e+01 -2.156066513061523438e+01 -9.512711167335510254e-01 -2.497866600751876831e-01 9.113040566444396973e-02 8.124738335609436035e-01 5.188062787055969238e-01
2.615254211425781250e+01 -2.154257202148437500e+01 -9.535364508628845215e-01 -2.472182810306549072e-01 9.588448703289031982e-02 8.081759214401245117e-01 5.258443951606750488e-01
2.615377616882324219e+01 -2.152296638488769531e+01 -9.559713602066040039e-01 -2.443352043628692627e-01 1.008377596735954285e-01 8.046040534973144531e-01 5.317094326019287109e-01
2.615487861633300781e+01 -2.150178527832031250e+01 -9.585719704627990723e-01 -2.412056326866149902e-01 1.058860272169113159e-01 8.019585609436035156e-01 5.361344814300537109e-01
2.615583229064941406e+01 -2.147894287109375000e+01 -9.613205194473266602e-01 -2.379086911678314209e-01 1.109196394681930542e-01 8.004362583160400391e-01 5.388574600219726562e-01
2.615661430358886719e+01 -2.145436668395996094e+01 -9.641934037208557129e-01 -2.345679253339767456e-01 1.158423870801925659e-01 8.002167940139770508e-01 5.396114587783813477e-01
2.615720176696777344e+01 -2.142797851562500000e+01 -9.671688675880432129e-01 -2.312303930521011353e-01 1.204887628555297852e-01 8.014878630638122559e-01 5.381462574005126953e-01
2.615755844116210938e+01 -2.139971351623535156e+01 -9.702169895172119141e-01 -2.283163219690322876e-01 1.249203458428382874e-01 8.043238520622253418e-01 5.341342091560363770e-01
2.615765190124511719e+01 -2.136955833435058594e+01 -9.732711315155029297e-01 -2.197893410921096802e-01 1.249005049467086792e-01 8.103648424148559570e-01 5.285559296607971191e-01
2.615744018554687500e+01 -2.133743095397949219e+01 -9.763463735580444336e-01 -2.106178849935531616e-01 1.238919198513031006e-01 8.181634545326232910e-01 5.204516649246215820e-01
2.615692520141601562e+01 -2.130344581604003906e+01 -9.794071316719055176e-01 -2.011680305004119873e-01 1.221823245286941528e-01 8.273469805717468262e-01 5.099719166755676270e-01
2.615609741210937500e+01 -2.126764678955078125e+01 -9.824177622795104980e-01 -1.914408951997756958e-01 1.198080256581306458e-01 8.376261591911315918e-01 4.973438382148742676e-01
2.615497016906738281e+01 -2.123026275634765625e+01 -9.853327274322509766e-01 -1.815387755632400513e-01 1.168735176324844360e-01 8.486926555633544922e-01 4.827812314033508301e-01
2.615355491638183594e+01 -2.119106292724609375e+01 -9.881425499916076660e-01 -1.715420186519622803e-01 1.134684905409812927e-01 8.602535724639892578e-01 4.665137529373168945e-01
2.615187072753906250e+01 -2.115805053710937500e+01 -9.903307557106018066e-01 -1.615433245897293091e-01 1.096903234720230103e-01 8.720310926437377930e-01 4.487836062908172607e-01
2.614994049072265625e+01 -2.113170623779296875e+01 -9.918529391288757324e-01 -1.516392678022384644e-01 1.056387498974800110e-01 8.837698698043823242e-01 4.298491775989532471e-01
2.614782524108886719e+01 -2.111202430725097656e+01 -9.927076697349548340e-01 -1.419329643249511719e-01 1.014177128672599792e-01 8.952396512031555176e-01 4.099856615066528320e-01
2.614559173583984375e+01 -2.109904861450195312e+01 -9.928882718086242676e-01 -1.325339972972869873e-01 9.713489562273025513e-02 9.062413573265075684e-01 3.894854187965393066e-01
2.614331436157226562e+01 -2.109308433532714844e+01 -9.923850893974304199e-01 -1.235572248697280884e-01 9.290093183517456055e-02 9.166080355644226074e-01 3.686537742614746094e-01
2.614111137390136719e+01 -2.108818244934082031e+01 -9.915851354598999023e-01 -1.151217371225357056e-01 8.882962912321090698e-02 9.262051582336425781e-01 3.478122055530548096e-01
2.613907051086425781e+01 -2.108411216735839844e+01 -9.905259013175964355e-01 -1.073512211441993713e-01 8.503726124763488770e-02 9.349315762519836426e-01 3.272927701473236084e-01
2.613730621337890625e+01 -2.108102226257324219e+01 -9.892265796661376953e-01 -1.003722324967384338e-01 8.164183050394058228e-02 9.427174925804138184e-01 3.074364662170410156e-01
2.613593482971191406e+01 -2.107888984680175781e+01 -9.877223968505859375e-01 -9.431382268667221069e-02 7.876260578632354736e-02 9.495214819908142090e-01 2.885895669460296631e-01
2.613508224487304688e+01 -2.107779121398925781e+01 -9.860448837280273438e-01 -8.930705487728118896e-02 7.651972770690917969e-02 9.553254842758178711e-01 2.711008489131927490e-01
2.613486480712890625e+01 -2.107765960693359375e+01 -9.842351078987121582e-01 -8.548347651958465576e-02 7.503384351730346680e-02 9.601289033889770508e-01 2.553202211856842041e-01
2.613541030883789062e+01 -2.107868385314941406e+01 -9.823188781738281250e-01 -8.297526836395263672e-02 7.442575693130493164e-02 9.639403223991394043e-01 2.415948957204818726e-01
2.613683128356933594e+01 -2.107659912109375000e+01 -9.805929660797119141e-01 -8.191433548927307129e-02 7.481636106967926025e-02 9.667687416076660156e-01 2.302679866552352905e-01
2.613925552368164062e+01 -2.107120895385742188e+01 -9.790989756584167480e-01 -8.243224769830703735e-02 7.632660120725631714e-02 9.686130881309509277e-01 2.216760367155075073e-01
