2.616429710388183594e+01 -2.226403045654296875e+01 -9.312875270843505859e-01 -9.828075766563415527e-02 1.950348913669586182e-01 7.394629120826721191e-01 6.367863416671752930e-01
2.616370964050292969e+01 -2.217281150817871094e+01 -9.335839152336120605e-01 -1.150439232587814331e-01 1.832592636346817017e-01 7.594122290611267090e-01 6.135743856430053711e-01
2.616245460510253906e+01 -2.208923721313476562e+01 -9.352908730506896973e-01 -1.317148059606552124e-01 1.714168787002563477e-01 7.774053812026977539e-01 5.906836390495300293e-01
2.616057777404785156e+01 -2.201338958740234375e+01 -9.366675019264221191e-01 -1.481144875288009644e-01 1.596852988004684448e-01 7.933976054191589355e-01 5.684018135070800781e-01
2.615819549560546875e+01 -2.194535255432128906e+01 -9.377789497375488281e-01 -1.640754342079162598e-01 1.482434421777725220e-01 8.073757290840148926e-01 5.470315217971801758e-01
2.615545845031738281e+01 -2.188517761230468750e+01 -9.386554360389709473e-01 -1.794416159391403198e-01 1.372693777084350586e-01 8.193557262420654297e-01 5.268854498863220215e-01
2.615250778198242188e+01 -2.183291053771972656e+01 -9.393234252929687500e-01 -1.940703690052032471e-01 1.269402354955673218e-01 8.293762207031250000e-01 5.082819461822509766e-01
2.614949226379394531e+01 -2.178857612609863281e+01 -9.398026466369628906e-01 -2.078237682580947876e-01 1.174262464046478271e-01 8.374947309494018555e-01 4.915424287319183350e-01
2.614656639099121094e+01 -2.175221824645996094e+01 -9.401013851165771484e-01 -2.205970585346221924e-01 1.089066937565803528e-01 8.437737226486206055e-01 4.769823253154754639e-01
2.614387321472167969e+01 -2.172381591796875000e+01 -9.402305483818054199e-01 -2.322055846452713013e-01 1.015075370669364929e-01 8.482972979545593262e-01 4.649266600608825684e-01
2.614154243469238281e+01 -2.170345497131347656e+01 -9.401841163635253906e-01 -2.427951693534851074e-01 9.553115814924240112e-02 8.510636687278747559e-01 4.556335806846618652e-01
2.613973236083984375e+01 -2.169106101989746094e+01 -9.398984313011169434e-01 -2.468528449535369873e-01 8.807580918073654175e-02 8.535132408142089844e-01 4.503416419029235840e-01
2.613839340209960938e+01 -2.168682098388671875e+01 -9.393597841262817383e-01 -2.498851865530014038e-01 8.211391419172286987e-02 8.544830679893493652e-01 4.479490816593170166e-01
2.613749694824218750e+01 -2.168222808837890625e+01 -9.390985965728759766e-01 -2.523155510425567627e-01 7.769204676151275635e-02 8.541024327278137207e-01 4.481001198291778564e-01
2.613699150085449219e+01 -2.167679595947265625e+01 -9.391140341758728027e-01 -2.541518509387969971e-01 7.464537024497985840e-02 8.525697588920593262e-01 4.504916965961456299e-01
2.613682174682617188e+01 -2.167061996459960938e+01 -9.393863081932067871e-01 -2.554749548435211182e-01 7.286868989467620850e-02 8.500396609306335449e-01 4.547937214374542236e-01
2.613694953918457031e+01 -2.166355133056640625e+01 -9.399074316024780273e-01 -2.563168704509735107e-01 7.224498689174652100e-02 8.466643691062927246e-01 4.606760144233703613e-01
2.613730049133300781e+01 -2.165557670593261719e+01 -9.406571984291076660e-01 -2.567003071308135986e-01 7.266474515199661255e-02 8.425917625427246094e-01 4.678066074848175049e-01
2.613782119750976562e+01 -2.164661407470703125e+01 -9.416350722312927246e-01 -2.566356360912322998e-01 7.401984184980392456e-02 8.379727602005004883e-01 4.758558869361877441e-01
2.613845252990722656e+01 -2.163661384582519531e+01 -9.428324103355407715e-01 -2.561272978782653809e-01 7.620427012443542480e-02 8.329637646675109863e-01 4.844996333122253418e-01
2.613913917541503906e+01 -2.162551307678222656e+01 -9.442454576492309570e-01 -2.551786005496978760e-01 7.911220192909240723e-02 8.277301788330078125e-01 4.934200048446655273e-01
2.613983726501464844e+01 -2.161324501037597656e+01 -9.458661675453186035e-01 -2.537953853607177734e-01 8.263932168483734131e-02 8.224464058876037598e-01 5.023090243339538574e-01
2.614049911499023438e+01 -2.159974479675292969e+01 -9.476908445358276367e-01 -2.519905865192413330e-01 8.668029308319091797e-02 8.172970414161682129e-01 5.108672976493835449e-01
2.614108467102050781e+01 -2.158493041992187500e+01 -9.497140645980834961e-01 -2.497864663600921631e-01 9.113010764122009277e-02 8.124742507934570312e-01 5.188058018684387207e-01
2.614159202575683594e+01 -2.156873512268066406e+01 -9.518634676933288574e-01 -2.472180724143981934e-01 9.588418155908584595e-02 8.081762790679931641e-01 5.258437991142272949e-01
2.614197349548339844e+01 -2.155107879638671875e+01 -9.541808962821960449e-01 -2.443349808454513550e-01 1.008374467492103577e-01 8.046044707298278809e-01 5.317088365554809570e-01
2.614220237731933594e+01 -2.153188323974609375e+01 -9.566609859466552734e-01 -2.412054389715194702e-01 1.058857440948486328e-01 8.019589781761169434e-01 5.361340045928955078e-01
2.614225959777832031e+01 -2.151106643676757812e+01 -9.592841863632202148e-01 -2.379085570573806763e-01 1.109193786978721619e-01 8.004367351531982422e-01 5.388571023941040039e-01
2.614212226867675781e+01 -2.148854827880859375e+01 -9.620343446731567383e-01 -2.345677912235260010e-01 1.158421486616134644e-01 8.002172112464904785e-01 5.396111011505126953e-01
2.614176750183105469e+01 -2.146425247192382812e+01 -9.648859500885009766e-01 -2.312302291393280029e-01 1.204885393381118774e-01 8.014881610870361328e-01 5.381458401679992676e-01
2.614115715026855469e+01 -2.143810653686523438e+01 -9.678105115890502930e-01 -2.283161878585815430e-01 1.249201521277427673e-01 8.043241500854492188e-01 5.341339707374572754e-01
2.614027023315429688e+01 -2.141009521484375000e+01 -9.707405567169189453e-01 -2.197892069816589355e-01 1.249003559350967407e-01 8.103651404380798340e-01 5.285558700561523438e-01
2.613905906677246094e+01 -2.138012504577636719e+01 -9.736942648887634277e-01 -2.106177359819412231e-01 1.238918080925941467e-01 8.181636333465576172e-01 5.204517245292663574e-01
2.613751792907714844e+01 -2.134831809997558594e+01 -9.766316413879394531e-01 -2.011678814888000488e-01 1.221822500228881836e-01 8.273468613624572754e-01 5.099720358848571777e-01
2.613565444946289062e+01 -2.131470680236816406e+01 -9.795172810554504395e-01 -1.914407759904861450e-01 1.198080033063888550e-01 8.376259803771972656e-01 4.973441064357757568e-01
2.613346862792968750e+01 -2.127951812744140625e+01 -9.823109507560729980e-01 -1.815386563539505005e-01 1.168735250830650330e-01 8.486923575401306152e-01 4.827816486358642578e-01
2.613097763061523438e+01 -2.124251365661621094e+01 -9.850019812583923340e-01 -1.715419143438339233e-01 1.134685426950454712e-01 8.602532148361206055e-01 4.665143787860870361e-01
2.612820053100585938e+01 -2.121170234680175781e+01 -9.870711565017700195e-01 -1.615432351827621460e-01 1.096904128789901733e-01 8.720307946205139160e-01 4.487844109535217285e-01
2.612516212463378906e+01 -2.118754768371582031e+01 -9.884778857231140137e-01 -1.516391485929489136e-01 1.056388616561889648e-01 8.837693333625793457e-01 4.298500120639801025e-01
2.612191963195800781e+01 -2.117004966735839844e+01 -9.892183542251586914e-01 -1.419329345226287842e-01 1.014178320765495300e-01 8.952392935752868652e-01 4.099865257740020752e-01
2.611854362487792969e+01 -2.115924072265625000e+01 -9.892886281013488770e-01 -1.325340420007705688e-01 9.713498502969741821e-02 9.062409996986389160e-01 3.894861042499542236e-01
2.611510848999023438e+01 -2.115543365478515625e+01 -9.886784553527832031e-01 -1.235572993755340576e-01 9.290099143981933594e-02 9.166078567504882812e-01 3.686543107032775879e-01
2.611172294616699219e+01 -2.115267562866210938e+01 -9.877747893333435059e-01 -1.151218116283416748e-01 8.882964402437210083e-02 9.262050390243530273e-01 3.478125929832458496e-01
2.610848617553710938e+01 -2.115073394775390625e+01 -9.866149425506591797e-01 -1.073513031005859375e-01 8.503726869821548462e-02 9.349314570426940918e-01 3.272929787635803223e-01
2.610550880432128906e+01 -2.114975929260253906e+01 -9.852194786071777344e-01 -1.003722846508026123e-01 8.164180070161819458e-02 9.427173733711242676e-01 3.074365556240081787e-01
2.610290718078613281e+01 -2.114973068237304688e+01 -9.836239814758300781e-01 -9.431379288434982300e-02 7.876252382993698120e-02 9.495213627815246582e-01 2.885895371437072754e-01
2.610081291198730469e+01 -2.115072441101074219e+01 -9.818568825721740723e-01 -8.930691331624984741e-02 7.651958614587783813e-02 9.553253650665283203e-01 2.711008489131927490e-01
2.609933853149414062e+01 -2.115267944335937500e+01 -9.799597263336181641e-01 -8.548322319984436035e-02 7.503364980220794678e-02 9.601288437843322754e-01 2.553202509880065918e-01
2.609862327575683594e+01 -2.115578079223632812e+01 -9.779592156410217285e-01 -8.297485858201980591e-02 7.442548871040344238e-02 9.639403820037841797e-01 2.415950000286102295e-01
2.609878349304199219e+01 -2.115576362609863281e+01 -9.761502742767333984e-01 -8.191380649805068970e-02 7.481598854064941406e-02 9.667688012123107910e-01 2.302678227424621582e-01
2.609995079040527344e+01 -2.115243911743164062e+01 -9.745731949806213379e-01 -8.243169635534286499e-02 7.632616907358169556e-02 9.686132073402404785e-01 2.216755747795104980e-01
