2.616429710388183594e+01 -2.226403045654296875e+01 -9.312875270843505859e-01 -9.828075766563415527e-02 1.950348913669586182e-01 7.394629120826721191e-01 6.367863416671752930e-01
2.616329956054687500e+01 -2.217298316955566406e+01 -9.339608550071716309e-01 -1.149971932172775269e-01 1.832642555236816406e-01 7.593948841094970703e-01 6.136031746864318848e-01
2.616093254089355469e+01 -2.208964157104492188e+01 -9.367777109146118164e-01 -1.316241323947906494e-01 1.714272946119308472e-01 7.773688435554504395e-01 5.907490253448486328e-01
2.615804862976074219e+01 -2.201389503479003906e+01 -9.396225214004516602e-01 -1.479969173669815063e-01 1.596964299678802490e-01 7.933594584465026855e-01 5.684824585914611816e-01
2.615479850769042969e+01 -2.194581985473632812e+01 -9.425238370895385742e-01 -1.639303117990493774e-01 1.482489109039306641e-01 8.073531389236450195e-01 5.471069216728210449e-01
2.615084075927734375e+01 -2.188554954528808594e+01 -9.451822638511657715e-01 -1.792796552181243896e-01 1.372706145048141479e-01 8.193414211273193359e-01 5.269622802734375000e-01
2.614624595642089844e+01 -2.183317184448242188e+01 -9.474902749061584473e-01 -1.939023137092590332e-01 1.269395947456359863e-01 8.293644785881042480e-01 5.083655118942260742e-01
2.614114952087402344e+01 -2.178873634338378906e+01 -9.494726657867431641e-01 -2.076552808284759521e-01 1.174275204539299011e-01 8.374783396720886230e-01 4.916413724422454834e-01
2.613584518432617188e+01 -2.175227165222167969e+01 -9.512363672256469727e-01 -2.204252034425735474e-01 1.089121624827384949e-01 8.437495231628417969e-01 4.771034121513366699e-01
2.613073158264160156e+01 -2.172368431091308594e+01 -9.528010487556457520e-01 -2.320249080657958984e-01 1.015161499381065369e-01 8.482680916786193848e-01 4.650683403015136719e-01
2.612615585327148438e+01 -2.170297813415527344e+01 -9.540340900421142578e-01 -2.426099926233291626e-01 9.554080665111541748e-02 8.510344624519348145e-01 4.557847976684570312e-01
2.612228012084960938e+01 -2.169007873535156250e+01 -9.548184871673583984e-01 -2.466674745082855225e-01 8.808392286300659180e-02 8.534862995147705078e-01 4.504928290843963623e-01
2.611888694763183594e+01 -2.168523788452148438e+01 -9.551386833190917969e-01 -2.497005909681320190e-01 8.212203532457351685e-02 8.544563651084899902e-01 4.481017589569091797e-01
2.611587524414062500e+01 -2.167995643615722656e+01 -9.555116891860961914e-01 -2.521333098411560059e-01 7.770306617021560669e-02 8.540719151496887207e-01 4.482592642307281494e-01
2.611324119567871094e+01 -2.167370986938476562e+01 -9.559680223464965820e-01 -2.539725005626678467e-01 7.466003298759460449e-02 8.525344133377075195e-01 4.506573677062988281e-01
2.611095809936523438e+01 -2.166657638549804688e+01 -9.565077424049377441e-01 -2.552977502346038818e-01 7.288867235183715820e-02 8.499968647956848145e-01 4.549698233604431152e-01
2.610911369323730469e+01 -2.165833282470703125e+01 -9.571636915206909180e-01 -2.561397850513458252e-01 7.226813584566116333e-02 8.466175794601440430e-01 4.608568847179412842e-01
2.610769844055175781e+01 -2.164895820617675781e+01 -9.579164385795593262e-01 -2.565218508243560791e-01 7.268942892551422119e-02 8.425436019897460938e-01 4.679873287677764893e-01
2.610658264160156250e+01 -2.163841629028320312e+01 -9.586933255195617676e-01 -2.564596533775329590e-01 7.404717057943344116e-02 8.379216194152832031e-01 4.760366976261138916e-01
2.610575294494628906e+01 -2.162665557861328125e+01 -9.594928622245788574e-01 -2.559585273265838623e-01 7.623410969972610474e-02 8.329095244407653809e-01 4.846773743629455566e-01
2.610512733459472656e+01 -2.161362648010253906e+01 -9.604061245918273926e-01 -2.550165355205535889e-01 7.914377003908157349e-02 8.276736140251159668e-01 4.935935735702514648e-01
2.610461044311523438e+01 -2.159928131103515625e+01 -9.614641070365905762e-01 -2.536402046680450439e-01 8.267258852720260620e-02 8.223870992660522461e-01 5.024790167808532715e-01
2.610412979125976562e+01 -2.158356666564941406e+01 -9.627025723457336426e-01 -2.518427371978759766e-01 8.671542257070541382e-02 8.172344565391540527e-01 5.110346674919128418e-01
2.610360336303710938e+01 -2.156640434265136719e+01 -9.641745090484619141e-01 -2.496455907821655273e-01 9.116805344820022583e-02 8.124058246612548828e-01 5.189739465713500977e-01
2.610317802429199219e+01 -2.154771423339843750e+01 -9.658949375152587891e-01 -2.470798641443252563e-01 9.592216461896896362e-02 8.081073760986328125e-01 5.260077714920043945e-01
2.610268974304199219e+01 -2.152744102478027344e+01 -9.678923487663269043e-01 -2.441992312669754028e-01 1.008752807974815369e-01 8.045350313186645508e-01 5.318690538406372070e-01
2.610198211669921875e+01 -2.150553512573242188e+01 -9.701731801033020020e-01 -2.410705387592315674e-01 1.059258431196212769e-01 8.018840551376342773e-01 5.362988114356994629e-01
2.610127067565917969e+01 -2.148188591003417969e+01 -9.727526307106018066e-01 -2.377729415893554688e-01 1.109594330191612244e-01 8.003607392311096191e-01 5.390215516090393066e-01
2.610046958923339844e+01 -2.145643997192382812e+01 -9.755768775939941406e-01 -2.344328910112380981e-01 1.158821806311607361e-01 8.001397848129272461e-01 5.397759079933166504e-01
2.609951591491699219e+01 -2.142914390563964844e+01 -9.786123037338256836e-01 -2.310978472232818604e-01 1.205298751592636108e-01 8.014065623283386230e-01 5.383152365684509277e-01
2.609853744506835938e+01 -2.139990806579589844e+01 -9.818196296691894531e-01 -2.281944006681442261e-01 1.249622106552124023e-01 8.042387962341308594e-01 5.343047380447387695e-01
2.609766006469726562e+01 -2.136872291564941406e+01 -9.853045940399169922e-01 -2.196760028600692749e-01 1.249381080269813538e-01 8.102833628654479980e-01 5.287193059921264648e-01
2.609671020507812500e+01 -2.133555603027343750e+01 -9.891205430030822754e-01 -2.105123698711395264e-01 1.239232495427131653e-01 8.180897831916809082e-01 5.206028223037719727e-01
2.609545516967773438e+01 -2.130057525634765625e+01 -9.932879209518432617e-01 -2.010647207498550415e-01 1.222068071365356445e-01 8.272824287414550781e-01 5.101114511489868164e-01
2.609371185302734375e+01 -2.126386260986328125e+01 -9.977785944938659668e-01 -1.913314312696456909e-01 1.198260933160781860e-01 8.375691771507263184e-01 4.974776506423950195e-01
2.609151077270507812e+01 -2.122566223144531250e+01 -1.002453088760375977e+00 -1.814201772212982178e-01 1.168840751051902771e-01 8.486445546150207520e-01 4.829078018665313721e-01
2.608883476257324219e+01 -2.118575859069824219e+01 -1.007165670394897461e+00 -1.714169234037399292e-01 1.134706959128379822e-01 8.602154850959777832e-01 4.666294455528259277e-01
2.608559417724609375e+01 -2.115219688415527344e+01 -1.011278033256530762e+00 -1.614209860563278198e-01 1.096847429871559143e-01 8.720027208328247070e-01 4.488840699195861816e-01
2.608162498474121094e+01 -2.112556076049804688e+01 -1.014830589294433594e+00 -1.515208482742309570e-01 1.056247279047966003e-01 8.837528228759765625e-01 4.299293160438537598e-01
2.607639312744140625e+01 -2.110637855529785156e+01 -1.017933011054992676e+00 -1.417964249849319458e-01 1.014036461710929871e-01 8.952072262763977051e-01 4.101071953773498535e-01
2.607026672363281250e+01 -2.109421730041503906e+01 -1.020289659500122070e+00 -1.323839426040649414e-01 9.712761640548706055e-02 9.061789512634277344e-01 3.896834254264831543e-01
2.606437873840332031e+01 -2.108842086791992188e+01 -1.021787405014038086e+00 -1.234156340360641479e-01 9.289285540580749512e-02 9.165428280830383301e-01 3.688651919364929199e-01
2.605870056152343750e+01 -2.108329391479492188e+01 -1.023018836975097656e+00 -1.149865016341209412e-01 8.881668746471405029e-02 9.261462688446044922e-01 3.480167090892791748e-01
2.605304145812988281e+01 -2.107890319824218750e+01 -1.023997187614440918e+00 -1.072254776954650879e-01 8.502265065908432007e-02 9.348754882812500000e-01 3.274978399276733398e-01
2.604752540588378906e+01 -2.107545852661132812e+01 -1.024867296218872070e+00 -1.002496555447578430e-01 8.162526041269302368e-02 9.426620602607727051e-01 3.076505362987518311e-01
2.604235076904296875e+01 -2.107281684875488281e+01 -1.025695919990539551e+00 -9.418741613626480103e-02 7.874081283807754517e-02 9.494694471359252930e-01 2.888078689575195312e-01
2.603764533996582031e+01 -2.107105255126953125e+01 -1.026394844055175781e+00 -8.917875587940216064e-02 7.649387419223785400e-02 9.552763104438781738e-01 2.713233232498168945e-01
2.603352165222167969e+01 -2.107008171081542969e+01 -1.026976943016052246e+00 -8.535553514957427979e-02 7.500480860471725464e-02 9.600831866264343262e-01 2.555428445339202881e-01
2.603010177612304688e+01 -2.107010650634765625e+01 -1.027495265007019043e+00 -8.284621685743331909e-02 7.439333200454711914e-02 9.638983011245727539e-01 2.418165802955627441e-01
2.602749252319335938e+01 -2.106688117980957031e+01 -1.028227567672729492e+00 -8.178356289863586426e-02 7.478068023920059204e-02 9.667303562164306641e-01 2.304871231317520142e-01
2.602587509155273438e+01 -2.106031990051269531e+01 -1.029180049896240234e+00 -8.230131119489669800e-02 7.628896832466125488e-02 9.685781598091125488e-01 2.218900918960571289e-01
