0.000000000000000000e+00 0.000000000000000000e+00 0.000000000000000000e+00 0.000000000000000000e+00 0.000000000000000000e+00 0.000000000000000000e+00 1.000000000000000000e+00
8.364834636449813843e-02 -1.006045285612344742e-02 3.503563627600669861e-02 -2.545235311526483982e-02 7.264612929588472323e-03 2.522009764676429525e-02 9.993314514186806274e-01
1.599125059342144106e-01 -1.889544183044650563e-02 6.778932618404026611e-02 -5.031951292950992416e-02 1.461715959747037115e-02 4.916772607970446018e-02 9.974150690539972386e-01
2.288554751247549868e-01 -2.649516623838105503e-02 9.790364048011035436e-02 -7.467153238721581376e-02 2.189641512700524206e-02 7.117977574040017241e-02 9.944235258586138215e-01
2.902679874602717702e-01 -3.327619737208439149e-02 1.255417382261568571e-01 -9.807611407553577798e-02 2.921099357062937468e-02 9.152826293993793216e-02 9.905303482406062621e-01
3.441989652153885637e-01 -3.900849573141935978e-02 1.505226363298981518e-01 -1.203259662443156713e-01 3.625587225491040677e-02 1.096425986099232447e-01 9.859947637510406704e-01
3.906658815584921340e-01 -4.412221954035025484e-02 1.725907217869910304e-01 -1.410363935541637526e-01 4.297394933935029526e-02 1.256732952029498140e-01 9.810546357080456303e-01
4.296543461255337149e-01 -4.821153722016270626e-02 1.918029675991165806e-01 -1.599694988464308576e-01 4.943021541434552274e-02 1.392178209909805398e-01 9.760045141091492349e-01
4.609459530433652197e-01 -5.211233217764709574e-02 2.083238454787319505e-01 -1.771459155740641445e-01 5.559337712600619791e-02 1.504855883853454535e-01 9.710215181464664225e-01
4.845524056111601419e-01 -5.578104526481751646e-02 2.221308520004688647e-01 -1.920420689161073946e-01 6.125170028880917716e-02 1.588843995721700431e-01 9.665008124935756673e-01
5.005072153743603813e-01 -5.877801595006921370e-02 2.331023463870567913e-01 -2.045702591990830321e-01 6.679905559713700258e-02 1.647614096440175313e-01 9.625708145973816965e-01
5.083823931709631205e-01 -6.180636461536722498e-02 2.415957093292455116e-01 -2.136855488282989601e-01 6.569154763134911479e-02 1.686510805521477530e-01 9.599895415161250334e-01
5.087699662417424218e-01 -6.454677572264630458e-02 2.466747576777419404e-01 -2.203601490626705961e-01 6.458522021975390826e-02 1.698436486903074083e-01 9.583440347984677476e-01
5.092957408691336507e-01 -6.800023451162164057e-02 2.520739817218299872e-01 -2.251143021965529289e-01 6.354254867838167453e-02 1.684592435046855519e-01 9.575528072810624014e-01
5.103772835352765602e-01 -7.218540086594602001e-02 2.579859328856837775e-01 -2.280051758866641076e-01 6.266868976652403833e-02 1.650939965629582284e-01 9.575125311925209992e-01
5.120771108943894534e-01 -7.734546331052406798e-02 2.640768271800283395e-01 -2.289106006763200751e-01 6.188950760743401613e-02 1.595851155136427946e-01 9.582808652230373481e-01
5.143385945001274218e-01 -8.253738705521793118e-02 2.711545074936687061e-01 -2.288052055148388220e-01 6.147219290107014400e-02 1.527869151810794246e-01 9.594402044831640275e-01
5.166799879767203230e-01 -8.894283829925982154e-02 2.783926720063946703e-01 -2.269264441988946834e-01 6.093678436384535047e-02 1.448768667900377227e-01 9.611460818750403590e-01
5.203830561238235175e-01 -9.517463774485071526e-02 2.864580058744581881e-01 -2.242574711145361444e-01 6.085296331199914477e-02 1.362789296583720444e-01 9.630335180234538273e-01
5.243880162770016007e-01 -1.020269771853854340e-01 2.951262663760788052e-01 -2.204507593128353093e-01 6.032579015289826069e-02 1.269837712733816737e-01 9.652136466057721353e-01
5.296247458681411224e-01 -1.090976253776121535e-01 3.042631164796987808e-01 -2.159300447188550465e-01 6.024692827355943026e-02 1.175151419255155427e-01 9.674371890926767303e-01
5.364445078962686297e-01 -1.160942550611818863e-01 3.138001682383665392e-01 -2.108226517540399692e-01 6.028402040417844138e-02 1.081809670986228489e-01 9.696476291668588710e-01
5.438858092496291485e-01 -1.244270051147381290e-01 3.232938859520373964e-01 -2.045399728265324679e-01 6.025619655745571845e-02 9.931064946005052629e-02 9.719413486401190516e-01
5.526608787676595691e-01 -1.323982092438759084e-01 3.336374401100905551e-01 -1.980859051643322211e-01 6.039862726042098673e-02 9.116629487754365768e-02 9.740650320582218136e-01
5.623968135909183097e-01 -1.409961950356680704e-01 3.444379540466055989e-01 -1.912559736415529732e-01 6.049718318804402084e-02 8.415288313241353624e-02 9.760530393545404637e-01
5.733401099719717120e-01 -1.496763682583162891e-01 3.559624748653946180e-01 -1.844155412260070070e-01 6.070192686360859069e-02 7.850660697522346410e-02 9.778255963568358577e-01
5.856795186964505184e-01 -1.587926264515289176e-01 3.678354535776000578e-01 -1.776872168758022730e-01 6.101715762622858530e-02 7.461917085371874703e-02 9.793549605609045416e-01
5.994219340973324650e-01 -1.681767581786685339e-01 3.802853443082001572e-01 -1.712688462305308468e-01 6.131217206276955156e-02 7.276764092617615809e-02 9.806185141541267081e-01
6.146977677720393274e-01 -1.776456814341393631e-01 3.933957873645065328e-01 -1.653920970901021914e-01 6.173421301362942010e-02 7.295450217519958147e-02 9.815864616915287444e-01
6.317440128563768242e-01 -1.870075658466630042e-01 4.071142449771497640e-01 -1.600185554145541755e-01 6.243005852900965214e-02 7.593189756084278708e-02 9.822071556692678618e-01
6.506065567335046484e-01 -1.961000785034618665e-01 4.215436582322282244e-01 -1.558272134726948477e-01 6.352076632830118419e-02 8.154795367012059037e-02 9.823608924619385840e-01
6.708012768926496783e-01 -2.056002080728814574e-01 4.369133816977540108e-01 -1.521516474239363037e-01 5.776078187610028669e-02 9.118966471016881625e-02 9.824449161725510304e-01
6.925565802559777717e-01 -2.150867012675167500e-01 4.533091006733908634e-01 -1.493513160967875342e-01 5.116585297637196023e-02 1.038464310573059129e-01 9.819837873539551953e-01
7.160550713324954630e-01 -2.245942900678529752e-01 4.702841719350929206e-01 -1.475230449271242861e-01 4.410963960510717180e-02 1.186341799396514185e-01 9.809267160493609916e-01
7.412538119472747988e-01 -2.336375773950175594e-01 4.880971479457226203e-01 -1.464190496436932332e-01 3.698164522901932483e-02 1.359367995129792672e-01 9.791399319585331051e-01
7.680042043441631661e-01 -2.418830530621839670e-01 5.066845664883365963e-01 -1.461193802587193169e-01 2.978482777720269092e-02 1.552748400814590590e-01 9.765509279012373201e-01
7.957568054789319056e-01 -2.517695547219102048e-01 5.261109766683752520e-01 -1.459759040524715723e-01 2.205682211125160885e-02 1.761983588765445308e-01 9.732207716462019098e-01
8.172682405673696859e-01 -2.604526803370424970e-01 5.439960780037897958e-01 -1.464320208725507499e-01 1.430524157620882003e-02 1.981647680412880475e-01 9.690633354088729057e-01
8.334829533694461112e-01 -2.664074925740848587e-01 5.592091346213666769e-01 -1.476070391720813724e-01 6.950185240431709481e-03 2.211771792935396941e-01 9.639732943768353213e-01
8.429480892091353317e-01 -2.721635050329688776e-01 5.722648710450061182e-01 -1.486189589212212891e-01 -2.334090614766746769e-04 2.445583438325034387e-01 9.581772106616214257e-01
8.446902650700645054e-01 -2.759228467926360118e-01 5.836610266965451821e-01 -1.506755233764916768e-01 -7.160717797611546726e-03 2.688511720854723785e-01 9.512963040210505872e-01
8.387871043126088333e-01 -2.768708202831256515e-01 5.912204259978510734e-01 -1.524922664407911410e-01 -1.369119960085106794e-02 2.911747109147257428e-01 9.443388943874790886e-01
8.328183203696800652e-01 -2.789224246508522076e-01 5.988249552538940090e-01 -1.547755038591208387e-01 -1.929041740598834778e-02 3.139640338981450896e-01 9.365356419378082498e-01
8.272658590709867088e-01 -2.811341163511406616e-01 6.071686950328363253e-01 -1.570070360640028195e-01 -2.419773592021992603e-02 3.357928478255747806e-01 9.284430103953190683e-01
8.203989047569580917e-01 -2.846567544467159538e-01 6.147203899109170422e-01 -1.586069821007728975e-01 -2.837176317090516625e-02 3.560106111528800743e-01 9.204864545608545390e-01
8.136501407631828720e-01 -2.892237075606192698e-01 6.227683028935155907e-01 -1.601659100752034770e-01 -3.159204650031718908e-02 3.751824864706075346e-01 9.124620132879155410e-01
8.051952332141281143e-01 -2.937429711374602292e-01 6.304101900744735199e-01 -1.613512584641572101e-01 -3.407318646444959520e-02 3.925746193594475408e-01 9.048148747622225541e-01
7.959940873170583409e-01 -2.990258730784068897e-01 6.381788499499267964e-01 -1.625603117824390986e-01 -3.507333561859395793e-02 4.079041610293067111e-01 8.977517483005862386e-01
7.850478004759582351e-01 -3.045651924221099982e-01 6.454009555569539813e-01 -1.634450281927817272e-01 -3.437502077873819811e-02 4.208212015365727088e-01 8.916353498167496339e-01
7.779827713262962297e-01 -3.083792391309976288e-01 6.566070312801092212e-01 -1.638758505905880125e-01 -3.355450783071203813e-02 4.307441872507102310e-01 8.868360873054134119e-01
7.851341243664664571e-01 -3.123175746310788981e-01 6.681841652679879617e-01 -1.644752269079864937e-01 -3.074874045514986928e-02 4.381870955040875759e-01 8.831729638228741353e-01
