8.621091395616531372e-02 -1.949848607182502747e-03 3.018957003951072693e-02 -2.391880750656127930e-02 4.658328369259834290e-03 1.922837644815444946e-02 9.995180964469909668e-01
7.600581645965576172e-02 -7.674331311136484146e-03 3.450244292616844177e-02 -2.566463500261306763e-02 6.406539585441350937e-03 2.038070000708103180e-02 9.994422793388366699e-01
6.795343011617660522e-02 -1.299268938601016998e-02 3.194672986865043640e-02 -2.478177286684513092e-02 6.914317607879638672e-03 1.843073219060897827e-02 9.994990825653076172e-01
5.902903154492378235e-02 -1.772139407694339752e-02 2.990692667663097382e-02 -2.438176609575748444e-02 7.781048770993947983e-03 1.892021298408508301e-02 9.994933605194091797e-01
5.156717449426651001e-02 -1.699865609407424927e-02 2.726024948060512543e-02 -2.252393215894699097e-02 7.019090931862592697e-03 1.618751510977745056e-02 9.995905756950378418e-01
4.395938292145729065e-02 -1.697596162557601929e-02 2.416452020406723022e-02 -2.037358283996582031e-02 6.574637256562709808e-03 1.387217082083225250e-02 9.996745586395263672e-01
3.726004809141159058e-02 -1.460567768663167953e-02 2.084171585738658905e-02 -1.831132173538208008e-02 6.448618602007627487e-03 1.102666649967432022e-02 9.997507333755493164e-01
3.057716973125934601e-02 -1.182327885180711746e-02 1.769270375370979309e-02 -1.657166518270969391e-02 6.518897600471973419e-03 8.640792220830917358e-03 9.998040795326232910e-01
2.489311061799526215e-02 -8.453362621366977692e-03 1.309262029826641083e-02 -1.396812871098518372e-02 6.207923870533704758e-03 5.503744818270206451e-03 9.998680353164672852e-01
1.800243929028511047e-02 -6.449486128985881805e-03 9.720759466290473938e-03 -1.157946139574050903e-02 6.090294569730758667e-03 4.049634560942649841e-03 9.999061822891235352e-01
1.135030481964349747e-02 -3.793953917920589447e-03 6.147515494376420975e-03 -8.706442080438137054e-03 -7.714571547694504261e-04 6.840250571258366108e-04 9.999615550041198730e-01
4.992642905563116074e-03 -5.576061666943132877e-04 2.621074439957737923e-03 -6.098067853599786758e-03 -2.227606601081788540e-04 -1.202577259391546249e-03 9.999806880950927734e-01
5.234152544289827347e-03 1.420438638888299465e-04 3.457080107182264328e-03 -3.469233401119709015e-03 2.933234791271388531e-04 -3.998280037194490433e-03 9.999859333038330078e-01
6.099225021898746490e-03 -8.988862973637878895e-04 3.362183226272463799e-03 -1.552068861201405525e-03 3.797700628638267517e-04 -5.423894617706537247e-03 9.999840259552001953e-01
6.922365166246891022e-03 -1.429738942533731461e-03 3.472544718533754349e-03 5.496285157278180122e-04 7.320257718674838543e-04 -7.517409976571798325e-03 9.999713301658630371e-01
7.950414903461933136e-03 -1.544012455269694328e-03 3.516286611557006836e-03 1.795084448531270027e-03 6.708801956847310066e-04 -8.957443758845329285e-03 9.999580383300781250e-01
8.772268891334533691e-03 -3.238867968320846558e-03 3.084341064095497131e-03 3.478490049019455910e-03 8.045233553275465965e-04 -9.579481557011604309e-03 9.999477267265319824e-01
9.666238911449909210e-03 -3.625333076342940331e-03 3.612209577113389969e-03 4.311850294470787048e-03 1.210466958582401276e-03 -1.036975998431444168e-02 9.999362230300903320e-01
9.946214966475963593e-03 -5.549363791942596436e-03 4.065372049808502197e-03 5.180701613426208496e-03 1.155966660007834435e-03 -1.051655411720275879e-02 9.999306201934814453e-01
1.097065862268209457e-02 -6.837015040218830109e-03 3.197483019903302193e-03 5.731762852519750595e-03 6.766504957340657711e-04 -1.060756854712963104e-02 9.999271035194396973e-01
1.237098593264818192e-02 -6.529569625854492188e-03 4.226785153150558472e-03 6.451006978750228882e-03 1.091129612177610397e-03 -1.012318488210439682e-02 9.999273419380187988e-01
1.366575900465250015e-02 -7.378752809017896652e-03 3.771442687138915062e-03 7.758100517094135284e-03 5.947698373347520828e-04 -9.524744004011154175e-03 9.999243617057800293e-01
1.519336923956871033e-02 -6.120003294199705124e-03 5.998477339744567871e-03 7.965700700879096985e-03 9.688662248663604259e-04 -8.725955151021480560e-03 9.999297261238098145e-01
1.623055525124073029e-02 -8.595430292189121246e-03 4.762664437294006348e-03 8.446541614830493927e-03 5.757316248491406441e-04 -7.597485557198524475e-03 9.999353289604187012e-01
1.742370426654815674e-02 -9.211855009198188782e-03 5.987362936139106750e-03 8.154493756592273712e-03 6.211212021298706532e-04 -6.090594921261072159e-03 9.999480247497558594e-01
1.981634646654129028e-02 -6.029157899320125580e-03 8.271477185189723969e-03 7.771685253828763962e-03 1.072192797437310219e-03 -4.670131020247936249e-03 9.999583363533020020e-01
2.110237255692481995e-02 -8.633705787360668182e-03 7.810053881257772446e-03 7.234817836433649063e-03 2.258293970953673124e-04 -2.307143993675708771e-03 9.999711513519287109e-01
2.260772138833999634e-02 -8.193296380341053009e-03 9.829045273363590240e-03 6.281099282205104828e-03 8.397055207751691341e-04 -3.603968652896583080e-04 9.999798536300659180e-01
2.431923337280750275e-02 -8.951812982559204102e-03 1.044051349163055420e-02 5.398361478000879288e-03 8.839196525514125824e-04 2.749308012425899506e-03 9.999812841415405273e-01
2.515335008502006531e-02 -9.241113439202308655e-03 1.343637611716985703e-02 3.062203759327530861e-03 1.512123155407607555e-03 5.789023358374834061e-03 9.999774098396301270e-01
2.689482830464839935e-02 -1.303558889776468277e-02 1.144132018089294434e-02 2.478471724316477776e-03 -6.140633020550012589e-03 8.363534696400165558e-03 9.999430775642395020e-01
2.785630337893962860e-02 -1.480379141867160797e-02 1.284484192728996277e-02 8.405674016103148460e-04 -6.768131628632545471e-03 1.087249536067247391e-02 9.999176263809204102e-01
2.974597737193107605e-02 -1.589550822973251343e-02 1.266731414943933487e-02 -7.332354434765875340e-04 -7.189704105257987976e-03 1.290353760123252869e-02 9.998906254768371582e-01
3.210953623056411743e-02 -1.542202290147542953e-02 1.293951831758022308e-02 -1.564257778227329254e-03 -7.709266152232885361e-03 1.567191444337368011e-02 9.998462200164794922e-01
3.345577791333198547e-02 -1.730102486908435822e-02 1.243339292705059052e-02 -2.414336893707513809e-03 -8.130526170134544373e-03 1.767973415553569794e-02 9.998077154159545898e-01
3.426464274525642395e-02 -1.952019520103931427e-02 1.236687134951353073e-02 -2.709412947297096252e-03 -8.418303914368152618e-03 1.899822056293487549e-02 9.997804164886474609e-01
2.917525358498096466e-02 -1.654265075922012329e-02 9.844204410910606384e-03 -3.314645029604434967e-03 -9.034763090312480927e-03 2.020631358027458191e-02 9.997495412826538086e-01
2.360648103058338165e-02 -1.352138537913560867e-02 8.491283282637596130e-03 -4.692881368100643158e-03 -8.613839745521545410e-03 2.101785317063331604e-02 9.997310042381286621e-01
2.029420994222164154e-02 -8.137900382280349731e-03 2.291891491040587425e-03 -3.418788779526948929e-03 -9.765358641743659973e-03 2.008355967700481415e-02 9.997447729110717773e-01
1.495081279426813126e-02 9.788024472072720528e-04 3.875390859320759773e-03 -3.074944252148270607e-03 -8.154884912073612213e-03 1.742492429912090302e-02 9.998102188110351562e-01
8.267185650765895844e-03 1.265858765691518784e-03 3.737083636224269867e-03 -4.005912691354751587e-03 -7.376172114163637161e-03 1.966652087867259979e-02 9.997713565826416016e-01
7.737697102129459381e-03 -1.440253108739852905e-03 3.277209587395191193e-03 -3.467138623818755150e-03 -7.369182538241147995e-03 2.133790403604507446e-02 9.997391700744628906e-01
7.241366896778345108e-03 7.013572758296504617e-05 2.963669132441282272e-03 -3.231812501326203346e-03 -5.798747763037681580e-03 2.059278264641761780e-02 9.997659325599670410e-01
6.563870236277580261e-03 7.887798128649592400e-04 2.522209659218788147e-03 -2.973423805087804794e-03 -5.607996601611375809e-03 1.922845654189586639e-02 9.997949600219726562e-01
5.955263040959835052e-03 -6.194244488142430782e-04 1.875515095889568329e-03 -3.165107220411300659e-03 -4.830914083868265152e-03 1.903994381427764893e-02 9.998020529747009277e-01
5.127779208123683929e-03 8.886911091394722462e-04 1.512879156507551670e-03 -2.366506727412343025e-03 -4.073433578014373779e-03 1.666973158717155457e-02 9.998499751091003418e-01
4.397171083837747574e-03 4.098616773262619972e-05 1.126452349126338959e-03 -1.988234696909785271e-03 -2.729090163484215736e-03 1.592291891574859619e-02 9.998674988746643066e-01
3.301164368167519569e-03 9.299825178459286690e-04 1.186142093501985073e-03 -1.544540631584823132e-03 -1.236395677551627159e-03 1.330579910427331924e-02 9.999095201492309570e-01
5.510207731276750565e-03 -1.625897246412932873e-03 1.015276298858225346e-03 -8.421046659350395203e-04 -1.259549317182973027e-04 1.045718509703874588e-02 9.999449849128723145e-01
6.808360107243061066e-03 -5.356524139642715454e-03 1.622499083168804646e-03 1.695248211035504937e-04 1.999330706894397736e-03 7.759586907923221588e-03 9.999678730964660645e-01
1.626602709293365479e-01 -6.916494108736515045e-03 6.468201428651809692e-02 -4.580939933657646179e-02 1.063501276075839996e-02 3.418047353625297546e-02 9.983085989952087402e-01
1.445606350898742676e-01 -1.941733248531818390e-02 6.582732498645782471e-02 -4.424877092242240906e-02 1.373165473341941833e-02 3.134843707084655762e-02 9.984341263771057129e-01
1.275848001241683960e-01 -2.913311496376991272e-02 6.175467744469642639e-02 -4.596614465117454529e-02 1.345625333487987518e-02 3.497764095664024353e-02 9.982397556304931641e-01
1.113433763384819031e-01 -3.200690448284149170e-02 5.732487887144088745e-02 -4.659137502312660217e-02 1.372751314193010330e-02 3.404244035482406616e-02 9.982393980026245117e-01
9.646463394165039062e-02 -3.134648129343986511e-02 5.140493810176849365e-02 -4.282836616039276123e-02 1.414542086422443390e-02 3.118272498250007629e-02 9.984955191612243652e-01
8.191428333520889282e-02 -2.960526756942272186e-02 4.508959129452705383e-02 -3.896032646298408508e-02 1.356023363769054413e-02 2.590964920818805695e-02 9.988127350807189941e-01
6.845780462026596069e-02 -2.495712786912918091e-02 3.842104971408843994e-02 -3.404185175895690918e-02 1.429892890155315399e-02 2.084028348326683044e-02 9.991008043289184570e-01
5.588177964091300964e-02 -1.902746036648750305e-02 3.087923489511013031e-02 -2.816692180931568146e-02 1.301507651805877686e-02 1.301554497331380844e-02 9.994337558746337891e-01
4.300717636942863464e-02 -1.443107053637504578e-02 2.290635183453559875e-02 -2.411770820617675781e-02 1.135845575481653214e-02 8.396516554057598114e-03 9.996093511581420898e-01
2.945406921207904816e-02 -1.004112791270017624e-02 1.580023579299449921e-02 -1.999471150338649750e-02 5.233169067651033401e-03 4.731482360512018204e-03 9.997751712799072266e-01
1.639413088560104370e-02 -4.262404516339302063e-03 8.786694146692752838e-03 -1.515302062034606934e-02 -9.179792250506579876e-04 -4.738234565593302250e-04 9.998846650123596191e-01
1.022308878600597382e-02 -3.369333571754395962e-04 6.125389132648706436e-03 -9.181867353618144989e-03 -1.786503562470898032e-04 -5.461914464831352234e-03 9.999428987503051758e-01
1.134934928268194199e-02 -7.479640189558267593e-04 6.865296512842178345e-03 -5.134880077093839645e-03 4.918114864267408848e-04 -9.534900076687335968e-03 9.999412298202514648e-01
1.298194564878940582e-02 -2.374122617766261101e-03 6.897353101521730423e-03 -1.353355706669390202e-03 8.660112507641315460e-04 -1.301444694399833679e-02 9.999139904975891113e-01
1.485783141106367111e-02 -3.039838979020714760e-03 6.994514260441064835e-03 1.959588611498475075e-03 1.059345668181777000e-03 -1.604054123163223267e-02 9.998688697814941406e-01
1.676388084888458252e-02 -4.917397629469633102e-03 6.595859304070472717e-03 5.424319766461849213e-03 1.480981474742293358e-03 -1.839303039014339447e-02 9.998150467872619629e-01
1.840651780366897583e-02 -6.992875598371028900e-03 6.650187540799379349e-03 7.609208580106496811e-03 2.018486615270376205e-03 -1.963780075311660767e-02 9.997761845588684082e-01
1.956319995224475861e-02 -9.461834095418453217e-03 7.624464109539985657e-03 1.018301770091056824e-02 2.496754284948110580e-03 -2.060820348560810089e-02 9.997326731681823730e-01
2.082153223454952240e-02 -1.269583869725465775e-02 7.133885286748409271e-03 1.153099630028009415e-02 1.992959529161453247e-03 -2.098484896123409271e-02 9.997113347053527832e-01
2.325363084673881531e-02 -1.365329325199127197e-02 7.270879577845335007e-03 1.301514357328414917e-02 1.967381453141570091e-03 -2.115596085786819458e-02 9.996895194053649902e-01
2.582958340644836426e-02 -1.422432623803615570e-02 8.155217394232749939e-03 1.432431675493717194e-02 1.529096392914652824e-03 -2.001144550740718842e-02 9.996959567070007324e-01
2.875726856291294098e-02 -1.395737938582897186e-02 9.768012911081314087e-03 1.527733542025089264e-02 1.612093066796660423e-03 -1.834187842905521393e-02 9.997137784957885742e-01
3.140813857316970825e-02 -1.509465463459491730e-02 1.057532057166099548e-02 1.589327491819858551e-02 1.486436463892459869e-03 -1.604823209345340729e-02 9.997438192367553711e-01
3.352955356240272522e-02 -1.811699569225311279e-02 1.064972393214702606e-02 1.600368320941925049e-02 1.189864473417401314e-03 -1.287941168993711472e-02 9.997882843017578125e-01
3.733643144369125366e-02 -1.550731994211673737e-02 1.435394678264856339e-02 1.487918756902217865e-02 1.369153847917914391e-03 -1.004588138312101364e-02 9.998378753662109375e-01
4.093940183520317078e-02 -1.494482532143592834e-02 1.593506708741188049e-02 1.446253154426813126e-02 1.151547068729996681e-03 -6.269580684602260590e-03 9.998750686645507812e-01
4.370667785406112671e-02 -1.698997430503368378e-02 1.757459528744220734e-02 1.351939048618078232e-02 8.255679276771843433e-04 -2.227819059044122696e-03 9.999057650566101074e-01
4.698076844215393066e-02 -1.721966080367565155e-02 2.007969655096530914e-02 1.149996463209390640e-02 2.142676152288913727e-03 2.661534352228045464e-03 9.999280571937561035e-01
4.956353455781936646e-02 -1.820447482168674469e-02 2.379453368484973907e-02 8.861868642270565033e-03 2.185057150200009346e-03 8.377442136406898499e-03 9.999232292175292969e-01
5.220263823866844177e-02 -2.212170511484146118e-02 2.503759600222110748e-02 5.854959134012460709e-03 -4.900834988802671432e-03 1.359181385487318039e-02 9.998784661293029785e-01
5.487243831157684326e-02 -2.758080512285232544e-02 2.434175647795200348e-02 2.780978800728917122e-03 -1.236286014318466187e-02 1.765715889632701874e-02 9.997637867927551270e-01
5.777936056256294250e-02 -3.022950142621994019e-02 2.568798139691352844e-02 2.117879630532115698e-04 -1.324452552944421768e-02 2.240494452416896820e-02 9.996612071990966797e-01
6.195975095033645630e-02 -3.076501376926898956e-02 2.606480196118354797e-02 -2.167777623981237411e-03 -1.479444466531276703e-02 2.673120424151420593e-02 9.995308518409729004e-01
6.574416160583496094e-02 -3.202335536479949951e-02 2.584510482847690582e-02 -3.082593437284231186e-03 -1.563617587089538574e-02 3.040300495922565460e-02 9.994106292724609375e-01
6.817024946212768555e-02 -3.556011244654655457e-02 2.545385248959064484e-02 -4.132876638323068619e-03 -1.634387485682964325e-02 3.287538513541221619e-02 9.993172883987426758e-01
6.374897062778472900e-02 -3.508108854293823242e-02 2.288316935300827026e-02 -5.264315754175186157e-03 -1.672760210931301117e-02 3.473201394081115723e-02 9.992427825927734375e-01
5.292552709579467773e-02 -2.945415675640106201e-02 1.888280734419822693e-02 -7.900957949459552765e-03 -1.730297878384590149e-02 3.740877285599708557e-02 9.991189837455749512e-01
4.440911859273910522e-02 -2.120389230549335480e-02 1.119401585310697556e-02 -7.074692286550998688e-03 -1.808827556669712067e-02 3.891486302018165588e-02 9.990537762641906738e-01
3.614310175180435181e-02 -6.996873766183853149e-03 6.730476394295692444e-03 -5.744877737015485764e-03 -1.856837607920169830e-02 3.472544252872467041e-02 9.992078542709350586e-01
2.310286462306976318e-02 1.919083530083298683e-03 7.948105223476886749e-03 -6.520566064864397049e-03 -1.503201853483915329e-02 3.565898537635803223e-02 9.992296695709228516e-01
1.617283746600151062e-02 -4.020126943942159414e-04 7.129142992198467255e-03 -7.128999102860689163e-03 -1.343156211078166962e-02 4.028363153338432312e-02 9.990725517272949219e-01
1.503814570605754852e-02 -7.926305988803505898e-04 6.348881870508193970e-03 -6.390878930687904358e-03 -1.330077834427356720e-02 3.943429514765739441e-02 9.991132020950317383e-01
1.372223813086748123e-02 1.328303362242877483e-03 5.633067805320024490e-03 -6.351117510348558426e-03 -1.083868183195590973e-02 3.751708194613456726e-02 9.992170333862304688e-01
1.256171613931655884e-02 3.682075475808233023e-04 4.479630384594202042e-03 -6.581122055649757385e-03 -1.056323479861021042e-02 3.538630530238151550e-02 9.992961883544921875e-01
1.113270968198776245e-02 4.893935401923954487e-04 3.514204174280166626e-03 -5.391236394643783569e-03 -8.906717412173748016e-03 3.395541012287139893e-02 9.993691444396972656e-01
9.509813971817493439e-03 1.032240455970168114e-03 2.727851038798689842e-03 -4.403640981763601303e-03 -7.046469021588563919e-03 3.100432828068733215e-02 9.994847178459167480e-01
7.709763478487730026e-03 1.020748284645378590e-03 2.441194606944918633e-03 -3.255000105127692223e-03 -3.856643335893750191e-03 2.801403589546680450e-02 9.995948076248168945e-01
8.803573437035083771e-03 -6.925033521838486195e-04 2.202321542426943779e-03 -1.917343237437307835e-03 -1.187669928185641766e-03 2.277274802327156067e-02 9.997380971908569336e-01
1.256850641220808029e-02 -6.886523216962814331e-03 2.514612395316362381e-03 -5.687173688784241676e-04 2.101985970512032509e-03 1.787204481661319733e-02 9.998379349708557129e-01
