0.000000000000000000e+00 0.000000000000000000e+00 0.000000000000000000e+00 -2.364341361582589229e-14 -5.131953889625506804e-13 -5.560166042861691693e-13 1.000000000000000000e+00
9.072542935609817505e-02 5.931473337113857269e-03 9.306687861680984497e-03 -2.098085358738899231e-02 3.390669124200940132e-03 1.728267036378383636e-02 9.996247291564941406e-01
1.730250716209411621e-01 6.804768927395343781e-03 2.576354518532752991e-02 -4.203330725431442261e-02 9.232136420905590057e-03 3.396740183234214783e-02 9.984960556030273438e-01
2.472515553236007690e-01 6.787565536797046661e-03 4.258890450000762939e-02 -6.282684952020645142e-02 1.575437001883983612e-02 4.921875149011611938e-02 9.966855645179748535e-01
3.131815493106842041e-01 1.284579047933220863e-03 6.076622009277343750e-02 -8.470351994037628174e-02 2.352762967348098755e-02 6.613711267709732056e-02 9.939303994178771973e-01
3.718928992748260498e-01 -2.404735423624515533e-03 7.584817707538604736e-02 -1.050368994474411011e-01 3.053193166851997375e-02 8.065689355134963989e-02 9.907217621803283691e-01
4.228228926658630371e-01 -8.059924468398094177e-03 8.928102254867553711e-02 -1.234796941280364990e-01 3.727146983146667480e-02 9.331396222114562988e-02 9.872467517852783203e-01
4.662713706493377686e-01 -1.301189698278903961e-02 1.002328693866729736e-01 -1.399677991867065430e-01 4.348794370889663696e-02 1.030192077159881592e-01 9.838215708732604980e-01
5.024274587631225586e-01 -1.681648567318916321e-02 1.086472794413566589e-01 -1.545506566762924194e-01 4.956068471074104309e-02 1.100976690649986267e-01 9.805795550346374512e-01
5.313537716865539551e-01 -2.048018202185630798e-02 1.119029745459556580e-01 -1.669080406427383423e-01 5.389513820409774780e-02 1.144098564982414246e-01 9.778279662132263184e-01
5.524827837944030762e-01 -2.339093945920467377e-02 1.146471053361892700e-01 -1.775124669075012207e-01 5.857189744710922241e-02 1.176146119832992554e-01 9.753079414367675781e-01
5.656688213348388672e-01 -2.591769583523273468e-02 1.144074574112892151e-01 -1.857746839523315430e-01 5.601468682289123535e-02 1.191480457782745361e-01 9.737318754196166992e-01
5.712877511978149414e-01 -2.628405764698982239e-02 1.139805167913436890e-01 -1.921140104532241821e-01 5.506868660449981689e-02 1.186316981911659241e-01 9.726182222366333008e-01
5.774817466735839844e-01 -2.516914531588554382e-02 1.141579523682594299e-01 -1.960125267505645752e-01 5.419447273015975952e-02 1.149755418300628662e-01 9.723284840583801270e-01
5.845319032669067383e-01 -2.447932772338390350e-02 1.141167283058166504e-01 -1.982430070638656616e-01 5.320404469966888428e-02 1.096485629677772522e-01 9.725463390350341797e-01
5.922030806541442871e-01 -2.498503401875495911e-02 1.131139248609542847e-01 -1.987668275833129883e-01 5.190281569957733154e-02 1.020132005214691162e-01 9.733402132987976074e-01
6.010618805885314941e-01 -2.526612207293510437e-02 1.124928444623947144e-01 -1.977451741695404053e-01 5.053268373012542725e-02 9.325654804706573486e-02 9.744982123374938965e-01
6.105508208274841309e-01 -2.768999524414539337e-02 1.113305836915969849e-01 -1.953923702239990234e-01 4.916324466466903687e-02 8.318079262971878052e-02 9.759537577629089355e-01
6.214122176170349121e-01 -2.899691835045814514e-02 1.107588037848472595e-01 -1.917539685964584351e-01 4.795982688665390015e-02 7.225882261991500854e-02 9.776036739349365234e-01
6.333483457565307617e-01 -3.095235675573348999e-02 1.110581830143928528e-01 -1.868754178285598755e-01 4.687308147549629211e-02 6.093591079115867615e-02 9.793708324432373047e-01
6.462385058403015137e-01 -3.417325392365455627e-02 1.110421493649482727e-01 -1.815091669559478760e-01 4.559751227498054504e-02 4.916332662105560303e-02 9.811004996299743652e-01
6.604781746864318848e-01 -3.757208585739135742e-02 1.112743318080902100e-01 -1.753846406936645508e-01 4.449298605322837830e-02 3.761234134435653687e-02 9.827746152877807617e-01
6.758457422256469727e-01 -4.169178009033203125e-02 1.107043549418449402e-01 -1.681932657957077026e-01 4.318168014287948608e-02 2.665916830301284790e-02 9.844468832015991211e-01
6.931126117706298828e-01 -4.449212923645973206e-02 1.116395369172096252e-01 -1.607144325971603394e-01 4.222389683127403259e-02 1.629083417356014252e-02 9.859627485275268555e-01
7.113439440727233887e-01 -4.967172816395759583e-02 1.112514063715934753e-01 -1.525598615407943726e-01 4.112428799271583557e-02 7.001549471169710159e-03 9.874133467674255371e-01
7.306258678436279297e-01 -5.691719055175781250e-02 1.128494143486022949e-01 -1.446149498224258423e-01 4.023738950490951538e-02 -3.053389955312013626e-04 9.886694550514221191e-01
7.523130774497985840e-01 -6.168808043003082275e-02 1.151124686002731323e-01 -1.371471732854843140e-01 3.974950686097145081e-02 -6.201056763529777527e-03 9.897334575653076172e-01
7.750286459922790527e-01 -6.938062608242034912e-02 1.177377551794052124e-01 -1.297399103641510010e-01 3.889633715152740479e-02 -9.614564478397369385e-03 9.907382130622863770e-01
7.995156049728393555e-01 -7.655007392168045044e-02 1.226030439138412476e-01 -1.231462955474853516e-01 3.908813744783401489e-02 -1.115729752928018570e-02 9.915556907653808594e-01
8.257603049278259277e-01 -8.405759930610656738e-02 1.284594833850860596e-01 -1.173831596970558167e-01 3.977937996387481689e-02 -9.900947101414203644e-03 9.922402501106262207e-01
8.535744547843933105e-01 -9.065261483192443848e-02 1.376330405473709106e-01 -1.131386607885360718e-01 4.178506135940551758e-02 -5.715133622288703918e-03 9.926836490631103516e-01
8.823137283325195312e-01 -9.755244106054306030e-02 1.499794125556945801e-01 -1.107200831174850464e-01 3.794814273715019226e-02 6.935673882253468037e-04 9.931266903877258301e-01
9.116664528846740723e-01 -1.039835140109062195e-01 1.660317331552505493e-01 -1.098990365862846375e-01 3.472421318292617798e-02 9.354109875857830048e-03 9.932919740676879883e-01
9.429547190666198730e-01 -1.094802170991897583e-01 1.830695867538452148e-01 -1.100969240069389343e-01 3.128352016210556030e-02 1.929773576557636261e-02 9.932409524917602539e-01
9.786135554313659668e-01 -1.143210306763648987e-01 1.951981037855148315e-01 -1.108891218900680542e-01 2.573852054774761200e-02 3.224848583340644836e-02 9.929759502410888672e-01
1.016167283058166504e+00 -1.202575713396072388e-01 2.064156681299209595e-01 -1.114370748400688171e-01 1.958540640771389008e-02 4.755993932485580444e-02 9.924395084381103516e-01
1.054765582084655762e+00 -1.286115795373916626e-01 2.187740653753280640e-01 -1.124818623065948486e-01 1.395780313760042191e-02 6.353510916233062744e-02 9.915221929550170898e-01
1.087374687194824219e+00 -1.344078034162521362e-01 2.295967638492584229e-01 -1.142190545797348022e-01 8.035234175622463226e-03 8.025553077459335327e-02 9.901760220527648926e-01
1.114029407501220703e+00 -1.402930021286010742e-01 2.387662827968597412e-01 -1.172077655792236328e-01 2.663621213287115097e-03 9.838902205228805542e-02 9.882179498672485352e-01
1.136166691780090332e+00 -1.415214985609054565e-01 2.385518699884414673e-01 -1.185698807239532471e-01 -4.572307225316762924e-03 1.159855499863624573e-01 9.861376285552978516e-01
1.150442957878112793e+00 -1.390732079744338989e-01 2.321588844060897827e-01 -1.203354522585868835e-01 -1.309066079556941986e-02 1.331334114074707031e-01 9.836785197257995605e-01
1.157908797264099121e+00 -1.381601393222808838e-01 2.271522134542465210e-01 -1.228534877300262451e-01 -1.956661045551300049e-02 1.527766585350036621e-01 9.803995490074157715e-01
1.161301970481872559e+00 -1.349326521158218384e-01 2.196691483259201050e-01 -1.245472505688667297e-01 -2.667818218469619751e-02 1.723918467760086060e-01 9.767585992813110352e-01
1.164961338043212891e+00 -1.335271745920181274e-01 2.130709588527679443e-01 -1.266484856605529785e-01 -3.270381316542625427e-02 1.912147849798202515e-01 9.727936387062072754e-01
1.168332099914550781e+00 -1.321651190519332886e-01 2.069554775953292847e-01 -1.291100680828094482e-01 -3.873353824019432068e-02 2.090711742639541626e-01 9.685657024383544922e-01
1.171154737472534180e+00 -1.298723220825195312e-01 2.018220126628875732e-01 -1.312306523323059082e-01 -4.449140280485153198e-02 2.260354906320571899e-01 9.642131924629211426e-01
1.173470735549926758e+00 -1.286752820014953613e-01 1.970737427473068237e-01 -1.333869844675064087e-01 -4.904991015791893005e-02 2.419308274984359741e-01 9.598288536071777344e-01
1.175493717193603516e+00 -1.277609318494796753e-01 1.931212544441223145e-01 -1.349132061004638672e-01 -5.229746177792549133e-02 2.561279535293579102e-01 9.557520151138305664e-01
1.176517248153686523e+00 -1.265775710344314575e-01 1.898056417703628540e-01 -1.357419788837432861e-01 -5.419001355767250061e-02 2.684333324432373047e-01 9.521454572677612305e-01
1.181300282478332520e+00 -1.254101544618606567e-01 1.865179836750030518e-01 -1.367879956960678101e-01 -5.512537062168121338e-02 2.771712541580200195e-01 9.494347572326660156e-01
1.190142035484313965e+00 -1.248063072562217712e-01 1.854338943958282471e-01 -1.369430422782897949e-01 -5.377129092812538147e-02 2.828450500965118408e-01 9.478154182434082031e-01
1.323088765144348145e+00 -1.851817965507507324e-02 2.049502283334732056e-01 -1.798722594976425171e-01 -5.593006312847137451e-02 3.130208551883697510e-01 9.308789968490600586e-01
1.443250060081481934e+00 8.142585307359695435e-02 2.393090873956680298e-01 -2.228435426950454712e-01 -5.108943954110145569e-02 3.358695507049560547e-01 9.137408137321472168e-01
1.553371071815490723e+00 1.688297837972640991e-01 2.735754251480102539e-01 -2.670845687389373779e-01 -4.483191668987274170e-02 3.602060377597808838e-01 8.926967382431030273e-01
1.649193167686462402e+00 2.504635751247406006e-01 3.029347360134124756e-01 -3.108401298522949219e-01 -3.853458538651466370e-02 3.822909593582153320e-01 8.693371415138244629e-01
1.732507705688476562e+00 3.245526552200317383e-01 3.252955079078674316e-01 -3.509096503257751465e-01 -3.187882900238037109e-02 4.006218612194061279e-01 8.457826375961303711e-01
1.803792476654052734e+00 3.892995417118072510e-01 3.438911437988281250e-01 -3.863618671894073486e-01 -2.628665044903755188e-02 4.139952659606933594e-01 8.237969279289245605e-01
1.863760232925415039e+00 4.444167613983154297e-01 3.561986386775970459e-01 -4.176450669765472412e-01 -2.121567726135253906e-02 4.224492311477661133e-01 8.041511774063110352e-01
1.913147687911987305e+00 4.887764453887939453e-01 3.618067800998687744e-01 -4.439932107925415039e-01 -1.801422052085399628e-02 4.260540008544921875e-01 7.880504131317138672e-01
1.952529430389404297e+00 5.208455920219421387e-01 3.636006712913513184e-01 -4.663527607917785645e-01 -1.604836620390415192e-02 4.273930490016937256e-01 7.743337154388427734e-01
1.980142593383789062e+00 5.421879887580871582e-01 3.637819290161132812e-01 -4.825857579708099365e-01 -1.906410790979862213e-02 4.285692870616912842e-01 7.635940909385681152e-01
1.995817780494689941e+00 5.529906749725341797e-01 3.624674975872039795e-01 -4.936252832412719727e-01 -2.696623466908931732e-02 4.290366172790527344e-01 7.559990286827087402e-01
2.003865003585815430e+00 5.614584088325500488e-01 3.600828051567077637e-01 -5.010604262351989746e-01 -3.342491760849952698e-02 4.248241484165191650e-01 7.532235383987426758e-01
2.012542486190795898e+00 5.712246894836425781e-01 3.576697409152984619e-01 -5.053405761718750000e-01 -4.020719230175018311e-02 4.172706007957458496e-01 7.542542815208435059e-01
2.023330926895141602e+00 5.811299085617065430e-01 3.549794554710388184e-01 -5.064423084259033203e-01 -4.722665250301361084e-02 4.068073630332946777e-01 7.588106393814086914e-01
2.036294221878051758e+00 5.913925170898437500e-01 3.526244759559631348e-01 -5.047230720520019531e-01 -5.457099527120590210e-02 3.940889537334442139e-01 7.661400437355041504e-01
2.052397966384887695e+00 6.007356643676757812e-01 3.511773645877838135e-01 -5.001766085624694824e-01 -6.175265088677406311e-02 3.793184757232666016e-01 7.759687900543212891e-01
2.070381164550781250e+00 6.111403703689575195e-01 3.506580889225006104e-01 -4.936034977436065674e-01 -6.852624565362930298e-02 3.631806373596191406e-01 7.872481346130371094e-01
2.089823961257934570e+00 6.234812140464782715e-01 3.509040176868438721e-01 -4.845291376113891602e-01 -7.450555264949798584e-02 3.458605706691741943e-01 8.000380396842956543e-01
2.111520767211914062e+00 6.364393830299377441e-01 3.535391986370086670e-01 -4.738934636116027832e-01 -8.028222620487213135e-02 3.279871344566345215e-01 8.132675290107727051e-01
2.136374711990356445e+00 6.487675905227661133e-01 3.567504584789276123e-01 -4.618645906448364258e-01 -8.592707663774490356e-02 3.095020651817321777e-01 8.267442584037780762e-01
2.163739442825317383e+00 6.616997122764587402e-01 3.612169325351715088e-01 -4.482074677944183350e-01 -9.072288870811462402e-02 2.919055819511413574e-01 8.400419950485229492e-01
2.193241834640502930e+00 6.766754984855651855e-01 3.659633398056030273e-01 -4.333684742450714111e-01 -9.459326416254043579e-02 2.752691805362701416e-01 8.529189229011535645e-01
2.225798130035400391e+00 6.916985511779785156e-01 3.723303675651550293e-01 -4.177158474922180176e-01 -9.743616729974746704e-02 2.602377235889434814e-01 8.650410175323486328e-01
2.262034893035888672e+00 7.046015858650207520e-01 3.816194832324981689e-01 -4.016630053520202637e-01 -9.902305901050567627e-02 2.478099465370178223e-01 8.760430812835693359e-01
2.300235748291015625e+00 7.200087904930114746e-01 3.936125040054321289e-01 -3.867442309856414795e-01 -9.958332031965255737e-02 2.383676320314407349e-01 8.852643370628356934e-01
2.341048955917358398e+00 7.376097440719604492e-01 4.069470763206481934e-01 -3.726174235343933105e-01 -9.901325404644012451e-02 2.320559322834014893e-01 8.930300474166870117e-01
2.385230779647827148e+00 7.541685104370117188e-01 4.237273037433624268e-01 -3.593078851699829102e-01 -9.739989787340164185e-02 2.297623902559280396e-01 8.992332220077514648e-01
2.430722236633300781e+00 7.751157283782958984e-01 4.436931610107421875e-01 -3.486976325511932373e-01 -9.309418499469757080e-02 2.307993620634078979e-01 9.035900831222534180e-01
2.477736234664916992e+00 7.995304465293884277e-01 4.670966267585754395e-01 -3.409424722194671631e-01 -8.669614791870117188e-02 2.367940545082092285e-01 9.056326746940612793e-01
2.525065660476684570e+00 8.276216983795166016e-01 4.955954253673553467e-01 -3.354285955429077148e-01 -8.441054821014404297e-02 2.481048405170440674e-01 9.048792719841003418e-01
2.571280241012573242e+00 8.605509996414184570e-01 5.294197201728820801e-01 -3.322217762470245361e-01 -8.726171404123306274e-02 2.639537155628204346e-01 9.013004302978515625e-01
2.618005514144897461e+00 8.964794874191284180e-01 5.673412680625915527e-01 -3.315162360668182373e-01 -8.948060125112533569e-02 2.832558155059814453e-01 8.954643011093139648e-01
2.669076204299926758e+00 9.379056692123413086e-01 6.011126041412353516e-01 -3.315911591053009033e-01 -9.359417110681533813e-02 3.060175180435180664e-01 8.874912261962890625e-01
2.726050853729248047e+00 9.820557236671447754e-01 6.297562718391418457e-01 -3.313974142074584961e-01 -9.821450710296630859e-02 3.341032564640045166e-01 8.768720626831054688e-01
2.785358428955078125e+00 1.028557062149047852e+00 6.594179272651672363e-01 -3.313388526439666748e-01 -1.026671007275581360e-01 3.643653392791748047e-01 8.642406463623046875e-01
2.839550971984863281e+00 1.073778152465820312e+00 6.883399486541748047e-01 -3.325451612472534180e-01 -1.064392402768135071e-01 3.951560854911804199e-01 8.496682047843933105e-01
2.883125543594360352e+00 1.113516449928283691e+00 7.117356657981872559e-01 -3.351236581802368164e-01 -1.110048890113830566e-01 4.275139868259429932e-01 8.322269916534423828e-01
2.919841289520263672e+00 1.145729899406433105e+00 7.244368791580200195e-01 -3.370861709117889404e-01 -1.149052679538726807e-01 4.604942202568054199e-01 8.130896687507629395e-01
2.945978403091430664e+00 1.171373367309570312e+00 7.167004942893981934e-01 -3.355310857295989990e-01 -1.227265372872352600e-01 4.923264086246490479e-01 7.937076091766357422e-01
2.961919546127319336e+00 1.187103033065795898e+00 7.067480087280273438e-01 -3.359807133674621582e-01 -1.281437128782272339e-01 5.249125361442565918e-01 7.714680433273315430e-01
2.971392393112182617e+00 1.194114089012145996e+00 6.935701966285705566e-01 -3.361610174179077148e-01 -1.317496895790100098e-01 5.589278936386108398e-01 7.464833259582519531e-01
2.976571559906005859e+00 1.198180437088012695e+00 6.786127686500549316e-01 -3.354207873344421387e-01 -1.351690441370010376e-01 5.911773443222045898e-01 7.209240794181823730e-01
2.983330965042114258e+00 1.200872898101806641e+00 6.656182408332824707e-01 -3.356213867664337158e-01 -1.376278698444366455e-01 6.205055713653564453e-01 6.952623128890991211e-01
2.987903594970703125e+00 1.204680800437927246e+00 6.536771655082702637e-01 -3.353206515312194824e-01 -1.411414891481399536e-01 6.477922797203063965e-01 6.693313121795654297e-01
2.991541147232055664e+00 1.207670688629150391e+00 6.429834365844726562e-01 -3.352728784084320068e-01 -1.431035101413726807e-01 6.727609634399414062e-01 6.438215374946594238e-01
2.995401144027709961e+00 1.209875702857971191e+00 6.340851783752441406e-01 -3.353489339351654053e-01 -1.437156349420547485e-01 6.944600343704223633e-01 6.201710700988769531e-01
2.998027563095092773e+00 1.211225867271423340e+00 6.264876723289489746e-01 -3.353841602802276611e-01 -1.420482397079467773e-01 7.131065130233764648e-01 5.990149378776550293e-01
3.001342296600341797e+00 1.215155720710754395e+00 6.189776659011840820e-01 -3.358343839645385742e-01 -1.399121433496475220e-01 7.272387146949768066e-01 5.820340514183044434e-01
3.006939411163330078e+00 1.227012753486633301e+00 6.126692295074462891e-01 -3.373721241950988770e-01 -1.361180096864700317e-01 7.362012267112731934e-01 5.706660747528076172e-01
