2.616429710388183594e+01 -2.226403045654296875e+01 -9.312875270843505859e-01 -9.828075766563415527e-02 1.950348913669586182e-01 7.394629120826721191e-01 6.367863416671752930e-01
2.616371917724609375e+01 -2.217281150817871094e+01 -9.335742592811584473e-01 -1.150443404912948608e-01 1.832592040300369263e-01 7.594124078750610352e-01 6.135740876197814941e-01
2.616264152526855469e+01 -2.208921623229980469e+01 -9.350363612174987793e-01 -1.317156702280044556e-01 1.714167743921279907e-01 7.774057984352111816e-01 5.906829833984375000e-01
2.616109085083007812e+01 -2.201333236694335938e+01 -9.359382390975952148e-01 -1.481156796216964722e-01 1.596851795911788940e-01 7.933979630470275879e-01 5.684009194374084473e-01
2.615917778015136719e+01 -2.194524002075195312e+01 -9.363591074943542480e-01 -1.640769839286804199e-01 1.482434123754501343e-01 8.073759675025939941e-01 5.470307469367980957e-01
2.615704917907714844e+01 -2.188499450683593750e+01 -9.363343715667724609e-01 -1.794434189796447754e-01 1.372694075107574463e-01 8.193559050559997559e-01 5.268845558166503906e-01
2.615483665466308594e+01 -2.183263587951660156e+01 -9.359020590782165527e-01 -1.940723210573196411e-01 1.269402951002120972e-01 8.293763399124145508e-01 5.082809925079345703e-01
2.615268898010253906e+01 -2.178819656372070312e+01 -9.350889921188354492e-01 -2.078258395195007324e-01 1.174262985587120056e-01 8.374949693679809570e-01 4.915412962436676025e-01
2.615074729919433594e+01 -2.175171089172363281e+01 -9.339106678962707520e-01 -2.205991894006729126e-01 1.089066937565803528e-01 8.437739014625549316e-01 4.769808948040008545e-01
2.614914131164550781e+01 -2.172317123413085938e+01 -9.323815703392028809e-01 -2.322078794240951538e-01 1.015075296163558960e-01 8.482976555824279785e-01 4.649250507354736328e-01
2.614799690246582031e+01 -2.170265197753906250e+01 -9.305109381675720215e-01 -2.427975386381149292e-01 9.553112834692001343e-02 8.510640263557434082e-01 4.556318521499633789e-01
2.614746284484863281e+01 -2.169008445739746094e+01 -9.282341599464416504e-01 -2.468551993370056152e-01 8.807575702667236328e-02 8.535135984420776367e-01 4.503398239612579346e-01
2.614748382568359375e+01 -2.168565750122070312e+01 -9.255526065826416016e-01 -2.498874813318252563e-01 8.211383223533630371e-02 8.544835448265075684e-01 4.479472041130065918e-01
2.614801979064941406e+01 -2.168086051940917969e+01 -9.229955673217773438e-01 -2.523177266120910645e-01 7.769189029932022095e-02 8.541029691696166992e-01 4.480980634689331055e-01
2.614901733398437500e+01 -2.167521095275878906e+01 -9.205766916275024414e-01 -2.541539371013641357e-01 7.464513927698135376e-02 8.525703549385070801e-01 4.504895508289337158e-01
2.615041542053222656e+01 -2.166880035400390625e+01 -9.182763099670410156e-01 -2.554769217967987061e-01 7.286841422319412231e-02 8.500402569770812988e-01 4.547914564609527588e-01
2.615216445922851562e+01 -2.166148567199707031e+01 -9.160899519920349121e-01 -2.563187181949615479e-01 7.224463671445846558e-02 8.466650247573852539e-01 4.606736898422241211e-01
2.615418624877929688e+01 -2.165324974060058594e+01 -9.140096902847290039e-01 -2.567021250724792480e-01 7.266436517238616943e-02 8.425924777984619141e-01 4.678042829036712646e-01
2.615641784667968750e+01 -2.164401626586914062e+01 -9.120399355888366699e-01 -2.566373646259307861e-01 7.401942461729049683e-02 8.379736542701721191e-01 4.758536219596862793e-01
2.615879440307617188e+01 -2.163372611999511719e+01 -9.101753830909729004e-01 -2.561289370059967041e-01 7.620383799076080322e-02 8.329647183418273926e-01 4.844973385334014893e-01
2.616125679016113281e+01 -2.162232589721679688e+01 -9.084156751632690430e-01 -2.551800906658172607e-01 7.911176234483718872e-02 8.277310729026794434e-01 4.934177398681640625e-01
2.616375923156738281e+01 -2.160974311828613281e+01 -9.067623019218444824e-01 -2.537967562675476074e-01 8.263885229825973511e-02 8.224474191665649414e-01 5.023068189620971680e-01
2.616624259948730469e+01 -2.159591484069824219e+01 -9.052165150642395020e-01 -2.519918382167816162e-01 8.667979389429092407e-02 8.172980546951293945e-01 5.108652114868164062e-01
2.616866874694824219e+01 -2.158075904846191406e+01 -9.037775993347167969e-01 -2.497876137495040894e-01 9.112959355115890503e-02 8.124752640724182129e-01 5.188036561012268066e-01
2.617102432250976562e+01 -2.156420516967773438e+01 -9.023740887641906738e-01 -2.472191452980041504e-01 9.588365256786346436e-02 8.081772923469543457e-01 5.258417725563049316e-01
2.617326545715332031e+01 -2.154617691040039062e+01 -9.010578989982604980e-01 -2.443360090255737305e-01 1.008369177579879761e-01 8.046054840087890625e-01 5.317068696022033691e-01
2.617535781860351562e+01 -2.152659416198730469e+01 -8.998268246650695801e-01 -2.412064224481582642e-01 1.058851853013038635e-01 8.019601106643676758e-01 5.361319184303283691e-01
2.617727279663085938e+01 -2.150537872314453125e+01 -8.986687660217285156e-01 -2.379094809293746948e-01 1.109188273549079895e-01 8.004378676414489746e-01 5.388549566268920898e-01
2.617899513244628906e+01 -2.148245239257812500e+01 -8.975702524185180664e-01 -2.345686703920364380e-01 1.158415898680686951e-01 8.002184033393859863e-01 5.396089553833007812e-01
2.618049240112304688e+01 -2.145773506164550781e+01 -8.965080380439758301e-01 -2.312310934066772461e-01 1.204879805445671082e-01 8.014895319938659668e-01 5.381438136100769043e-01
2.618172836303710938e+01 -2.143114662170410156e+01 -8.954604864120483398e-01 -2.283170223236083984e-01 1.249196007847785950e-01 8.043255209922790527e-01 5.341318249702453613e-01
2.618267250061035156e+01 -2.140268325805664062e+01 -8.943643569946289062e-01 -2.197900265455245972e-01 1.248998418450355530e-01 8.103664517402648926e-01 5.285537242889404297e-01
2.618328285217285156e+01 -2.137224960327148438e+01 -8.932401537895202637e-01 -2.106185555458068848e-01 1.238913461565971375e-01 8.181647658348083496e-01 5.204495787620544434e-01
2.618354988098144531e+01 -2.133996772766113281e+01 -8.920543789863586426e-01 -2.011687606573104858e-01 1.221818476915359497e-01 8.273479342460632324e-01 5.099699497222900391e-01
2.618347930908203125e+01 -2.130587005615234375e+01 -8.907758593559265137e-01 -1.914418190717697144e-01 1.198076754808425903e-01 8.376270532608032227e-01 4.973421096801757812e-01
2.618308067321777344e+01 -2.127018356323242188e+01 -8.893679976463317871e-01 -1.815399080514907837e-01 1.168732941150665283e-01 8.486933112144470215e-01 4.827796220779418945e-01
2.618236160278320312e+01 -2.123266792297363281e+01 -8.878267407417297363e-01 -1.715433597564697266e-01 1.134684011340141296e-01 8.602540493011474609e-01 4.665123224258422852e-01
2.618134498596191406e+01 -2.120133781433105469e+01 -8.856374025344848633e-01 -1.615447402000427246e-01 1.096903383731842041e-01 8.720314502716064453e-01 4.487823843955993652e-01
2.618005561828613281e+01 -2.117665481567382812e+01 -8.827637434005737305e-01 -1.516406387090682983e-01 1.056388542056083679e-01 8.837700486183166504e-01 4.298481345176696777e-01
2.617855834960937500e+01 -2.115861129760742188e+01 -8.792026042938232422e-01 -1.419344693422317505e-01 1.014177873730659485e-01 8.952400684356689453e-01 4.099841415882110596e-01
2.617691230773925781e+01 -2.114725494384765625e+01 -8.749548792839050293e-01 -1.325356066226959229e-01 9.713488817214965820e-02 9.062420129776000977e-01 3.894830942153930664e-01
2.617519569396972656e+01 -2.114289855957031250e+01 -8.700100779533386230e-01 -1.235587447881698608e-01 9.290092438459396362e-02 9.166088104248046875e-01 3.686512410640716553e-01
2.617351531982421875e+01 -2.113958930969238281e+01 -8.647588491439819336e-01 -1.151232123374938965e-01 8.882965147495269775e-02 9.262058734893798828e-01 3.478095531463623047e-01
2.617197227478027344e+01 -2.113709640502929688e+01 -8.592393994331359863e-01 -1.073526293039321899e-01 8.503732085227966309e-02 9.349324107170104980e-01 3.272900879383087158e-01
2.617068099975585938e+01 -2.113556671142578125e+01 -8.534738421440124512e-01 -1.003736183047294617e-01 8.164190500974655151e-02 9.427181482315063477e-01 3.074336051940917969e-01
2.616975784301757812e+01 -2.113498306274414062e+01 -8.474980592727661133e-01 -9.431528300046920776e-02 7.876273244619369507e-02 9.495221376419067383e-01 2.885865569114685059e-01
2.616933441162109375e+01 -2.113541793823242188e+01 -8.413449525833129883e-01 -8.930856734514236450e-02 7.651990652084350586e-02 9.553260803222656250e-01 2.710978090763092041e-01
2.616953086853027344e+01 -2.113681221008300781e+01 -8.350585103034973145e-01 -8.548496663570404053e-02 7.503405958414077759e-02 9.601294994354248047e-01 2.553172111511230469e-01
2.617047691345214844e+01 -2.113935852050781250e+01 -8.286632299423217773e-01 -8.297673612833023071e-02 7.442601770162582397e-02 9.639408588409423828e-01 2.415920346975326538e-01
2.617229652404785156e+01 -2.113878631591796875e+01 -8.224598765373229980e-01 -8.191578090190887451e-02 7.481662184000015259e-02 9.667693376541137695e-01 2.302651107311248779e-01
2.617512321472167969e+01 -2.113490867614746094e+01 -8.164889812469482422e-01 -8.243370056152343750e-02 7.632685452699661255e-02 9.686136841773986816e-01 2.216730117797851562e-01
