-4.452462308108806610e-03 9.506114125251770020e-01 -2.659993059933185577e-02
-1.042622886598110199e-02 8.760538697242736816e-01 -2.062830328941345215e-02
-1.512949075549840927e-02 8.004463911056518555e-01 -1.485008746385574341e-02
-1.962217688560485840e-02 7.239592671394348145e-01 -1.183807943016290665e-02
-2.245510183274745941e-02 6.467799544334411621e-01 -8.536987937986850739e-03
-2.396356314420700073e-02 5.690380930900573730e-01 -5.870450288057327271e-03
-2.409060671925544739e-02 4.910794496536254883e-01 -3.335633082315325737e-03
-2.269217185676097870e-02 4.122144281864166260e-01 -1.031142193824052811e-03
-1.983087509870529175e-02 3.344521820545196533e-01 1.176122692413628101e-03
-1.584593579173088074e-02 2.534921169281005859e-01 3.358050948008894920e-03
-1.009700354188680649e-02 1.791565120220184326e-01 5.517783109098672867e-03
-3.896407783031463623e-03 8.745972067117691040e-02 9.269450791180133820e-03
1.586141530424356461e-03 4.616267979145050049e-02 9.611664339900016785e-03
6.797732319682836533e-03 6.919562071561813354e-02 6.183038465678691864e-03
1.135301403701305389e-02 7.129582017660140991e-02 4.247560165822505951e-03
1.545705087482929230e-02 8.309166878461837769e-02 1.885171979665756226e-03
1.892249844968318939e-02 9.162764251232147217e-02 -1.445108791813254356e-04
2.167944982647895813e-02 1.023065149784088135e-01 -2.202397212386131287e-03
2.384811639785766602e-02 1.129124909639358521e-01 -4.162820987403392792e-03
2.538285404443740845e-02 1.243409737944602966e-01 -6.093452684581279755e-03
2.640904113650321960e-02 1.362773329019546509e-01 -8.010312914848327637e-03
2.697094716131687164e-02 1.488571166992187500e-01 -9.807894006371498108e-03
2.697125077247619629e-02 1.621528714895248413e-01 -1.176488772034645081e-02
2.681753784418106079e-02 1.762017309665679932e-01 -1.314503420144319534e-02
2.640934474766254425e-02 1.909172683954238892e-01 -1.428709551692008972e-02
2.549197338521480560e-02 2.064185589551925659e-01 -1.596350967884063721e-02
2.438369765877723694e-02 2.226322293281555176e-01 -1.728616096079349518e-02
2.298494055867195129e-02 2.397036254405975342e-01 -1.854701898992061615e-02
2.140859328210353851e-02 2.573555707931518555e-01 -1.950147002935409546e-02
1.941723749041557312e-02 2.760632634162902832e-01 -2.034502103924751282e-02
1.717306673526763916e-02 2.946953475475311279e-01 -2.055330760776996613e-02
1.446333155035972595e-02 3.145974576473236084e-01 -2.051940187811851501e-02
1.143431663513183594e-02 3.330798149108886719e-01 -2.050727978348731995e-02
8.487313985824584961e-03 3.534926176071166992e-01 -2.014319784939289093e-02
5.566250532865524292e-03 3.658086657524108887e-01 -1.904711872339248657e-02
2.684510778635740280e-03 3.940607011318206787e-01 -1.865819841623306274e-02
-2.911686897277832031e-05 3.751039803028106689e-01 -1.513052359223365784e-02
-2.564345486462116241e-03 2.962794303894042969e-01 -7.732957601547241211e-03
-4.671761766076087952e-03 2.343876957893371582e-01 -1.309222076088190079e-03
-6.118122022598981857e-03 1.685379445552825928e-01 5.388028919696807861e-03
-6.949834525585174561e-03 9.265635162591934204e-02 1.264943741261959076e-02
-6.803674157708883286e-03 4.932828992605209351e-02 1.775479316711425781e-02
-5.653509870171546936e-03 5.178661644458770752e-02 1.981332153081893921e-02
-3.462383989244699478e-03 3.765159845352172852e-02 2.263988927006721497e-02
-1.383665949106216431e-04 3.053284436464309692e-02 2.471785433590412140e-02
4.416148178279399872e-03 1.852706819772720337e-02 2.674232795834541321e-02
1.018443703651428223e-02 1.144400704652070999e-02 2.809328585863113403e-02
1.714393869042396545e-02 -5.331421270966529846e-03 2.967301197350025177e-02
2.538446895778179169e-02 2.794362138956785202e-03 2.934558875858783722e-02
3.474420681595802307e-02 4.312862455844879150e-02 2.670933306217193604e-02
4.539321735501289368e-02 7.237037271261215210e-02 2.447199821472167969e-02
