0.000000000000000000e+00 0.000000000000000000e+00 0.000000000000000000e+00 -4.158340338733523822e-13 4.352795901496619990e-11 -2.257958403584225948e-11 9.999999403953552246e-01
8.462914079427719116e-02 -2.709401026368141174e-02 2.125545963644981384e-02 -1.736965216696262360e-02 1.301449164748191833e-02 2.267500571906566620e-02 9.995071291923522949e-01
1.629292517900466919e-01 -5.034466460347175598e-02 4.011848568916320801e-02 -3.391078859567642212e-02 2.379866875708103180e-02 4.133753478527069092e-02 9.982859492301940918e-01
2.357709854841232300e-01 -6.735584139823913574e-02 5.489046126604080200e-02 -5.248335003852844238e-02 3.419356420636177063e-02 5.930461362004280090e-02 9.962726235389709473e-01
3.021044433116912842e-01 -8.011464774608612061e-02 6.634899228811264038e-02 -7.246280461549758911e-02 4.532803967595100403e-02 7.921769469976425171e-02 9.931862354278564453e-01
3.617047369480133057e-01 -8.823628723621368408e-02 7.508721947669982910e-02 -9.171992540359497070e-02 5.638527125120162964e-02 9.743028134107589722e-02 9.894014596939086914e-01
4.142040610313415527e-01 -9.177140891551971436e-02 8.131496608257293701e-02 -1.099950522184371948e-01 6.722973287105560303e-02 1.130877584218978882e-01 9.851863980293273926e-01
4.591405093669891357e-01 -9.234943985939025879e-02 8.545526117086410522e-02 -1.266003698110580444e-01 7.688241451978683472e-02 1.249582245945930481e-01 9.810436367988586426e-01
4.962945282459259033e-01 -9.136569499969482422e-02 8.813037723302841187e-02 -1.423122584819793701e-01 8.595450967550277710e-02 1.340917199850082397e-01 9.769228100776672363e-01
5.255497097969055176e-01 -8.918809890747070312e-02 8.953183144330978394e-02 -1.553907394409179688e-01 9.322980046272277832e-02 1.385191828012466431e-01 9.736397266387939453e-01
5.469168424606323242e-01 -8.714649081230163574e-02 8.992979675531387329e-02 -1.667691767215728760e-01 9.918497502803802490e-02 1.406484544277191162e-01 9.708596467971801758e-01
5.600888729095458984e-01 -8.438892662525177002e-02 8.985067158937454224e-02 -1.772004067897796631e-01 1.020909398794174194e-01 1.409043222665786743e-01 9.686709642410278320e-01
5.655857920646667480e-01 -8.310812711715698242e-02 8.959709107875823975e-02 -1.861541122198104858e-01 1.022144034504890442e-01 1.386830210685729980e-01 9.672982692718505859e-01
5.717664361000061035e-01 -8.201338350772857666e-02 8.981824666261672974e-02 -1.905639171600341797e-01 1.009256988763809204e-01 1.328387558460235596e-01 9.673950076103210449e-01
5.787238478660583496e-01 -8.137179911136627197e-02 9.051882475614547729e-02 -1.915168911218643188e-01 9.906333684921264648e-02 1.247103586792945862e-01 9.684808254241943359e-01
5.865255594253540039e-01 -8.090656995773315430e-02 9.147123992443084717e-02 -1.893523484468460083e-01 9.714961796998977661e-02 1.134084910154342651e-01 9.704876542091369629e-01
5.952532887458801270e-01 -8.044379949569702148e-02 9.271898865699768066e-02 -1.855474412441253662e-01 9.446829557418823242e-02 1.001352742314338684e-01 9.729443788528442383e-01
6.049734354019165039e-01 -8.005157113075256348e-02 9.424185752868652344e-02 -1.801889389753341675e-01 9.143756330013275146e-02 8.490085601806640625e-02 9.756858348846435547e-01
6.157127022743225098e-01 -7.989111542701721191e-02 9.631996601819992065e-02 -1.733704656362533569e-01 8.833926171064376831e-02 6.838364899158477783e-02 9.785001277923583984e-01
6.275392174720764160e-01 -8.012175559997558594e-02 9.883975237607955933e-02 -1.646041423082351685e-01 8.449780941009521484e-02 5.037263780832290649e-02 9.814417958259582520e-01
6.405313611030578613e-01 -8.085010945796966553e-02 1.016772612929344177e-01 -1.542430669069290161e-01 8.057634532451629639e-02 3.094442188739776611e-02 9.842554926872253418e-01
6.546890139579772949e-01 -8.225223422050476074e-02 1.050298959016799927e-01 -1.425393819808959961e-01 7.634664326906204224e-02 1.078740973025560379e-02 9.867813587188720703e-01
6.700183153152465820e-01 -8.453758060932159424e-02 1.089366450905799866e-01 -1.287638396024703979e-01 7.177165895700454712e-02 -8.894163183867931366e-03 9.890347123146057129e-01
6.866145730018615723e-01 -8.764179050922393799e-02 1.133395507931709290e-01 -1.142658963799476624e-01 6.721829622983932495e-02 -2.866885624825954437e-02 9.907588362693786621e-01
7.043557763099670410e-01 -9.205015003681182861e-02 1.184369176626205444e-01 -9.913460910320281982e-02 6.277509033679962158e-02 -4.595811665058135986e-02 9.920278787612915039e-01
7.232130765914916992e-01 -9.802530705928802490e-02 1.242296621203422546e-01 -8.455833792686462402e-02 5.926787108182907104e-02 -5.950001254677772522e-02 9.928730726242065430e-01
7.429558634757995605e-01 -1.062642931938171387e-01 1.305755972862243652e-01 -7.059775292873382568e-02 5.666326358914375305e-02 -6.738864630460739136e-02 9.936115145683288574e-01
7.638716101646423340e-01 -1.161111742258071899e-01 1.373919993638992310e-01 -5.821720883250236511e-02 5.517029762268066406e-02 -7.044458389282226562e-02 9.942858219146728516e-01
7.861855030059814453e-01 -1.274134665727615356e-01 1.444158554077148438e-01 -4.708393663167953491e-02 5.398857966065406799e-02 -7.042422145605087280e-02 9.949415326118469238e-01
8.102173209190368652e-01 -1.398270279169082642e-01 1.514038145542144775e-01 -3.954534232616424561e-02 5.463294312357902527e-02 -6.591408699750900269e-02 9.955434799194335938e-01
8.362621665000915527e-01 -1.528635174036026001e-01 1.585281789302825928e-01 -3.697489202022552490e-02 5.706485733389854431e-02 -5.596178770065307617e-02 9.961147308349609375e-01
8.648865818977355957e-01 -1.652465611696243286e-01 1.657389849424362183e-01 -3.890801966190338135e-02 5.672436207532882690e-02 -4.384706169366836548e-02 9.966673851013183594e-01
8.960531353950500488e-01 -1.770149916410446167e-01 1.728742271661758423e-01 -4.154802486300468445e-02 5.706956610083580017e-02 -3.037835098803043365e-02 9.970425367355346680e-01
9.297522306442260742e-01 -1.875928193330764771e-01 1.800150424242019653e-01 -4.410757124423980713e-02 5.698016658425331116e-02 -1.731927879154682159e-02 9.972500801086425781e-01
9.653388857841491699e-01 -1.982848048210144043e-01 1.874447464942932129e-01 -4.666884243488311768e-02 5.690899491310119629e-02 -4.010067321360111237e-03 9.972799420356750488e-01
1.002881646156311035e+00 -2.085916399955749512e-01 1.950876414775848389e-01 -4.912286624312400818e-02 5.632753670215606689e-02 9.531598538160324097e-03 9.971575736999511719e-01
1.042218327522277832e+00 -2.183911651372909546e-01 2.030294090509414673e-01 -5.310786142945289612e-02 5.663350969552993774e-02 2.552188932895660400e-02 9.966547489166259766e-01
1.076821327209472656e+00 -2.216065078973770142e-01 2.087739557027816772e-01 -5.462594330310821533e-02 5.583770200610160828e-02 3.520877659320831299e-02 9.963224530220031738e-01
1.104610919952392578e+00 -2.152120620012283325e-01 2.121612131595611572e-01 -5.431510135531425476e-02 5.368527024984359741e-02 3.934511542320251465e-02 9.963030815124511719e-01
1.124983787536621094e+00 -2.074936181306838989e-01 2.147725373506546021e-01 -5.429828166961669922e-02 5.171648040413856506e-02 4.280823096632957458e-02 9.962652325630187988e-01
1.139081597328186035e+00 -2.014638483524322510e-01 2.166837751865386963e-01 -5.478184670209884644e-02 4.981073737144470215e-02 4.770058020949363708e-02 9.961137175559997559e-01
1.147282361984252930e+00 -1.977279782295227051e-01 2.180919647216796875e-01 -5.477135628461837769e-02 4.800887033343315125e-02 5.359845608472824097e-02 9.959028363227844238e-01
1.154933929443359375e+00 -1.941492855548858643e-01 2.193273752927780151e-01 -5.500381439924240112e-02 4.640330001711845398e-02 5.968901887536048889e-02 9.956196546554565430e-01
1.161880254745483398e+00 -1.907716840505599976e-01 2.205277234315872192e-01 -5.505859479308128357e-02 4.491876810789108276e-02 6.556729227304458618e-02 9.953149557113647461e-01
1.168124079704284668e+00 -1.876171529293060303e-01 2.215736657381057739e-01 -5.535674095153808594e-02 4.366499930620193481e-02 7.120078057050704956e-02 9.949670433998107910e-01
1.173679947853088379e+00 -1.848497688770294189e-01 2.224925160408020020e-01 -5.583154410123825073e-02 4.268248751759529114e-02 7.691168040037155151e-02 9.945579767227172852e-01
1.178402781486511230e+00 -1.823436319828033447e-01 2.232779115438461304e-01 -5.608258023858070374e-02 4.170472547411918640e-02 8.201795071363449097e-02 9.941772818565368652e-01
1.182388424873352051e+00 -1.802248507738113403e-01 2.239646017551422119e-01 -5.618978291749954224e-02 4.111111164093017578e-02 8.654452115297317505e-02 9.938122034072875977e-01
1.185453891754150391e+00 -1.785371601581573486e-01 2.244757562875747681e-01 -5.621769651770591736e-02 4.072527214884757996e-02 9.057259559631347656e-02 9.934673309326171875e-01
1.190533876419067383e+00 -1.760448962450027466e-01 2.252405136823654175e-01 -5.600180104374885559e-02 4.075754806399345398e-02 9.315606206655502319e-02 9.932394027709960938e-01
1.198701024055480957e+00 -1.728372275829315186e-01 2.262561172246932983e-01 -5.394192039966583252e-02 4.064016416668891907e-02 9.164454042911529541e-02 9.934988617897033691e-01
1.369696021080017090e+00 -1.836292296648025513e-01 2.570811212062835693e-01 -9.208510816097259521e-02 6.045218557119369507e-02 1.356648355722427368e-01 9.846119880676269531e-01
1.528163671493530273e+00 -1.849783807992935181e-01 2.793124616146087646e-01 -1.241287887096405029e-01 7.812470197677612305e-02 1.672835052013397217e-01 9.749383330345153809e-01
1.672029495239257812e+00 -1.755962073802947998e-01 2.917570471763610840e-01 -1.607206314802169800e-01 9.595171362161636353e-02 2.021404802799224854e-01 9.613018035888671875e-01
1.799914836883544922e+00 -1.572945117950439453e-01 2.960348725318908691e-01 -1.976750344038009644e-01 1.144687682390213013e-01 2.363561391830444336e-01 9.444348216056823730e-01
1.910499453544616699e+00 -1.309812366962432861e-01 2.930120825767517090e-01 -2.326996475458145142e-01 1.328923404216766357e-01 2.665944993495941162e-01 9.258065819740295410e-01
2.003447532653808594e+00 -1.010620892047882080e-01 2.837922871112823486e-01 -2.657783329486846924e-01 1.489810645580291748e-01 2.904582023620605469e-01 9.070835113525390625e-01
2.079321622848510742e+00 -7.137806713581085205e-02 2.716477811336517334e-01 -2.960876524448394775e-01 1.629979163408279419e-01 3.082684874534606934e-01 8.892323970794677734e-01
2.138846158981323242e+00 -4.467010870575904846e-02 2.581623792648315430e-01 -3.232337534427642822e-01 1.742882877588272095e-01 3.192451298236846924e-01 8.736280798912048340e-01
2.182998180389404297e+00 -2.297177165746688843e-02 2.454206347465515137e-01 -3.465534746646881104e-01 1.823161542415618896e-01 3.242236375808715820e-01 8.611274361610412598e-01
2.212116956710815430e+00 -6.965462118387222290e-03 2.347475290298461914e-01 -3.676505386829376221e-01 1.864606291055679321e-01 3.261228501796722412e-01 8.507111072540283203e-01
2.227050542831420898e+00 2.703178673982620239e-03 2.278452664613723755e-01 -3.858118653297424316e-01 1.849960386753082275e-01 3.249338567256927490e-01 8.434119224548339844e-01
2.236602544784545898e+00 8.556402288377285004e-03 2.237647473812103271e-01 -3.987237513065338135e-01 1.796959638595581055e-01 3.188391327857971191e-01 8.408746719360351562e-01
2.247832298278808594e+00 1.483206637203693390e-02 2.204470485448837280e-01 -4.045545458793640137e-01 1.729083359241485596e-01 3.071565628051757812e-01 8.438561558723449707e-01
2.260937690734863281e+00 2.137267217040061951e-02 2.177622467279434204e-01 -4.050261974334716797e-01 1.658686250448226929e-01 2.901099920272827148e-01 8.510449528694152832e-01
2.275938272476196289e+00 2.834068238735198975e-02 2.154494374990463257e-01 -4.013735353946685791e-01 1.572585999965667725e-01 2.680605053901672363e-01 8.615756630897521973e-01
2.292941808700561523e+00 3.582277148962020874e-02 2.135501354932785034e-01 -3.946566879749298096e-01 1.475659608840942383e-01 2.424150705337524414e-01 8.739023208618164062e-01
2.312224149703979492e+00 4.351591318845748901e-02 2.125867903232574463e-01 -3.853868246078491211e-01 1.371910423040390015e-01 2.136285603046417236e-01 8.871405720710754395e-01
2.333958387374877930e+00 5.112470313906669617e-02 2.129077762365341187e-01 -3.722768425941467285e-01 1.257696598768234253e-01 1.817726790904998779e-01 9.014158844947814941e-01
2.358353376388549805e+00 5.804949998855590820e-02 2.145079970359802246e-01 -3.552986979484558105e-01 1.133334338665008545e-01 1.467331647872924805e-01 9.161809682846069336e-01
2.385483026504516602e+00 6.386269629001617432e-02 2.177002280950546265e-01 -3.351542055606842041e-01 1.006770730018615723e-01 1.092730388045310974e-01 9.303736090660095215e-01
2.415328979492187500e+00 6.797806918621063232e-02 2.230210900306701660e-01 -3.112620115280151367e-01 8.740585297346115112e-02 7.168041169643402100e-02 9.435772299766540527e-01
2.447841644287109375e+00 7.000746577978134155e-02 2.305040359497070312e-01 -2.842528522014617920e-01 7.438372075557708740e-02 3.426067158579826355e-02 9.552452564239501953e-01
2.482878684997558594e+00 6.933285295963287354e-02 2.404082715511322021e-01 -2.550153136253356934e-01 6.147876381874084473e-02 -1.037425128743052483e-03 9.649800062179565430e-01
2.520110607147216797e+00 6.508378684520721436e-02 2.531203329563140869e-01 -2.254846245050430298e-01 5.052057653665542603e-02 -3.031677566468715668e-02 9.724634885787963867e-01
2.559161186218261719e+00 5.626550689339637756e-02 2.685427069664001465e-01 -1.966740638017654419e-01 4.232059419155120850e-02 -5.080194398760795593e-02 9.782369136810302734e-01
2.600064277648925781e+00 4.294983297586441040e-02 2.859473228454589844e-01 -1.701540797948837280e-01 3.747105970978736877e-02 -6.076693534851074219e-02 9.828279614448547363e-01
2.643413305282592773e+00 2.621139958500862122e-02 3.046154975891113281e-01 -1.464897096157073975e-01 3.482546657323837280e-02 -6.356933712959289551e-02 9.865530133247375488e-01
2.689857006072998047e+00 6.598118692636489868e-03 3.237250745296478271e-01 -1.277326047420501709e-01 3.499295189976692200e-02 -5.883604660630226135e-02 9.894433021545410156e-01
2.740317821502685547e+00 -1.449461281299591064e-02 3.427769243717193604e-01 -1.180437430739402771e-01 4.007664695382118225e-02 -4.440634325146675110e-02 9.912050962448120117e-01
2.795871496200561523e+00 -3.450474888086318970e-02 3.616113364696502686e-01 -1.179636269807815552e-01 4.387637227773666382e-02 -2.249816991388797760e-02 9.917929768562316895e-01
2.856934547424316406e+00 -5.157839879393577576e-02 3.801575005054473877e-01 -1.224380284547805786e-01 4.549138993024826050e-02 2.172739943489432335e-03 9.914306402206420898e-01
2.923417091369628906e+00 -6.472890079021453857e-02 3.980269730091094971e-01 -1.275820732116699219e-01 4.747071117162704468e-02 2.775194309651851654e-02 9.903025031089782715e-01
2.994514703750610352e+00 -7.446153461933135986e-02 4.157826006412506104e-01 -1.327019035816192627e-01 4.907669499516487122e-02 5.345019698143005371e-02 9.884961843490600586e-01
3.069657087326049805e+00 -8.148343861103057861e-02 4.336728453636169434e-01 -1.373376548290252686e-01 5.007512494921684265e-02 7.903102785348892212e-02 9.860957860946655273e-01
3.148552656173706055e+00 -8.502840995788574219e-02 4.516316950321197510e-01 -1.434046328067779541e-01 5.160750448703765869e-02 1.074263453483581543e-01 9.824618697166442871e-01
3.223268270492553711e+00 -8.021196722984313965e-02 4.662139713764190674e-01 -1.484503895044326782e-01 5.252588912844657898e-02 1.317575424909591675e-01 9.786947369575500488e-01
3.283564090728759766e+00 -6.175095215439796448e-02 4.732024371623992920e-01 -1.491882055997848511e-01 5.083341151475906372e-02 1.456246674060821533e-01 9.767048358917236328e-01
3.327012538909912109e+00 -3.621052578091621399e-02 4.758459627628326416e-01 -1.485474407672882080e-01 4.813471063971519470e-02 1.531776338815689087e-01 9.757834672927856445e-01
3.357181072235107422e+00 -1.410339772701263428e-02 4.771587252616882324e-01 -1.488605737686157227e-01 4.527922719717025757e-02 1.616844236850738525e-01 9.744990468025207520e-01
3.376249074935913086e+00 1.240476965904235840e-03 4.784125089645385742e-01 -1.488066911697387695e-01 4.271531850099563599e-02 1.723780184984207153e-01 9.727886319160461426e-01
3.389606952667236328e+00 1.277407817542552948e-02 4.794601500034332275e-01 -1.484025418758392334e-01 4.047407954931259155e-02 1.843634694814682007e-01 9.707463979721069336e-01
3.401720046997070312e+00 2.370219491422176361e-02 4.804203510284423828e-01 -1.482854485511779785e-01 3.855937719345092773e-02 1.963136643171310425e-01 9.684965014457702637e-01
3.412432432174682617e+00 3.401158004999160767e-02 4.812919497489929199e-01 -1.480952501296997070e-01 3.684863075613975525e-02 2.076190263032913208e-01 9.662320017814636230e-01
3.421931266784667969e+00 4.335262998938560486e-02 4.820129573345184326e-01 -1.486405432224273682e-01 3.562526404857635498e-02 2.188732773065567017e-01 9.637070298194885254e-01
3.430059671401977539e+00 5.172587186098098755e-02 4.825959205627441406e-01 -1.490410864353179932e-01 3.453282266855239868e-02 2.295349985361099243e-01 9.612012505531311035e-01
3.436810493469238281e+00 5.901442840695381165e-02 4.830956161022186279e-01 -1.492103487253189087e-01 3.384635969996452332e-02 2.388867288827896118e-01 9.589180350303649902e-01
3.442268848419189453e+00 6.505526602268218994e-02 4.834890365600585938e-01 -1.492508500814437866e-01 3.366925567388534546e-02 2.473305910825729370e-01 9.567748904228210449e-01
3.448417186737060547e+00 7.175567001104354858e-02 4.838558733463287354e-01 -1.490246504545211792e-01 3.390913456678390503e-02 2.537609636783599854e-01 9.551162719726562500e-01
3.458935260772705078e+00 8.179870247840881348e-02 4.843316078186035156e-01 -1.474154889583587646e-01 3.463292494416236877e-02 2.557742595672607422e-01 9.548029899597167969e-01
