8.605448156595230103e-02 -1.860510325059294701e-03 3.063815832138061523e-02 -2.387791685760021210e-02 4.974390845745801926e-03 1.849577389657497406e-02 9.995313882827758789e-01
7.593161612749099731e-02 -8.262230083346366882e-03 3.453004360198974609e-02 -2.544820494949817657e-02 6.658467929810285568e-03 1.974853128194808960e-02 9.994588494300842285e-01
6.774335354566574097e-02 -1.222714409232139587e-02 3.268650919198989868e-02 -2.481238357722759247e-02 7.292029447853565216e-03 1.792105659842491150e-02 9.995048642158508301e-01
5.886094272136688232e-02 -1.749518141150474548e-02 3.036785684525966644e-02 -2.438069507479667664e-02 8.122581057250499725e-03 1.847261562943458557e-02 9.994990825653076172e-01
5.108930915594100952e-02 -1.784900575876235962e-02 2.761422097682952881e-02 -2.239241264760494232e-02 7.405313663184642792e-03 1.580582186579704285e-02 9.995968937873840332e-01
4.342310875654220581e-02 -1.824387535452842712e-02 2.421009540557861328e-02 -2.020325325429439545e-02 6.758953910320997238e-03 1.354558020830154419e-02 9.996812939643859863e-01
3.667104989290237427e-02 -1.582713611423969269e-02 2.099404856562614441e-02 -1.819813065230846405e-02 6.616154685616493225e-03 1.078461203724145889e-02 9.997543692588806152e-01
2.985955774784088135e-02 -1.312899589538574219e-02 1.799503527581691742e-02 -1.642385125160217285e-02 6.621051114052534103e-03 8.458914235234260559e-03 9.998074173927307129e-01
2.408515848219394684e-02 -1.018227264285087585e-02 1.337046921253204346e-02 -1.390499155968427658e-02 6.229618564248085022e-03 5.461893044412136078e-03 9.998689889907836914e-01
1.736607775092124939e-02 -7.701209746301174164e-03 9.964315220713615417e-03 -1.159511320292949677e-02 6.179091054946184158e-03 3.970807883888483047e-03 9.999058246612548828e-01
1.101395022124052048e-02 -4.622124135494232178e-03 6.192276254296302795e-03 -8.729900233447551727e-03 -6.572442944161593914e-04 8.015601779334247112e-04 9.999613761901855469e-01
5.109593272209167480e-03 -7.037909817881882191e-04 2.346096560359001160e-03 -6.092235911637544632e-03 -3.600845520850270987e-04 -1.232479698956012726e-03 9.999806284904479980e-01
5.342699587345123291e-03 6.864550960017368197e-05 3.289191750809550285e-03 -3.520688973367214203e-03 1.571536849951371551e-04 -4.052276257425546646e-03 9.999855756759643555e-01
6.055869627743959427e-03 -1.081365393474698067e-03 3.386725904420018196e-03 -1.662782509811222553e-03 2.700552577152848244e-04 -5.403114017099142075e-03 9.999839663505554199e-01
6.714717019349336624e-03 -1.595158712007105350e-03 3.793403273448348045e-03 4.799581947736442089e-04 5.755912279710173607e-04 -7.292947266250848770e-03 9.999731183052062988e-01
7.666816003620624542e-03 -2.112416084855794907e-03 3.836010117083787918e-03 1.490131486207246780e-03 6.482331664301455021e-04 -8.674311451613903046e-03 9.999610781669616699e-01
8.231560699641704559e-03 -4.378803540021181107e-03 3.166009439155459404e-03 3.231337526813149452e-03 7.775584817864000797e-04 -9.120898321270942688e-03 9.999528527259826660e-01
8.996366523206233978e-03 -4.443402402102947235e-03 4.353024996817111969e-03 3.819696838036179543e-03 1.334049506112933159e-03 -9.870826266705989838e-03 9.999430775642395020e-01
8.995981886982917786e-03 -6.360200233757495880e-03 4.986989311873912811e-03 4.671849310398101807e-03 1.248443382792174816e-03 -9.982273913919925690e-03 9.999384880065917969e-01
9.939981624484062195e-03 -7.668129168450832367e-03 4.440785851329565048e-03 5.150934215635061264e-03 8.607927011325955391e-04 -1.019002590328454971e-02 9.999344348907470703e-01
1.149050518870353699e-02 -7.314923219382762909e-03 5.291737150400876999e-03 5.642896052449941635e-03 1.080687972716987133e-03 -9.779149666428565979e-03 9.999356865882873535e-01
1.294562313705682755e-02 -8.070030249655246735e-03 4.765308462083339691e-03 7.074435241520404816e-03 5.463805864565074444e-04 -9.233247488737106323e-03 9.999321699142456055e-01
1.453161984682083130e-02 -6.662198342382907867e-03 6.980095524340867996e-03 7.245155517011880875e-03 8.945521549321711063e-04 -8.447837084531784058e-03 9.999376535415649414e-01
1.556299813091754913e-02 -9.184195660054683685e-03 5.782643333077430725e-03 7.808543741703033447e-03 5.007504951208829880e-04 -7.173374295234680176e-03 9.999436736106872559e-01
1.667501591145992279e-02 -9.777707979083061218e-03 7.115657906979322433e-03 7.594527211040258408e-03 6.321925902739167213e-04 -5.693362094461917877e-03 9.999547600746154785e-01
1.932835020124912262e-02 -6.595920305699110031e-03 8.964615873992443085e-03 7.300410419702529907e-03 8.980243001133203506e-04 -4.312625620514154434e-03 9.999636411666870117e-01
2.064919285476207733e-02 -8.982245810329914093e-03 8.589412085711956024e-03 6.818298250436782837e-03 1.646288874326273799e-04 -2.020959975197911263e-03 9.999747276306152344e-01
2.230469882488250732e-02 -8.411130867898464203e-03 1.032485067844390869e-02 5.956613458693027496e-03 6.770624895580112934e-04 -1.997344807023182511e-04 9.999819993972778320e-01
2.410681731998920441e-02 -9.123616851866245270e-03 1.077893376350402832e-02 5.169601179659366608e-03 7.414682186208665371e-04 2.862484194338321686e-03 9.999822378158569336e-01
2.512232773005962372e-02 -9.392846375703811646e-03 1.338912080973386765e-02 2.926517045125365257e-03 1.274223672226071358e-03 5.800478160381317139e-03 9.999780654907226562e-01
2.648306824266910553e-02 -1.353544555604457855e-02 1.181529648602008820e-02 2.160917734727263451e-03 -6.387298926711082458e-03 8.168131113052368164e-03 9.999439120292663574e-01
2.743807248771190643e-02 -1.532020978629589081e-02 1.313618477433919907e-02 5.281629855744540691e-04 -7.063006516546010971e-03 1.059411186724901199e-02 9.999188184738159180e-01
2.964056283235549927e-02 -1.599866338074207306e-02 1.278400886803865433e-02 -1.042549498379230499e-03 -7.536238059401512146e-03 1.247325260192155838e-02 9.998932480812072754e-01
3.252965956926345825e-02 -1.491975784301757812e-02 1.247054431587457657e-02 -1.737228594720363617e-03 -8.242060430347919464e-03 1.518503390252590179e-02 9.998492002487182617e-01
3.387773036956787109e-02 -1.681038178503513336e-02 1.195467915385961533e-02 -2.522664610296487808e-03 -8.598911575973033905e-03 1.716117933392524719e-02 9.998126029968261719e-01
3.459060564637184143e-02 -1.939640380442142487e-02 1.163239032030105591e-02 -2.761051524430513382e-03 -8.922332897782325745e-03 1.846290938556194305e-02 9.997859001159667969e-01
2.943158708512783051e-02 -1.638019084930419922e-02 9.339911863207817078e-03 -3.389911726117134094e-03 -9.424488991498947144e-03 1.938870549201965332e-02 9.997618794441223145e-01
2.373979054391384125e-02 -1.332585606724023819e-02 8.428501896560192108e-03 -4.957416560500860214e-03 -8.867058902978897095e-03 2.022067643702030182e-02 9.997439384460449219e-01
2.041884325444698334e-02 -7.762126158922910690e-03 2.480604220181703568e-03 -3.599298885092139244e-03 -9.830558672547340393e-03 1.916249841451644897e-02 9.997615814208984375e-01
1.485360413789749146e-02 7.040359196253120899e-04 4.286990500986576080e-03 -3.344936063513159752e-03 -8.034055121243000031e-03 1.705690659582614899e-02 9.998166561126708984e-01
8.364613167941570282e-03 1.964593771845102310e-03 3.176189260557293892e-03 -4.076418932527303696e-03 -7.694154977798461914e-03 1.869673840701580048e-02 9.997872710227966309e-01
7.788056973367929459e-03 -9.436270338483154774e-04 3.337981412187218666e-03 -3.647312754765152931e-03 -7.482520770281553268e-03 2.034424059092998505e-02 9.997583627700805664e-01
7.095834705978631973e-03 1.890957209980115294e-04 3.292268374934792519e-03 -3.424630966037511826e-03 -5.584423895925283432e-03 1.997016556560993195e-02 9.997791051864624023e-01
6.538217887282371521e-03 9.730691672302782536e-04 2.524471841752529144e-03 -3.075220622122287750e-03 -5.557074211537837982e-03 1.861106231808662415e-02 9.998066425323486328e-01
5.940440576523542404e-03 -4.138652584515511990e-04 1.976431813091039658e-03 -3.244519000872969627e-03 -4.609274677932262421e-03 1.817945204675197601e-02 9.998188614845275879e-01
4.977679345756769180e-03 1.346848090179264545e-03 1.667754142545163631e-03 -2.484476426616311073e-03 -3.968269098550081253e-03 1.602838747203350067e-02 9.998605847358703613e-01
4.340621177107095718e-03 2.376997144892811775e-04 1.306978054344654083e-03 -2.144471742212772369e-03 -2.597271464765071869e-03 1.538223586976528168e-02 9.998760223388671875e-01
3.199384547770023346e-03 1.188589725643396378e-03 1.233158633112907410e-03 -1.636488828808069229e-03 -1.175910467281937599e-03 1.286842301487922668e-02 9.999151825904846191e-01
5.544786807149648666e-03 -1.469101640395820141e-03 1.064798794686794281e-03 -9.227734990417957306e-04 -1.690001372480764985e-04 1.021736767143011093e-02 9.999473690986633301e-01
6.421713158488273621e-03 -5.834795068949460983e-03 1.547707826830446720e-03 9.295299241784960032e-05 1.808699686080217361e-03 7.826218381524085999e-03 9.999677538871765137e-01
1.625316292047500610e-01 -7.336758542805910110e-03 6.495855003595352173e-02 -4.451726004481315613e-02 1.070553995668888092e-02 3.186970576643943787e-02 9.984427690505981445e-01
1.445740461349487305e-01 -1.796822808682918549e-02 6.620825827121734619e-02 -4.294264689087867737e-02 1.380890142172574997e-02 2.913953177630901337e-02 9.985570311546325684e-01
1.270890831947326660e-01 -3.461316600441932678e-02 5.992124974727630615e-02 -4.408386349678039551e-02 1.345877163112163544e-02 3.388464078307151794e-02 9.983623027801513672e-01
1.109474897384643555e-01 -3.506225720047950745e-02 5.629589781165122986e-02 -4.483286663889884949e-02 1.376519631594419479e-02 3.276168555021286011e-02 9.983622431755065918e-01
9.594833850860595703e-02 -3.332039341330528259e-02 5.112888664007186890e-02 -4.123799502849578857e-02 1.416473835706710815e-02 2.993101440370082855e-02 9.986004829406738281e-01
8.068142086267471313e-02 -3.205877169966697693e-02 4.563151672482490540e-02 -3.771401569247245789e-02 1.361704245209693909e-02 2.487468160688877106e-02 9.988861083984375000e-01
6.726797670125961304e-02 -2.738482132554054260e-02 3.886639326810836792e-02 -3.310650587081909180e-02 1.435887813568115234e-02 2.018626779317855835e-02 9.991447925567626953e-01
5.497214570641517639e-02 -2.012381516396999359e-02 3.180313110351562500e-02 -2.774715423583984375e-02 1.351534854620695114e-02 1.292324811220169067e-02 9.994400739669799805e-01
4.183837398886680603e-02 -1.655543409287929535e-02 2.362291142344474792e-02 -2.366006001830101013e-02 1.153400819748640060e-02 8.370212279260158539e-03 9.996184706687927246e-01
2.876577340066432953e-02 -1.153573021292686462e-02 1.604590751230716705e-02 -1.973656378686428070e-02 5.442830268293619156e-03 4.615712445229291916e-03 9.997797608375549316e-01
1.626882515847682953e-02 -5.094443913549184799e-03 8.574000559747219086e-03 -1.517332252115011215e-02 -8.259618771262466908e-04 -5.307201063260436058e-04 9.998843669891357422e-01
1.046845316886901855e-02 -6.082352483645081520e-04 5.673356354236602783e-03 -9.273543022572994232e-03 -3.754159261006861925e-04 -5.589488428086042404e-03 9.999412894248962402e-01
1.135552767664194107e-02 -9.813804645091295242e-04 6.825567688792943954e-03 -5.378338508307933807e-03 2.466296136844903231e-04 -9.411661885678768158e-03 9.999412298202514648e-01
1.274123135954141617e-02 -2.780055394396185875e-03 7.188405841588973999e-03 -1.716062426567077637e-03 6.970555405132472515e-04 -1.272153295576572418e-02 9.999173879623413086e-01
1.435999665409326553e-02 -3.884656820446252823e-03 7.590718101710081100e-03 1.345584052614867687e-03 8.658400038257241249e-04 -1.559763308614492416e-02 9.998770952224731445e-01
1.595066487789154053e-02 -6.740007083863019943e-03 6.990165915340185165e-03 4.797966685146093369e-03 1.351775019429624081e-03 -1.781680807471275330e-02 9.998288154602050781e-01
1.721760071814060211e-02 -8.987377397716045380e-03 7.396389264613389969e-03 6.873694248497486115e-03 2.017728984355926514e-03 -1.891860179603099823e-02 9.997953772544860840e-01
1.798468269407749176e-02 -1.097858604043722153e-02 9.295122697949409485e-03 9.128050878643989563e-03 2.543904818594455719e-03 -1.982647925615310669e-02 9.997585415840148926e-01
1.903771422803401947e-02 -1.401672884821891785e-02 9.311803616583347321e-03 1.040938589721918106e-02 2.188719809055328369e-03 -2.044704183936119080e-02 9.997343420982360840e-01
2.166079357266426086e-02 -1.496798172593116760e-02 9.315520524978637695e-03 1.175966672599315643e-02 2.100044162943959236e-03 -2.050693891942501068e-02 9.997183680534362793e-01
2.414352633059024811e-02 -1.591123081743717194e-02 9.996467269957065582e-03 1.309511251747608185e-02 1.633775420486927032e-03 -1.925536245107650757e-02 9.997274875640869141e-01
2.729005925357341766e-02 -1.520386617630720139e-02 1.188688632100820541e-02 1.392410043627023697e-02 1.722687389701604843e-03 -1.766230538487434387e-02 9.997455477714538574e-01
3.003001771867275238e-02 -1.630036532878875732e-02 1.259576063603162766e-02 1.456997543573379517e-02 1.401136745698750019e-03 -1.532114949077367783e-02 9.997754693031311035e-01
3.222363814711570740e-02 -1.917993649840354919e-02 1.263488549739122391e-02 1.496885437518358231e-02 1.093612518161535263e-03 -1.217055600136518478e-02 9.998133182525634766e-01
3.619064018130302429e-02 -1.651041768491268158e-02 1.606752909719944000e-02 1.412651874125003815e-02 1.145126414485275745e-03 -9.408321231603622437e-03 9.998552799224853516e-01
4.007428511977195740e-02 -1.572031527757644653e-02 1.732719875872135162e-02 1.382978074252605438e-02 9.912048699334263802e-04 -5.772980395704507828e-03 9.998872280120849609e-01
4.291460290551185608e-02 -1.793540641665458679e-02 1.855955831706523895e-02 1.294189784675836563e-02 4.469598061405122280e-04 -1.858476665802299976e-03 9.999144077301025391e-01
4.642634466290473938e-02 -1.764106936752796173e-02 2.098311111330986023e-02 1.100225746631622314e-02 1.912283711135387421e-03 2.971051726490259171e-03 9.999332427978515625e-01
4.917065799236297607e-02 -1.876064203679561615e-02 2.417460642755031586e-02 8.555032312870025635e-03 1.875534420832991600e-03 8.352144621312618256e-03 9.999267458915710449e-01
5.158129334449768066e-02 -2.325110509991645813e-02 2.530066482722759247e-02 5.540018901228904724e-03 -5.279430188238620758e-03 1.339026354253292084e-02 9.998810887336730957e-01
5.478756874799728394e-02 -2.804174087941646576e-02 2.400394342839717865e-02 2.458893228322267532e-03 -1.291106827557086945e-02 1.696256920695304871e-02 9.997697472572326660e-01
5.749386548995971680e-02 -3.123981505632400513e-02 2.511333301663398743e-02 -3.700221350300125778e-05 -1.380969863384962082e-02 2.159425057470798492e-02 9.996714591979980469e-01
6.216528266668319702e-02 -3.079896606504917145e-02 2.552982419729232788e-02 -2.393162809312343597e-03 -1.540588308125734329e-02 2.582608722150325775e-02 9.995448589324951172e-01
6.613581627607345581e-02 -3.182968869805335999e-02 2.507358230650424957e-02 -3.261872334405779839e-03 -1.614029146730899811e-02 2.945281006395816803e-02 9.994305372238159180e-01
6.894473731517791748e-02 -3.493846207857131958e-02 2.419773675501346588e-02 -4.107155837118625641e-03 -1.710071228444576263e-02 3.177504613995552063e-02 9.993402957916259766e-01
6.433699280023574829e-02 -3.441077098250389099e-02 2.224642597138881683e-02 -5.380971357226371765e-03 -1.719979755580425262e-02 3.333864361047744751e-02 9.992816448211669922e-01
5.259439349174499512e-02 -3.023513965308666229e-02 1.857109181582927704e-02 -8.284961804747581482e-03 -1.756151579320430756e-02 3.617967665195465088e-02 9.991566538810729980e-01
4.384193941950798035e-02 -2.244361490011215210e-02 1.101134531199932098e-02 -7.484437432140111923e-03 -1.826014369726181030e-02 3.762979060411453247e-02 9.990968704223632812e-01
3.599246218800544739e-02 -7.134290877729654312e-03 7.363687269389629364e-03 -5.989133380353450775e-03 -1.834644749760627747e-02 3.341137617826461792e-02 9.992553591728210449e-01
2.272688224911689758e-02 4.318170249462127686e-03 8.089484646916389465e-03 -6.113693583756685257e-03 -1.490575168281793594e-02 3.301654756069183350e-02 9.993249177932739258e-01
1.611663401126861572e-02 -2.052358177024871111e-04 7.263537961989641190e-03 -7.399764843285083771e-03 -1.315451972186565399e-02 3.885525092482566833e-02 9.991308450698852539e-01
1.508211065083742142e-02 3.010517975781112909e-04 6.286629009991884232e-03 -6.504079792648553848e-03 -1.324146147817373276e-02 3.763938322663307190e-02 9.991824626922607422e-01
1.359148323535919189e-02 2.004740526899695396e-03 5.748760420829057693e-03 -6.378667429089546204e-03 -1.061344332993030548e-02 3.582093119621276855e-02 9.992815256118774414e-01
1.252277940511703491e-02 5.913145141676068306e-04 4.563958384096622467e-03 -6.763159763067960739e-03 -1.047813612967729568e-02 3.416135534644126892e-02 9.993385076522827148e-01
1.107864268124103546e-02 9.416672401130199432e-04 3.592114429920911789e-03 -5.451974458992481232e-03 -8.702324703335762024e-03 3.258409351110458374e-02 9.994162321090698242e-01
9.361471049487590790e-03 1.569961430504918098e-03 2.973437309265136719e-03 -4.593028686940670013e-03 -6.709006149321794510e-03 2.990629337728023529e-02 9.995196461677551270e-01
7.658930495381355286e-03 1.355773769319057465e-03 2.438131952658295631e-03 -3.402645932510495186e-03 -3.759561106562614441e-03 2.712674252688884735e-02 9.996191263198852539e-01
8.801748044788837433e-03 -3.506963257677853107e-04 2.288870979100465775e-03 -1.968317897990345955e-03 -1.046521705575287342e-03 2.196628227829933167e-02 9.997562170028686523e-01
1.236539892852306366e-02 -7.183554582297801971e-03 2.684827893972396851e-03 -5.803360836580395699e-04 2.201068913564085960e-03 1.762951165437698364e-02 9.998419880867004395e-01
