8.422385156154632568e-02 -4.146859049797058105e-03 3.485542535781860352e-02 -2.700157649815082550e-02 7.498912978917360306e-03 2.469811402261257172e-02 9.993020892143249512e-01
7.432167232036590576e-02 -1.291336119174957275e-02 3.572978824377059937e-02 -2.791292592883110046e-02 8.838614448904991150e-03 2.542899176478385925e-02 9.992477893829345703e-01
6.635523587465286255e-02 -1.443326659500598907e-02 3.326294943690299988e-02 -2.723202668130397797e-02 9.344244375824928284e-03 2.344492636620998383e-02 9.993104934692382812e-01
5.799815803766250610e-02 -1.867127604782581329e-02 2.947781607508659363e-02 -2.667375840246677399e-02 1.003065705299377441e-02 2.414015680551528931e-02 9.993023276329040527e-01
4.993288964033126831e-02 -1.957500353455543518e-02 2.624844387173652649e-02 -2.467503212392330170e-02 9.186315350234508514e-03 2.099704742431640625e-02 9.994328022003173828e-01
4.204461723566055298e-02 -2.013834007084369659e-02 2.233881130814552307e-02 -2.193549461662769318e-02 8.033934049308300018e-03 1.821818016469478607e-02 9.995610713958740234e-01
3.480810672044754028e-02 -1.818783208727836609e-02 1.906651072204113007e-02 -1.961769163608551025e-02 7.648936938494443893e-03 1.514989137649536133e-02 9.996635317802429199e-01
2.751805633306503296e-02 -1.552574150264263153e-02 1.640207506716251373e-02 -1.763857342302799225e-02 7.642187178134918213e-03 1.224679127335548401e-02 9.997401833534240723e-01
2.146634086966514587e-02 -1.223218534141778946e-02 1.228524651378393173e-02 -1.504334900528192520e-02 7.274822331964969635e-03 8.376850746572017670e-03 9.998252987861633301e-01
1.454665884375572205e-02 -9.621288627386093140e-03 8.929559960961341858e-03 -1.256794389337301254e-02 7.092719897627830505e-03 6.073469296097755432e-03 9.998773932456970215e-01
8.824357762932777405e-03 -6.729189772158861160e-03 4.491685424000024796e-03 -9.272658266127109528e-03 -1.007028331514447927e-04 2.711364533752202988e-03 9.999533295631408691e-01
4.902656190097332001e-03 -1.526383101008832455e-03 2.662876620888710022e-03 -6.054691504687070847e-03 -9.481351298745721579e-05 1.740756852086633444e-04 9.999816417694091797e-01
5.241328850388526917e-03 -1.809797482565045357e-03 3.256922122091054916e-03 -3.842889564111828804e-03 5.088957841508090496e-04 -2.556903054937720299e-03 9.999892115592956543e-01
5.980211310088634491e-03 -2.506843302398920059e-03 3.404309740290045738e-03 -1.638577552512288094e-03 6.345339352265000343e-04 -4.079313483089208603e-03 9.999901652336120605e-01
6.001484114676713943e-03 -4.991158843040466309e-03 2.384361345320940018e-03 6.455063121393322945e-04 9.217294282279908657e-04 -5.703284405171871185e-03 9.999831318855285645e-01
6.841626949608325958e-03 -4.631802439689636230e-03 3.728603245690464973e-03 1.188627444207668304e-03 1.306095509789884090e-03 -6.902295164763927460e-03 9.999746084213256836e-01
6.882971618324518204e-03 -6.647720467299222946e-03 2.708404557779431343e-03 3.271940164268016815e-03 1.295888912864029408e-03 -7.700276561081409454e-03 9.999641776084899902e-01
8.068454451858997345e-03 -5.736981984227895737e-03 4.425463266670703888e-03 3.692917758598923683e-03 1.953079132363200188e-03 -8.321356028318405151e-03 9.999566674232482910e-01
8.021047338843345642e-03 -7.151900324970483780e-03 4.758795723319053650e-03 4.546870477497577667e-03 1.653740531764924526e-03 -8.682557381689548492e-03 9.999505877494812012e-01
8.313755504786968231e-03 -8.334137499332427979e-03 4.724728409200906754e-03 5.119386594742536545e-03 1.565650105476379395e-03 -9.140539914369583130e-03 9.999439120292663574e-01
9.728026576340198517e-03 -8.064460940659046173e-03 5.171779543161392212e-03 5.591247696429491043e-03 1.547394320368766785e-03 -8.604926988482475281e-03 9.999461770057678223e-01
1.085407193750143051e-02 -8.929959498345851898e-03 4.169331397861242294e-03 6.987367291003465652e-03 8.955409284681081772e-04 -8.351804688572883606e-03 9.999403357505798340e-01
1.240055449306964874e-02 -7.690816186368465424e-03 5.882911384105682373e-03 7.185578811913728714e-03 1.207073568366467953e-03 -7.463546004146337509e-03 9.999455809593200684e-01
1.294586528092622757e-02 -9.529449976980686188e-03 5.192205775529146194e-03 7.709966041147708893e-03 7.053154986351728439e-04 -6.298484280705451965e-03 9.999501705169677734e-01
1.378425117582082748e-02 -1.007741782814264297e-02 6.029582116752862930e-03 7.500914391130208969e-03 5.985993193462491035e-04 -4.794318694621324539e-03 9.999601840972900391e-01
1.612590998411178589e-02 -8.260280825197696686e-03 6.932350341230630875e-03 7.235936820507049561e-03 4.693488881457597017e-04 -3.039577510207891464e-03 9.999690651893615723e-01
1.705835759639739990e-02 -9.922322817146778107e-03 6.517327390611171722e-03 6.890560500323772430e-03 -2.313182194484397769e-04 -9.601067868061363697e-04 9.999758005142211914e-01
1.865807361900806427e-02 -9.533773176372051239e-03 7.475211285054683685e-03 6.166087929159402847e-03 -7.454592832800699398e-06 1.132098957896232605e-03 9.999803304672241211e-01
1.998874917626380920e-02 -1.020639948546886444e-02 7.918003015220165253e-03 5.384133663028478622e-03 -2.145887265214696527e-04 4.428998101502656937e-03 9.999756813049316406e-01
2.091104164719581604e-02 -1.018219161778688431e-02 1.028244476765394211e-02 3.400827525183558464e-03 4.816387081518769264e-04 7.411696016788482666e-03 9.999666213989257812e-01
2.167630568146705627e-02 -1.225803326815366745e-02 1.068578474223613739e-02 2.343650674447417259e-03 -7.235966157168149948e-03 9.870295412838459015e-03 9.999223351478576660e-01
2.265890873968601227e-02 -1.301145646721124649e-02 1.222220435738563538e-02 5.181128508411347866e-04 -7.753015961498022079e-03 1.253388915210962296e-02 9.998912811279296875e-01
2.493257448077201843e-02 -1.350235659629106522e-02 1.125963777303695679e-02 -1.025427482090890408e-03 -8.692639879882335663e-03 1.464339904487133026e-02 9.998544454574584961e-01
2.736458927392959595e-02 -1.265705469995737076e-02 1.118203625082969666e-02 -1.915700384415686131e-03 -9.031151421368122101e-03 1.756515726447105408e-02 9.998031258583068848e-01
2.825851365923881531e-02 -1.426602341234683990e-02 1.126944925636053085e-02 -2.902237232774496078e-03 -9.091596119105815887e-03 1.943545043468475342e-02 9.997655749320983887e-01
2.858159132301807404e-02 -1.742616295814514160e-02 1.116945408284664154e-02 -3.247582819312810898e-03 -9.583502076566219330e-03 2.063949778676033020e-02 9.997357726097106934e-01
2.323673851788043976e-02 -1.549513917416334152e-02 8.830068632960319519e-03 -3.898633876815438271e-03 -1.009009033441543579e-02 2.199584990739822388e-02 9.996995329856872559e-01
1.806602813303470612e-02 -1.228170562535524368e-02 7.252038922160863876e-03 -5.342304706573486328e-03 -9.654753841459751129e-03 2.319610491394996643e-02 9.996700286865234375e-01
1.406181789934635162e-02 -9.285289794206619263e-03 3.036677604541182518e-03 -4.375093616545200348e-03 -1.002818159759044647e-02 2.269567735493183136e-02 9.996825456619262695e-01
9.788812138140201569e-03 -6.392640061676502228e-03 3.217683639377355576e-03 -4.800803028047084808e-03 -8.759501390159130096e-03 2.406259998679161072e-02 9.996605515480041504e-01
9.026994928717613220e-03 2.944701118394732475e-04 3.364096162840723991e-03 -4.213453270494937897e-03 -8.743122220039367676e-03 2.129918895661830902e-02 9.997260570526123047e-01
7.627053186297416687e-03 -5.709919147193431854e-03 2.624730346724390984e-03 -4.211238585412502289e-03 -8.615897968411445618e-03 2.385742962360382080e-02 9.996693730354309082e-01
8.689151145517826080e-03 -3.159280866384506226e-03 4.456116817891597748e-03 -4.004127811640501022e-03 -6.547372788190841675e-03 2.340045012533664703e-02 9.996967315673828125e-01
1.046739239245653152e-02 -5.968992991256527603e-05 2.649958943948149681e-03 -2.949117450043559074e-03 -6.828087382018566132e-03 2.051262557506561279e-02 9.997619390487670898e-01
1.073880027979612350e-02 -3.216910874471068382e-03 2.345518209040164948e-03 -3.169404808431863785e-03 -6.096358411014080048e-03 2.111865021288394928e-02 9.997533559799194336e-01
1.193908695131540298e-02 1.853447291068732738e-03 2.081005135551095009e-03 -2.247681142762303352e-03 -5.023813340812921524e-03 1.759367994964122772e-02 9.998300671577453613e-01
1.292349584400653839e-02 1.475280623708385974e-05 2.430070424452424049e-03 -1.872744294814765453e-03 -3.579280339181423187e-03 1.679393462836742401e-02 9.998508095741271973e-01
1.323894690722227097e-02 4.170621745288372040e-03 -3.162325127050280571e-03 -1.550929970107972622e-03 -2.439012983813881874e-03 1.422316487878561020e-02 9.998946785926818848e-01
1.163063663989305496e-02 -7.322772406041622162e-03 1.069118501618504524e-03 -8.639464504085481167e-04 -7.047125254757702351e-04 1.233888417482376099e-02 9.999232292175292969e-01
8.665018714964389801e-03 -1.101655140519142151e-02 2.058008452877402306e-03 7.661679410375654697e-05 1.456318190321326256e-03 9.419636800885200500e-03 9.999545812606811523e-01
1.596778929233551025e-01 -2.049271203577518463e-02 6.788001209497451782e-02 -4.836560785770416260e-02 1.416107174009084702e-02 4.071974754333496094e-02 9.978988766670227051e-01
1.420169174671173096e-01 -2.684179879724979401e-02 6.647149473428726196e-02 -4.640675336122512817e-02 1.829603686928749084e-02 3.599919006228446960e-02 9.981060624122619629e-01
1.241263821721076965e-01 -4.711370915174484253e-02 5.392623320221900940e-02 -4.641625657677650452e-02 1.579274982213973999e-02 4.347433522343635559e-02 9.978507161140441895e-01
1.081171631813049316e-01 -4.520837962627410889e-02 4.996655881404876709e-02 -4.739379510283470154e-02 1.592589728534221649e-02 4.159339144825935364e-02 9.978828430175781250e-01
9.304717183113098145e-02 -4.035909846425056458e-02 4.609076306223869324e-02 -4.455681890249252319e-02 1.685784198343753815e-02 3.835489600896835327e-02 9.981279373168945312e-01
7.848282903432846069e-02 -3.502231836318969727e-02 4.129566624760627747e-02 -4.124261811375617981e-02 1.545466203242540359e-02 3.243016451597213745e-02 9.985031485557556152e-01
6.547014415264129639e-02 -2.770260162651538849e-02 3.502850234508514404e-02 -3.640476241707801819e-02 1.658725552260875702e-02 2.735013514757156372e-02 9.988250732421875000e-01
5.304512381553649902e-02 -1.895081996917724609e-02 2.861542999744415283e-02 -3.034634701907634735e-02 1.624668948352336884e-02 1.871547661721706390e-02 9.992321133613586426e-01
3.911909461021423340e-02 -1.622270978987216949e-02 2.073641680181026459e-02 -2.546229027211666107e-02 1.359192747622728348e-02 1.275644078850746155e-02 9.995020031929016113e-01
2.524506114423274994e-02 -1.215699966996908188e-02 1.425487454980611801e-02 -2.112085558474063873e-02 6.856783758848905563e-03 8.059890940785408020e-03 9.997209310531616211e-01
1.353069860488176346e-02 -7.261933758854866028e-03 6.976487580686807632e-03 -1.598586514592170715e-02 -1.003137804218567908e-04 2.049634465947747231e-03 9.998701214790344238e-01
1.052128244191408157e-02 -2.995772520080208778e-03 5.405526142567396164e-03 -9.617656469345092773e-03 3.123674832750111818e-04 -3.874131711199879646e-03 9.999461770057678223e-01
1.101689226925373077e-02 -4.253168124705553055e-03 7.028615567833185196e-03 -6.412859540432691574e-03 1.072315382771193981e-03 -7.279658224433660507e-03 9.999523758888244629e-01
1.233698707073926926e-02 -6.066710688173770905e-03 7.113253232091665268e-03 -1.832127105444669724e-03 1.492708222940564156e-03 -1.077474933117628098e-02 9.999391436576843262e-01
1.383645739406347275e-02 -7.352657150477170944e-03 7.142724934965372086e-03 1.020052353851497173e-03 1.660856301896274090e-03 -1.348551176488399506e-02 9.999071955680847168e-01
1.412373688071966171e-02 -1.120944786816835403e-02 6.002550944685935974e-03 4.464795347303152084e-03 2.182205906137824059e-03 -1.531373895704746246e-02 9.998703598976135254e-01
1.507817674428224564e-02 -1.292089093476533890e-02 6.137030199170112610e-03 6.770729552954435349e-03 2.745161531493067741e-03 -1.647157594561576843e-02 9.998376369476318359e-01
1.587533392012119293e-02 -1.402666140347719193e-02 7.849032059311866760e-03 9.025454521179199219e-03 3.176207188516855240e-03 -1.740091852843761444e-02 9.998028278350830078e-01
1.701167412102222443e-02 -1.482117455452680588e-02 9.372084401547908783e-03 1.033033896237611771e-02 3.330914769321680069e-03 -1.846717484295368195e-02 9.997705221176147461e-01
1.883029937744140625e-02 -1.585045643150806427e-02 9.356232360005378723e-03 1.167974155396223068e-02 3.191990545019507408e-03 -1.865546591579914093e-02 9.997526407241821289e-01
2.006500214338302612e-02 -1.736210100352764130e-02 9.862302802503108978e-03 1.279718149453401566e-02 2.554935170337557793e-03 -1.754589378833770752e-02 9.997608661651611328e-01
2.303207851946353912e-02 -1.618210040032863617e-02 1.144606061279773712e-02 1.350812148302793503e-02 2.819813089445233345e-03 -1.616824977099895477e-02 9.997740387916564941e-01
2.531049773097038269e-02 -1.722312346100807190e-02 1.125898212194442749e-02 1.420247182250022888e-02 2.185039687901735306e-03 -1.398176886141300201e-02 9.997990131378173828e-01
2.759310230612754822e-02 -1.876929588615894318e-02 1.053167972713708878e-02 1.497267838567495346e-02 1.199630671180784702e-03 -1.112005114555358887e-02 9.998253583908081055e-01
3.089379891753196716e-02 -1.678230240941047668e-02 1.304714661091566086e-02 1.401643827557563782e-02 9.418383706361055374e-04 -8.300366811454296112e-03 9.998668432235717773e-01
3.386044129729270935e-02 -1.650073938071727753e-02 1.397230289876461029e-02 1.381599064916372299e-02 3.830454952549189329e-04 -4.463231191039085388e-03 9.998944997787475586e-01
3.568101674318313599e-02 -1.977998390793800354e-02 1.365755591541528702e-02 1.321077905595302582e-02 -8.580549038015305996e-04 -7.380486349575221539e-04 9.999120831489562988e-01
3.896932303905487061e-02 -1.840475946664810181e-02 1.619512587785720825e-02 1.126939058303833008e-02 4.462630313355475664e-04 4.916145466268062592e-03 9.999243021011352539e-01
4.157742485404014587e-02 -1.823236048221588135e-02 1.902147755026817322e-02 9.066702798008918762e-03 4.166777653153985739e-04 1.000305358320474625e-02 9.999088048934936523e-01
4.337457567453384399e-02 -2.135929465293884277e-02 2.051903866231441498e-02 6.081610918045043945e-03 -6.904441397637128830e-03 1.545010413974523544e-02 9.998382925987243652e-01
4.682714119553565979e-02 -2.356224693357944489e-02 1.952379383146762848e-02 3.516459371894598007e-03 -1.522338017821311951e-02 1.993906125426292419e-02 9.996790885925292969e-01
4.864441603422164917e-02 -2.722107991576194763e-02 2.037427201867103577e-02 6.182143697515130043e-04 -1.656209677457809448e-02 2.529291994869709015e-02 9.995427131652832031e-01
5.240023508667945862e-02 -2.746209129691123962e-02 2.065048553049564362e-02 -2.054885029792785645e-03 -1.754276826977729797e-02 2.978503331542015076e-02 9.994002580642700195e-01
5.480483919382095337e-02 -2.924285270273685455e-02 2.156598120927810669e-02 -3.435736289247870445e-03 -1.746967807412147522e-02 3.303742781281471252e-02 9.992955327033996582e-01
5.675983056426048279e-02 -3.273993730545043945e-02 2.125991135835647583e-02 -4.328760784119367599e-03 -1.835064031183719635e-02 3.528811037540435791e-02 9.991993308067321777e-01
5.200104042887687683e-02 -3.245864436030387878e-02 2.024249359965324402e-02 -6.151283625513315201e-03 -1.827655360102653503e-02 3.725556284189224243e-02 9.991196990013122559e-01
4.058557376265525818e-02 -2.815978415310382843e-02 1.703513041138648987e-02 -8.883642032742500305e-03 -1.848057843744754791e-02 4.120033234357833862e-02 9.989404678344726562e-01
3.189721331000328064e-02 -2.187179028987884521e-02 1.024478022009134293e-02 -8.452622219920158386e-03 -1.915138401091098785e-02 4.250131547451019287e-02 9.988770484924316406e-01
2.449071966111660004e-02 -1.398667693138122559e-02 6.262612529098987579e-03 -7.586254272609949112e-03 -1.790124177932739258e-02 4.111126437783241272e-02 9.989653825759887695e-01
1.876662112772464752e-02 -6.299111526459455490e-03 6.160852964967489243e-03 -8.517659269273281097e-03 -1.642606221139431000e-02 4.259575158357620239e-02 9.989210367202758789e-01
1.735492423176765442e-02 -3.647707635536789894e-03 8.082289248704910278e-03 -7.938833907246589661e-03 -1.532105449587106705e-02 4.521721601486206055e-02 9.988281130790710449e-01
1.882549189031124115e-02 -3.495518350973725319e-03 6.209317129105329514e-03 -7.487541995942592621e-03 -1.619881391525268555e-02 4.360656812787055969e-02 9.988893866539001465e-01
1.892696693539619446e-02 6.581147899851202965e-04 9.168107062578201294e-03 -7.025179453194141388e-03 -1.274529751390218735e-02 4.119287058711051941e-02 9.990451931953430176e-01
2.144123055040836334e-02 -2.017207909375429153e-03 5.529696587473154068e-03 -7.438177708536386490e-03 -1.370557397603988647e-02 3.894799575209617615e-02 9.991195797920227051e-01
2.263123914599418640e-02 -1.500759623013436794e-03 6.864975672215223312e-03 -6.066129542887210846e-03 -1.049601007252931595e-02 3.740504384040832520e-02 9.992266297340393066e-01
2.477156929671764374e-02 4.000552464276552200e-03 3.929795231670141220e-03 -4.701068159192800522e-03 -9.034192189574241638e-03 3.311989828944206238e-02 9.993994832038879395e-01
2.627375163137912750e-02 1.761014282237738371e-04 7.673257496207952499e-03 -3.471874864771962166e-03 -4.863707348704338074e-03 3.036162629723548889e-02 9.995211362838745117e-01
2.707351557910442352e-02 -5.471562690217979252e-05 6.478507537394762039e-03 -1.787851564586162567e-03 -2.081067301332950592e-03 2.347805537283420563e-02 9.997205734252929688e-01
1.874471455812454224e-02 -1.942411996424198151e-02 6.385936401784420013e-03 -8.241432369686663151e-04 2.279774285852909088e-03 2.208277955651283264e-02 9.997531771659851074e-01
