0.000000000000000000e+00 0.000000000000000000e+00 0.000000000000000000e+00 -1.010609781623705850e-13 -2.264146444115600065e-13 6.690722737130727626e-14 1.000000119209289551e+00
8.446590602397918701e-02 -1.729813404381275177e-02 3.024268522858619690e-02 -2.556333318352699280e-02 1.111939270049333572e-02 2.841731347143650055e-02 9.992073774337768555e-01
1.608767360448837280e-01 -3.478370234370231628e-02 5.997536703944206238e-02 -5.155468732118606567e-02 2.471752278506755829e-02 5.615006014704704285e-02 9.967840909957885742e-01
2.311791926622390747e-01 -4.855922609567642212e-02 8.595746010541915894e-02 -7.666177302598953247e-02 3.753288462758064270e-02 8.230257034301757812e-02 9.929454922676086426e-01
2.943374216556549072e-01 -5.903504788875579834e-02 1.103810518980026245e-01 -1.027145311236381531e-01 5.126386508345603943e-02 1.103666722774505615e-01 9.872390031814575195e-01
3.509927690029144287e-01 -6.505996733903884888e-02 1.315245628356933594e-01 -1.269463151693344116e-01 6.397766619920730591e-02 1.351957321166992188e-01 9.805681705474853516e-01
4.006472527980804443e-01 -6.791148334741592407e-02 1.497430503368377686e-01 -1.492881327867507935e-01 7.582502067089080811e-02 1.572446674108505249e-01 9.732614755630493164e-01
4.432359635829925537e-01 -6.817865371704101562e-02 1.646802127361297607e-01 -1.693426370620727539e-01 8.666614443063735962e-02 1.757014840841293335e-01 9.658887982368469238e-01
4.784782826900482178e-01 -6.677056103944778442e-02 1.766934990882873535e-01 -1.871226429939270020e-01 9.717203676700592041e-02 1.908868700265884399e-01 9.586996436119079590e-01
5.064062476158142090e-01 -6.451085209846496582e-02 1.855017989873886108e-01 -2.019052654504776001e-01 1.057971492409706116e-01 2.012579441070556641e-01 9.526472091674804688e-01
5.267727971076965332e-01 -6.249205023050308228e-02 1.919343471527099609e-01 -2.146394401788711548e-01 1.133730188012123108e-01 2.090408951044082642e-01 9.473006725311279297e-01
5.394995808601379395e-01 -6.062740832567214966e-02 1.958629637956619263e-01 -2.237203270196914673e-01 1.134665533900260925e-01 2.131374925374984741e-01 9.442706704139709473e-01
5.449412465095520020e-01 -5.978740751743316650e-02 1.971482634544372559e-01 -2.300695478916168213e-01 1.127907186746597290e-01 2.141573131084442139e-01 9.425938129425048828e-01
5.508965253829956055e-01 -5.890010297298431396e-02 1.989070028066635132e-01 -2.346159517765045166e-01 1.119580566883087158e-01 2.120614796876907349e-01 9.420461058616638184e-01
5.576250553131103516e-01 -5.812039226293563843e-02 2.007406651973724365e-01 -2.375984489917755127e-01 1.111998409032821655e-01 2.084088027477264404e-01 9.422035217285156250e-01
5.652098059654235840e-01 -5.738818272948265076e-02 2.027321308851242065e-01 -2.395571023225784302e-01 1.105727925896644592e-01 2.028935998678207397e-01 9.429848194122314453e-01
5.737318396568298340e-01 -5.707035586237907410e-02 2.050243765115737915e-01 -2.403358221054077148e-01 1.100842282176017761e-01 1.967223733663558960e-01 9.441508054733276367e-01
5.832811594009399414e-01 -5.716143921017646790e-02 2.074276208877563477e-01 -2.398459315299987793e-01 1.098614782094955444e-01 1.896259188652038574e-01 9.457517862319946289e-01
5.938130617141723633e-01 -5.740392953157424927e-02 2.103683799505233765e-01 -2.386661767959594727e-01 1.098809093236923218e-01 1.821146607398986816e-01 9.475225806236267090e-01
6.053840517997741699e-01 -5.788495391607284546e-02 2.138566076755523682e-01 -2.367568463087081909e-01 1.098090857267379761e-01 1.739783138036727905e-01 9.495366811752319336e-01
6.181890964508056641e-01 -5.890206247568130493e-02 2.173718959093093872e-01 -2.342557162046432495e-01 1.096661537885665894e-01 1.657150685787200928e-01 9.516493082046508789e-01
6.322410106658935547e-01 -5.994454771280288696e-02 2.212413847446441650e-01 -2.310502678155899048e-01 1.098157837986946106e-01 1.575893908739089966e-01 9.537934064865112305e-01
6.476583480834960938e-01 -6.115998327732086182e-02 2.252746373414993286e-01 -2.268177568912506104e-01 1.100325062870979309e-01 1.501875966787338257e-01 9.559761285781860352e-01
6.645365953445434570e-01 -6.181155890226364136e-02 2.296493202447891235e-01 -2.224062085151672363e-01 1.106365844607353210e-01 1.434545069932937622e-01 9.579749703407287598e-01
6.829221844673156738e-01 -6.336340308189392090e-02 2.340777069330215454e-01 -2.172673493623733521e-01 1.112038195133209229e-01 1.379355192184448242e-01 9.598971605300903320e-01
7.028152942657470703e-01 -6.482948362827301025e-02 2.392230778932571411e-01 -2.120709568262100220e-01 1.118779927492141724e-01 1.335831582546234131e-01 9.615949988365173340e-01
7.245061993598937988e-01 -6.560823321342468262e-02 2.443690896034240723e-01 -2.069663107395172119e-01 1.127114668488502502e-01 1.307134777307510376e-01 9.630032777786254883e-01
7.479948401451110840e-01 -6.659682095050811768e-02 2.496697902679443359e-01 -2.017488777637481689e-01 1.135566681623458862e-01 1.294912248849868774e-01 9.641755223274230957e-01
7.733621597290039062e-01 -6.711852550506591797e-02 2.552564740180969238e-01 -1.969309449195861816e-01 1.150215044617652893e-01 1.302531361579895020e-01 9.648951292037963867e-01
8.007641434669494629e-01 -6.738979369401931763e-02 2.606929242610931396e-01 -1.925792843103408813e-01 1.168635785579681396e-01 1.341207921504974365e-01 9.650222063064575195e-01
8.300743103027343750e-01 -6.690417230129241943e-02 2.670078575611114502e-01 -1.895993947982788086e-01 1.193347945809364319e-01 1.411674618721008301e-01 9.643045067787170410e-01
8.615349531173706055e-01 -6.484187394380569458e-02 2.725383639335632324e-01 -1.868470162153244019e-01 1.155399158596992493e-01 1.519727855920791626e-01 9.636612534523010254e-01
8.949170708656311035e-01 -6.211739033460617065e-02 2.787250280380249023e-01 -1.852129995822906494e-01 1.119558960199356079e-01 1.665508747100830078e-01 9.619889855384826660e-01
9.301300048828125000e-01 -5.796284228563308716e-02 2.851493656635284424e-01 -1.850667744874954224e-01 1.081907525658607483e-01 1.842206716537475586e-01 9.592225551605224609e-01
9.672145247459411621e-01 -5.235045030713081360e-02 2.906388640403747559e-01 -1.850106865167617798e-01 1.040865182876586914e-01 2.053792923688888550e-01 9.553828835487365723e-01
1.005909919738769531e+00 -4.549012705683708191e-02 2.959645688533782959e-01 -1.851349771022796631e-01 1.002724915742874146e-01 2.295759469270706177e-01 9.502448439598083496e-01
1.046086072921752930e+00 -3.749477490782737732e-02 3.015771210193634033e-01 -1.855219304561614990e-01 9.632909297943115234e-02 2.551233768463134766e-01 9.440416693687438965e-01
1.079641461372375488e+00 -2.823470532894134521e-02 3.049100339412689209e-01 -1.861965656280517578e-01 9.185330569744110107e-02 2.818523049354553223e-01 9.367247223854064941e-01
1.106508374214172363e+00 -1.917949505150318146e-02 3.079323470592498779e-01 -1.876788437366485596e-01 8.835945278406143188e-02 3.098966181278228760e-01 9.278650283813476562e-01
1.126515150070190430e+00 -9.793829172849655151e-03 3.076926469802856445e-01 -1.882370561361312866e-01 8.437275886535644531e-02 3.364551365375518799e-01 9.188286066055297852e-01
1.138353466987609863e+00 2.780747599899768829e-04 3.072994649410247803e-01 -1.893223673105239868e-01 8.136824518442153931e-02 3.614466786384582520e-01 9.093364477157592773e-01
1.143872380256652832e+00 7.550078909844160080e-03 3.072547316551208496e-01 -1.913897842168807983e-01 7.950861006975173950e-02 3.887648582458496094e-01 8.977251052856445312e-01
1.148946285247802734e+00 1.440931111574172974e-02 3.069484531879425049e-01 -1.923490315675735474e-01 7.758668065071105957e-02 4.156100153923034668e-01 8.855792880058288574e-01
1.152996778488159180e+00 2.109970711171627045e-02 3.066713213920593262e-01 -1.938720494508743286e-01 7.656260579824447632e-02 4.414370656013488770e-01 8.727458119392395020e-01
1.156261086463928223e+00 2.736611850559711456e-02 3.064778745174407959e-01 -1.952704042196273804e-01 7.563008368015289307e-02 4.654130041599273682e-01 8.599653244018554688e-01
1.159163236618041992e+00 3.293264657258987427e-02 3.061269521713256836e-01 -1.968238204717636108e-01 7.506893575191497803e-02 4.881977736949920654e-01 8.469286561012268066e-01
1.160826325416564941e+00 3.807173669338226318e-02 3.057499527931213379e-01 -1.978815644979476929e-01 7.478909939527511597e-02 5.081167817115783691e-01 8.349052071571350098e-01
1.162369608879089355e+00 4.234765097498893738e-02 3.054153621196746826e-01 -1.992114186286926270e-01 7.561962306499481201e-02 5.260120630264282227e-01 8.233516812324523926e-01
1.163119912147521973e+00 4.581777751445770264e-02 3.050410151481628418e-01 -2.004941701889038086e-01 7.731167227029800415e-02 5.412977337837219238e-01 8.129094243049621582e-01
1.166259765625000000e+00 5.067577958106994629e-02 3.050833940505981445e-01 -2.017201930284500122e-01 7.985759526491165161e-02 5.522575378417968750e-01 8.049494624137878418e-01
1.172885894775390625e+00 5.654096975922584534e-02 3.053896129131317139e-01 -2.035734206438064575e-01 8.346828818321228027e-02 5.601341724395751953e-01 7.986492514610290527e-01
1.254399657249450684e+00 2.104827463626861572e-01 3.094727694988250732e-01 -2.523326277732849121e-01 8.595940470695495605e-02 6.059716939926147461e-01 7.494915723800659180e-01
1.320933222770690918e+00 3.560111224651336670e-01 3.077980875968933105e-01 -3.013752996921539307e-01 8.844429999589920044e-02 6.417692303657531738e-01 6.996306180953979492e-01
1.369353175163269043e+00 4.921172559261322021e-01 2.993777096271514893e-01 -3.484119772911071777e-01 9.038364142179489136e-02 6.746057271957397461e-01 6.444743871688842773e-01
1.400158643722534180e+00 6.168259382247924805e-01 2.850004434585571289e-01 -3.933236896991729736e-01 9.180126339197158813e-02 7.022905945777893066e-01 5.862227082252502441e-01
1.416085720062255859e+00 7.275885343551635742e-01 2.647897899150848389e-01 -4.332178831100463867e-01 9.231501072645187378e-02 7.229661345481872559e-01 5.302078723907470703e-01
1.421045660972595215e+00 8.226748108863830566e-01 2.412634789943695068e-01 -4.684013724327087402e-01 9.174736589193344116e-02 7.373014688491821289e-01 4.780891835689544678e-01
1.418809413909912109e+00 9.011724591255187988e-01 2.163912206888198853e-01 -4.994401633739471436e-01 9.099949896335601807e-02 7.459385991096496582e-01 4.311083853244781494e-01
1.412724971771240234e+00 9.630180001258850098e-01 1.923818439245223999e-01 -5.260016918182373047e-01 8.959991484880447388e-02 7.492892146110534668e-01 3.922497630119323730e-01
1.405902862548828125e+00 1.008950591087341309e+00 1.717366576194763184e-01 -5.481664538383483887e-01 8.691392838954925537e-02 7.493098974227905273e-01 3.612398803234100342e-01
1.399839282035827637e+00 1.039744615554809570e+00 1.564729064702987671e-01 -5.625205039978027344e-01 8.070154488086700439e-02 7.497842907905578613e-01 3.389419913291931152e-01
1.395933985710144043e+00 1.056112885475158691e+00 1.474746465682983398e-01 -5.692453384399414062e-01 7.127158343791961670e-02 7.512007951736450195e-01 3.264624476432800293e-01
1.393494248390197754e+00 1.066227316856384277e+00 1.416531354188919067e-01 -5.739497542381286621e-01 6.233058869838714600e-02 7.504202127456665039e-01 3.218170106410980225e-01
1.390848398208618164e+00 1.077667951583862305e+00 1.354393512010574341e-01 -5.777159929275512695e-01 5.374411121010780334e-02 7.478545308113098145e-01 3.225981295108795166e-01
1.388389468193054199e+00 1.090595006942749023e+00 1.284689903259277344e-01 -5.807468295097351074e-01 4.595061019062995911e-02 7.437786459922790527e-01 3.277425169944763184e-01
1.386248350143432617e+00 1.105363368988037109e+00 1.209702417254447937e-01 -5.830544829368591309e-01 3.882434964179992676e-02 7.387093901634216309e-01 3.359296917915344238e-01
1.384918570518493652e+00 1.122214794158935547e+00 1.130344867706298828e-01 -5.846299529075622559e-01 3.318015486001968384e-02 7.327172160148620605e-01 3.467455804347991943e-01
1.384066462516784668e+00 1.141246199607849121e+00 1.047276556491851807e-01 -5.856103301048278809e-01 2.848231419920921326e-02 7.260159254074096680e-01 3.593748509883880615e-01
1.383478283882141113e+00 1.162664175033569336e+00 9.628377109766006470e-02 -5.858792066574096680e-01 2.467083744704723358e-02 7.187536954879760742e-01 3.735373914241790771e-01
1.383818745613098145e+00 1.186496138572692871e+00 8.747851103544235229e-02 -5.853366851806640625e-01 2.136056125164031982e-02 7.111840844154357910e-01 3.887697756290435791e-01
1.385067820549011230e+00 1.212745785713195801e+00 7.802254706621170044e-02 -5.841250419616699219e-01 1.896437257528305054e-02 7.033096551895141602e-01 4.047145247459411621e-01
1.386991858482360840e+00 1.241536974906921387e+00 6.785575300455093384e-02 -5.818372368812561035e-01 1.834771037101745605e-02 6.957871317863464355e-01 4.207245707511901855e-01
1.389124274253845215e+00 1.272932529449462891e+00 5.658705532550811768e-02 -5.790137648582458496e-01 1.932014711201190948e-02 6.886804699897766113e-01 4.359920620918273926e-01
1.392282128334045410e+00 1.307099461555480957e+00 4.438885673880577087e-02 -5.755025744438171387e-01 2.177051641047000885e-02 6.823758482933044434e-01 4.502067863941192627e-01
1.396785378456115723e+00 1.344311118125915527e+00 3.170470893383026123e-02 -5.712705850601196289e-01 2.569128945469856262e-02 6.773504018783569336e-01 4.628026485443115234e-01
1.401260137557983398e+00 1.384577274322509766e+00 1.759288832545280457e-02 -5.668216943740844727e-01 3.064686618745326996e-02 6.735953092575073242e-01 4.733323454856872559e-01
1.406263113021850586e+00 1.427837014198303223e+00 1.565905055031180382e-03 -5.620899796485900879e-01 3.711515665054321289e-02 6.714825630187988281e-01 4.814442992210388184e-01
1.411785483360290527e+00 1.474338650703430176e+00 -1.617958024144172668e-02 -5.575230121612548828e-01 4.501828178763389587e-02 6.710590124130249023e-01 4.866430163383483887e-01
1.417560100555419922e+00 1.523993611335754395e+00 -3.637711331248283386e-02 -5.535055994987487793e-01 5.482614412903785706e-02 6.730813384056091309e-01 4.874293506145477295e-01
1.422817230224609375e+00 1.577039361000061035e+00 -5.901886522769927979e-02 -5.505064129829406738e-01 6.643528491258621216e-02 6.779646277427673340e-01 4.825900197029113770e-01
1.426239609718322754e+00 1.633005142211914062e+00 -8.542874455451965332e-02 -5.439671277999877930e-01 7.558391988277435303e-02 6.893417239189147949e-01 4.724351763725280762e-01
1.427102446556091309e+00 1.691846489906311035e+00 -1.154477000236511230e-01 -5.337085127830505371e-01 8.219844847917556763e-02 7.067867517471313477e-01 4.570024907588958740e-01
1.424406051635742188e+00 1.753693580627441406e+00 -1.483083814382553101e-01 -5.236549377441406250e-01 8.995878696441650391e-02 7.278084158897399902e-01 4.335756897926330566e-01
1.417377114295959473e+00 1.817212104797363281e+00 -1.854685693979263306e-01 -5.124272704124450684e-01 9.786133468151092529e-02 7.510400414466857910e-01 4.046978652477264404e-01
1.405502080917358398e+00 1.881491899490356445e+00 -2.272159457206726074e-01 -4.996208846569061279e-01 1.080085039138793945e-01 7.764086723327636719e-01 3.686500191688537598e-01
1.387957096099853516e+00 1.946476697921752930e+00 -2.722575664520263672e-01 -4.852849841117858887e-01 1.189210489392280579e-01 8.016421198844909668e-01 3.282169699668884277e-01
1.365410208702087402e+00 2.004137277603149414e+00 -3.168125152587890625e-01 -4.692046642303466797e-01 1.295044124126434326e-01 8.261327743530273438e-01 2.838667035102844238e-01
1.340387940406799316e+00 2.047969341278076172e+00 -3.552554845809936523e-01 -4.521615505218505859e-01 1.397716850042343140e-01 8.489441275596618652e-01 2.351763397455215454e-01
1.315472364425659180e+00 2.077726364135742188e+00 -3.875173926353454590e-01 -4.339549839496612549e-01 1.503319442272186279e-01 8.688409924507141113e-01 1.849292963743209839e-01
1.291539549827575684e+00 2.092658281326293945e+00 -4.121107161045074463e-01 -4.155032634735107422e-01 1.596773862838745117e-01 8.848870396614074707e-01 1.372412294149398804e-01
1.271856188774108887e+00 2.097145080566406250e+00 -4.260042607784271240e-01 -3.980303406715393066e-01 1.688015758991241455e-01 8.976272940635681152e-01 8.569315820932388306e-02
1.256326436996459961e+00 2.097475528717041016e+00 -4.344462454319000244e-01 -3.794631361961364746e-01 1.787072718143463135e-01 9.072523117065429688e-01 3.106130473315715790e-02
1.241647481918334961e+00 2.096139192581176758e+00 -4.415046274662017822e-01 -3.601939678192138672e-01 1.882136166095733643e-01 9.134101867675781250e-01 -2.275743894279003143e-02
1.228019356727600098e+00 2.093253135681152344e+00 -4.467718601226806641e-01 -3.419041037559509277e-01 1.962764412164688110e-01 9.159393906593322754e-01 -7.504864782094955444e-02
1.215840578079223633e+00 2.089695453643798828e+00 -4.508969485759735107e-01 -3.237987756729125977e-01 2.030583173036575317e-01 9.156292676925659180e-01 -1.246790438890457153e-01
1.205387592315673828e+00 2.085289716720581055e+00 -4.536992907524108887e-01 -3.069187402725219727e-01 2.092571854591369629e-01 9.125764966011047363e-01 -1.709284037351608276e-01
1.196770071983337402e+00 2.080603122711181641e+00 -4.553471207618713379e-01 -2.922639846801757812e-01 2.144855409860610962e-01 9.074900150299072266e-01 -2.122255265712738037e-01
1.189960360527038574e+00 2.076237201690673828e+00 -4.563506841659545898e-01 -2.806746959686279297e-01 2.190224081277847290e-01 9.005278944969177246e-01 -2.496009320020675659e-01
1.181929588317871094e+00 2.072252035140991211e+00 -4.579185545444488525e-01 -2.729515731334686279e-01 2.229952365159988403e-01 8.928879499435424805e-01 -2.802174091339111328e-01
1.168563723564147949e+00 2.069130659103393555e+00 -4.627485275268554688e-01 -2.700290083885192871e-01 2.252033352851867676e-01 8.856042027473449707e-01 -3.034354746341705322e-01
