8.617095649242401123e-02 -1.590893045067787170e-02 2.586513943970203400e-02 -1.044722646474838257e-02 7.432211656123399734e-03 1.034712232649326324e-02 9.998642802238464355e-01
7.825693488121032715e-02 -1.868090592324733734e-02 2.351754903793334961e-02 -1.257151458412408829e-02 6.984579376876354218e-03 1.136797759681940079e-02 9.998319745063781738e-01
7.174649089574813843e-02 -1.535155624151229858e-02 2.058745361864566803e-02 -1.309636607766151428e-02 7.067446596920490265e-03 9.326997213065624237e-03 9.998457431793212891e-01
6.483211368322372437e-02 -1.311786752194166183e-02 1.782183349132537842e-02 -1.271788682788610458e-02 7.368323393166065216e-03 8.794153109192848206e-03 9.998533129692077637e-01
5.764676257967948914e-02 -1.167306024581193924e-02 1.522628869861364365e-02 -1.304578594863414764e-02 7.228909060359001160e-03 7.901452481746673584e-03 9.998575448989868164e-01
5.043015629053115845e-02 -9.073026478290557861e-03 1.337961107492446899e-02 -1.222953852266073227e-02 7.788304239511489868e-03 6.184112280607223511e-03 9.998757839202880859e-01
4.310555383563041687e-02 -6.550814025104045868e-03 1.161946821957826614e-02 -1.087898854166269302e-02 7.612309418618679047e-03 3.579349489882588387e-03 9.999054670333862305e-01
3.562553972005844116e-02 -5.238931160420179367e-03 9.547741152346134186e-03 -1.072541438043117523e-02 7.568388245999813080e-03 2.134974114596843719e-03 9.999115467071533203e-01
2.811442129313945770e-02 -3.854702226817607880e-03 7.567281369119882584e-03 -8.570176549255847931e-03 6.630096584558486938e-03 -3.738820960279554129e-04 9.999412298202514648e-01
2.064638584852218628e-02 -2.117910422384738922e-03 5.423845723271369934e-03 -6.935086566954851151e-03 5.636282265186309814e-03 -2.217766363173723221e-03 9.999576210975646973e-01
1.281592343002557755e-02 1.194783726532477885e-05 4.094801377505064011e-03 -6.860584486275911331e-03 2.608862239867448807e-03 -3.675490152090787888e-03 9.999663233757019043e-01
5.484275054186582565e-03 1.157407969003543258e-04 1.420129206962883472e-03 -6.686779670417308807e-03 3.940977621823549271e-04 -3.991879522800445557e-03 9.999696016311645508e-01
5.950853228569030762e-03 -3.529181703925132751e-04 1.957226544618606567e-03 -2.736918861046433449e-03 -1.403690694132819772e-04 -6.464123260229825974e-03 9.999753236770629883e-01
6.528236437588930130e-03 -1.530620269477367401e-03 2.086181193590164185e-03 2.444720594212412834e-04 -7.032229914329946041e-04 -7.411771919578313828e-03 9.999722838401794434e-01
7.251237053424119949e-03 -2.365721622481942177e-03 1.960810273885726929e-03 2.974323462694883347e-03 1.984802511287853122e-04 -8.788215927779674530e-03 9.999569654464721680e-01
8.074915036559104919e-03 -2.763012656942009926e-03 2.262490103021264076e-03 4.312787204980850220e-03 4.956282791681587696e-04 -9.827196598052978516e-03 9.999423027038574219e-01
9.047024883329868317e-03 -2.985349623486399651e-03 2.489007776603102684e-03 5.658992566168308258e-03 5.675165448337793350e-04 -1.097841188311576843e-02 9.999235868453979492e-01
1.001434866338968277e-02 -3.231757553294301033e-03 2.982591046020388603e-03 6.592330522835254669e-03 6.950212991796433926e-04 -1.157442666590213776e-02 9.999110698699951172e-01
1.102084480226039886e-02 -3.749017370864748955e-03 3.276546485722064972e-03 7.590941153466701508e-03 4.492742300499230623e-04 -1.198401860892772675e-02 9.998992681503295898e-01
1.219215244054794312e-02 -4.083612002432346344e-03 3.464031266048550606e-03 8.761519566178321838e-03 4.950131988152861595e-04 -1.251460053026676178e-02 9.998831748962402344e-01
1.339618489146232605e-02 -4.452365450561046600e-03 3.776367288082838058e-03 1.011051237583160400e-02 4.778067232109606266e-04 -1.289096288383007050e-02 9.998656511306762695e-01
1.474756468087434769e-02 -4.748939070850610733e-03 3.921689465641975403e-03 1.216398458927869797e-02 8.495018118992447853e-05 -1.316107343882322311e-02 9.998394250869750977e-01
1.618243940174579620e-02 -4.756574053317308426e-03 4.447279497981071472e-03 1.235280837863683701e-02 4.274883831385523081e-04 -1.293768733739852905e-02 9.998399019241333008e-01
1.752581447362899780e-02 -5.323723424226045609e-03 4.949655849486589432e-03 1.284111570566892624e-02 5.128019256517291069e-04 -1.130806375294923782e-02 9.998534917831420898e-01
1.897337846457958221e-02 -5.814115982502698898e-03 5.522608757019042969e-03 1.241041906177997589e-02 7.788897491991519928e-04 -8.761532604694366455e-03 9.998843073844909668e-01
2.035432122647762299e-02 -6.862850394099950790e-03 6.004875060170888901e-03 1.193848438560962677e-02 7.181561668403446674e-04 -5.378762725740671158e-03 9.999139904975891113e-01
2.190921083092689514e-02 -7.369138300418853760e-03 6.821305025368928909e-03 1.090393029153347015e-02 8.188448846340179443e-04 -2.394703682512044907e-03 9.999373555183410645e-01
2.357354015111923218e-02 -7.971690036356449127e-03 7.455849554389715195e-03 9.706170298159122467e-03 2.966836618725210428e-04 -1.945483090821653605e-04 9.999528527259826660e-01
2.540303580462932587e-02 -7.953359745442867279e-03 8.484934456646442413e-03 7.149923127144575119e-03 6.565669900737702847e-04 1.718337298370897770e-03 9.999727606773376465e-01
2.736870944499969482e-02 -7.626771926879882812e-03 9.560938924551010132e-03 3.528920933604240417e-03 8.278762688860297203e-04 3.335685236379504204e-03 9.999878406524658203e-01
2.928833104670047760e-02 -6.363091059029102325e-03 1.121904421597719193e-02 5.768479313701391220e-04 -1.474045682698488235e-03 2.890799427404999733e-03 9.999945759773254395e-01
3.140584751963615417e-02 -6.067332345992326736e-03 1.170367747545242310e-02 2.356007607886567712e-04 -1.309520797803997993e-03 3.989321179687976837e-03 9.999911785125732422e-01
3.350586816668510437e-02 -5.235046148300170898e-03 1.216151006519794464e-02 2.664691128302365541e-04 -1.565912272781133652e-03 3.775554010644555092e-03 9.999915957450866699e-01
3.509650006890296936e-02 -6.920423358678817749e-03 1.251542754471302032e-02 -5.049685569247230887e-05 -1.514961360953748226e-03 5.364159122109413147e-03 9.999844431877136230e-01
3.675330802798271179e-02 -7.310074754059314728e-03 1.299850828945636749e-02 -3.260641242377460003e-04 -1.828179811127483845e-03 5.963090341538190842e-03 9.999805092811584473e-01
3.834129497408866882e-02 -7.561806123703718185e-03 1.344645861536264420e-02 -9.103315533138811588e-04 -1.558789401315152645e-03 7.107903249561786652e-03 9.999731183052062988e-01
3.291589021682739258e-02 -2.283675130456686020e-03 1.153655257076025009e-02 -2.142414086847566068e-05 -1.271848217584192753e-03 4.263169132173061371e-03 9.999901056289672852e-01
2.680724672973155975e-02 2.276691840961575508e-03 9.401262737810611725e-03 2.870127791538834572e-04 -1.948705525137484074e-03 3.350310493260622025e-03 9.999924302101135254e-01
2.047868631780147552e-02 3.421867964789271355e-03 7.228237111121416092e-03 1.115718914661556482e-04 -1.961666392162442207e-03 3.574903123080730438e-03 9.999916553497314453e-01
1.432713586837053299e-02 2.927283756434917450e-03 5.066330078989267349e-03 -7.538587087765336037e-04 -2.016497543081641197e-03 5.205777008086442947e-03 9.999841451644897461e-01
8.393885567784309387e-03 1.823407132178544998e-03 3.183145076036453247e-03 -8.680542814545333385e-04 -2.245338633656501770e-03 6.859670858830213547e-03 9.999735951423645020e-01
7.826024666428565979e-03 1.672337646596133709e-03 2.939899219200015068e-03 -9.544856147840619087e-04 -1.962945098057389259e-03 6.896899547427892685e-03 9.999738335609436035e-01
7.177814841270446777e-03 1.537587959319353104e-03 2.709326101467013359e-03 -6.830178899690508842e-04 -1.857785857282578945e-03 6.718771997839212418e-03 9.999754428863525391e-01
6.502770818769931793e-03 1.390636665746569633e-03 2.418306656181812286e-03 -7.491547730751335621e-04 -1.354308100417256355e-03 6.260295398533344269e-03 9.999791979789733887e-01
5.795666482299566269e-03 1.130417454987764359e-03 2.121038269251585007e-03 -7.459500920958817005e-04 -1.019403804093599319e-03 6.126453168690204620e-03 9.999804496765136719e-01
5.006107036024332047e-03 1.023744815029203892e-03 1.806525629945099354e-03 -6.518879090435802937e-04 -9.390622144564986229e-04 5.769788753241300583e-03 9.999827146530151367e-01
4.188813269138336182e-03 8.529022452421486378e-04 1.527117332443594933e-03 -1.786385691957548261e-04 -5.668758531101047993e-04 4.795418120920658112e-03 9.999883174896240234e-01
3.377050161361694336e-03 6.489055231213569641e-04 1.159285893663764000e-03 -1.709545904304832220e-04 -1.445001835236325860e-04 3.950365819036960602e-03 9.999921917915344238e-01
5.524299107491970062e-03 7.702445727773010731e-04 1.710426760837435722e-03 6.512738182209432125e-04 1.199735634145326912e-04 1.595855341292917728e-03 9.999985098838806152e-01
8.479912765324115753e-03 8.581105503253638744e-04 2.243516268208622932e-03 2.255022758617997169e-03 2.586582850199192762e-04 -1.456532743759453297e-03 9.999963641166687012e-01
1.641909331083297729e-01 -3.423409163951873779e-02 5.058985948562622070e-02 -1.365687232464551926e-02 9.725794196128845215e-03 1.461773365736007690e-02 9.997525811195373535e-01
1.489161700010299683e-01 -3.763944283127784729e-02 4.489197954535484314e-02 -1.605940796434879303e-02 8.039952255785465240e-03 1.262359227985143661e-02 9.997590184211730957e-01
1.361082643270492554e-01 -3.035621903836727142e-02 3.864324837923049927e-02 -1.859162189066410065e-02 8.526811376214027405e-03 1.330635789781808853e-02 9.997022747993469238e-01
1.223252415657043457e-01 -2.674218639731407166e-02 3.208303824067115784e-02 -2.009178511798381805e-02 9.639993309974670410e-03 1.246222760528326035e-02 9.996739625930786133e-01
1.082769036293029785e-01 -2.016257867217063904e-02 2.828568592667579651e-02 -1.850550621747970581e-02 1.074089482426643372e-02 9.002671577036380768e-03 9.997305274009704590e-01
9.370432794094085693e-02 -1.654272340238094330e-02 2.377663552761077881e-02 -1.859377324581146240e-02 1.107300072908401489e-02 6.768364924937486649e-03 9.997428655624389648e-01
7.877684384584426880e-02 -1.264746766537427902e-02 2.048795484006404877e-02 -1.736829802393913269e-02 1.119789853692054749e-02 3.661625552922487259e-03 9.997797608375549316e-01
6.387582421302795410e-02 -8.986888453364372253e-03 1.665708050131797791e-02 -1.550545077770948410e-02 1.097310613840818405e-02 1.100931040127761662e-04 9.998195767402648926e-01
4.877584427595138550e-02 -6.542108487337827682e-03 1.267643459141254425e-02 -1.383819710463285446e-02 9.982371702790260315e-03 -1.618920476175844669e-03 9.998531341552734375e-01
3.352062404155731201e-02 -3.080347785726189613e-03 9.213744662702083588e-03 -1.384688355028629303e-02 7.314131129533052444e-03 -2.679028781130909920e-03 9.998737573623657227e-01
1.827414333820343018e-02 -3.794138901866972446e-04 5.482085980474948883e-03 -1.325801759958267212e-02 3.619275754317641258e-03 -4.697476979345083237e-03 9.998944997787475586e-01
1.141981780529022217e-02 -3.957296430598944426e-04 3.402438713237643242e-03 -9.640655480325222015e-03 9.388641919940710068e-04 -8.133267983794212341e-03 9.999200105667114258e-01
1.249314751476049423e-02 -1.970934914425015450e-03 4.066469613462686539e-03 -2.822923939675092697e-03 3.566300729289650917e-04 -1.205056905746459961e-02 9.999233484268188477e-01
1.373039558529853821e-02 -4.290656186640262604e-03 3.848035819828510284e-03 2.669909736141562462e-03 5.740822525694966316e-04 -1.425579562783241272e-02 9.998946785926818848e-01
1.528787892311811447e-02 -5.404081195592880249e-03 3.999460954219102859e-03 6.417315918952226639e-03 5.899609532207250595e-04 -1.703842729330062866e-02 9.998340606689453125e-01
1.717367954552173615e-02 -5.813090130686759949e-03 4.470629617571830750e-03 8.725993335247039795e-03 7.326706545427441597e-04 -1.886015944182872772e-02 9.997837543487548828e-01
1.897751353681087494e-02 -6.749849300831556320e-03 5.120427813380956650e-03 1.053341850638389587e-02 1.180203864350914955e-03 -2.031292021274566650e-02 9.997375011444091797e-01
2.101870626211166382e-02 -7.422021590173244476e-03 5.788359791040420532e-03 1.331186480820178986e-02 1.190756214782595634e-03 -2.193812094628810883e-02 9.996699690818786621e-01
2.329713851213455200e-02 -8.067710325121879578e-03 6.145591847598552704e-03 1.653815992176532745e-02 1.583567704074084759e-03 -2.360921166837215424e-02 9.995831847190856934e-01
2.570815011858940125e-02 -8.578650653362274170e-03 6.745898630470037460e-03 1.842691004276275635e-02 2.342720748856663704e-03 -2.435318753123283386e-02 9.995308518409729004e-01
2.810302004218101501e-02 -9.536945261061191559e-03 7.434603758156299591e-03 2.062338031828403473e-02 1.990817021578550339e-03 -2.405606396496295929e-02 9.994958639144897461e-01
3.080173581838607788e-02 -1.000749599188566208e-02 8.264748379588127136e-03 2.177043072879314423e-02 2.368310932070016861e-03 -2.285551093518733978e-02 9.994989037513732910e-01
3.367024287581443787e-02 -1.051100064069032669e-02 9.054870344698429108e-03 2.331842854619026184e-02 2.018558327108621597e-03 -2.167763188481330872e-02 9.994909763336181641e-01
3.654052317142486572e-02 -1.124638319015502930e-02 1.020697597414255142e-02 2.360462769865989685e-02 1.949763041920959949e-03 -1.826906390488147736e-02 9.995525479316711426e-01
3.931948170065879822e-02 -1.295941602438688278e-02 1.124962605535984039e-02 2.282599359750747681e-02 1.834950526244938374e-03 -1.320586819201707840e-02 9.996505379676818848e-01
4.221523925662040710e-02 -1.472900528460741043e-02 1.241929270327091217e-02 2.204394154250621796e-02 2.066458808258175850e-03 -6.280859932303428650e-03 9.997351169586181641e-01
4.546835273504257202e-02 -1.562360394746065140e-02 1.401183474808931351e-02 2.048149891197681427e-02 1.857880386523902416e-03 -2.437075832858681679e-03 9.997855424880981445e-01
4.894685372710227966e-02 -1.640281267464160919e-02 1.555817760527133942e-02 1.595014333724975586e-02 2.056759549304842949e-03 1.992112025618553162e-03 9.998686909675598145e-01
5.268262699246406555e-02 -1.633267849683761597e-02 1.766101457178592682e-02 9.004645980894565582e-03 2.732184948399662971e-03 5.828720051795244217e-03 9.999387264251708984e-01
5.661356076598167419e-02 -1.464577391743659973e-02 2.053710632026195526e-02 1.789891510270535946e-03 -6.235801847651600838e-04 7.296753581613302231e-03 9.999715685844421387e-01
6.037337705492973328e-02 -1.394673064351081848e-02 2.290743030607700348e-02 4.433146968949586153e-04 -2.835110295563936234e-03 8.788922801613807678e-03 9.999572634696960449e-01
6.483703106641769409e-02 -1.217145193368196487e-02 2.366780489683151245e-02 5.880995304323732853e-04 -3.060252871364355087e-03 8.758315816521644592e-03 9.999567866325378418e-01
6.861833482980728149e-02 -1.240926980972290039e-02 2.454394847154617310e-02 5.749351112172007561e-04 -3.374705556780099869e-03 9.329914115369319916e-03 9.999505877494812012e-01
7.164435833692550659e-02 -1.529808621853590012e-02 2.547181770205497742e-02 1.622837153263390064e-04 -3.667047247290611267e-03 1.085601560771465302e-02 9.999343156814575195e-01
7.481937110424041748e-02 -1.585160568356513977e-02 2.665317244827747345e-02 -1.033824984915554523e-03 -3.921220544725656509e-03 1.265785656869411469e-02 9.999116659164428711e-01
7.128529250621795654e-02 -1.047611888498067856e-02 2.503819949924945831e-02 -9.826172608882188797e-04 -3.268956672400236130e-03 1.054680719971656799e-02 9.999385476112365723e-01
5.982147902250289917e-02 2.975708339363336563e-04 2.113105170428752899e-02 5.343333468772470951e-04 -3.220072248950600624e-03 7.873937487602233887e-03 9.999637007713317871e-01
4.729992151260375977e-02 6.007579155266284943e-03 1.654410362243652344e-02 3.697654465213418007e-04 -3.103498602285981178e-03 6.876571103930473328e-03 9.999714493751525879e-01
3.472506627440452576e-02 6.530327722430229187e-03 1.233304105699062347e-02 -1.096662366762757301e-03 -3.330617444589734077e-03 9.145616553723812103e-03 9.999520182609558105e-01
2.250241860747337341e-02 4.919359460473060608e-03 8.368908427655696869e-03 -1.163085689768195152e-03 -4.532123915851116180e-03 1.256496272981166840e-02 9.999101161956787109e-01
1.619073189795017242e-02 3.711716970428824425e-03 6.052299402654170990e-03 -1.201222767122089863e-03 -4.433974623680114746e-03 1.528032496571540833e-02 9.998726844787597656e-01
1.498899515718221664e-02 3.397478256374597549e-03 5.556035786867141724e-03 -1.533565344288945198e-03 -4.038822837173938751e-03 1.531283184885978699e-02 9.998733997344970703e-01
1.363937929272651672e-02 3.258128883317112923e-03 5.014736205339431763e-03 -1.286070328205823898e-03 -3.641771152615547180e-03 1.487340405583381653e-02 9.998819231986999512e-01
1.226371247321367264e-02 2.739904448390007019e-03 4.482592456042766571e-03 -1.949275145307183266e-03 -2.992559457197785378e-03 1.465891115367412567e-02 9.998861551284790039e-01
1.075579226016998291e-02 2.435193629935383797e-03 3.861233126372098923e-03 -1.693675760179758072e-03 -2.734958892688155174e-03 1.420446950942277908e-02 9.998939633369445801e-01
9.144085459411144257e-03 2.045497763901948929e-03 3.338395850732922554e-03 -1.085409894585609436e-03 -2.183082979172468185e-03 1.235491409897804260e-02 9.999207258224487305e-01
7.533232681453227997e-03 1.570960157550871372e-03 2.687806496396660805e-03 -6.979831377975642681e-04 -1.399066299200057983e-03 1.094502210617065430e-02 9.999389052391052246e-01
8.505037985742092133e-03 1.556492759846150875e-03 2.841541543602943420e-03 -1.650541671551764011e-04 -5.038867238909006119e-04 7.963227108120918274e-03 9.999681711196899414e-01
1.390394382178783417e-02 1.520742196589708328e-03 4.010306205600500107e-03 1.598090981133282185e-03 7.876596646383404732e-04 2.465641126036643982e-03 9.999953508377075195e-01
