2.616429710388183594e+01 -2.226403045654296875e+01 -9.312875270843505859e-01 -9.828075766563415527e-02 1.950348913669586182e-01 7.394629120826721191e-01 6.367863416671752930e-01
2.616371536254882812e+01 -2.217281150817871094e+01 -9.335745573043823242e-01 -1.150443106889724731e-01 1.832592040300369263e-01 7.594124078750610352e-01 6.135740876197814941e-01
2.616252136230468750e+01 -2.208921813964843750e+01 -9.350410699844360352e-01 -1.317155808210372925e-01 1.714167743921279907e-01 7.774057984352111816e-01 5.906829833984375000e-01
2.616074943542480469e+01 -2.201333618164062500e+01 -9.359530210494995117e-01 -1.481155157089233398e-01 1.596851795911788940e-01 7.933979630470275879e-01 5.684009790420532227e-01
2.615850830078125000e+01 -2.194525146484375000e+01 -9.363838434219360352e-01 -1.640767753124237061e-01 1.482433974742889404e-01 8.073759675025939941e-01 5.470307469367980957e-01
2.615595626831054688e+01 -2.188500785827636719e+01 -9.363733530044555664e-01 -1.794431507587432861e-01 1.372694075107574463e-01 8.193559050559997559e-01 5.268846750259399414e-01
2.615322685241699219e+01 -2.183266067504882812e+01 -9.359565377235412598e-01 -1.940720081329345703e-01 1.269402652978897095e-01 8.293763399124145508e-01 5.082811117172241211e-01
2.615047073364257812e+01 -2.178823280334472656e+01 -9.351568222045898438e-01 -2.078254967927932739e-01 1.174262687563896179e-01 8.374949693679809570e-01 4.915414154529571533e-01
2.614783096313476562e+01 -2.175176429748535156e+01 -9.339939951896667480e-01 -2.205988615751266479e-01 1.089066565036773682e-01 8.437739610671997070e-01 4.769810438156127930e-01
2.614544677734375000e+01 -2.172324180603027344e+01 -9.324804544448852539e-01 -2.322074770927429199e-01 1.015074774622917175e-01 8.482975959777832031e-01 4.649251103401184082e-01
2.614344596862792969e+01 -2.170274734497070312e+01 -9.306225180625915527e-01 -2.427971363067626953e-01 9.553108364343643188e-02 8.510640263557434082e-01 4.556318819522857666e-01
2.614197921752929688e+01 -2.169020652770996094e+01 -9.283574223518371582e-01 -2.468547821044921875e-01 8.807571232318878174e-02 8.535136580467224121e-01 4.503398537635803223e-01
2.614099502563476562e+01 -2.168581199645996094e+01 -9.256858229637145996e-01 -2.498870640993118286e-01 8.211378008127212524e-02 8.544835448265075684e-01 4.479472041130065918e-01
2.614045906066894531e+01 -2.168105125427246094e+01 -9.231349229812622070e-01 -2.523173391819000244e-01 7.769183814525604248e-02 8.541030287742614746e-01 4.480980932712554932e-01
2.614031982421875000e+01 -2.167544555664062500e+01 -9.207187891006469727e-01 -2.541535496711730957e-01 7.464508712291717529e-02 8.525704145431518555e-01 4.504895508289337158e-01
2.614052009582519531e+01 -2.166908073425292969e+01 -9.184186458587646484e-01 -2.554765641689300537e-01 7.286833971738815308e-02 8.500403165817260742e-01 4.547913968563079834e-01
2.614101219177246094e+01 -2.166182136535644531e+01 -9.162304401397705078e-01 -2.563183903694152832e-01 7.224459201097488403e-02 8.466651439666748047e-01 4.606736302375793457e-01
2.614172363281250000e+01 -2.165364456176757812e+01 -9.141488671302795410e-01 -2.567017674446105957e-01 7.266431301832199097e-02 8.425926566123962402e-01 4.678041934967041016e-01
2.614259338378906250e+01 -2.164447212219238281e+01 -9.121677279472351074e-01 -2.566370069980621338e-01 7.401936501264572144e-02 8.379737138748168945e-01 4.758535325527191162e-01
2.614356231689453125e+01 -2.163425636291503906e+01 -9.102897047996520996e-01 -2.561286091804504395e-01 7.620375603437423706e-02 8.329647779464721680e-01 4.844972491264343262e-01
2.614457130432128906e+01 -2.162292861938476562e+01 -9.085183739662170410e-01 -2.551797628402709961e-01 7.911167293787002563e-02 8.277312517166137695e-01 4.934175908565521240e-01
2.614557647705078125e+01 -2.161043548583984375e+01 -9.068443179130554199e-01 -2.537964582443237305e-01 8.263877034187316895e-02 8.224475979804992676e-01 5.023066997528076172e-01
2.614652824401855469e+01 -2.159669876098632812e+01 -9.052718281745910645e-01 -2.519915401935577393e-01 8.667971193790435791e-02 8.172982931137084961e-01 5.108650922775268555e-01
2.614738464355468750e+01 -2.158164405822753906e+01 -9.038063287734985352e-01 -2.497873157262802124e-01 9.112949669361114502e-02 8.124755024909973145e-01 5.188034772872924805e-01
2.614814186096191406e+01 -2.156519889831542969e+01 -9.023691415786743164e-01 -2.472188770771026611e-01 9.588356316089630127e-02 8.081775307655334473e-01 5.258416533470153809e-01
2.614875411987304688e+01 -2.154728126525878906e+01 -9.010172486305236816e-01 -2.443356961011886597e-01 1.008368209004402161e-01 8.046057224273681641e-01 5.317066311836242676e-01
2.614919090270996094e+01 -2.152782440185546875e+01 -8.997429609298706055e-01 -2.412061244249343872e-01 1.058851033449172974e-01 8.019603490829467773e-01 5.361317396163940430e-01
2.614942741394042969e+01 -2.150673675537109375e+01 -8.985400795936584473e-01 -2.379091680049896240e-01 1.109187304973602295e-01 8.004380464553833008e-01 5.388547182083129883e-01
2.614944648742675781e+01 -2.148394775390625000e+01 -8.973889946937561035e-01 -2.345683872699737549e-01 1.158414855599403381e-01 8.002186417579650879e-01 5.396087765693664551e-01
2.614922904968261719e+01 -2.145937347412109375e+01 -8.962730169296264648e-01 -2.312308251857757568e-01 1.204878762364387512e-01 8.014897108078002930e-01 5.381435751914978027e-01
2.614872741699218750e+01 -2.143294715881347656e+01 -8.951648473739624023e-01 -2.283167541027069092e-01 1.249195039272308350e-01 8.043257594108581543e-01 5.341315269470214844e-01
2.614792060852050781e+01 -2.140464591979980469e+01 -8.940061330795288086e-01 -2.197897434234619141e-01 1.248997673392295837e-01 8.103666901588439941e-01 5.285534262657165527e-01
2.614676666259765625e+01 -2.137438964843750000e+01 -8.928145170211791992e-01 -2.106182724237442017e-01 1.238912716507911682e-01 8.181650042533874512e-01 5.204493403434753418e-01
2.614526367187500000e+01 -2.134228515625000000e+01 -8.915566802024841309e-01 -2.011684626340866089e-01 1.221817806363105774e-01 8.273482322692871094e-01 5.099697113037109375e-01
2.614341354370117188e+01 -2.130837440490722656e+01 -8.902032375335693359e-01 -1.914415210485458374e-01 1.198076158761978149e-01 8.376272320747375488e-01 4.973419010639190674e-01
2.614122962951660156e+01 -2.127288436889648438e+01 -8.887164592742919922e-01 -1.815395951271057129e-01 1.168732270598411560e-01 8.486934900283813477e-01 4.827794134616851807e-01
2.613872337341308594e+01 -2.123557090759277344e+01 -8.870912194252014160e-01 -1.715430319309234619e-01 1.134683191776275635e-01 8.602542281150817871e-01 4.665121436119079590e-01
2.613591575622558594e+01 -2.120445251464843750e+01 -8.848165869712829590e-01 -1.615443527698516846e-01 1.096902340650558472e-01 8.720315694808959961e-01 4.487821757793426514e-01
2.613283157348632812e+01 -2.117998695373535156e+01 -8.818525671958923340e-01 -1.516402363777160645e-01 1.056387498974800110e-01 8.837701678276062012e-01 4.298478960990905762e-01
2.612954330444335938e+01 -2.116217041015625000e+01 -8.781949281692504883e-01 -1.419340968132019043e-01 1.014176830649375916e-01 8.952402472496032715e-01 4.099839031696319580e-01
2.612610435485839844e+01 -2.115104866027832031e+01 -8.738493323326110840e-01 -1.325352638959884644e-01 9.713479131460189819e-02 9.062421917915344238e-01 3.894828557968139648e-01
2.612260055541992188e+01 -2.114692878723144531e+01 -8.688049316406250000e-01 -1.235584393143653870e-01 9.290081262588500977e-02 9.166089296340942383e-01 3.686509728431701660e-01
2.611913299560546875e+01 -2.114386558532714844e+01 -8.634496331214904785e-01 -1.151229366660118103e-01 8.882955461740493774e-02 9.262060523033142090e-01 3.478093147277832031e-01
2.611580467224121094e+01 -2.114162254333496094e+01 -8.578244447708129883e-01 -1.073523834347724915e-01 8.503723144531250000e-02 9.349325299263000488e-01 3.272898197174072266e-01
2.611273002624511719e+01 -2.114034652709960938e+01 -8.519515395164489746e-01 -1.003734022378921509e-01 8.164181560277938843e-02 9.427183270454406738e-01 3.074333369731903076e-01
2.611002540588378906e+01 -2.114002227783203125e+01 -8.458660244941711426e-01 -9.431508183479309082e-02 7.876265048980712891e-02 9.495222568511962891e-01 2.885862886905670166e-01
2.610782432556152344e+01 -2.114072227478027344e+01 -8.396021127700805664e-01 -8.930838853120803833e-02 7.651983201503753662e-02 9.553262591361999512e-01 2.710975408554077148e-01
2.610624122619628906e+01 -2.114238166809082031e+01 -8.332026600837707520e-01 -8.548482507467269897e-02 7.503401488065719604e-02 9.601295590400695801e-01 2.553169727325439453e-01
2.610541152954101562e+01 -2.114519309997558594e+01 -8.266944885253906250e-01 -8.297664672136306763e-02 7.442600280046463013e-02 9.639409780502319336e-01 2.415917962789535522e-01
2.610545730590820312e+01 -2.114488792419433594e+01 -8.203785419464111328e-01 -8.191572129726409912e-02 7.481661438941955566e-02 9.667693376541137695e-01 2.302648574113845825e-01
2.610650634765625000e+01 -2.114127540588378906e+01 -8.142952919006347656e-01 -8.243364095687866211e-02 7.632683962583541870e-02 9.686136245727539062e-01 2.216727286577224731e-01
