8.387305587530136108e-02 -7.517647463828325272e-03 3.513615578413009644e-02 -2.636877261102199554e-02 6.668968126177787781e-03 2.546798437833786011e-02 9.993055462837219238e-01
7.476271688938140869e-02 -1.488927938044071198e-02 3.399896994233131409e-02 -2.565922588109970093e-02 7.365717552602291107e-03 2.482206933200359344e-02 9.993354082107543945e-01
6.716258823871612549e-02 -1.565043814480304718e-02 3.101630322635173798e-02 -2.476814948022365570e-02 7.450107019394636154e-03 2.213691920042037964e-02 9.994203448295593262e-01
5.844128131866455078e-02 -1.900259964168071747e-02 2.837009727954864502e-02 -2.393305487930774689e-02 7.786026690155267715e-03 2.198160812258720398e-02 9.994415640830993652e-01
5.023611709475517273e-02 -1.962160505354404449e-02 2.562771923840045929e-02 -2.273941785097122192e-02 7.412532810121774673e-03 1.939516887068748474e-02 9.995257854461669922e-01
4.248111695051193237e-02 -1.948424056172370911e-02 2.209171652793884277e-02 -2.084404602646827698e-02 6.853708997368812561e-03 1.707778871059417725e-02 9.996134042739868164e-01
3.530956432223320007e-02 -1.741170138120651245e-02 1.886798441410064697e-02 -1.899999566376209259e-02 6.695771589875221252e-03 1.445169840008020401e-02 9.996926188468933105e-01
2.790092304348945618e-02 -1.499606203287839890e-02 1.624736003577709198e-02 -1.723130233585834503e-02 6.925992202013731003e-03 1.202143728733062744e-02 9.997552633285522461e-01
2.142525464296340942e-02 -1.201249379664659500e-02 1.257044170051813126e-02 -1.502516865730285645e-02 6.706498563289642334e-03 8.620262145996093750e-03 9.998274445533752441e-01
1.462461892515420914e-02 -9.193192236125469208e-03 9.247553534805774689e-03 -1.263846550136804581e-02 6.668775808066129684e-03 6.239490583539009094e-03 9.998784065246582031e-01
8.966995403170585632e-03 -5.983843002468347549e-03 5.207028239965438843e-03 -9.761362336575984955e-03 -4.595985810738056898e-04 3.022089833393692970e-03 9.999476671218872070e-01
4.642573185265064240e-03 -1.164138200692832470e-03 3.247782122343778610e-03 -6.578464061021804810e-03 -1.821103360271081328e-04 5.489922477863729000e-04 9.999781847000122070e-01
4.994591698050498962e-03 -1.874632784165441990e-03 3.590854816138744354e-03 -4.369961097836494446e-03 3.006850311066955328e-04 -2.176253125071525574e-03 9.999880194664001465e-01
5.796726793050765991e-03 -2.607424277812242508e-03 3.638106165453791618e-03 -2.275337232276797295e-03 3.667077980935573578e-04 -3.773778211325407028e-03 9.999902248382568359e-01
6.434481125324964523e-03 -3.215682227164506912e-03 3.856358118355274200e-03 4.186050864518620074e-05 7.457443862222135067e-04 -5.461347289383411407e-03 9.999848008155822754e-01
6.933701224625110626e-03 -4.301603417843580246e-03 3.947648685425519943e-03 7.704729796387255192e-04 1.003644429147243500e-03 -6.614360958337783813e-03 9.999773502349853516e-01
7.425451185554265976e-03 -5.515502300113439560e-03 3.653061576187610626e-03 2.796696498990058899e-03 9.672600426711142063e-04 -7.578769233077764511e-03 9.999669194221496582e-01
8.156143128871917725e-03 -5.161617416888475418e-03 4.942942876368761063e-03 3.416399937123060226e-03 1.617829548195004463e-03 -8.221048861742019653e-03 9.999590516090393066e-01
8.392760530114173889e-03 -6.299405824393033981e-03 5.292644724249839783e-03 4.370382986962795258e-03 1.263605314306914806e-03 -8.776712231338024139e-03 9.999511241912841797e-01
8.915516547858715057e-03 -7.235080469399690628e-03 5.391344893723726273e-03 4.980739671736955643e-03 1.338517875410616398e-03 -9.163592010736465454e-03 9.999446868896484375e-01
1.008150354027748108e-02 -7.077799178659915924e-03 5.889432039111852646e-03 5.600050557404756546e-03 1.316921436227858067e-03 -8.705567568540573120e-03 9.999455809593200684e-01
1.151263248175382614e-02 -7.542316336184740067e-03 5.050853360444307327e-03 7.064436096698045731e-03 8.020556415431201458e-04 -8.418431505560874939e-03 9.999392628669738770e-01
1.272315159440040588e-02 -6.490978877991437912e-03 6.596941966563463211e-03 7.150463759899139404e-03 8.654596749693155289e-04 -7.676457986235618591e-03 9.999445676803588867e-01
1.356098242104053497e-02 -7.348473183810710907e-03 6.889454089105129242e-03 7.314976304769515991e-03 8.194745169021189213e-04 -6.544569972902536392e-03 9.999514818191528320e-01
1.432297937572002411e-02 -8.212022483348846436e-03 7.438458036631345749e-03 7.340735755860805511e-03 5.717098829336464405e-04 -4.937675315886735916e-03 9.999607205390930176e-01
1.619124785065650940e-02 -6.832947954535484314e-03 8.215169422328472137e-03 6.921252701431512833e-03 3.624148957896977663e-04 -3.165585687384009361e-03 9.999709725379943848e-01
1.730663143098354340e-02 -7.907408289611339569e-03 8.358773775398731232e-03 6.588446907699108124e-03 -2.334803575649857521e-04 -1.222042948938906193e-03 9.999775290489196777e-01
1.867178827524185181e-02 -7.929531857371330261e-03 9.131385944783687592e-03 5.884244106709957123e-03 -1.583199482411146164e-04 7.862419588491320610e-04 9.999823570251464844e-01
1.994497142732143402e-02 -8.504354394972324371e-03 9.812721982598304749e-03 5.170736461877822876e-03 -3.807009779848158360e-04 4.084676038473844528e-03 9.999782443046569824e-01
2.084842883050441742e-02 -8.731734938919544220e-03 1.165234111249446869e-02 3.499385435134172440e-03 -1.244662271346896887e-04 6.913749035447835922e-03 9.999699592590332031e-01
2.165225520730018616e-02 -9.854541160166263580e-03 1.297595817595720291e-02 2.736751222983002663e-03 -7.953668013215065002e-03 9.276624768972396851e-03 9.999216198921203613e-01
2.269011735916137695e-02 -1.069185044616460800e-02 1.424602139741182327e-02 1.087627024389803410e-03 -8.728869259357452393e-03 1.190079282969236374e-02 9.998905062675476074e-01
2.475181780755519867e-02 -1.066285464912652969e-02 1.429606508463621140e-02 -4.455346206668764353e-04 -9.269506670534610748e-03 1.405052840709686279e-02 9.998582005500793457e-01
2.709061279892921448e-02 -1.070462446659803391e-02 1.362239010632038116e-02 -1.110572600737214088e-03 -9.913526475429534912e-03 1.746379584074020386e-02 9.997977614402770996e-01
2.800017409026622772e-02 -1.229601446539163589e-02 1.392342895269393921e-02 -1.948397373780608177e-03 -1.005398854613304138e-02 1.952107995748519897e-02 9.997569918632507324e-01
2.878735214471817017e-02 -1.515765208750963211e-02 1.367000304162502289e-02 -2.418880816549062729e-03 -1.038472075015306473e-02 2.080477401614189148e-02 9.997267127037048340e-01
2.392632700502872467e-02 -1.302893459796905518e-02 1.076072175055742264e-02 -3.065517405048012733e-03 -1.099753379821777344e-02 2.217175252735614777e-02 9.996889829635620117e-01
1.874212920665740967e-02 -9.997965767979621887e-03 8.864933624863624573e-03 -4.476409405469894409e-03 -1.062908396124839783e-02 2.350002713501453400e-02 9.996573328971862793e-01
1.461846195161342621e-02 -7.486706133931875229e-03 4.839685279875993729e-03 -4.253285005688667297e-03 -1.029462460428476334e-02 2.374500222504138947e-02 9.996560215950012207e-01
1.020902115851640701e-02 -3.741120221093297005e-03 5.368435289710760117e-03 -4.722906276583671570e-03 -9.000681340694427490e-03 2.437043003737926483e-02 9.996513128280639648e-01
8.557165041565895081e-03 1.710955984890460968e-03 4.091216251254081726e-03 -4.360262304544448853e-03 -9.125684387981891632e-03 2.287858910858631134e-02 9.996870756149291992e-01
8.263880386948585510e-03 -2.327574184164404869e-03 4.894385114312171936e-03 -4.084402695298194885e-03 -9.028639644384384155e-03 2.498754486441612244e-02 9.996386170387268066e-01
8.567462675273418427e-03 -4.841279878746718168e-04 5.630594212561845779e-03 -4.026403184980154037e-03 -7.112381514161825180e-03 2.410139329731464386e-02 9.996761083602905273e-01
9.711782447993755341e-03 1.578745897859334946e-03 4.447583109140396118e-03 -3.113183192908763885e-03 -6.885878741741180420e-03 2.173845097422599792e-02 9.997351169586181641e-01
1.026310119777917862e-02 -7.690461934544146061e-04 5.024853162467479706e-03 -3.354507964104413986e-03 -5.803674459457397461e-03 2.150838077068328857e-02 9.997462034225463867e-01
1.082814205437898636e-02 3.243892220780253410e-03 4.747223109006881714e-03 -2.494990592822432518e-03 -5.057932343333959579e-03 1.862848363816738129e-02 9.998105764389038086e-01
1.198522187769412994e-02 2.948802663013339043e-03 4.536655265837907791e-03 -2.041724510490894318e-03 -3.715356113389134407e-03 1.738688908517360687e-02 9.998398423194885254e-01
1.205277722328901291e-02 3.762501059100031853e-03 6.575579755008220673e-03 -1.527611049823462963e-03 -1.849883934482932091e-03 1.472434774041175842e-02 9.998887181282043457e-01
1.257365662604570389e-02 -3.104897215962409973e-03 4.722339566797018051e-03 -7.210021140053868294e-04 -4.862748610321432352e-04 1.154677942395210266e-02 9.999329447746276855e-01
9.143504314124584198e-03 -1.004034746438264847e-02 4.033620003610849380e-03 5.765798505308339372e-06 1.451643882319331169e-03 9.195573627948760986e-03 9.999566674232482910e-01
1.595792174339294434e-01 -1.855118386447429657e-02 6.866584718227386475e-02 -5.118333548307418823e-02 1.479226630181074142e-02 4.551806673407554626e-02 9.975417852401733398e-01
1.430804580450057983e-01 -2.593979425728321075e-02 6.452018022537231445e-02 -4.968253523111343384e-02 1.822303235530853271e-02 4.121850430965423584e-02 9.977477788925170898e-01
1.277366876602172852e-01 -3.328785300254821777e-02 5.577056482434272766e-02 -4.763003066182136536e-02 1.506739761680364609e-02 4.307085648179054260e-02 9.978222846984863281e-01
1.113274618983268738e-01 -3.413018211722373962e-02 5.168270319700241089e-02 -4.661583900451660156e-02 1.465814560651779175e-02 3.977592289447784424e-02 9.980130195617675781e-01
9.541303664445877075e-02 -3.384761139750480652e-02 4.649389535188674927e-02 -4.308588430285453796e-02 1.474614348262548447e-02 3.580470383167266846e-02 9.983206987380981445e-01
7.963988184928894043e-02 -3.217293694615364075e-02 4.139856249094009399e-02 -3.975179046392440796e-02 1.416611578315496445e-02 3.054388612508773804e-02 9.986421465873718262e-01
6.556465476751327515e-02 -2.799305319786071777e-02 3.461842238903045654e-02 -3.504501655697822571e-02 1.441693492233753204e-02 2.541297674179077148e-02 9.989585280418395996e-01
5.216359347105026245e-02 -2.128777839243412018e-02 2.859286032617092133e-02 -3.000864759087562561e-02 1.451170630753040314e-02 1.833670958876609802e-02 9.992760419845581055e-01
3.790109604597091675e-02 -1.797770708799362183e-02 2.153572812676429749e-02 -2.580765821039676666e-02 1.292603090405464172e-02 1.341348327696323395e-02 9.994933605194091797e-01
2.465062215924263000e-02 -1.261031161993741989e-02 1.488737296313047409e-02 -2.156637981534004211e-02 6.398208905011415482e-03 8.825166150927543640e-03 9.997079968452453613e-01
1.311695948243141174e-02 -7.057318463921546936e-03 7.913690060377120972e-03 -1.669742166996002197e-02 -1.441859931219369173e-04 2.911241259425878525e-03 9.998563528060913086e-01
1.006340049207210541e-02 -3.341629402711987495e-03 6.037650629878044128e-03 -1.054135151207447052e-02 1.474503806093707681e-04 -2.944193780422210693e-03 9.999400973320007324e-01
1.067117787897586823e-02 -4.871298559010028839e-03 7.159553468227386475e-03 -7.114889100193977356e-03 7.083750097081065178e-04 -6.583677604794502258e-03 9.999527931213378906e-01
1.222310215234756470e-02 -6.304609123617410660e-03 7.102975621819496155e-03 -2.672515111044049263e-03 1.152129261754453182e-03 -1.015478838235139847e-02 9.999442100524902344e-01
1.375316549092531204e-02 -7.219431456178426743e-03 7.433564867824316025e-03 3.673039900604635477e-04 1.281333970837295055e-03 -1.288009341806173325e-02 9.999161362648010254e-01
1.456524431705474854e-02 -9.711728431284427643e-03 7.395828142762184143e-03 3.775233635678887367e-03 1.905636396259069443e-03 -1.503046508878469467e-02 9.998781085014343262e-01
1.558922696858644485e-02 -1.156659889966249466e-02 7.426561322063207626e-03 6.330697331577539444e-03 2.264505950734019279e-03 -1.627089455723762512e-02 9.998450279235839844e-01
1.644795760512351990e-02 -1.285842899233102798e-02 8.631702512502670288e-03 8.790312334895133972e-03 2.522224560379981995e-03 -1.723666861653327942e-02 9.998096227645874023e-01
1.784732379019260406e-02 -1.333578862249851227e-02 1.002646330744028091e-02 1.023196894675493240e-02 2.600543666630983353e-03 -1.835182122886180878e-02 9.997758269309997559e-01
2.009553648531436920e-02 -1.377755682915449142e-02 9.985223412513732910e-03 1.184856053441762924e-02 2.484396798536181450e-03 -1.869644224643707275e-02 9.997519254684448242e-01
2.147229574620723724e-02 -1.498477440327405930e-02 1.075681298971176147e-02 1.311862189322710037e-02 2.174490131437778473e-03 -1.757097616791725159e-02 9.997571706771850586e-01
2.401468902826309204e-02 -1.371671166270971298e-02 1.258950959891080856e-02 1.380976103246212006e-02 2.322742482647299767e-03 -1.618174649775028229e-02 9.997709989547729492e-01
2.631640620529651642e-02 -1.431810110807418823e-02 1.290195807814598083e-02 1.424405537545681000e-02 1.843469799496233463e-03 -1.412103697657585144e-02 9.997971057891845703e-01
2.859989367425441742e-02 -1.500207930803298950e-02 1.347462460398674011e-02 1.459668856114149094e-02 1.484270556829869747e-03 -1.131723448634147644e-02 9.998283386230468750e-01
3.098395653069019318e-02 -1.451438944786787033e-02 1.535017136484384537e-02 1.389611605554819107e-02 9.096147841773927212e-04 -8.525680750608444214e-03 9.998666644096374512e-01
3.373423963785171509e-02 -1.413775328546762466e-02 1.661787740886211395e-02 1.341303624212741852e-02 4.315415280871093273e-04 -4.721613135188817978e-03 9.998987913131713867e-01
3.600737825036048889e-02 -1.589184440672397614e-02 1.737323217093944550e-02 1.264620386064052582e-02 -4.052261065226048231e-04 -1.049955957569181919e-03 9.999194145202636719e-01
3.884562104940414429e-02 -1.583554781973361969e-02 1.897045783698558807e-02 1.096651051193475723e-02 1.931219303514808416e-04 4.311807919293642044e-03 9.999305605888366699e-01
4.125040769577026367e-02 -1.621343195438385010e-02 2.141135744750499725e-02 9.093200787901878357e-03 -4.001927154604345560e-04 9.402426891028881073e-03 9.999143481254577637e-01
4.299402236938476562e-02 -1.834887452423572540e-02 2.394653856754302979e-02 6.691499613225460052e-03 -7.846711203455924988e-03 1.486418023705482483e-02 9.998363256454467773e-01
4.642304405570030212e-02 -1.892261579632759094e-02 2.481884136795997620e-02 3.999934531748294830e-03 -1.606602966785430908e-02 1.947627961635589600e-02 9.996732473373413086e-01
4.861815646290779114e-02 -2.202900685369968414e-02 2.594946511089801788e-02 1.555780996568500996e-03 -1.738185621798038483e-02 2.489327639341354370e-02 9.995377659797668457e-01
5.217981338500976562e-02 -2.297945134341716766e-02 2.599241398274898529e-02 -9.157946915365755558e-04 -1.893917098641395569e-02 3.017675317823886871e-02 9.993647336959838867e-01
5.431373044848442078e-02 -2.464487031102180481e-02 2.768493629992008209e-02 -2.332467818632721901e-03 -1.898975297808647156e-02 3.450074046850204468e-02 9.992215037345886230e-01
5.675929412245750427e-02 -2.789648994803428650e-02 2.730813436210155487e-02 -3.598058829084038734e-03 -2.008122764527797699e-02 3.710786253213882446e-02 9.991030097007751465e-01
5.260276421904563904e-02 -2.767510525882244110e-02 2.518864534795284271e-02 -5.491020157933235168e-03 -2.005522698163986206e-02 3.909026831388473511e-02 9.990193247795104980e-01
4.241294786334037781e-02 -2.330867946147918701e-02 1.970291882753372192e-02 -7.381726056337356567e-03 -2.052019350230693817e-02 4.287448152899742126e-02 9.988424181938171387e-01
3.371411934494972229e-02 -1.745395548641681671e-02 1.262856088578701019e-02 -7.742242421954870224e-03 -2.026672847568988800e-02 4.471346735954284668e-02 9.987642765045166016e-01
2.558810077607631683e-02 -9.995831176638603210e-03 8.942889049649238586e-03 -7.466027513146400452e-03 -1.933933049440383911e-02 4.377151653170585632e-02 9.988264441490173340e-01
1.891023665666580200e-02 2.484437136445194483e-04 8.494831621646881104e-03 -8.158973418176174164e-03 -1.778003945946693420e-02 4.453179612755775452e-02 9.988164305686950684e-01
1.703480817377567291e-02 1.953026978299021721e-03 9.264100342988967896e-03 -8.152896538376808167e-03 -1.716277748346328735e-02 4.707114025950431824e-02 9.987108111381530762e-01
1.752523705363273621e-02 3.877749200910329819e-03 9.110576473176479340e-03 -7.359687238931655884e-03 -1.630621775984764099e-02 4.520213976502418518e-02 9.988176822662353516e-01
1.806820742785930634e-02 4.847247619181871414e-03 9.631271474063396454e-03 -7.241924759000539780e-03 -1.427249610424041748e-02 4.371352866291999817e-02 9.989159107208251953e-01
1.893365755677223206e-02 6.093468982726335526e-03 9.937768802046775818e-03 -7.406156510114669800e-03 -1.294821035116910934e-02 4.020237922668457031e-02 9.990801811218261719e-01
2.045464329421520233e-02 6.094631273299455643e-03 1.029642019420862198e-02 -6.129713729023933411e-03 -1.026120316237211227e-02 3.852989524602890015e-02 9.991859793663024902e-01
2.196628414094448090e-02 8.416926488280296326e-03 9.576855227351188660e-03 -4.984724801033735275e-03 -8.623210713267326355e-03 3.507730737328529358e-02 9.993349909782409668e-01
2.394522540271282196e-02 8.323484100401401520e-03 1.032306533306837082e-02 -3.694586921483278275e-03 -4.978511948138475418e-03 3.155131265521049500e-02 9.994829297065734863e-01
2.543204650282859802e-02 6.460290867835283279e-03 9.296510368585586548e-03 -1.591774052940309048e-03 -2.364885061979293823e-03 2.403868176043033600e-02 9.997069835662841797e-01
2.102195471525192261e-02 -1.546136103570461273e-02 9.405567310750484467e-03 -6.347262533381581306e-04 2.167540136724710464e-03 2.090932242572307587e-02 9.997788071632385254e-01
