0.000000000000000000e+00 0.000000000000000000e+00 0.000000000000000000e+00 0.000000000000000000e+00 0.000000000000000000e+00 0.000000000000000000e+00 1.000000000000000000e+00
8.387305587530136108e-02 -7.517647463828325272e-03 3.513615578413009644e-02 -2.636877278798657048e-02 6.668968088657985412e-03 2.546798451262511157e-02 9.993055560994107411e-01
1.597027440342796978e-01 -1.678440784790879298e-02 6.876753963889142840e-02 -5.201470593010867199e-02 1.402617645709440357e-02 5.023278362758808874e-02 9.972835124426868703e-01
2.287964891661089517e-01 -2.237843005135001923e-02 9.897551603788022623e-02 -7.674916306821065459e-02 2.135518650316578504e-02 7.224033518730330061e-02 9.942006115215229478e-01
2.902564529793317250e-01 -2.833868730269739622e-02 1.266972179433450696e-01 -1.005936027670632921e-01 2.904227103960897033e-02 9.396764341929525477e-02 9.900543195024343879e-01
3.442755040934452060e-01 -3.291839146722325138e-02 1.517256670661676632e-01 -1.231924172357362207e-01 3.618156948887434748e-02 1.130401040081190633e-01 9.852595887636779182e-01
3.910332842039163648e-01 -3.668588127703609203e-02 1.734475658426279376e-01 -1.438384263319971712e-01 4.266790436690747618e-02 1.297323007839194797e-01 9.801323824772762983e-01
4.305413685932500401e-01 -3.871592914960380466e-02 1.919116847489107935e-01 -1.626687564900018146e-01 4.883132748307918158e-02 1.437045806201824871e-01 9.749376239673049893e-01
4.623844797200491463e-01 -3.954282085819997572e-02 2.078067347700149337e-01 -1.798366659327166883e-01 5.505108266939353484e-02 1.551043478853136315e-01 9.698302909015595885e-01
4.871418201341701226e-01 -3.957926745628294329e-02 2.199899328534922482e-01 -1.949431546826637662e-01 6.076552030145889599e-02 1.630588562175919465e-01 9.652546438085002345e-01
5.044893572576393259e-01 -3.966423452470185101e-02 2.290985685868267285e-01 -2.078270491067806813e-01 6.635073163552791808e-02 1.685296804093570633e-01 9.612508751060347967e-01
5.152712716630541978e-01 -3.993635763964170637e-02 2.342949901916516475e-01 -2.169213209090757877e-01 6.488846363613647028e-02 1.721690408872264821e-01 9.586930943643935388e-01
5.201780748349494887e-01 -3.809664697251452514e-02 2.367435692772862643e-01 -2.231563419874415533e-01 6.369894103741059743e-02 1.731579717879241642e-01 9.571624777161863440e-01
5.256676818954445496e-01 -3.654533344053458727e-02 2.397120829227236960e-01 -2.275271263120478282e-01 6.274364528095356663e-02 1.712841348803690600e-01 9.565335262850555020e-01
5.321606035874789642e-01 -3.533407173846003085e-02 2.428761518756870907e-01 -2.300009300900737186e-01 6.184543406831877199e-02 1.677320418731848006e-01 9.566298534813004739e-01
5.394660140712327356e-01 -3.436972141421029692e-02 2.463855198517262979e-01 -2.304202354673694220e-01 6.130880228314903452e-02 1.623308951842530601e-01 9.574948701264393014e-01
5.476090656099087406e-01 -3.420783651554256538e-02 2.503640170175369661e-01 -2.302457277150445347e-01 6.086938543102106414e-02 1.557155009552103064e-01 9.586628737718422277e-01
5.565850813644026562e-01 -3.518037419617408429e-02 2.545339404515886139e-01 -2.281689504151876990e-01 6.048515690346058932e-02 1.480519224294206404e-01 9.603963265890536061e-01
5.661746211598167600e-01 -3.522912981228793622e-02 2.595971408997324037e-01 -2.256152857170892756e-01 6.066645485396391507e-02 1.395746158297793416e-01 9.622558135559470260e-01
5.763277507417737811e-01 -3.622943986199129995e-02 2.654320676970299275e-01 -2.221076537502171266e-01 6.050923617204712751e-02 1.305721292732332506e-01 9.643431658598007328e-01
5.872069593732724968e-01 -3.810368621476643847e-02 2.716794227084202706e-01 -2.180214869555034130e-01 6.041172330334127621e-02 1.211293874921137298e-01 9.665116276584658772e-01
5.991394061828169137e-01 -3.963771239915265393e-02 2.781354928282682160e-01 -2.132825396703457166e-01 6.046158421818357415e-02 1.120833353565814650e-01 9.686548823192597801e-01
6.124610056941725000e-01 -4.194595861614748566e-02 2.838051795836810109e-01 -2.070254792120519716e-01 6.023112965665581436e-02 1.033237843057995958e-01 9.709978669255829864e-01
6.267739130093722411e-01 -4.277192640075968416e-02 2.902851099848593464e-01 -2.006227081256137246e-01 6.021774264386964282e-02 9.525438238507200062e-02 9.731654304853106785e-01
6.420745456492414904e-01 -4.443978919575283099e-02 2.972474195527892715e-01 -1.939664521979620193e-01 6.039610011354977492e-02 8.827591618115294969e-02 9.751598274822378398e-01
6.582975013920141505e-01 -4.688229206534520049e-02 3.049132917228117856e-01 -1.871491234698130779e-01 6.064150203729393174e-02 8.290318011762827510e-02 9.769467112087155680e-01
6.761274957618799153e-01 -4.780081844928756735e-02 3.125015921518207729e-01 -1.806040068882632521e-01 6.097515904019298189e-02 7.932062437711427660e-02 9.784541180987241793e-01
6.952471321727126119e-01 -4.975260284644510145e-02 3.204101784704612710e-01 -1.742094487225198107e-01 6.104723248661043239e-02 7.776356430099930217e-02 9.797331940118829685e-01
7.157757389729368924e-01 -5.145319468785731348e-02 3.288113481732958254e-01 -1.683810776987060276e-01 6.148559527942150382e-02 7.820086439520315680e-02 9.806895324484709020e-01
7.377314292462883172e-01 -5.338998644224735024e-02 3.377897636203839316e-01 -1.630256026261223401e-01 6.220304471043815869e-02 8.195113712155673025e-02 9.812428064661797844e-01
7.608309643091326624e-01 -5.476333487067246847e-02 3.483350292462775721e-01 -1.591467034921783263e-01 6.349294185199919061e-02 8.853536146932299011e-02 9.812249807623365516e-01
7.851317056740595435e-01 -5.644127891671180119e-02 3.602079438217704599e-01 -1.551556757419199906e-01 5.740226951041320358e-02 9.872291102657326789e-02 9.812672839642425648e-01
8.106604193026925032e-01 -5.791861527917925578e-02 3.735574185354272325e-01 -1.525265602076606442e-01 5.078447896428650576e-02 1.116818595905062078e-01 9.806547544196944077e-01
8.381048174652848681e-01 -5.834223881840515380e-02 3.868747750126365625e-01 -1.511930662308182960e-01 4.378041382074497612e-02 1.268812140470318983e-01 9.793493195031888199e-01
8.676668782333122332e-01 -5.765332488768282193e-02 3.995108250182627385e-01 -1.502277106723955979e-01 3.656224678362064717e-02 1.455061840564929876e-01 9.772015081126219638e-01
8.984245627524808375e-01 -5.698249762753537090e-02 4.130229835588288823e-01 -1.499185293032058719e-01 2.937769204801504025e-02 1.661284795847395579e-01 9.741984982806936033e-01
9.307145890595603932e-01 -5.743124493479007109e-02 4.272528068328675377e-01 -1.498976320811635232e-01 2.197005981414651074e-02 1.879789795347625858e-01 9.704184250215430740e-01
9.576185567080364169e-01 -5.716282268468377004e-02 4.388338200686791035e-01 -1.502714266356192374e-01 1.403825804928728223e-02 2.111522462373440490e-01 9.657308913754190094e-01
9.784795263378841534e-01 -5.562760728588646286e-02 4.484399032794283424e-01 -1.519686825301020394e-01 6.354791213233619389e-03 2.354346778818796615e-01 9.599143965007279622e-01
9.945873578803011705e-01 -5.393283703640025517e-02 4.539931247748708598e-01 -1.534245878010992437e-01 -9.222276452025684199e-04 2.597383455992650081e-01 9.534128366975084257e-01
1.004833398624567442e+00 -5.036589550049149627e-02 4.594093751503394163e-01 -1.555586244903759130e-01 -6.990967496641319057e-03 2.842594315501385527e-01 9.460175560183411436e-01
1.010674416460174863e+00 -4.320546888495117865e-02 4.621482244840803277e-01 -1.572007152601234137e-01 -1.330232141555796020e-02 3.072031271191932311e-01 9.384760103779167251e-01
1.018113016075566479e+00 -3.877499346859987484e-02 4.669129332502888752e-01 -1.585357903396061863e-01 -1.909735783361194567e-02 3.319073060833288014e-01 9.296984641665699822e-01
1.024289956246198452e+00 -3.220044241528939588e-02 4.718078363507831052e-01 -1.603274043389505132e-01 -2.321900161433964813e-02 3.552575060526523831e-01 9.206237590759960288e-01
1.029822140140952635e+00 -2.343684726466987306e-02 4.748387592845674243e-01 -1.612094940009663468e-01 -2.717286727322129267e-02 3.762080530053802385e-01 9.119981552514265788e-01
1.036827398700668201e+00 -1.544095262882541793e-02 4.791006660212157597e-01 -1.626289386761884115e-01 -3.025354857059087132e-02 3.965726288252859888e-01 9.029765784174833554e-01
1.041066802740929109e+00 -4.247059112406170386e-03 4.817524249965047245e-01 -1.634087899028546231e-01 -3.277492640819294062e-02 4.140656743003964801e-01 8.948592006274396216e-01
1.045882848569994916e+00 7.746912343725417815e-03 4.841757641980704019e-01 -1.642411283506270414e-01 -3.409863540353178651e-02 4.300983844892073971e-01 8.870611672717412244e-01
1.049292831775349155e+00 2.096939962957593273e-02 4.882009283739967009e-01 -1.652843829548414079e-01 -3.397448045905642616e-02 4.433636542633846989e-01 8.803155556429708151e-01
1.058308442087053880e+00 3.044298072010452605e-02 4.925607162913376857e-01 -1.660847101735588860e-01 -3.281144180985978709e-02 4.535546166276890334e-01 8.750014217523495175e-01
1.070690915610496896e+00 3.349674304792160662e-02 4.987276623562807987e-01 -1.670325877861880692e-01 -3.000997032555385857e-02 4.613401951726904260e-01 8.708413980837914625e-01
