-4.452462308108806610e-03 9.506114125251770020e-01 -2.659993059933185577e-02
-1.233247946947813034e-02 8.747317790985107422e-01 -2.099408209323883057e-02
-1.885939389467239380e-02 7.978434562683105469e-01 -1.555612403899431229e-02
-2.509947121143341064e-02 7.201161384582519531e-01 -1.286225952208042145e-02
-2.960859797894954681e-02 6.417369842529296875e-01 -9.858218953013420105e-03
-3.272376209497451782e-02 5.628363490104675293e-01 -7.468136027455329895e-03
-3.439012169837951660e-02 4.837609827518463135e-01 -5.191248375922441483e-03
-3.446533530950546265e-02 4.038222134113311768e-01 -3.128520445898175240e-03
-3.301608189940452576e-02 3.250299990177154541e-01 -1.146889058873057365e-03
-3.038615733385086060e-02 2.430837303400039673e-01 8.251368999481201172e-04
-2.593765780329704285e-02 1.678047031164169312e-01 2.789147663861513138e-03
-2.098503150045871735e-02 7.520437985658645630e-02 6.356634665280580521e-03
-1.669895276427268982e-02 3.303851187229156494e-02 6.524495314806699753e-03
-1.263215579092502594e-02 5.523484572768211365e-02 2.931212773546576500e-03
-9.170620702207088470e-03 5.652936920523643494e-02 8.406894630752503872e-04
-6.108100060373544693e-03 6.755020469427108765e-02 -1.667861943133175373e-03
-3.633562009781599045e-03 7.534030824899673462e-02 -3.834242466837167740e-03
-1.817734446376562119e-03 8.530127257108688354e-02 -6.019371561706066132e-03
-5.419650115072727203e-04 9.521751850843429565e-02 -8.098307996988296509e-03
1.461757346987724304e-04 1.059845983982086182e-01 -1.013913936913013458e-02
3.710975870490074158e-04 1.172883361577987671e-01 -1.215738430619239807e-02
1.766020432114601135e-04 1.292650550603866577e-01 -1.404830347746610641e-02
-5.357903428375720978e-04 1.419883817434310913e-01 -1.609138026833534241e-02
-1.359446439892053604e-03 1.554967910051345825e-01 -1.755125820636749268e-02
-2.396415919065475464e-03 1.697043925523757935e-01 -1.876708120107650757e-02
-3.902006894350051880e-03 1.847314834594726562e-01 -2.051242813467979431e-02
-5.556909833103418350e-03 2.005064487457275391e-01 -2.190068177878856659e-02
-7.461237255483865738e-03 2.171750813722610474e-01 -2.322472073137760162e-02
-9.503377601504325867e-03 2.344612479209899902e-01 -2.424087747931480408e-02
-1.192360557615756989e-02 2.528418600559234619e-01 -2.514472231268882751e-02
-1.456270180642604828e-02 2.711864411830902100e-01 -2.541187591850757599e-02
-1.763556897640228271e-02 2.908408343791961670e-01 -2.543529681861400604e-02
-2.099904790520668030e-02 3.091157674789428711e-01 -2.547834627330303192e-02
-2.425422519445419312e-02 3.293622136116027832e-01 -2.516598813235759735e-02
-2.745963446795940399e-02 3.415539562702178955e-01 -2.411605045199394226e-02
-3.060393035411834717e-02 3.697239458560943604e-01 -2.376624196767807007e-02
-3.355944901704788208e-02 3.507260680198669434e-01 -2.027028426527976990e-02
-3.631823509931564331e-02 2.718984782695770264e-01 -1.289763581007719040e-02
-3.863476216793060303e-02 2.100391536951065063e-01 -6.493395660072565079e-03
-4.026760905981063843e-02 1.442677676677703857e-01 1.867227256298065186e-04
-4.126407578587532043e-02 6.850331276655197144e-02 7.431534584611654282e-03
-4.127312451601028442e-02 2.530333399772644043e-02 1.251925155520439148e-02
-4.026735201478004456e-02 2.789075858891010284e-02 1.455940119922161102e-02
-3.820812702178955078e-02 1.388224028050899506e-02 1.736514642834663391e-02
-3.500035405158996582e-02 6.885607726871967316e-03 1.942241936922073364e-02
-3.054331615567207336e-02 -5.009070504456758499e-03 2.143000811338424683e-02
-2.484768070280551910e-02 -1.199335884302854538e-02 2.276739664375782013e-02
-1.793048158288002014e-02 -2.868895232677459717e-02 2.433534339070320129e-02
-9.700924158096313477e-03 -2.050597220659255981e-02 2.400224655866622925e-02
-3.390149213373661041e-04 1.985125057399272919e-02 2.136466279625892639e-02
1.030998397618532181e-02 4.909297823905944824e-02 1.912733539938926697e-02
