0.000000000000000000e+00 0.000000000000000000e+00 0.000000000000000000e+00 0.000000000000000000e+00 0.000000000000000000e+00 0.000000000000000000e+00 1.000000000000000000e+00
8.673918247222900391e-02 3.437745152041316032e-03 2.811137400567531586e-02 -2.473459993171155807e-02 5.444325456851556444e-03 2.223136039201591835e-02 9.994320014396468332e-01
1.648571806298976539e-01 2.151364944673052251e-03 5.748837820269021848e-02 -5.068810344468417661e-02 1.229966758242445612e-02 4.590002266069163200e-02 9.975833911339395677e-01
2.348691924835378253e-01 2.807131844490265513e-03 8.604792784295889341e-02 -7.652908689020057609e-02 1.987729426427901902e-02 6.703072347297869826e-02 9.946130273343358752e-01
2.969685795161321473e-01 7.763075873736557421e-04 1.128972520018486497e-01 -1.020652467135935576e-01 2.854878644036382140e-02 8.904928823652275005e-02 9.903725947695869447e-01
3.516071671505864304e-01 3.117647800021097412e-05 1.369705780245779603e-01 -1.255058215087097306e-01 3.644353840293433622e-02 1.081172071133113810e-01 9.855104397225403767e-01
3.989259136586417731e-01 -1.913125991842469596e-03 1.576944954230291851e-01 -1.463079166378225271e-01 4.336877013836681199e-02 1.246221895676227348e-01 9.803991295248875026e-01
4.389180857264475266e-01 -2.937617537654154277e-03 1.751733428950212057e-01 -1.648363467141576999e-01 4.983721110933828080e-02 1.380105697123908404e-01 9.753452280287397969e-01
4.713566079333632586e-01 -2.781357907180863776e-03 1.898375191305575194e-01 -1.816384536528910798e-01 5.613262090379211866e-02 1.484394944213312528e-01 9.704753049516495755e-01
4.968554693093643060e-01 -2.024185670141160406e-03 2.003538064539444885e-01 -1.960231340817246426e-01 6.177482358813919661e-02 1.554532397503750052e-01 9.662262117778346315e-01
5.147775353138279719e-01 -1.640391798145866397e-03 2.082635342651578125e-01 -2.082094011294743918e-01 6.733206813275484370e-02 1.603066350064237811e-01 9.625055951292901257e-01
5.259280249392103146e-01 -2.212972705670444937e-03 2.125838664805087819e-01 -2.165871625146634227e-01 6.590237788620428860e-02 1.633685021674663451e-01 9.602383090266443100e-01
5.308129753909394122e-01 4.573040657333349648e-04 2.141534772559141042e-01 -2.222646408602050039e-01 6.469247895914795321e-02 1.636514792474940139e-01 9.589741946108409909e-01
5.361001128519186087e-01 3.696024249914033923e-03 2.158597326543010564e-01 -2.258309620889765446e-01 6.372389364106291476e-02 1.608183158269992086e-01 9.586850949272953670e-01
5.424703566287425449e-01 6.541824829437568878e-03 2.180863732706015967e-01 -2.276961299313146614e-01 6.288623833627167425e-02 1.565520930723704462e-01 9.590053365841482158e-01
5.494043832539653449e-01 9.921702872796395178e-03 2.207528990976954653e-01 -2.276124839590921434e-01 6.206761817836378009e-02 1.501987249449980577e-01 9.600940115137338582e-01
5.577705240078297821e-01 1.124305104557287577e-02 2.239817789226675182e-01 -2.268900142011254228e-01 6.141732736952577876e-02 1.427684931884284081e-01 9.614395408486710037e-01
5.670226175476912323e-01 9.922181803047382467e-03 2.273813400026241105e-01 -2.243788465183759739e-01 6.094360399338660805e-02 1.346551049864057048e-01 9.632279133561694184e-01
5.769315892434783155e-01 1.048987135812952907e-02 2.317502813914400217e-01 -2.215080476555398858e-01 6.094805242017238556e-02 1.256088937926205240e-01 9.651123901029420304e-01
5.872564294557204301e-01 9.306537522216388331e-03 2.372393991066118479e-01 -2.178173120591992418e-01 6.083710784921159131e-02 1.164075200364989848e-01 9.671110350703278069e-01
5.982268049947585542e-01 6.439955883098640033e-03 2.429256095245392044e-01 -2.136507937669080426e-01 6.056867868875438071e-02 1.070427199440089627e-01 9.691370540804108424e-01
6.103643663109949991e-01 4.293018822816751373e-03 2.487982270029780174e-01 -2.089705881719009783e-01 6.051872675227772114e-02 9.807683491538438103e-02 9.711074664754427710e-01
6.237393952710961198e-01 1.059486442331719104e-03 2.538570072793172594e-01 -2.028248372745837802e-01 6.003991244398885346e-02 8.952109781051814652e-02 9.732642330554720500e-01
6.382278360891465718e-01 -1.371875625839685461e-05 2.598955770309022140e-01 -1.963873448268433075e-01 6.009381747162854254e-02 8.167191609784495154e-02 9.752694202190774764e-01
6.535956767299644365e-01 -3.908732960069003295e-03 2.657285189908882295e-01 -1.893266813789958869e-01 5.984726649423943723e-02 7.495845050891790373e-02 9.772179609015001489e-01
6.697915917227180715e-01 -8.492071383592982373e-03 2.724069200255537782e-01 -1.824183110820948028e-01 5.987906450372679906e-02 6.974006426414246229e-02 9.789148996989206486e-01
6.880299467596644458e-01 -9.991605393974711119e-03 2.788449710250575642e-01 -1.754873883461600392e-01 6.011734673585767547e-02 6.599664982790917622e-02 9.804256847739031278e-01
7.073061630884590612e-01 -1.427162520602727122e-02 2.853276052780392980e-01 -1.688543985756675581e-01 6.000023123330470998e-02 6.455762845748298784e-02 9.816926591054581097e-01
7.280908014522431415e-01 -1.775630007572130686e-02 2.924515871592534566e-01 -1.629090067933205710e-01 6.051022560133455935e-02 6.500070676425839800e-02 9.826362888797850470e-01
7.504257100129286817e-01 -2.165785772140997600e-02 2.996865807486853162e-01 -1.575049744878550817e-01 6.142390072285802000e-02 6.867477003329176821e-02 9.832105895445000243e-01
7.739446214362072363e-01 -2.451427055132805038e-02 3.089266569572165499e-01 -1.539898666371601055e-01 6.340915360033146098e-02 7.516213649869454838e-02 9.831668492426455241e-01
7.987909283143829198e-01 -2.946156183975517928e-02 3.185439787339523487e-01 -1.507549661380025718e-01 5.806569118361255832e-02 8.527555048671978111e-02 9.831731262505530866e-01
8.248507854077168355e-01 -3.420826307732615507e-02 3.299658511011322459e-01 -1.491015512843937019e-01 5.246078253333418678e-02 9.813345050418159632e-02 9.825407979278626414e-01
8.532198520793279339e-01 -3.847465540914888488e-02 3.403446916251123833e-01 -1.487500160660141790e-01 4.625379361003572470e-02 1.131369213603586055e-01 9.812920341682902503e-01
8.839427562733033206e-01 -4.027768994471391667e-02 3.496673462892250228e-01 -1.489151649718306047e-01 3.939580716428764395e-02 1.311605654165408918e-01 9.793207595567960944e-01
9.160185990510505416e-01 -4.277145837473043943e-02 3.593619262383476176e-01 -1.497584490837954307e-01 3.251694153469928544e-02 1.512387744200838213e-01 9.765458967980747973e-01
9.495998897112136738e-01 -4.651696166115093511e-02 3.695404907888983348e-01 -1.505737911033862841e-01 2.534855737027551931e-02 1.726992634707279761e-01 9.730672887671579785e-01
9.774519964810487460e-01 -4.951058960927183505e-02 3.781028274422854052e-01 -1.518992388085298184e-01 1.789517118275095464e-02 1.953508734418564485e-01 9.687334103576861200e-01
9.991547801457684175e-01 -5.069675119254983542e-02 3.856788407155744558e-01 -1.547904073123503588e-01 1.088260059823887259e-02 2.187997512660012911e-01 9.633525666412229294e-01
1.016077307771395821e+00 -5.133456114450967583e-02 3.882074805245717686e-01 -1.560696927116748955e-01 3.308564365097839063e-03 2.415298308500500313e-01 9.577550027163895807e-01
1.027909343911099560e+00 -4.960486044625769114e-02 3.902202515340485456e-01 -1.573202378368026566e-01 -3.131107984183151369e-03 2.639870106999649413e-01 9.516046432796867460e-01
1.034612550746728754e+00 -4.277141178834356627e-02 3.913434127889132141e-01 -1.588800634176852355e-01 -9.349687837873378940e-03 2.846358140708785678e-01 9.453317735768406171e-01
1.044064561358200693e+00 -4.151831231486428214e-02 3.939421789964397957e-01 -1.604721246827378600e-01 -1.510361948441838950e-02 3.076078107008741735e-01 9.377622367498560374e-01
1.052154912243506768e+00 -3.640315301544863602e-02 3.976463336568752394e-01 -1.622864660561716965e-01 -1.876838877064441677e-02 3.295644853629091098e-01 9.298914455491209541e-01
1.059960387281071892e+00 -2.895497485082941178e-02 3.980837461082581408e-01 -1.633242080613270253e-01 -2.294431806363003354e-02 3.492968869894448325e-01 9.223830256835922059e-01
1.069584213416915786e+00 -2.276842877385064703e-02 3.986133022440332963e-01 -1.646741985919193685e-01 -2.646798035412551570e-02 3.690978708149866283e-01 9.143022564195749657e-01
1.076474804152101061e+00 -1.275450556638358865e-02 3.970168239447636749e-01 -1.655425710012412843e-01 -2.931989969009941507e-02 3.857844610356903070e-01 9.071418578656059717e-01
1.085340941793835112e+00 -3.043944966129636179e-03 3.968795860267776421e-01 -1.665126824867135258e-01 -3.076069130309487878e-02 4.014863339867371650e-01 9.000755690849101542e-01
1.090432882400606429e+00 7.553265744274657509e-03 3.888524232859779106e-01 -1.673289271795559141e-01 -3.165910829084960659e-02 4.145618651949642963e-01 8.939447359413440486e-01
1.103213367166724135e+00 1.271519847756896054e-02 3.886257370541795764e-01 -1.680766881534631052e-01 -3.111492800016871230e-02 4.252819309945125581e-01 8.887729560042241239e-01
1.116839599548856032e+00 1.392040310303042233e-02 3.923075363589577091e-01 -1.688192935332106515e-01 -2.846408474522777246e-02 4.330672052680665240e-01 8.849534664217495461e-01
