2.616429710388183594e+01 -2.226403045654296875e+01 -9.312875270843505859e-01 -9.828075766563415527e-02 1.950348913669586182e-01 7.394629120826721191e-01 6.367863416671752930e-01
2.616372489929199219e+01 -2.217281532287597656e+01 -9.335715770721435547e-01 -1.150443032383918762e-01 1.832592189311981201e-01 7.594124078750610352e-01 6.135740876197814941e-01
2.616294860839843750e+01 -2.208935737609863281e+01 -9.348825812339782715e-01 -1.317155659198760986e-01 1.714167892932891846e-01 7.774057984352111816e-01 5.906829833984375000e-01
2.616198921203613281e+01 -2.201374053955078125e+01 -9.354864358901977539e-01 -1.481155157089233398e-01 1.596851795911788940e-01 7.933979630470275879e-01 5.684009194374084473e-01
2.616094779968261719e+01 -2.194605255126953125e+01 -9.354645609855651855e-01 -1.640767902135848999e-01 1.482433825731277466e-01 8.073760271072387695e-01 5.470306873321533203e-01
2.615997314453125000e+01 -2.188633155822753906e+01 -9.348559975624084473e-01 -1.794431805610656738e-01 1.372693628072738647e-01 8.193559646606445312e-01 5.268844962120056152e-01
2.615918922424316406e+01 -2.183462333679199219e+01 -9.337010979652404785e-01 -1.940720379352569580e-01 1.269402056932449341e-01 8.293764591217041016e-01 5.082809329032897949e-01
2.615872764587402344e+01 -2.179096221923828125e+01 -9.320269227027893066e-01 -2.078254967927932739e-01 1.174261868000030518e-01 8.374951481819152832e-01 4.915411472320556641e-01
2.615873527526855469e+01 -2.175537490844726562e+01 -9.298571944236755371e-01 -2.205988466739654541e-01 1.089065372943878174e-01 8.437741994857788086e-01 4.769806563854217529e-01
2.615933418273925781e+01 -2.172784423828125000e+01 -9.272025227546691895e-01 -2.322075217962265015e-01 1.015073210000991821e-01 8.482978940010070801e-01 4.649246037006378174e-01
2.616063690185546875e+01 -2.170845985412597656e+01 -9.240776896476745605e-01 -2.427972406148910522e-01 9.553089737892150879e-02 8.510643839836120605e-01 4.556313157081604004e-01
2.616279220581054688e+01 -2.169713592529296875e+01 -9.204237461090087891e-01 -2.468549460172653198e-01 8.807552605867385864e-02 8.535139560699462891e-01 4.503392577171325684e-01
2.616573333740234375e+01 -2.169406890869140625e+01 -9.162380099296569824e-01 -2.498873174190521240e-01 8.211360871791839600e-02 8.544838428497314453e-01 4.479466080665588379e-01
2.616942024230957031e+01 -2.169073867797851562e+01 -9.120642542839050293e-01 -2.523176968097686768e-01 7.769168913364410400e-02 8.541032671928405762e-01 4.480975270271301270e-01
2.617378616333007812e+01 -2.168666458129882812e+01 -9.079097509384155273e-01 -2.541539669036865234e-01 7.464496791362762451e-02 8.525705933570861816e-01 4.504889845848083496e-01
2.617876815795898438e+01 -2.168193054199218750e+01 -9.037579894065856934e-01 -2.554770708084106445e-01 7.286824285984039307e-02 8.500404953956604004e-01 4.547908604145050049e-01
2.618430519104003906e+01 -2.167639350891113281e+01 -8.996184468269348145e-01 -2.563189864158630371e-01 7.224450260400772095e-02 8.466653227806091309e-01 4.606731235980987549e-01
2.619031524658203125e+01 -2.167002868652343750e+01 -8.954824805259704590e-01 -2.567024528980255127e-01 7.266426086425781250e-02 8.425927758216857910e-01 4.678037166595458984e-01
2.619672966003417969e+01 -2.166275787353515625e+01 -8.913526535034179688e-01 -2.566377520561218262e-01 7.401933521032333374e-02 8.379737734794616699e-01 4.758530855178833008e-01
2.620347785949707031e+01 -2.165452384948730469e+01 -8.872329592704772949e-01 -2.561294138431549072e-01 7.620374113321304321e-02 8.329647779464721680e-01 4.844968318939208984e-01
2.621048927307128906e+01 -2.164526367187500000e+01 -8.831256628036499023e-01 -2.551805973052978516e-01 7.911165803670883179e-02 8.277311921119689941e-01 4.934172928333282471e-01
2.621771430969238281e+01 -2.163490295410156250e+01 -8.790330290794372559e-01 -2.537972927093505859e-01 8.263877034187316895e-02 8.224475979804992676e-01 5.023064017295837402e-01
2.622508811950683594e+01 -2.162337684631347656e+01 -8.749576807022094727e-01 -2.519924342632293701e-01 8.667972683906555176e-02 8.172982335090637207e-01 5.108647942543029785e-01
2.623256301879882812e+01 -2.161060333251953125e+01 -8.709093332290649414e-01 -2.497882395982742310e-01 9.112953394651412964e-02 8.124755024909973145e-01 5.188032388687133789e-01
2.624012374877929688e+01 -2.159650611877441406e+01 -8.668183684349060059e-01 -2.472197860479354858e-01 9.588359296321868896e-02 8.081774115562438965e-01 5.258412957191467285e-01
2.624771499633789062e+01 -2.158100318908691406e+01 -8.627365231513977051e-01 -2.443366795778274536e-01 1.008368507027626038e-01 8.046056628227233887e-01 5.317063927650451660e-01
2.625530052185058594e+01 -2.156401634216308594e+01 -8.586661815643310547e-01 -2.412071377038955688e-01 1.058851033449172974e-01 8.019603490829467773e-01 5.361314415931701660e-01
2.626284599304199219e+01 -2.154545974731445312e+01 -8.546024560928344727e-01 -2.379102408885955811e-01 1.109187379479408264e-01 8.004380464553833008e-01 5.388543605804443359e-01
2.627032279968261719e+01 -2.152525329589843750e+01 -8.505293726921081543e-01 -2.345694899559020996e-01 1.158414781093597412e-01 8.002185821533203125e-01 5.396083593368530273e-01
2.627769470214843750e+01 -2.150332069396972656e+01 -8.464295864105224609e-01 -2.312319576740264893e-01 1.204878613352775574e-01 8.014897704124450684e-01 5.381431579589843750e-01
2.628492164611816406e+01 -2.147958183288574219e+01 -8.422881960868835449e-01 -2.283178269863128662e-01 1.249194666743278503e-01 8.043258190155029297e-01 5.341311097145080566e-01
2.629196739196777344e+01 -2.145401382446289062e+01 -8.380435705184936523e-01 -2.197908163070678711e-01 1.248997002840042114e-01 8.103667497634887695e-01 5.285529494285583496e-01
2.629877853393554688e+01 -2.142654037475585938e+01 -8.337152600288391113e-01 -2.106193453073501587e-01 1.238912120461463928e-01 8.181651830673217773e-01 5.204488039016723633e-01
2.630534553527832031e+01 -2.139726257324218750e+01 -8.292768597602844238e-01 -2.011695206165313721e-01 1.221817061305046082e-01 8.273483514785766602e-01 5.099691152572631836e-01
2.631166648864746094e+01 -2.136622238159179688e+01 -8.247005343437194824e-01 -1.914425492286682129e-01 1.198075264692306519e-01 8.376274704933166504e-01 4.973412156105041504e-01
2.631774711608886719e+01 -2.133363914489746094e+01 -8.199512958526611328e-01 -1.815405786037445068e-01 1.168731376528739929e-01 8.486937880516052246e-01 4.827786684036254883e-01
2.632358932495117188e+01 -2.129927825927734375e+01 -8.150249719619750977e-01 -1.715439856052398682e-01 1.134682372212409973e-01 8.602545261383056641e-01 4.665113091468811035e-01
2.632920837402343750e+01 -2.127114295959472656e+01 -8.094128966331481934e-01 -1.615453809499740601e-01 1.096901893615722656e-01 8.720319867134094238e-01 4.487812519073486328e-01
2.633462715148925781e+01 -2.124969863891601562e+01 -8.030809164047241211e-01 -1.516413539648056030e-01 1.056387424468994141e-01 8.837705254554748535e-01 4.298468828201293945e-01
2.633990287780761719e+01 -2.123493766784667969e+01 -7.960298061370849609e-01 -1.419353783130645752e-01 1.014177575707435608e-01 8.952406048774719238e-01 4.099828004837036133e-01
2.634508705139160156e+01 -2.122690963745117188e+01 -7.882615327835083008e-01 -1.325367689132690430e-01 9.713497012853622437e-02 9.062425494194030762e-01 3.894817829132080078e-01
2.635025978088378906e+01 -2.122591400146484375e+01 -7.797752618789672852e-01 -1.235601007938385010e-01 9.290111809968948364e-02 9.166091680526733398e-01 3.686500787734985352e-01
2.635552024841308594e+01 -2.122599983215332031e+01 -7.709600925445556641e-01 -1.151247322559356689e-01 8.882998675107955933e-02 9.262061715126037598e-01 3.478086292743682861e-01
2.636096000671386719e+01 -2.122692871093750000e+01 -7.618613243103027344e-01 -1.073542833328247070e-01 8.503776788711547852e-02 9.349325299263000488e-01 3.272892236709594727e-01
2.636669349670410156e+01 -2.122884559631347656e+01 -7.525011897087097168e-01 -1.003754138946533203e-01 8.164244890213012695e-02 9.427182674407958984e-01 3.074327409267425537e-01
2.637282943725585938e+01 -2.123172569274902344e+01 -7.429202198982238770e-01 -9.431723505258560181e-02 7.876338809728622437e-02 9.495222568511962891e-01 2.885856926441192627e-01
2.637948989868164062e+01 -2.123564338684082031e+01 -7.331534624099731445e-01 -8.931066840887069702e-02 7.652065157890319824e-02 9.553263187408447266e-01 2.710967957973480225e-01
2.638678932189941406e+01 -2.124052619934082031e+01 -7.232459187507629395e-01 -8.548724651336669922e-02 7.503489404916763306e-02 9.601296186447143555e-01 2.553159892559051514e-01
2.639484977722167969e+01 -2.124656867980957031e+01 -7.132245302200317383e-01 -8.297923952341079712e-02 7.442694902420043945e-02 9.639410376548767090e-01 2.415904700756072998e-01
2.640378189086914062e+01 -2.124949455261230469e+01 -7.033932805061340332e-01 -8.191854506731033325e-02 7.481770962476730347e-02 9.667693972587585449e-01 2.302635610103607178e-01
2.641371154785156250e+01 -2.124911117553710938e+01 -6.937949657440185547e-01 -8.243651688098907471e-02 7.632803171873092651e-02 9.686136841773986816e-01 2.216716259717941284e-01
