0.000000000000000000e+00 0.000000000000000000e+00 0.000000000000000000e+00 0.000000000000000000e+00 0.000000000000000000e+00 0.000000000000000000e+00 1.000000000000000000e+00
8.342430740594863892e-02 -1.016559824347496033e-02 3.553588688373565674e-02 -2.557206776123134920e-02 6.496979457230463509e-03 2.553460535141293883e-02 9.993256939246057957e-01
1.590918148167614066e-01 -2.096814980446048970e-02 6.907420123658652988e-02 -5.022537803558935893e-02 1.373356046381696456e-02 5.006871800130154732e-02 9.973875496495206994e-01
2.278388340969332293e-01 -2.830725701232909841e-02 9.969684150963181724e-02 -7.448856114204634171e-02 2.113687458740956537e-02 7.200711569546172641e-02 9.943941180844162453e-01
2.890298958727475220e-01 -3.562380583733007477e-02 1.276873107313906686e-01 -9.797714603222794361e-02 2.866867107374162713e-02 9.337986823410679427e-02 9.903831512918754854e-01
3.427599411742662250e-01 -4.149828196217252019e-02 1.530650185655759998e-01 -1.203047449128550467e-01 3.571161883769873729e-02 1.122161458365965314e-01 9.857276425286163324e-01
3.891321489949866042e-01 -4.622444238135842848e-02 1.754169042927525013e-01 -1.409670162353880707e-01 4.214514139146328248e-02 1.288652624582756756e-01 9.806864083499603479e-01
4.281950499129987819e-01 -4.945619184494130793e-02 1.946413417347049035e-01 -1.598378687764924755e-01 4.829130316934369255e-02 1.428545404418624931e-01 9.755574744823288791e-01
4.596452762578530638e-01 -5.165869744272785780e-02 2.111747140906571618e-01 -1.769811486618980412e-01 5.447865438578153308e-02 1.543160490804474372e-01 9.705134240343256113e-01
4.838724586524549842e-01 -5.297407208785904348e-02 2.243151440451178757e-01 -1.921985855089186901e-01 6.030671609805259709e-02 1.624384310814433741e-01 9.659381759872828210e-01
5.006976596437827665e-01 -5.414744340796848882e-02 2.342874735528858166e-01 -2.051881449884221387e-01 6.609307193016207560e-02 1.681001907095400760e-01 9.619105243641223879e-01
5.110117141453913714e-01 -5.500129290592680603e-02 2.403055920070975293e-01 -2.144027899416867666e-01 6.473447657312456083e-02 1.716918773797445896e-01 9.593554036173680410e-01
5.157286684555935086e-01 -5.388514605894997173e-02 2.434617543486609637e-01 -2.207487028230870341e-01 6.333959868246019642e-02 1.726509625079705734e-01 9.578359726935194995e-01
5.208120226823031995e-01 -5.363115164636998722e-02 2.473923302883253017e-01 -2.255634029802183194e-01 6.235554715269042009e-02 1.708189219864991726e-01 9.571070122335550989e-01
5.268514215968981285e-01 -5.355672314781589199e-02 2.515343879495041124e-01 -2.284203483763970477e-01 6.152732870961193090e-02 1.673053304462976121e-01 9.571036823007839089e-01
5.336465395107123921e-01 -5.389088684506718185e-02 2.560431973183784904e-01 -2.290271211103894200e-01 6.114726219557832521e-02 1.621218080966518316e-01 9.578747879871067905e-01
5.411577109556432452e-01 -5.455077866152385074e-02 2.610741798126788304e-01 -2.290607422909556323e-01 6.088440393055686434e-02 1.555826688061858754e-01 9.589673085492965710e-01
5.493746319517249788e-01 -5.642521683192783244e-02 2.663535389291755151e-01 -2.271467229160870072e-01 6.067881418709292207e-02 1.479996864502440557e-01 9.606344469088957672e-01
5.584115291172339068e-01 -5.744505798754852982e-02 2.722604883656450925e-01 -2.246821765855857023e-01 6.095060641159662923e-02 1.395196676414431625e-01 9.624641320298870095e-01
5.674154876720410856e-01 -5.959627181749596603e-02 2.795016235831515039e-01 -2.212375297211973402e-01 6.075146580865946333e-02 1.304365319255286759e-01 9.645462798560793249e-01
5.769194504128243306e-01 -6.265442462212476860e-02 2.873260595793414862e-01 -2.170327971901809261e-01 6.058747045711675855e-02 1.208131332249796352e-01 9.667626959123822861e-01
5.877992957655402417e-01 -6.529959006343000194e-02 2.951394721808094368e-01 -2.122986671685758164e-01 6.068350318909707802e-02 1.115758480535901792e-01 9.689156921478087048e-01
5.999300817898449711e-01 -6.899821817599433027e-02 3.024949159850843783e-01 -2.060500418161597402e-01 6.059027514085458394e-02 1.026584178864815011e-01 9.712535446848876708e-01
6.131763999443952118e-01 -7.117354391331734420e-02 3.107006470606052395e-01 -1.997169692833591914e-01 6.078108048123483792e-02 9.450897495793351977e-02 9.733893599624993120e-01
6.273011187372141695e-01 -7.486613545371030576e-02 3.191989963057009216e-01 -1.927970167814749280e-01 6.082121700628251998e-02 8.742668358475085000e-02 9.754417793386801483e-01
6.422516287009910618e-01 -7.905868732905318996e-02 3.285167498190438296e-01 -1.858108074127879927e-01 6.104845606963055921e-02 8.174057929264468003e-02 9.772747349425466856e-01
6.590601691245241422e-01 -8.211712231150704311e-02 3.377066181384534294e-01 -1.792119215710020752e-01 6.141117937244378738e-02 7.807309997275029001e-02 9.787830940895738685e-01
6.771333384134008426e-01 -8.600043104983391695e-02 3.472037803350355167e-01 -1.727308878225624067e-01 6.161045292660036893e-02 7.640593199765663424e-02 9.800664906208037541e-01
6.966575946037030231e-01 -8.961853818242210279e-02 3.572341385923086254e-01 -1.667220370473416202e-01 6.206993237352282505e-02 7.671306803881564051e-02 9.810536127297035947e-01
7.175399549215216721e-01 -9.333238896243804816e-02 3.680299613799136726e-01 -1.612616368022647961e-01 6.287149332620767250e-02 8.018925602855013490e-02 9.816371748463760261e-01
7.398317995607959219e-01 -9.675568737764678184e-02 3.797786632424294262e-01 -1.572119810996300548e-01 6.401175404970768645e-02 8.625571901123710306e-02 9.817060859952249086e-01
7.631942452847055858e-01 -1.006087691441510251e-01 3.929565760603040969e-01 -1.533268858831153547e-01 5.787200823300007319e-02 9.618097881716729247e-02 9.817794640560767450e-01
7.877889239368383034e-01 -1.041482461097815587e-01 4.076085489628255565e-01 -1.505751241561439080e-01 5.112031686456899870e-02 1.089246899856756018e-01 9.812488252734636873e-01
8.144398773338994424e-01 -1.072351277963382310e-01 4.221317745863016335e-01 -1.490232116857010958e-01 4.376922216202772803e-02 1.240639184046466309e-01 9.800431019706709046e-01
8.430976258932708634e-01 -1.093738991034583774e-01 4.365615668614964973e-01 -1.478743983751226732e-01 3.653130839307373173e-02 1.422467677823981147e-01 9.780411457948720022e-01
8.729104859638044944e-01 -1.111644520256220570e-01 4.519580220952453820e-01 -1.475810395752837345e-01 2.947703265537076484e-02 1.624615509350380294e-01 9.751703367983948212e-01
9.041390503725068584e-01 -1.146434482574957142e-01 4.680206673005264384e-01 -1.474445873933512008e-01 2.195872315038257389e-02 1.840945718779800067e-01 9.715385204566376887e-01
9.300359115946279509e-01 -1.168755855317665793e-01 4.815256867584591371e-01 -1.477158839657305989e-01 1.401621468630025701e-02 2.070904628660089897e-01 9.670041900323040895e-01
9.502280303584197396e-01 -1.171717504041120822e-01 4.925712496111562255e-01 -1.493338720154605559e-01 6.327461173653428812e-03 2.309528995332889578e-01 9.614156833030822469e-01
9.658736132506651195e-01 -1.168896649201797561e-01 4.995217076538918111e-01 -1.509425108372958457e-01 -8.860057664165018080e-04 2.550080092783899577e-01 9.550845452732378282e-01
9.757777254390925803e-01 -1.147665346288220950e-01 5.061881217307138137e-01 -1.535669201814260643e-01 -7.116695822792687420e-03 2.793867282868514046e-01 9.477919654247584091e-01
9.813491243994169055e-01 -1.083254579390506567e-01 5.107006081500250483e-01 -1.553188491023691775e-01 -1.339335599457371767e-02 3.017327609595349402e-01 9.405604787000431122e-01
9.882541490091437675e-01 -1.049793327529057879e-01 5.169286422713748053e-01 -1.567260676492419624e-01 -1.921601370850097024e-02 3.257120036721289358e-01 9.321906324353655959e-01
9.940106796019738677e-01 -9.914282092792103818e-02 5.231041480908064090e-01 -1.584850086899630695e-01 -2.350312347028537044e-02 3.482356268089709661e-01 9.236135844760220426e-01
9.992594422673961585e-01 -9.114520252604088602e-02 5.281122154570394578e-01 -1.594102074016034432e-01 -2.749117777605593338e-02 3.687077271727954852e-01 9.153618043395379544e-01
1.005642735935346588e+00 -8.371395087872190999e-02 5.340453301845943246e-01 -1.608329699112152067e-01 -3.067167442715843309e-02 3.883033538581734390e-01 9.068696210370411626e-01
1.009859367484316817e+00 -7.345017054315758354e-02 5.392590106614857381e-01 -1.615924085990837200e-01 -3.310557099393843239e-02 4.054022476966610555e-01 8.991334340434723460e-01
1.014427037151566235e+00 -6.180177960079856481e-02 5.433054419397699286e-01 -1.623508155185235113e-01 -3.449129540736679822e-02 4.209127945014966010e-01 8.917875210309533784e-01
1.019064670529922667e+00 -4.887577908966513063e-02 5.470570975469616348e-01 -1.630410432973169732e-01 -3.472328688209411207e-02 4.338791909153186244e-01 8.854155856089810372e-01
1.027407348160325196e+00 -3.988710177754591080e-02 5.533532171293945590e-01 -1.639595114382325358e-01 -3.346470843289226643e-02 4.436303950765266846e-01 8.804484450907290594e-01
1.038893125609788193e+00 -3.781295909705318509e-02 5.613817415597922578e-01 -1.648662578890253139e-01 -3.081296693169193607e-02 4.510781567583136420e-01 8.765832388165187838e-01
