2.616429710388183594e+01 -2.226403045654296875e+01 -9.312875270843505859e-01 -9.828075766563415527e-02 1.950348913669586182e-01 7.394629120826721191e-01 6.367863416671752930e-01
2.616370964050292969e+01 -2.217281150817871094e+01 -9.335843324661254883e-01 -1.150438934564590454e-01 1.832592636346817017e-01 7.594122290611267090e-01 6.135743856430053711e-01
2.616245651245117188e+01 -2.208923912048339844e+01 -9.352995157241821289e-01 -1.317147463560104370e-01 1.714169085025787354e-01 7.774054408073425293e-01 5.906836986541748047e-01
2.616058349609375000e+01 -2.201339530944824219e+01 -9.366911649703979492e-01 -1.481143981218338013e-01 1.596852988004684448e-01 7.933975458145141602e-01 5.684018135070800781e-01
2.615820693969726562e+01 -2.194536209106445312e+01 -9.378293752670288086e-01 -1.640753000974655151e-01 1.482434570789337158e-01 8.073756694793701172e-01 5.470316410064697266e-01
2.615547943115234375e+01 -2.188519287109375000e+01 -9.387382268905639648e-01 -1.794414222240447998e-01 1.372693926095962524e-01 8.193556070327758789e-01 5.268855094909667969e-01
2.615253829956054688e+01 -2.183293342590332031e+01 -9.394442439079284668e-01 -1.940701752901077271e-01 1.269402503967285156e-01 8.293762207031250000e-01 5.082821846008300781e-01
2.614953231811523438e+01 -2.178861045837402344e+01 -9.399662613868713379e-01 -2.078235745429992676e-01 1.174262762069702148e-01 8.374947309494018555e-01 4.915426373481750488e-01
2.614662551879882812e+01 -2.175225830078125000e+01 -9.403166770935058594e-01 -2.205968350172042847e-01 1.089067012071609497e-01 8.437736630439758301e-01 4.769825339317321777e-01
2.614394950866699219e+01 -2.172386741638183594e+01 -9.404990673065185547e-01 -2.322053313255310059e-01 1.015075668692588806e-01 8.482972383499145508e-01 4.649268388748168945e-01
2.614163970947265625e+01 -2.170351791381835938e+01 -9.405146241188049316e-01 -2.427949160337448120e-01 9.553118795156478882e-02 8.510635495185852051e-01 4.556337594985961914e-01
2.613985061645507812e+01 -2.169113349914550781e+01 -9.402921199798583984e-01 -2.468526065349578857e-01 8.807586133480072021e-02 8.535133004188537598e-01 4.503418803215026855e-01
2.613853836059570312e+01 -2.168690681457519531e+01 -9.398230910301208496e-01 -2.498849630355834961e-01 8.211395889520645142e-02 8.544831275939941406e-01 4.479493200778961182e-01
2.613766098022460938e+01 -2.168233108520507812e+01 -9.396314620971679688e-01 -2.523153126239776611e-01 7.769208401441574097e-02 8.541024923324584961e-01 4.481003880500793457e-01
2.613718223571777344e+01 -2.167691612243652344e+01 -9.397251009941101074e-01 -2.541516125202178955e-01 7.464542239904403687e-02 8.525697588920593262e-01 4.504919350147247314e-01
2.613704681396484375e+01 -2.167075157165527344e+01 -9.400759935379028320e-01 -2.554747462272644043e-01 7.286877930164337158e-02 8.500394821166992188e-01 4.547939300537109375e-01
2.613720512390136719e+01 -2.166370010375976562e+01 -9.406765699386596680e-01 -2.563166320323944092e-01 7.224508374929428101e-02 8.466643095016479492e-01 4.606762528419494629e-01
2.613759040832519531e+01 -2.165573883056640625e+01 -9.415171146392822266e-01 -2.567000985145568848e-01 7.266485691070556641e-02 8.425917029380798340e-01 4.678068161010742188e-01
2.613814544677734375e+01 -2.164679336547851562e+01 -9.425861835479736328e-01 -2.566353976726531982e-01 7.401996105909347534e-02 8.379727005958557129e-01 4.758561253547668457e-01
2.613881111145019531e+01 -2.163681221008300781e+01 -9.438745379447937012e-01 -2.561270892620086670e-01 7.620438933372497559e-02 8.329637050628662109e-01 4.844998121261596680e-01
2.613953208923339844e+01 -2.162573242187500000e+01 -9.453807473182678223e-01 -2.551783621311187744e-01 7.911232858896255493e-02 8.277301192283630371e-01 4.934202134609222412e-01
2.614027023315429688e+01 -2.161348152160644531e+01 -9.470965266227722168e-01 -2.537951767444610596e-01 8.263945579528808594e-02 8.224464058876037598e-01 5.023092031478881836e-01
2.614097023010253906e+01 -2.160000228881835938e+01 -9.490175843238830566e-01 -2.519904077053070068e-01 8.668042719364166260e-02 8.172970414161682129e-01 5.108675956726074219e-01
2.614159774780273438e+01 -2.158520889282226562e+01 -9.511422514915466309e-01 -2.497862726449966431e-01 9.113024175167083740e-02 8.124741911888122559e-01 5.188060402870178223e-01
2.614214515686035156e+01 -2.156903457641601562e+01 -9.533914923667907715e-01 -2.472178936004638672e-01 9.588433057069778442e-02 8.081761598587036133e-01 5.258440375328063965e-01
2.614257049560546875e+01 -2.155139732360839844e+01 -9.558100700378417969e-01 -2.443348169326782227e-01 1.008375883102416992e-01 8.046042323112487793e-01 5.317090749740600586e-01
2.614284324645996094e+01 -2.153222465515136719e+01 -9.583927392959594727e-01 -2.412052750587463379e-01 1.058858931064605713e-01 8.019587993621826172e-01 5.361341834068298340e-01
2.614294242858886719e+01 -2.151142692565917969e+01 -9.611210823059082031e-01 -2.379083782434463501e-01 1.109195426106452942e-01 8.004364967346191406e-01 5.388572812080383301e-01
2.614285087585449219e+01 -2.148893356323242188e+01 -9.639760851860046387e-01 -2.345676422119140625e-01 1.158423125743865967e-01 8.002170324325561523e-01 5.396113395690917969e-01
2.614253997802734375e+01 -2.146466445922851562e+01 -9.669325351715087891e-01 -2.312301248311996460e-01 1.204887330532073975e-01 8.014881014823913574e-01 5.381461977958679199e-01
2.614198112487792969e+01 -2.143853950500488281e+01 -9.699659347534179688e-01 -2.283160835504531860e-01 1.249203383922576904e-01 8.043240904808044434e-01 5.341342687606811523e-01
2.614114189147949219e+01 -2.141054725646972656e+01 -9.730051755905151367e-01 -2.197890877723693848e-01 1.249005347490310669e-01 8.103649020195007324e-01 5.285561084747314453e-01
2.613997459411621094e+01 -2.138060760498046875e+01 -9.760656356811523438e-01 -2.106176316738128662e-01 1.238919794559478760e-01 8.181633949279785156e-01 5.204519629478454590e-01
2.613848495483398438e+01 -2.134882164001464844e+01 -9.791123867034912109e-01 -2.011678218841552734e-01 1.221824437379837036e-01 8.273467421531677246e-01 5.099723339080810547e-01
2.613666725158691406e+01 -2.131523513793945312e+01 -9.821084141731262207e-01 -1.914407014846801758e-01 1.198081821203231812e-01 8.376258015632629395e-01 4.973444342613220215e-01
2.613453483581542969e+01 -2.128007316589355469e+01 -9.850113987922668457e-01 -1.815386116504669189e-01 1.168737262487411499e-01 8.486921787261962891e-01 4.827819764614105225e-01
2.613209533691406250e+01 -2.124309158325195312e+01 -9.878146648406982422e-01 -1.715418696403503418e-01 1.134687289595603943e-01 8.602530360221862793e-01 4.665146768093109131e-01
2.612936592102050781e+01 -2.121230697631835938e+01 -9.899967312812805176e-01 -1.615431755781173706e-01 1.096905842423439026e-01 8.720305562019348145e-01 4.487847387790679932e-01
2.612637901306152344e+01 -2.118817901611328125e+01 -9.915143847465515137e-01 -1.516391038894653320e-01 1.056390255689620972e-01 8.837691545486450195e-01 4.298503994941711426e-01
2.612319374084472656e+01 -2.117070198059082031e+01 -9.923655986785888672e-01 -1.419329047203063965e-01 1.014179885387420654e-01 8.952391147613525391e-01 4.099868834018707275e-01
2.611986541748046875e+01 -2.115992164611816406e+01 -9.925490617752075195e-01 -1.325339972972869873e-01 9.713514894247055054e-02 9.062408208847045898e-01 3.894864916801452637e-01
2.611648559570312500e+01 -2.115613937377929688e+01 -9.920511245727539062e-01 -1.235572472214698792e-01 9.290115535259246826e-02 9.166076183319091797e-01 3.686547279357910156e-01
2.611314964294433594e+01 -2.115340805053710938e+01 -9.912594556808471680e-01 -1.151217520236968994e-01 8.882981538772583008e-02 9.262048006057739258e-01 3.478129804134368896e-01
2.610996437072753906e+01 -2.115149307250976562e+01 -9.902113676071166992e-01 -1.073512658476829529e-01 8.503743261098861694e-02 9.349313378334045410e-01 3.272933959960937500e-01
2.610704040527343750e+01 -2.115054512023925781e+01 -9.889291524887084961e-01 -1.003722324967384338e-01 8.164195716381072998e-02 9.427171349525451660e-01 3.074369728565216064e-01
2.610448837280273438e+01 -2.115054702758789062e+01 -9.874449968338012695e-01 -9.431374073028564453e-02 7.876268029212951660e-02 9.495212435722351074e-01 2.885900139808654785e-01
2.610244750976562500e+01 -2.115156555175781250e+01 -9.857906699180603027e-01 -8.930685371160507202e-02 7.651975005865097046e-02 9.553252458572387695e-01 2.711012959480285645e-01
2.610102653503417969e+01 -2.115354728698730469e+01 -9.840067625045776367e-01 -8.548317849636077881e-02 7.503381371498107910e-02 9.601287245750427246e-01 2.553207576274871826e-01
2.610036277770996094e+01 -2.115667533874511719e+01 -9.821175932884216309e-01 -8.297479152679443359e-02 7.442565262317657471e-02 9.639402031898498535e-01 2.415954917669296265e-01
2.610057449340820312e+01 -2.115668487548828125e+01 -9.804206490516662598e-01 -8.191374689340591431e-02 7.481615245342254639e-02 9.667686820030212402e-01 2.302683442831039429e-01
2.610179138183593750e+01 -2.115338706970214844e+01 -9.789555668830871582e-01 -8.243164420127868652e-02 7.632632553577423096e-02 9.686130285263061523e-01 2.216761112213134766e-01
