2.616429710388183594e+01 -2.226403045654296875e+01 -9.312875270843505859e-01 -9.828075766563415527e-02 1.950348913669586182e-01 7.394629120826721191e-01 6.367863416671752930e-01
2.615973663330078125e+01 -2.217725753784179688e+01 -9.398002624511718750e-01 -1.137086972594261169e-01 1.833828240633010864e-01 7.589765787124633789e-01 6.143249273300170898e-01
2.614831352233886719e+01 -2.209530448913574219e+01 -9.474775791168212891e-01 -1.307864785194396973e-01 1.715389937162399292e-01 7.770029902458190918e-01 5.913837552070617676e-01
2.614224624633789062e+01 -2.201991462707519531e+01 -9.531452059745788574e-01 -1.477903574705123901e-01 1.598033159971237183e-01 7.931564450263977051e-01 5.687896013259887695e-01
2.614085197448730469e+01 -2.195116806030273438e+01 -9.606366157531738281e-01 -1.638606637716293335e-01 1.482829898595809937e-01 8.074837327003479004e-01 5.469259023666381836e-01
2.613661956787109375e+01 -2.189085197448730469e+01 -9.654557108879089355e-01 -1.793034374713897705e-01 1.373216360807418823e-01 8.194929361343383789e-01 5.267052054405212402e-01
2.613098335266113281e+01 -2.183795166015625000e+01 -9.686136245727539062e-01 -1.939554512500762939e-01 1.269965171813964844e-01 8.295484185218811035e-01 5.080305933952331543e-01
2.612306594848632812e+01 -2.179343986511230469e+01 -9.704022407531738281e-01 -2.077547013759613037e-01 1.175199151039123535e-01 8.376131057739257812e-01 4.913477003574371338e-01
2.611393928527832031e+01 -2.175743865966796875e+01 -9.722775220870971680e-01 -2.205217629671096802e-01 1.090467572212219238e-01 8.438127040863037109e-01 4.769161641597747803e-01
2.610562133789062500e+01 -2.172950935363769531e+01 -9.750585556030273438e-01 -2.320052832365036011e-01 1.016571745276451111e-01 8.482906222343444824e-01 4.650062620639801025e-01
2.609992790222167969e+01 -2.170903778076171875e+01 -9.768855571746826172e-01 -2.425784766674041748e-01 9.567419439554214478e-02 8.510503172874450684e-01 4.557438492774963379e-01
2.609675979614257812e+01 -2.169598579406738281e+01 -9.778800010681152344e-01 -2.466547191143035889e-01 8.818600326776504517e-02 8.535388112068176270e-01 4.503803849220275879e-01
2.609376525878906250e+01 -2.169138145446777344e+01 -9.783208966255187988e-01 -2.496782094240188599e-01 8.221554756164550781e-02 8.545217514038085938e-01 4.479718804359436035e-01
2.609013938903808594e+01 -2.168695259094238281e+01 -9.783803224563598633e-01 -2.521189451217651367e-01 7.782088965177536011e-02 8.541059494018554688e-01 4.481818675994873047e-01
2.608702087402343750e+01 -2.168119430541992188e+01 -9.784578084945678711e-01 -2.539677023887634277e-01 7.476162910461425781e-02 8.525995016098022461e-01 4.505201280117034912e-01
2.608332252502441406e+01 -2.167533111572265625e+01 -9.785912632942199707e-01 -2.552992999553680420e-01 7.301770895719528198e-02 8.500158190727233887e-01 4.549124836921691895e-01
2.608101654052734375e+01 -2.166760444641113281e+01 -9.791529774665832520e-01 -2.561371326446533203e-01 7.238247990608215332e-02 8.466525077819824219e-01 4.607759416103363037e-01
2.608004570007324219e+01 -2.165848922729492188e+01 -9.801903963088989258e-01 -2.564698457717895508e-01 7.278241962194442749e-02 8.426191806793212891e-01 4.678650796413421631e-01
2.607910919189453125e+01 -2.164854240417480469e+01 -9.806179404258728027e-01 -2.563966810703277588e-01 7.415416836738586426e-02 8.379772901535034180e-01 4.759557843208312988e-01
2.607912254333496094e+01 -2.163722419738769531e+01 -9.803402423858642578e-01 -2.559375464916229248e-01 7.634193450212478638e-02 8.329558968544006348e-01 4.845915734767913818e-01
2.607969665527343750e+01 -2.162472724914550781e+01 -9.804385900497436523e-01 -2.549768388271331787e-01 7.922730594873428345e-02 8.277236223220825195e-01 4.935167133808135986e-01
2.608026123046875000e+01 -2.161105537414550781e+01 -9.805799722671508789e-01 -2.535944283008575439e-01 8.273984491825103760e-02 8.224222660064697266e-01 5.024334192276000977e-01
2.608090591430664062e+01 -2.159592437744140625e+01 -9.808788299560546875e-01 -2.517928481101989746e-01 8.675809204578399658e-02 8.172796964645385742e-01 5.109794735908508301e-01
2.608044433593750000e+01 -2.157984733581542969e+01 -9.811688065528869629e-01 -2.496354877948760986e-01 9.123961627483367920e-02 8.123697042465209961e-01 5.190230011940002441e-01
2.608172988891601562e+01 -2.156183624267578125e+01 -9.826864600181579590e-01 -2.470216155052185059e-01 9.596956521272659302e-02 8.081067800521850586e-01 5.260275006294250488e-01
2.608302688598632812e+01 -2.154217338562011719e+01 -9.843009710311889648e-01 -2.441525012254714966e-01 1.008971109986305237e-01 8.045701980590820312e-01 5.318329930305480957e-01
2.608174896240234375e+01 -2.152162933349609375e+01 -9.862007498741149902e-01 -2.410194724798202515e-01 1.059943512082099915e-01 8.018110990524291992e-01 5.364170074462890625e-01
2.608215904235839844e+01 -2.149865531921386719e+01 -9.888681769371032715e-01 -2.376862615346908569e-01 1.110031828284263611e-01 8.003279566764831543e-01 5.390992164611816406e-01
2.608218574523925781e+01 -2.147396469116210938e+01 -9.914247989654541016e-01 -2.343471348285675049e-01 1.159241795539855957e-01 8.001074194908142090e-01 5.398519635200500488e-01
2.608093833923339844e+01 -2.144760131835937500e+01 -9.941752552986145020e-01 -2.309296280145645142e-01 1.206001713871955872e-01 8.013387918472290039e-01 5.384724736213684082e-01
2.608016014099121094e+01 -2.141911697387695312e+01 -9.955487847328186035e-01 -2.281166315078735352e-01 1.250683963298797607e-01 8.040868639945983887e-01 5.345416665077209473e-01
2.608186531066894531e+01 -2.138831520080566406e+01 -9.983322024345397949e-01 -2.195384800434112549e-01 1.250177174806594849e-01 8.101579546928405762e-01 5.289496183395385742e-01
2.608472633361816406e+01 -2.135558891296386719e+01 -1.001401782035827637e+00 -2.103944271802902222e-01 1.239785104990005493e-01 8.179660439491271973e-01 5.208318233489990234e-01
2.608720970153808594e+01 -2.132089042663574219e+01 -1.005610942840576172e+00 -2.009465247392654419e-01 1.222228258848190308e-01 8.271692395210266113e-01 5.103375315666198730e-01
2.608760452270507812e+01 -2.128474235534667969e+01 -1.011205077171325684e+00 -1.911565065383911133e-01 1.198326349258422852e-01 8.374034166336059570e-01 4.978221058845520020e-01
2.608782005310058594e+01 -2.124675750732421875e+01 -1.017346739768981934e+00 -1.812057495117187500e-01 1.168785095214843750e-01 8.484489917755126953e-01 4.833331704139709473e-01
2.608826255798339844e+01 -2.120685768127441406e+01 -1.023423552513122559e+00 -1.711631566286087036e-01 1.134367287158966064e-01 8.600210547447204590e-01 4.670891165733337402e-01
2.608815383911132812e+01 -2.117361259460449219e+01 -1.027573108673095703e+00 -1.612450182437896729e-01 1.096419692039489746e-01 8.717530369758605957e-01 4.494424462318420410e-01
2.608926773071289062e+01 -2.114481163024902344e+01 -1.030697226524353027e+00 -1.515928953886032104e-01 1.054489389061927795e-01 8.837615847587585449e-01 4.299293458461761475e-01
2.608152961730957031e+01 -2.113102722167968750e+01 -1.036265373229980469e+00 -1.416515707969665527e-01 1.011671647429466248e-01 8.951113820075988770e-01 4.104247391223907471e-01
2.606702804565429688e+01 -2.112824058532714844e+01 -1.039542675018310547e+00 -1.321146935224533081e-01 9.697929024696350098e-02 9.056663513183593750e-01 3.910009264945983887e-01
2.606121826171875000e+01 -2.112222862243652344e+01 -1.039471030235290527e+00 -1.234078630805015564e-01 9.269797801971435547e-02 9.162100553512573242e-01 3.697427511215209961e-01
2.605676078796386719e+01 -2.111638832092285156e+01 -1.040688037872314453e+00 -1.149131357669830322e-01 8.855768293142318726e-02 9.259182214736938477e-01 3.487133085727691650e-01
2.605145835876464844e+01 -2.111204719543457031e+01 -1.040377736091613770e+00 -1.072630360722541809e-01 8.479867875576019287e-02 9.346474409103393555e-01 3.281941115856170654e-01
2.604555892944335938e+01 -2.110991287231445312e+01 -1.040937900543212891e+00 -1.002914085984230042e-01 8.142403513193130493e-02 9.423878788948059082e-01 3.085286617279052734e-01
2.604071617126464844e+01 -2.110760688781738281e+01 -1.042709946632385254e+00 -9.415915608406066895e-02 7.849300652742385864e-02 9.492301940917968750e-01 2.896695137023925781e-01
2.603597259521484375e+01 -2.110650253295898438e+01 -1.043786048889160156e+00 -8.916175365447998047e-02 7.625541090965270996e-02 9.550285935401916504e-01 2.722667455673217773e-01
2.603206443786621094e+01 -2.110541915893554688e+01 -1.044431209564208984e+00 -8.538702130317687988e-02 7.478224486112594604e-02 9.598487615585327148e-01 2.564765512943267822e-01
2.602854156494140625e+01 -2.110504913330078125e+01 -1.045301198959350586e+00 -8.288972824811935425e-02 7.417046278715133667e-02 9.636705517768859863e-01 2.427760809659957886e-01
2.602522850036621094e+01 -2.110096549987792969e+01 -1.046432852745056152e+00 -8.183126151561737061e-02 7.455569505691528320e-02 9.664997458457946777e-01 2.315078824758529663e-01
2.602333450317382812e+01 -2.109246063232421875e+01 -1.047530531883239746e+00 -8.238793164491653442e-02 7.606582343578338623e-02 9.683693647384643555e-01 2.228439748287200928e-01
