0.000000000000000000e+00 0.000000000000000000e+00 0.000000000000000000e+00 1.087485657080833334e-11 -6.572520305780926719e-12 -1.157511586580284302e-12 1.000000119209289551e+00
8.414660394191741943e-02 -2.608928084373474121e-02 2.425248548388481140e-02 -2.135607600212097168e-02 1.679416932165622711e-02 2.845045924186706543e-02 9.992260932922363281e-01
1.625181585550308228e-01 -4.694467410445213318e-02 4.552797228097915649e-02 -4.145341739058494568e-02 3.106903657317161560e-02 5.204892158508300781e-02 9.973000288009643555e-01
2.356095314025878906e-01 -6.099016591906547546e-02 6.213051080703735352e-02 -6.388509273529052734e-02 4.474073648452758789e-02 7.472566515207290649e-02 9.941495060920715332e-01
3.022702932357788086e-01 -7.019399106502532959e-02 7.504341751337051392e-02 -8.830735087394714355e-02 5.952698364853858948e-02 9.997712075710296631e-02 9.892740845680236816e-01
3.621173202991485596e-01 -7.463805377483367920e-02 8.475402742624282837e-02 -1.117093861103057861e-01 7.411230355501174927e-02 1.234057694673538208e-01 9.832596182823181152e-01
4.146955013275146484e-01 -7.472236454486846924e-02 9.134685993194580078e-02 -1.337885856628417969e-01 8.838497847318649292e-02 1.445563733577728271e-01 9.764181375503540039e-01
4.595772325992584229e-01 -7.198867201805114746e-02 9.532062709331512451e-02 -1.537518054246902466e-01 1.009108945727348328e-01 1.611639708280563354e-01 9.696410298347473145e-01
4.965589344501495361e-01 -6.790702044963836670e-02 9.740905463695526123e-02 -1.723549515008926392e-01 1.124064996838569641e-01 1.744521111249923706e-01 9.629253149032592773e-01
5.255470871925354004e-01 -6.320908665657043457e-02 9.807906299829483032e-02 -1.878079473972320557e-01 1.214720234274864197e-01 1.823852658271789551e-01 9.574488997459411621e-01
5.466606616973876953e-01 -5.934695526957511902e-02 9.786556661128997803e-02 -2.011242657899856567e-01 1.288459002971649170e-01 1.874379813671112061e-01 9.527931213378906250e-01
5.595881938934326172e-01 -5.568308010697364807e-02 9.713720530271530151e-02 -2.130779772996902466e-01 1.327936053276062012e-01 1.901146471500396729e-01 9.491154551506042480e-01
5.649436712265014648e-01 -5.397436395287513733e-02 9.655183553695678711e-02 -2.230296581983566284e-01 1.329676955938339233e-01 1.891100704669952393e-01 9.470031261444091797e-01
5.709294676780700684e-01 -5.209020152688026428e-02 9.640439599752426147e-02 -2.282482534646987915e-01 1.314488053321838379e-01 1.836976855993270874e-01 9.470370411872863770e-01
5.777235031127929688e-01 -5.034573748707771301e-02 9.668675065040588379e-02 -2.302447706460952759e-01 1.293177604675292969e-01 1.756849884986877441e-01 9.483665823936462402e-01
5.853928327560424805e-01 -4.864666238427162170e-02 9.724157303571701050e-02 -2.295433729887008667e-01 1.270563900470733643e-01 1.643602252006530762e-01 9.508692622184753418e-01
5.939735770225524902e-01 -4.673548415303230286e-02 9.804923832416534424e-02 -2.272684276103973389e-01 1.238856837153434753e-01 1.509297043085098267e-01 9.540553092956542969e-01
6.035526394844055176e-01 -4.471519216895103455e-02 9.910940378904342651e-02 -2.235891819000244141e-01 1.203675419092178345e-01 1.353743374347686768e-01 9.577022790908813477e-01
6.141883134841918945e-01 -4.272907599806785583e-02 1.007253974676132202e-01 -2.186596542596817017e-01 1.168428584933280945e-01 1.186384558677673340e-01 9.614887237548828125e-01
6.259570121765136719e-01 -4.087987169623374939e-02 1.028101667761802673e-01 -2.119155973196029663e-01 1.126237809658050537e-01 1.003441140055656433e-01 9.655768275260925293e-01
6.389544010162353516e-01 -3.931588307023048401e-02 1.052624732255935669e-01 -2.037421762943267822e-01 1.083310917019844055e-01 8.060447871685028076e-02 9.696682691574096680e-01
6.532114148139953613e-01 -3.820337727665901184e-02 1.082836538553237915e-01 -1.944620609283447266e-01 1.037110164761543274e-01 6.002981588244438171e-02 9.735630750656127930e-01
6.687470674514770508e-01 -3.769540414214134216e-02 1.120127364993095398e-01 -1.833557784557342529e-01 9.862416237592697144e-02 3.988740965723991394e-02 9.772732853889465332e-01
6.856536269187927246e-01 -3.782982751727104187e-02 1.163217946887016296e-01 -1.716636419296264648e-01 9.370053559541702271e-02 1.983799971640110016e-02 9.804887771606445312e-01
7.038711905479431152e-01 -3.899891301989555359e-02 1.215212047100067139e-01 -1.592907756567001343e-01 8.926700800657272339e-02 2.836868166923522949e-03 9.831835627555847168e-01
7.234012484550476074e-01 -4.151026532053947449e-02 1.276013702154159546e-01 -1.476072072982788086e-01 8.608816564083099365e-02 -9.769315831363201141e-03 9.852440357208251953e-01
7.441638112068176270e-01 -4.592997208237648010e-02 1.344824731349945068e-01 -1.360360234975814819e-01 8.422829210758209229e-02 -1.685963198542594910e-02 9.869729876518249512e-01
7.663730382919311523e-01 -5.160963907837867737e-02 1.419201642274856567e-01 -1.257430016994476318e-01 8.385153114795684814e-02 -1.903677359223365784e-02 9.883295893669128418e-01
7.902126908302307129e-01 -5.848981812596321106e-02 1.496265232563018799e-01 -1.162631511688232422e-01 8.401605486869812012e-02 -1.769334822893142700e-02 9.895005822181701660e-01
8.159692287445068359e-01 -6.623438000679016113e-02 1.571841984987258911e-01 -1.101197898387908936e-01 8.661368489265441895e-02 -1.065474841743707657e-02 9.900799989700317383e-01
8.438875675201416016e-01 -7.424375414848327637e-02 1.646376401185989380e-01 -1.090283542871475220e-01 9.170611202716827393e-02 2.558622509241104126e-03 9.897961616516113281e-01
8.743718862533569336e-01 -8.113001286983489990e-02 1.715770810842514038e-01 -1.124525964260101318e-01 9.434586763381958008e-02 1.863182522356510162e-02 9.889925122261047363e-01
9.073173999786376953e-01 -8.692738413810729980e-02 1.780658513307571411e-01 -1.166964471340179443e-01 9.776400029659271240e-02 3.620902821421623230e-02 9.876806735992431641e-01
9.426483511924743652e-01 -9.084816277027130127e-02 1.839716285467147827e-01 -1.204846426844596863e-01 1.005010083317756653e-01 5.306465923786163330e-02 9.861882328987121582e-01
9.799420237541198730e-01 -9.417846798896789551e-02 1.898591667413711548e-01 -1.242266148328781128e-01 1.030928045511245728e-01 6.978027522563934326e-02 9.844138622283935547e-01
1.019139051437377930e+00 -9.631121158599853516e-02 1.955208778381347656e-01 -1.277207434177398682e-01 1.051825955510139465e-01 8.650684356689453125e-02 9.824157357215881348e-01
1.060106515884399414e+00 -9.736886620521545410e-02 2.010457217693328857e-01 -1.326878815889358521e-01 1.083631813526153564e-01 1.057602316141128540e-01 9.795234799385070801e-01
1.094868302345275879e+00 -9.239958226680755615e-02 2.035070508718490601e-01 -1.343927532434463501e-01 1.091426312923431396e-01 1.173013448715209961e-01 9.778891205787658691e-01
1.120837211608886719e+00 -8.010843396186828613e-02 2.024885416030883789e-01 -1.336708813905715942e-01 1.072046011686325073e-01 1.223520338535308838e-01 9.775834679603576660e-01
1.139405727386474609e+00 -6.851270794868469238e-02 2.014484852552413940e-01 -1.332482695579528809e-01 1.052496582269668579e-01 1.268556863069534302e-01 9.772794842720031738e-01
1.152124643325805664e+00 -5.974980071187019348e-02 2.007263749837875366e-01 -1.331926435232162476e-01 1.033614799380302429e-01 1.327102780342102051e-01 9.767108559608459473e-01
1.159480929374694824e+00 -5.436638370156288147e-02 2.005635201930999756e-01 -1.325793564319610596e-01 1.017035618424415588e-01 1.396578103303909302e-01 9.759994745254516602e-01
1.166306614875793457e+00 -4.924207553267478943e-02 2.003289312124252319e-01 -1.322585344314575195e-01 1.002443358302116394e-01 1.467077583074569702e-01 9.751592874526977539e-01
1.172476530075073242e+00 -4.444547370076179504e-02 2.001805007457733154e-01 -1.317799389362335205e-01 9.895057976245880127e-02 1.535382419824600220e-01 9.743043780326843262e-01
1.177986979484558105e+00 -4.001436755061149597e-02 2.000056058168411255e-01 -1.315380781888961792e-01 9.785094112157821655e-02 1.600475758314132690e-01 9.734001159667968750e-01
1.182889819145202637e+00 -3.610168024897575378e-02 1.998484581708908081e-01 -1.314925402402877808e-01 9.702777117490768433e-02 1.666309088468551636e-01 9.723834991455078125e-01
1.187025785446166992e+00 -3.262719139456748962e-02 1.996998935937881470e-01 -1.312569975852966309e-01 9.620476514101028442e-02 1.724753528833389282e-01 9.714775085449218750e-01
1.190507292747497559e+00 -2.967448905110359192e-02 1.995968520641326904e-01 -1.309503465890884399e-01 9.576075524091720581e-02 1.776008903980255127e-01 9.706389307975769043e-01
1.193175792694091797e+00 -2.735739573836326599e-02 1.994937807321548462e-01 -1.306408494710922241e-01 9.550879895687103271e-02 1.821153312921524048e-01 9.698686599731445312e-01
1.197612762451171875e+00 -2.376869320869445801e-02 1.992787420749664307e-01 -1.301948875188827515e-01 9.567736834287643433e-02 1.849628835916519165e-01 9.693729877471923828e-01
1.204915881156921387e+00 -1.882057264447212219e-02 1.988383084535598755e-01 -1.283888369798660278e-01 9.558352828025817871e-02 1.836375743150711060e-01 9.698749780654907227e-01
1.375162720680236816e+00 1.317184604704380035e-02 2.112485915422439575e-01 -1.742806732654571533e-01 1.241732686758041382e-01 2.406635880470275879e-01 9.467250704765319824e-01
1.530408501625061035e+00 5.184215307235717773e-02 2.146228402853012085e-01 -2.117693573236465454e-01 1.460247933864593506e-01 2.794355452060699463e-01 9.250656962394714355e-01
1.667101502418518066e+00 9.858447313308715820e-02 2.062301933765411377e-01 -2.541920542716979980e-01 1.676493287086486816e-01 3.214001059532165527e-01 8.966505527496337891e-01
1.784082174301147461e+00 1.505600661039352417e-01 1.882864981889724731e-01 -2.966365814208984375e-01 1.896454989910125732e-01 3.623465597629547119e-01 8.629869222640991211e-01
1.880493402481079102e+00 2.050011605024337769e-01 1.623721867799758911e-01 -3.362402319908142090e-01 2.110744863748550415e-01 3.986734747886657715e-01 8.267101049423217773e-01
1.957214355468750000e+00 2.572810351848602295e-01 1.307461708784103394e-01 -3.726343214511871338e-01 2.290159761905670166e-01 4.277440011501312256e-01 7.910313010215759277e-01
2.016393899917602539e+00 3.040882945060729980e-01 9.769536554813385010e-02 -4.056680202484130859e-01 2.436255216598510742e-01 4.497090876102447510e-01 7.575235962867736816e-01
2.060212850570678711e+00 3.430213332176208496e-01 6.603357195854187012e-02 -4.347199797630310059e-01 2.543277740478515625e-01 4.639824330806732178e-01 7.287361621856689453e-01
2.091279506683349609e+00 3.728232085704803467e-01 3.902829438447952271e-02 -4.594610035419464111e-01 2.611319124698638916e-01 4.721921086311340332e-01 7.055072188377380371e-01
2.110775470733642578e+00 3.931104242801666260e-01 1.837996393442153931e-02 -4.814516305923461914e-01 2.636948227882385254e-01 4.771721065044403076e-01 6.862770915031433105e-01
2.120062828063964844e+00 4.041906893253326416e-01 5.925602279603481293e-03 -4.995068907737731934e-01 2.600276470184326172e-01 4.791727066040039062e-01 6.732549071311950684e-01
2.125684738159179688e+00 4.112255871295928955e-01 -1.887826249003410339e-03 -5.125259160995483398e-01 2.516263723373413086e-01 4.758080244064331055e-01 6.690354347229003906e-01
2.132439613342285156e+00 4.195545613765716553e-01 -9.730149060487747192e-03 -5.199068784713745117e-01 2.422261536121368408e-01 4.668837487697601318e-01 6.730846166610717773e-01
2.140779018402099609e+00 4.290462136268615723e-01 -1.761038601398468018e-02 -5.237491130828857422e-01 2.325866222381591797e-01 4.528982043266296387e-01 6.829888224601745605e-01
2.150616407394409180e+00 4.397786259651184082e-01 -2.579347789287567139e-02 -5.245886445045471191e-01 2.213626205921173096e-01 4.343814849853515625e-01 6.979385018348693848e-01
2.162038564682006836e+00 4.518672525882720947e-01 -3.428559005260467529e-02 -5.230810642242431641e-01 2.090088129043579102e-01 4.123170077800750732e-01 7.160281538963317871e-01
2.175533056259155273e+00 4.653348326683044434e-01 -4.255875200033187866e-02 -5.196426510810852051e-01 1.959728300571441650e-01 3.872226774692535400e-01 7.359517216682434082e-01
2.191397666931152344e+00 4.801551401615142822e-01 -5.024354159832000732e-02 -5.130637288093566895e-01 1.822279244661331177e-01 3.591738939285278320e-01 7.579926252365112305e-01
2.210052251815795898e+00 4.959332942962646484e-01 -5.721978843212127686e-02 -5.031753182411193848e-01 1.676350384950637817e-01 3.278931081295013428e-01 7.817924022674560547e-01
2.231830358505249023e+00 5.124173760414123535e-01 -6.305019557476043701e-02 -4.906930625438690186e-01 1.528060287237167358e-01 2.938947379589080811e-01 8.059135675430297852e-01
2.257013559341430664e+00 5.293403267860412598e-01 -6.697767972946166992e-02 -4.748259484767913818e-01 1.374613791704177856e-01 2.593629062175750732e-01 8.296841382980346680e-01
2.285715818405151367e+00 5.463705062866210938e-01 -6.881210207939147949e-02 -4.560363590717315674e-01 1.228270530700683594e-01 2.246633470058441162e-01 8.523325920104980469e-01
2.318098306655883789e+00 5.630095005035400391e-01 -6.799272447824478149e-02 -4.347721040248870850e-01 1.094413846731185913e-01 1.922621577978134155e-01 8.729439973831176758e-01
2.354219913482666016e+00 5.786488652229309082e-01 -6.392850726842880249e-02 -4.129300117492675781e-01 9.967337548732757568e-02 1.660417020320892334e-01 8.899349570274353027e-01
2.394160032272338867e+00 5.923634767532348633e-01 -5.636536329984664917e-02 -3.913433849811553955e-01 9.425495564937591553e-02 1.482908427715301514e-01 9.033141136169433594e-01
2.437864780426025391e+00 6.042022109031677246e-01 -4.621314629912376404e-02 -3.706741929054260254e-01 9.407282620668411255e-02 1.396534442901611328e-01 9.133717417716979980e-01
2.485419988632202148e+00 6.147678494453430176e-01 -3.460860252380371094e-02 -3.519732654094696045e-01 9.716328233480453491e-02 1.381199955940246582e-01 9.206504225730895996e-01
2.537131547927856445e+00 6.243799924850463867e-01 -2.275786548852920532e-02 -3.369860649108886719e-01 1.045558899641036987e-01 1.450964212417602539e-01 9.243676662445068359e-01
2.593182563781738281e+00 6.343600153923034668e-01 -1.213766913861036301e-02 -3.307479918003082275e-01 1.181579008698463440e-01 1.624631434679031372e-01 9.220902323722839355e-01
2.653311491012573242e+00 6.473256349563598633e-01 -4.538152832537889481e-03 -3.325532972812652588e-01 1.310017257928848267e-01 1.885552257299423218e-01 9.147097468376159668e-01
2.716872692108154297e+00 6.649350523948669434e-01 -7.857969030737876892e-04 -3.381166756153106689e-01 1.416472494602203369e-01 2.183054983615875244e-01 9.044092297554016113e-01
2.783038139343261719e+00 6.880331039428710938e-01 -1.677501946687698364e-03 -3.437491059303283691e-01 1.525211483240127563e-01 2.487182021141052246e-01 8.925879597663879395e-01
2.851141214370727539e+00 7.163738608360290527e-01 -6.540954578667879105e-03 -3.486672937870025635e-01 1.625836193561553955e-01 2.785620093345642090e-01 8.800005912780761719e-01
2.920902013778686523e+00 7.492682337760925293e-01 -1.473458111286163330e-02 -3.526089489459991455e-01 1.715866178274154663e-01 3.074537217617034912e-01 8.670047521591186523e-01
2.991501569747924805e+00 7.871326208114624023e-01 -2.663381025195121765e-02 -3.573305308818817139e-01 1.814864426851272583e-01 3.385905623435974121e-01 8.513131737709045410e-01
3.052935361862182617e+00 8.287947773933410645e-01 -4.419561848044395447e-02 -3.602143228054046631e-01 1.890739947557449341e-01 3.645269572734832764e-01 8.376257419586181641e-01
3.092849254608154297e+00 8.715153336524963379e-01 -6.883395463228225708e-02 -3.584977686405181885e-01 1.912655234336853027e-01 3.794340491294860840e-01 8.312200307846069336e-01
3.115230083465576172e+00 9.096904993057250977e-01 -9.309992939233779907e-02 -3.555698692798614502e-01 1.904779821634292603e-01 3.884251117706298828e-01 8.285012245178222656e-01
3.128511905670166016e+00 9.392154812812805176e-01 -1.118733584880828857e-01 -3.530427515506744385e-01 1.893888413906097412e-01 3.983106911182403564e-01 8.251311779022216797e-01
3.136130809783935547e+00 9.591690301895141602e-01 -1.238904446363449097e-01 -3.497126102447509766e-01 1.890795975923538208e-01 4.102344214916229248e-01 8.207665681838989258e-01
3.140978813171386719e+00 9.738735556602478027e-01 -1.324239075183868408e-01 -3.460178375244140625e-01 1.894480139017105103e-01 4.230642318725585938e-01 8.157192468643188477e-01
3.145056724548339844e+00 9.875932931900024414e-01 -1.403120011091232300e-01 -3.426278829574584961e-01 1.900079548358917236e-01 4.357664585113525391e-01 8.103152513504028320e-01
3.148277997970581055e+00 1.000245928764343262e+00 -1.474764496088027954e-01 -3.393534123897552490e-01 1.907180100679397583e-01 4.476700425148010254e-01 8.050202131271362305e-01
3.150958776473999023e+00 1.011610507965087891e+00 -1.539306938648223877e-01 -3.367438614368438721e-01 1.916283071041107178e-01 4.594339132308959961e-01 7.992513179779052734e-01
3.153018712997436523e+00 1.021615624427795410e+00 -1.596036255359649658e-01 -3.341881334781646729e-01 1.926133036613464355e-01 4.704515635967254639e-01 7.936585545539855957e-01
3.154512643814086914e+00 1.030194282531738281e+00 -1.644116789102554321e-01 -3.317478895187377930e-01 1.937111318111419678e-01 4.799339175224304199e-01 7.887222766876220703e-01
3.155609130859375000e+00 1.037242770195007324e+00 -1.683560907840728760e-01 -3.295266032218933105e-01 1.951558440923690796e-01 4.883011877536773682e-01 7.841483354568481445e-01
3.156841516494750977e+00 1.045071840286254883e+00 -1.728303581476211548e-01 -3.276666104793548584e-01 1.966404914855957031e-01 4.944817125797271729e-01 7.806760668754577637e-01
3.159639120101928711e+00 1.057348251342773438e+00 -1.801226884126663208e-01 -3.258728086948394775e-01 1.981471031904220581e-01 4.962851405143737793e-01 7.799012064933776855e-01
