0.000000000000000000e+00 0.000000000000000000e+00 0.000000000000000000e+00 6.066409310653830822e-15 7.373643728480865078e-15 3.161029380957525170e-14 1.000000000000000000e+00
8.220217376947402954e-02 -2.541948109865188599e-02 3.073995374143123627e-02 -2.341943792998790741e-02 1.227736379951238632e-02 2.772158756852149963e-02 9.992658495903015137e-01
1.566034853458404541e-01 -4.949589073657989502e-02 6.094174459576606750e-02 -4.708450660109519958e-02 2.690040692687034607e-02 5.523861572146415710e-02 9.969995617866516113e-01
2.249261438846588135e-01 -6.970136612653732300e-02 8.797754347324371338e-02 -7.025618106126785278e-02 4.150811955332756042e-02 8.119538426399230957e-02 9.933521151542663574e-01
2.863172590732574463e-01 -8.633033931255340576e-02 1.134596392512321472e-01 -9.415411204099655151e-02 5.695564672350883484e-02 1.086118742823600769e-01 9.879750013351440430e-01
3.417392969131469727e-01 -9.814306348562240601e-02 1.354110985994338989e-01 -1.162079125642776489e-01 7.102080434560775757e-02 1.327268034219741821e-01 9.817512035369873047e-01
3.905414938926696777e-01 -1.061628386378288269e-01 1.543734818696975708e-01 -1.366622447967529297e-01 8.409408479928970337e-02 1.540694981813430786e-01 9.749432206153869629e-01
4.325016438961029053e-01 -1.112228259444236755e-01 1.701954454183578491e-01 -1.551327258348464966e-01 9.604174643754959106e-02 1.722861826419830322e-01 9.680016636848449707e-01
4.674943983554840088e-01 -1.137174069881439209e-01 1.827632039785385132e-01 -1.714666187763214111e-01 1.074079647660255432e-01 1.872661709785461426e-01 9.612461328506469727e-01
4.954753518104553223e-01 -1.147300601005554199e-01 1.916311681270599365e-01 -1.851960718631744385e-01 1.166820153594017029e-01 1.977438926696777344e-01 9.555025100708007812e-01
5.159811973571777344e-01 -1.150137186050415039e-01 1.979413479566574097e-01 -1.969143748283386230e-01 1.245238482952117920e-01 2.055769860744476318e-01 9.505033493041992188e-01
5.289005637168884277e-01 -1.142826229333877563e-01 2.016256004571914673e-01 -2.052014917135238647e-01 1.244729086756706238e-01 2.092879861593246460e-01 9.479437470436096191e-01
5.344368815422058105e-01 -1.138207241892814636e-01 2.026844620704650879e-01 -2.109961360692977905e-01 1.236873269081115723e-01 2.101738303899765015e-01 9.465775489807128906e-01
5.405028462409973145e-01 -1.132507845759391785e-01 2.041710615158081055e-01 -2.149391174316406250e-01 1.227694973349571228e-01 2.081128656864166260e-01 9.462652802467346191e-01
5.473315715789794922e-01 -1.128509119153022766e-01 2.057408690452575684e-01 -2.171969115734100342e-01 1.219553947448730469e-01 2.045220732688903809e-01 9.466376900672912598e-01
5.550104379653930664e-01 -1.126508638262748718e-01 2.074834406375885010e-01 -2.182640582323074341e-01 1.214363798499107361e-01 1.993741542100906372e-01 9.475567936897277832e-01
5.635968446731567383e-01 -1.131069958209991455e-01 2.095054090023040771e-01 -2.180218845605850220e-01 1.211130172014236450e-01 1.936618387699127197e-01 9.488376975059509277e-01
5.731491446495056152e-01 -1.140927150845527649e-01 2.116820961236953735e-01 -2.163282632827758789e-01 1.212004944682121277e-01 1.870990991592407227e-01 9.505295157432556152e-01
5.836890935897827148e-01 -1.153869554400444031e-01 2.143041491508483887e-01 -2.138091921806335449e-01 1.214310973882675171e-01 1.800878643989562988e-01 9.524223804473876953e-01
5.952308177947998047e-01 -1.171330362558364868e-01 2.174704819917678833e-01 -2.104470878839492798e-01 1.215915158390998840e-01 1.724862754344940186e-01 9.545554518699645996e-01
6.079848408699035645e-01 -1.193451583385467529e-01 2.205973863601684570e-01 -2.062161713838577271e-01 1.216216310858726501e-01 1.647555828094482422e-01 9.568378329277038574e-01
6.219504475593566895e-01 -1.217400506138801575e-01 2.241701185703277588e-01 -2.013533562421798706e-01 1.219891831278800964e-01 1.571711152791976929e-01 9.591000080108642578e-01
6.372833847999572754e-01 -1.242600604891777039e-01 2.279060930013656616e-01 -1.953248381614685059e-01 1.223777234554290771e-01 1.503627598285675049e-01 9.613859653472900391e-01
6.540867686271667480e-01 -1.265468001365661621e-01 2.320074439048767090e-01 -1.891922056674957275e-01 1.230375096201896667e-01 1.442288607358932495e-01 9.634656906127929688e-01
6.722984910011291504e-01 -1.299121379852294922e-01 2.361407577991485596e-01 -1.823745518922805786e-01 1.234866157174110413e-01 1.390895247459411621e-01 9.654763340950012207e-01
6.920272111892700195e-01 -1.334476619958877563e-01 2.408943921327590942e-01 -1.757209599018096924e-01 1.238750889897346497e-01 1.348785459995269775e-01 9.672562479972839355e-01
7.135956883430480957e-01 -1.366266608238220215e-01 2.456101924180984497e-01 -1.694485843181610107e-01 1.242877915501594543e-01 1.320151090621948242e-01 9.687165021896362305e-01
7.369811534881591797e-01 -1.400026082992553711e-01 2.503626942634582520e-01 -1.632249951362609863e-01 1.244017183780670166e-01 1.306040138006210327e-01 9.699609875679016113e-01
7.622821927070617676e-01 -1.430744826793670654e-01 2.553925812244415283e-01 -1.575528979301452637e-01 1.249460130929946899e-01 1.310482919216156006e-01 9.707687497138977051e-01
7.896027565002441406e-01 -1.460552066564559937e-01 2.604278326034545898e-01 -1.526235640048980713e-01 1.254847496747970581e-01 1.344538629055023193e-01 9.710209369659423828e-01
8.189207315444946289e-01 -1.480607539415359497e-01 2.663943469524383545e-01 -1.492507010698318481e-01 1.264580637216567993e-01 1.408756971359252930e-01 9.705083370208740234e-01
8.504471778869628906e-01 -1.488078832626342773e-01 2.718739807605743408e-01 -1.462931036949157715e-01 1.204431205987930298e-01 1.507532000541687012e-01 9.702397584915161133e-01
8.838696479797363281e-01 -1.488238126039505005e-01 2.784450054168701172e-01 -1.443648487329483032e-01 1.145529150962829590e-01 1.642114073038101196e-01 9.690567851066589355e-01
9.192016124725341797e-01 -1.479920893907546997e-01 2.854425311088562012e-01 -1.437672078609466553e-01 1.080676466226577759e-01 1.808941811323165894e-01 9.669176340103149414e-01
9.562715888023376465e-01 -1.460707336664199829e-01 2.931188046932220459e-01 -1.435956209897994995e-01 1.015380993485450745e-01 2.004906833171844482e-01 9.637809991836547852e-01
9.949415326118469238e-01 -1.427320539951324463e-01 3.012682199478149414e-01 -1.436619758605957031e-01 9.499611705541610718e-02 2.228571623563766479e-01 9.595164060592651367e-01
1.035164117813110352e+00 -1.383584290742874146e-01 3.097896277904510498e-01 -1.441031098365783691e-01 8.841101080179214478e-02 2.469949275255203247e-01 9.541547298431396484e-01
1.069104552268981934e+00 -1.321560144424438477e-01 3.154628872871398926e-01 -1.445009410381317139e-01 8.069057017564773560e-02 2.722621560096740723e-01 9.478827118873596191e-01
1.096536040306091309e+00 -1.256721913814544678e-01 3.198053240776062012e-01 -1.453019976615905762e-01 7.368472963571548462e-02 2.984308600425720215e-01 9.404238462448120117e-01
1.117275118827819824e+00 -1.183181479573249817e-01 3.210806548595428467e-01 -1.455870717763900757e-01 6.660552322864532471e-02 3.235114514827728271e-01 9.325815439224243164e-01
1.130874395370483398e+00 -1.109300404787063599e-01 3.213481307029724121e-01 -1.461957246065139771e-01 6.098682433366775513e-02 3.479799330234527588e-01 9.240223765373229980e-01
1.137875318527221680e+00 -1.050296425819396973e-01 3.213569819927215576e-01 -1.473928242921829224e-01 5.591727048158645630e-02 3.739819526672363281e-01 9.139398932456970215e-01
1.144505739212036133e+00 -9.967757761478424072e-02 3.209391534328460693e-01 -1.477844268083572388e-01 5.115535110235214233e-02 4.000611901283264160e-01 9.030469655990600586e-01
1.150048017501831055e+00 -9.414988011121749878e-02 3.207825720310211182e-01 -1.486320495605468750e-01 4.718115553259849548e-02 4.248042404651641846e-01 8.917531967163085938e-01
1.154881238937377930e+00 -8.899898827075958252e-02 3.205491304397583008e-01 -1.493458151817321777e-01 4.366786405444145203e-02 4.481114447116851807e-01 8.803324699401855469e-01
1.159089446067810059e+00 -8.434485644102096558e-02 3.202305734157562256e-01 -1.502612829208374023e-01 4.045018181204795837e-02 4.705306589603424072e-01 8.685539960861206055e-01
1.162089943885803223e+00 -7.986257225275039673e-02 3.197100460529327393e-01 -1.507076770067214966e-01 3.807092458009719849e-02 4.899186193943023682e-01 8.577981591224670410e-01
1.164457798004150391e+00 -7.599895447492599487e-02 3.193210363388061523e-01 -1.516713351011276245e-01 3.703816235065460205e-02 5.071134567260742188e-01 8.476202487945556641e-01
1.165875554084777832e+00 -7.271634787321090698e-02 3.189528286457061768e-01 -1.524011939764022827e-01 3.699783608317375183e-02 5.217292308807373047e-01 8.385723233222961426e-01
1.169902682304382324e+00 -6.864866614341735840e-02 3.197954595088958740e-01 -1.534021496772766113e-01 3.845494613051414490e-02 5.326450467109680176e-01 8.314313292503356934e-01
1.176928877830505371e+00 -6.360793113708496094e-02 3.215050101280212402e-01 -1.553008705377578735e-01 4.184480756521224976e-02 5.402900576591491699e-01 8.259644508361816406e-01
1.279772758483886719e+00 7.426568865776062012e-02 3.532631993293762207e-01 -2.067134678363800049e-01 4.436807706952095032e-02 5.823898911476135254e-01 7.849350571632385254e-01
1.364948868751525879e+00 2.073972970247268677e-01 3.783445358276367188e-01 -2.575151622295379639e-01 5.113659054040908813e-02 6.186431050300598145e-01 7.405077219009399414e-01
1.432024836540222168e+00 3.344583809375762939e-01 3.955656886100769043e-01 -3.075646758079528809e-01 5.809107050299644470e-02 6.514105796813964844e-01 6.911538243293762207e-01
1.481157064437866211e+00 4.537001252174377441e-01 4.042465388774871826e-01 -3.551842272281646729e-01 6.453832238912582397e-02 6.791532039642333984e-01 6.390852332115173340e-01
1.514511942863464355e+00 5.624104738235473633e-01 4.042406678199768066e-01 -3.976557850837707520e-01 6.971247494220733643e-02 6.999966502189636230e-01 5.890795588493347168e-01
1.535591602325439453e+00 6.580160260200500488e-01 3.983484804630279541e-01 -4.355639517307281494e-01 7.358939945697784424e-02 7.150517702102661133e-01 5.418205857276916504e-01
1.547264337539672852e+00 7.389193177223205566e-01 3.881547749042510986e-01 -4.689944684505462646e-01 7.698659598827362061e-02 7.246281504631042480e-01 4.990302622318267822e-01
1.552870869636535645e+00 8.040139675140380859e-01 3.751318752765655518e-01 -4.976922869682312012e-01 7.935009896755218506e-02 7.290653586387634277e-01 4.631085991859436035e-01
1.555216550827026367e+00 8.531101942062377930e-01 3.622234761714935303e-01 -5.214384198188781738e-01 7.979604601860046387e-02 7.301217317581176758e-01 4.343464672565460205e-01
1.555251955986022949e+00 8.863743543624877930e-01 3.516635000705718994e-01 -5.365612506866455078e-01 7.538540661334991455e-02 7.312761545181274414e-01 4.143116474151611328e-01
1.554465293884277344e+00 9.041646122932434082e-01 3.448057174682617188e-01 -5.437245368957519531e-01 6.689057499170303345e-02 7.327183485031127930e-01 4.037488400936126709e-01
1.553803801536560059e+00 9.150726199150085449e-01 3.400388360023498535e-01 -5.484679937362670898e-01 5.885831266641616821e-02 7.319025993347167969e-01 4.000463187694549561e-01
1.553132057189941406e+00 9.273589849472045898e-01 3.350294232368469238e-01 -5.516992807388305664e-01 5.160515382885932922e-02 7.291104197502136230e-01 4.016999900341033936e-01
1.552900791168212891e+00 9.412185549736022949e-01 3.295889198780059814e-01 -5.538420677185058594e-01 4.547710344195365906e-02 7.248117923736572266e-01 4.072328507900238037e-01
1.553567171096801758e+00 9.569514989852905273e-01 3.240255415439605713e-01 -5.550629496574401855e-01 4.055614024400711060e-02 7.194529175758361816e-01 4.155090749263763428e-01
1.555502057075500488e+00 9.746699929237365723e-01 3.184554874897003174e-01 -5.551344156265258789e-01 3.750358521938323975e-02 7.132163643836975098e-01 4.263116419315338135e-01
1.558423995971679688e+00 9.944696426391601562e-01 3.128555715084075928e-01 -5.542709231376647949e-01 3.571981564164161682e-02 7.062244415283203125e-01 4.390385150909423828e-01
1.562175750732421875e+00 1.016558170318603516e+00 3.075259029865264893e-01 -5.524127483367919922e-01 3.481639176607131958e-02 6.986668705940246582e-01 4.533129334449768066e-01
1.567262053489685059e+00 1.040858626365661621e+00 3.021200299263000488e-01 -5.493270754814147949e-01 3.460720926523208618e-02 6.908665299415588379e-01 4.687701761722564697e-01
1.573581218719482422e+00 1.067454338073730469e+00 2.963975071907043457e-01 -5.453218221664428711e-01 3.542805463075637817e-02 6.828352212905883789e-01 4.848763644695281982e-01
1.580884337425231934e+00 1.096539855003356934e+00 2.903389632701873779e-01 -5.401442646980285645e-01 3.799647465348243713e-02 6.752006411552429199e-01 5.009037256240844727e-01
1.588939666748046875e+00 1.128263235092163086e+00 2.835609912872314453e-01 -5.341861844062805176e-01 4.199678823351860046e-02 6.681882143020629883e-01 5.161451101303100586e-01
1.598744034767150879e+00 1.162587881088256836e+00 2.763604819774627686e-01 -5.274186134338378906e-01 4.713990166783332825e-02 6.620584130287170410e-01 5.303642153739929199e-01
1.610635519027709961e+00 1.199627041816711426e+00 2.691107690334320068e-01 -5.198649168014526367e-01 5.307023599743843079e-02 6.570770144462585449e-01 5.432990193367004395e-01
1.623420715332031250e+00 1.239741563796997070e+00 2.608703672885894775e-01 -5.123612284660339355e-01 5.925919488072395325e-02 6.533532142639160156e-01 5.541694164276123047e-01
1.637431502342224121e+00 1.282874822616577148e+00 2.510462105274200439e-01 -5.046876072883605957e-01 6.605909764766693115e-02 6.513046622276306152e-01 5.627866387367248535e-01
1.652544736862182617e+00 1.329279184341430664e+00 2.398201227188110352e-01 -4.971877634525299072e-01 7.356967031955718994e-02 6.511654257774353027e-01 5.686610341072082520e-01
1.668393850326538086e+00 1.379130244255065918e+00 2.267593145370483398e-01 -4.904209077358245850e-01 8.212883770465850830e-02 6.537626385688781738e-01 5.703828334808349609e-01
1.683949947357177734e+00 1.432898879051208496e+00 2.118908911943435669e-01 -4.847826063632965088e-01 9.139738976955413818e-02 6.598613262176513672e-01 5.667586922645568848e-01
1.697956919670104980e+00 1.490591764450073242e+00 1.940948814153671265e-01 -4.760316610336303711e-01 9.672934561967849731e-02 6.723769307136535645e-01 5.585216879844665527e-01
1.709679961204528809e+00 1.552436709403991699e+00 1.740454137325286865e-01 -4.633942246437072754e-01 9.824901819229125977e-02 6.916804909706115723e-01 5.451522469520568848e-01
1.718484759330749512e+00 1.618585109710693359e+00 1.526207923889160156e-01 -4.509617388248443604e-01 1.001119986176490784e-01 7.148118019104003906e-01 5.250287055969238281e-01
1.723412156105041504e+00 1.688608884811401367e+00 1.294416487216949463e-01 -4.380933642387390137e-01 1.018077582120895386e-01 7.406939864158630371e-01 4.990809559822082520e-01
1.723155260086059570e+00 1.761994242668151855e+00 1.043362393975257874e-01 -4.242521822452545166e-01 1.045609563589096069e-01 7.686352133750915527e-01 4.672012627124786377e-01
1.717190384864807129e+00 1.838075637817382812e+00 7.721365988254547119e-02 -4.093085825443267822e-01 1.078995019197463989e-01 7.972733378410339355e-01 4.303246438503265381e-01
1.705079555511474609e+00 1.907987952232360840e+00 4.921614378690719604e-02 -3.926353752613067627e-01 1.107551902532577515e-01 8.257882595062255859e-01 3.894156515598297119e-01
1.688559532165527344e+00 1.963658452033996582e+00 2.366022951900959015e-02 -3.744846880435943604e-01 1.131109073758125305e-01 8.531619906425476074e-01 3.450822532176971436e-01
1.669843912124633789e+00 2.004721641540527344e+00 1.063305651769042015e-03 -3.555900454521179199e-01 1.158525645732879639e-01 8.777653574943542480e-01 2.994361519813537598e-01
1.650803565979003906e+00 2.030849695205688477e+00 -1.778797246515750885e-02 -3.371645510196685791e-01 1.186235025525093079e-01 8.987113833427429199e-01 2.540991306304931641e-01
1.634275436401367188e+00 2.044212102890014648e+00 -2.998889982700347900e-02 -3.197495937347412109e-01 1.217839866876602173e-01 9.169141054153442383e-01 2.054198384284973145e-01
1.620573043823242188e+00 2.051317214965820312e+00 -3.860912472009658813e-02 -3.016384541988372803e-01 1.257532387971878052e-01 9.324461221694946289e-01 1.540927886962890625e-01
1.607123136520385742e+00 2.056595325469970703e+00 -4.624595865607261658e-02 -2.831505239009857178e-01 1.297817975282669067e-01 9.447001218795776367e-01 1.025874018669128418e-01
1.594006657600402832e+00 2.059899091720581055e+00 -5.247818678617477417e-02 -2.659489214420318604e-01 1.331618577241897583e-01 9.532842636108398438e-01 5.280250683426856995e-02
1.581941485404968262e+00 2.061865568161010742e+00 -5.782286077737808228e-02 -2.490117251873016357e-01 1.360234916210174561e-01 9.588903188705444336e-01 4.488376900553703308e-03
1.571106553077697754e+00 2.062093734741210938e+00 -6.219076737761497498e-02 -2.333308905363082886e-01 1.388312727212905884e-01 9.615756869316101074e-01 -4.067763686180114746e-02
1.561771988868713379e+00 2.060996294021606445e+00 -6.544709950685501099e-02 -2.205043882131576538e-01 1.414277851581573486e-01 9.616810083389282227e-01 -8.090564608573913574e-02
1.554143667221069336e+00 2.059152364730834961e+00 -6.764940917491912842e-02 -2.106927633285522461e-01 1.438961625099182129e-01 9.598314762115478516e-01 -1.167303025722503662e-01
1.545256853103637695e+00 2.058670043945312500e+00 -6.955337524414062500e-02 -2.046538442373275757e-01 1.465832442045211792e-01 9.566507935523986816e-01 -1.464563012123107910e-01
1.531290531158447266e+00 2.061412096023559570e+00 -7.257670909166336060e-02 -2.040361762046813965e-01 1.483534276485443115e-01 9.527671933174133301e-01 -1.691009104251861572e-01
