8.720131963491439819e-02 4.060946404933929443e-03 2.655546367168426514e-02 -2.367653511464595795e-02 5.510681308805942535e-03 2.030135318636894226e-02 9.994983077049255371e-01
7.819730788469314575e-02 -5.690685007721185684e-03 2.863359265029430389e-02 -2.488040737807750702e-02 6.932997610419988632e-03 2.177303098142147064e-02 9.994292259216308594e-01
6.954103708267211914e-02 -8.049737662076950073e-03 2.858332544565200806e-02 -2.479670383036136627e-02 7.661726791411638260e-03 1.926303841173648834e-02 9.994775652885437012e-01
6.043673306703567505e-02 -1.385083422064781189e-02 2.714589051902294159e-02 -2.457222342491149902e-02 8.751300163567066193e-03 2.031625062227249146e-02 9.994533061981201172e-01
5.229355767369270325e-02 -1.469141244888305664e-02 2.479920908808708191e-02 -2.257450111210346222e-02 8.084124885499477386e-03 1.756589300930500031e-02 9.995581507682800293e-01
4.406333342194557190e-02 -1.687883213162422180e-02 2.111523225903511047e-02 -2.015604823827743530e-02 7.211200427263975143e-03 1.527119986712932587e-02 9.996541738510131836e-01
3.666067868471145630e-02 -1.563511975109577179e-02 1.781772077083587646e-02 -1.794946007430553436e-02 6.989729125052690506e-03 1.238090731203556061e-02 9.997377991676330566e-01
2.937297709286212921e-02 -1.335077080875635147e-02 1.504345238208770752e-02 -1.618037931621074677e-02 7.002063561230897903e-03 9.742381982505321503e-03 9.997971057891845703e-01
2.296771481633186340e-02 -1.056764461100101471e-02 1.105289254337549210e-02 -1.370537001639604568e-02 6.529186852276325226e-03 6.641529034823179245e-03 9.998627305030822754e-01
1.586854085326194763e-02 -8.173529058694839478e-03 8.080488070845603943e-03 -1.141685899347066879e-02 6.487194448709487915e-03 4.805651493370532990e-03 9.999022483825683594e-01
9.546829387545585632e-03 -5.823040846735239029e-03 4.275134298950433731e-03 -8.613417856395244598e-03 -5.162455490790307522e-04 1.750550116412341595e-03 9.999612569808959961e-01
5.076685920357704163e-03 9.657688497100025415e-05 2.770331222563982010e-03 -5.742120090872049332e-03 -1.775194832589477301e-04 -6.123605417087674141e-04 9.999833106994628906e-01
5.539037287235260010e-03 5.171489319764077663e-04 3.225842956453561783e-03 -3.292633686214685440e-03 3.121112240478396416e-04 -3.513238392770290375e-03 9.999883770942687988e-01
6.404279731214046478e-03 -4.251968930475413799e-04 3.527169348672032356e-03 -1.460678875446319580e-03 4.298877320252358913e-04 -4.746313206851482391e-03 9.999876022338867188e-01
6.870964542031288147e-03 5.006390274502336979e-04 4.376513883471488953e-03 6.794954533688724041e-04 5.576841649599373341e-04 -6.871646270155906677e-03 9.999759793281555176e-01
7.750948425382375717e-03 -2.675948198884725571e-03 3.863422200083732605e-03 1.464915461838245392e-03 8.416601340286433697e-04 -7.792534772306680679e-03 9.999682307243347168e-01
7.968056946992874146e-03 -5.217558704316616058e-03 2.861835295334458351e-03 3.345833625644445419e-03 8.770246058702468872e-04 -8.380666375160217285e-03 9.999588727951049805e-01
8.947382681071758270e-03 -3.963123075664043427e-03 4.672862123697996140e-03 3.862029174342751503e-03 1.480196719057857990e-03 -9.206876158714294434e-03 9.999490380287170410e-01
8.820767514407634735e-03 -5.859206430613994598e-03 5.098704248666763306e-03 4.677302669733762741e-03 1.357572618871927261e-03 -9.310480207204818726e-03 9.999448060989379883e-01
9.119451977312564850e-03 -7.484914269298315048e-03 4.659512545913457870e-03 5.080278497189283371e-03 1.236976357176899910e-03 -9.432457387447357178e-03 9.999418258666992188e-01
1.054684352129697800e-02 -6.942161358892917633e-03 5.194981116801500320e-03 5.616470240056514740e-03 1.254917355254292488e-03 -8.993647061288356781e-03 9.999430179595947266e-01
1.173533219844102859e-02 -7.660189177840948105e-03 4.306024406105279922e-03 6.974786054342985153e-03 6.446234765462577343e-04 -8.590506389737129211e-03 9.999385476112365723e-01
1.312874164432287216e-02 -5.991442129015922546e-03 6.266564596444368362e-03 7.229398470371961594e-03 9.687339770607650280e-04 -7.811428979039192200e-03 9.999428987503051758e-01
1.367173623293638229e-02 -8.472109213471412659e-03 5.164481233805418015e-03 7.731094490736722946e-03 4.366936918813735247e-04 -6.712305825203657150e-03 9.999474883079528809e-01
1.436477713286876678e-02 -9.330668486654758453e-03 5.874308291822671890e-03 7.467572577297687531e-03 4.764174518641084433e-04 -5.166889633983373642e-03 9.999586343765258789e-01
1.688216067850589752e-02 -6.447657011449337006e-03 7.053732872009277344e-03 7.385321427136659622e-03 4.247566103003919125e-04 -3.728758078068494797e-03 9.999656677246093750e-01
1.760680601000785828e-02 -9.043105877935886383e-03 6.335475947707891464e-03 6.877840962260961533e-03 -2.595816622488200665e-04 -1.510980189777910709e-03 9.999751448631286621e-01
1.913080178201198578e-02 -8.529433980584144592e-03 7.493768353015184402e-03 6.064794491976499557e-03 8.839538350002840161e-05 3.918221045751124620e-04 9.999815225601196289e-01
2.060006931424140930e-02 -9.087131358683109283e-03 7.712112739682197571e-03 5.309346131980419159e-03 7.603366975672543049e-05 3.568493295460939407e-03 9.999795556068420410e-01
2.151425555348396301e-02 -8.943122811615467072e-03 1.018992718309164047e-02 3.259072545915842056e-03 8.879354572854936123e-04 6.357340607792139053e-03 9.999740719795227051e-01
2.230875380337238312e-02 -1.159828994423151016e-02 1.010478474199771881e-02 2.248026430606842041e-03 -6.743608973920345306e-03 8.564302697777748108e-03 9.999380707740783691e-01
2.319002151489257812e-02 -1.254676468670368195e-02 1.170076709240674973e-02 4.919155617244541645e-04 -7.183043286204338074e-03 1.109870895743370056e-02 9.999125003814697266e-01
2.552350237965583801e-02 -1.288078539073467255e-02 1.064718607813119888e-02 -9.916868293657898903e-04 -7.912603206932544708e-03 1.298536919057369232e-02 9.998838901519775391e-01
2.824207954108715057e-02 -1.172068808227777481e-02 9.953403845429420471e-03 -1.798101118765771389e-03 -8.890390396118164062e-03 1.575611531734466553e-02 9.998347163200378418e-01
2.911750972270965576e-02 -1.382702495902776718e-02 9.489335119724273682e-03 -2.579407300800085068e-03 -9.100524708628654480e-03 1.778969913721084595e-02 9.997969865798950195e-01
2.974493801593780518e-02 -1.673678308725357056e-02 8.969603106379508972e-03 -2.697901101782917976e-03 -9.549637325108051300e-03 1.915805973112583160e-02 9.997672438621520996e-01
2.428825572133064270e-02 -1.478813216090202332e-02 7.029027678072452545e-03 -3.366725984960794449e-03 -9.900233708322048187e-03 2.034428715705871582e-02 9.997383356094360352e-01
1.885683462023735046e-02 -1.164518017321825027e-02 6.214762572199106216e-03 -4.925133660435676575e-03 -9.243899956345558167e-03 2.128341607749462128e-02 9.997186064720153809e-01
1.482934318482875824e-02 -8.477356284856796265e-03 1.182262902148067951e-03 -3.493642434477806091e-03 -1.014412753283977509e-02 2.044336684048175812e-02 9.997334480285644531e-01
1.196366734802722931e-02 -1.563030877150595188e-03 1.211527036502957344e-03 -3.136395709589123726e-03 -9.192105382680892944e-03 1.861292123794555664e-02 9.997795820236206055e-01
9.150660596787929535e-03 2.066689776256680489e-03 2.210136037319898605e-03 -3.603638848289847374e-03 -8.479823358356952667e-03 1.896681636571884155e-02 9.997776746749877930e-01
8.668170310556888580e-03 -4.591128788888454437e-03 1.203613355755805969e-03 -3.644982818514108658e-03 -8.445136249065399170e-03 2.137752436101436615e-02 9.997291564941406250e-01
9.395681321620941162e-03 -1.781896688044071198e-03 3.726313356310129166e-03 -3.308640094473958015e-03 -6.196725182235240936e-03 2.114418148994445801e-02 9.997517466545104980e-01
1.071939710527658463e-02 7.785913185216486454e-04 1.039444818161427975e-03 -2.800232963636517525e-03 -6.578976754099130630e-03 1.893761754035949707e-02 9.997950792312622070e-01
1.133750658482313156e-02 -1.604694873094558716e-03 2.402070676907896996e-04 -2.911502495408058167e-03 -5.904241465032100677e-03 1.920704171061515808e-02 9.997938275337219238e-01
1.190380379557609558e-02 2.910382812842726707e-03 -3.697926003951579332e-04 -2.266132971271872520e-03 -4.996926523745059967e-03 1.638273335993289948e-02 9.998507499694824219e-01
1.313249580562114716e-02 4.088202549610286951e-04 5.409513250924646854e-04 -1.822078484110534191e-03 -3.498369595035910606e-03 1.575070805847644806e-02 9.998681545257568359e-01
1.136598177254199982e-02 6.041988264769315720e-03 -6.080536171793937683e-03 -1.465022447519004345e-03 -2.691012108698487282e-03 1.326762326061725616e-02 9.999073147773742676e-01
1.224402803927659988e-02 -6.145312916487455368e-03 -1.535133691504597664e-03 -7.649268372915685177e-04 -9.653360466472804546e-04 1.116737443953752518e-02 9.999368786811828613e-01
9.186212904751300812e-03 -1.074535492807626724e-02 9.128038072958588600e-04 2.224500785814598203e-04 1.350087695755064487e-03 8.563661016523838043e-03 9.999623894691467285e-01
1.658859401941299438e-01 -6.929290015250444412e-03 5.439224094152450562e-02 -4.180003702640533447e-02 1.083639822900295258e-02 3.306850045919418335e-02 9.985197782516479492e-01
1.464905291795730591e-01 -1.428011339157819748e-02 6.036847084760665894e-02 -4.020978137850761414e-02 1.496616192162036896e-02 2.899825572967529297e-02 9.986582398414611816e-01
1.284098178148269653e-01 -4.349951446056365967e-02 4.640914499759674072e-02 -4.136035591363906860e-02 1.326047629117965698e-02 3.749219328165054321e-02 9.983525276184082031e-01
1.127636507153511047e-01 -4.028945043683052063e-02 4.348441585898399353e-02 -4.216684773564338684e-02 1.354467682540416718e-02 3.576898574829101562e-02 9.983782172203063965e-01
9.748739004135131836e-02 -3.592453151941299438e-02 4.020731896162033081e-02 -3.935383260250091553e-02 1.423633657395839691e-02 3.262465447187423706e-02 9.985911250114440918e-01
8.245994895696640015e-02 -2.847993187606334686e-02 3.847984224557876587e-02 -3.681895136833190918e-02 1.407358609139919281e-02 2.658842690289020538e-02 9.988690614700317383e-01
6.907267868518829346e-02 -2.081203646957874298e-02 3.281150013208389282e-02 -3.251647204160690308e-02 1.503845211118459702e-02 2.116714790463447571e-02 9.991338849067687988e-01
5.617300420999526978e-02 -1.379221305251121521e-02 2.541908062994480133e-02 -2.748231217265129089e-02 1.424734294414520264e-02 1.346245408058166504e-02 9.994300603866577148e-01
4.202139750123023987e-02 -1.203845534473657608e-02 1.768491603434085846e-02 -2.356516383588314056e-02 1.215122360736131668e-02 9.119155816733837128e-03 9.996068477630615234e-01
2.697458304464817047e-02 -9.581552818417549133e-03 1.299510430544614792e-02 -1.939730718731880188e-02 6.098008248955011368e-03 5.578341893851757050e-03 9.997776746749877930e-01
1.456513628363609314e-02 -5.144824273884296417e-03 6.773068103939294815e-03 -1.495607197284698486e-02 -3.691527235787361860e-04 3.969131503254175186e-04 9.998880028724670410e-01
1.081215403974056244e-02 -3.693558101076632738e-04 5.643813870847225189e-03 -8.883955888450145721e-03 -9.171974670607596636e-05 -5.013637244701385498e-03 9.999479651451110840e-01
1.173153985291719437e-02 -5.503882421180605888e-04 7.136583328247070312e-03 -5.306509323418140411e-03 6.954217096790671349e-04 -8.676447905600070953e-03 9.999480247497558594e-01
1.326367072761058807e-02 -3.120999084785580635e-03 7.344318088144063950e-03 -1.611703075468540192e-03 9.400493581779301167e-04 -1.177896838635206223e-02 9.999288916587829590e-01
1.490999478846788406e-02 -3.716671839356422424e-03 7.772129960358142853e-03 1.485002343542873859e-03 1.079679117538034916e-03 -1.472986023873090744e-02 9.998898506164550781e-01
1.602366939187049866e-02 -7.768530864268541336e-03 6.637333426624536514e-03 4.944367334246635437e-03 1.569012762047350407e-03 -1.683850586414337158e-02 9.998447895050048828e-01
1.699486747384071350e-02 -9.716530330479145050e-03 6.980507634580135345e-03 7.025212980806827545e-03 2.223917981609702110e-03 -1.779202371835708618e-02 9.998145699501037598e-01
1.746202819049358368e-02 -1.136492565274238586e-02 8.734806440770626068e-03 9.204024448990821838e-03 2.593802986666560173e-03 -1.865523681044578552e-02 9.997802376747131348e-01
1.865886151790618896e-02 -1.243493705987930298e-02 9.701518341898918152e-03 1.045995019376277924e-02 2.551701851189136505e-03 -1.955078355967998505e-02 9.997509121894836426e-01
2.070294506847858429e-02 -1.311595831066370010e-02 9.628915227949619293e-03 1.172910537570714951e-02 2.438260009512305260e-03 -1.975714974105358124e-02 9.997330307960510254e-01
2.175914868712425232e-02 -1.450441591441631317e-02 1.083850394934415817e-02 1.282450184226036072e-02 2.104672836139798164e-03 -1.845660619437694550e-02 9.997451901435852051e-01
2.441800013184547424e-02 -1.301169022917747498e-02 1.256210729479789734e-02 1.357175596058368683e-02 2.118201227858662605e-03 -1.700071617960929871e-02 9.997611045837402344e-01
2.675941027700901031e-02 -1.421449612826108932e-02 1.207907777279615402e-02 1.433988008648157120e-02 1.630491111427545547e-03 -1.462393533438444138e-02 9.997888803482055664e-01
2.878575399518013000e-02 -1.672750525176525116e-02 1.077742502093315125e-02 1.489483471959829330e-02 1.019405433908104897e-03 -1.176193822175264359e-02 9.998193383216857910e-01
3.217898681759834290e-02 -1.346308458596467972e-02 1.376803126186132431e-02 1.405176054686307907e-02 9.007802000269293785e-04 -9.098356589674949646e-03 9.998594522476196289e-01
3.522439301013946533e-02 -1.271719764918088913e-02 1.454454939812421799e-02 1.379394065588712692e-02 7.340364973060786724e-04 -5.429620388895273209e-03 9.998898506164550781e-01
3.692498058080673218e-02 -1.681929081678390503e-02 1.430275104939937592e-02 1.302295736968517303e-02 -4.014939768239855766e-04 -1.633029896765947342e-03 9.999138116836547852e-01
4.028769209980964661e-02 -1.449331827461719513e-02 1.692544482648372650e-02 1.112772151827812195e-02 1.293642213568091393e-03 3.165650647133588791e-03 9.999322295188903809e-01
4.284854605793952942e-02 -1.431242097169160843e-02 1.954671926796436310e-02 8.923131972551345825e-03 1.217202632687985897e-03 8.434941060841083527e-03 9.999238848686218262e-01
4.413148015737533569e-02 -1.987966150045394897e-02 2.039155550301074982e-02 5.751200485974550247e-03 -6.105282343924045563e-03 1.358243823051452637e-02 9.998725652694702148e-01
4.733375087380409241e-02 -2.373648807406425476e-02 1.803426630795001984e-02 2.993827452883124352e-03 -1.420224923640489578e-02 1.769214868545532227e-02 9.997380971908569336e-01
4.903262108564376831e-02 -2.784352004528045654e-02 1.851804368197917938e-02 4.500243521761149168e-04 -1.530675403773784637e-02 2.269249595701694489e-02 9.996252059936523438e-01
5.356372147798538208e-02 -2.737285569310188293e-02 1.755128800868988037e-02 -1.677331281825900078e-03 -1.690682955086231232e-02 2.706649526953697205e-02 9.994892477989196777e-01
5.639707669615745544e-02 -2.887538075447082520e-02 1.758945360779762268e-02 -2.666961168870329857e-03 -1.699856109917163849e-02 3.039832971990108490e-02 9.993897676467895508e-01
5.881756916642189026e-02 -3.176584094762802124e-02 1.664303988218307495e-02 -3.306081052869558334e-03 -1.800805889070034027e-02 3.263716772198677063e-02 9.992995262145996094e-01
5.362394452095031738e-02 -3.189685940742492676e-02 1.656784862279891968e-02 -4.790012724697589874e-03 -1.786823943257331848e-02 3.419323265552520752e-02 9.992440342903137207e-01
4.223912581801414490e-02 -2.748435176908969879e-02 1.381391379982233047e-02 -7.789258379489183426e-03 -1.818908005952835083e-02 3.801236674189567566e-02 9.990813732147216797e-01
3.281111642718315125e-02 -2.171439491212368011e-02 7.258030120283365250e-03 -6.930052768439054489e-03 -1.897522434592247009e-02 3.888235986232757568e-02 9.990395903587341309e-01
2.242397516965866089e-02 1.821486465632915497e-02 -1.636913220863789320e-04 -5.110745783895254135e-03 -2.027675509452819824e-02 2.134426683187484741e-02 9.995535016059875488e-01
2.001638524234294891e-02 2.822214737534523010e-03 4.604382906109094620e-03 -5.766976159065961838e-03 -1.682128757238388062e-02 3.438944369554519653e-02 9.992502927780151367e-01
1.815943233668804169e-02 -1.328631769865751266e-03 6.949265953153371811e-03 -6.639906670898199081e-03 -1.471789833158254623e-02 4.043016582727432251e-02 9.990519285202026367e-01
1.986950635910034180e-02 8.635646372567862272e-05 3.220048733055591583e-03 -6.271445658057928085e-03 -1.584785990417003632e-02 3.793525323271751404e-02 9.991348385810852051e-01
1.921195909380912781e-02 3.105879062786698341e-03 7.998223416507244110e-03 -5.889265798032283783e-03 -1.163880247622728348e-02 3.716954216361045837e-02 9.992238283157348633e-01
2.060868591070175171e-02 8.269773796200752258e-03 -1.125127659179270267e-03 -6.361743900924921036e-03 -1.350329630076885223e-02 3.436329215764999390e-02 9.992979168891906738e-01
2.356312796473503113e-02 2.124702790752053261e-03 1.348261837847530842e-03 -5.279785022139549255e-03 -1.083621662110090256e-02 3.348975628614425659e-02 9.993663430213928223e-01
2.245709300041198730e-02 1.186108216643333435e-02 -2.684855717234313488e-04 -4.081658087670803070e-03 -8.676171302795410156e-03 2.991129085421562195e-02 9.995065927505493164e-01
2.699289843440055847e-02 3.200340084731578827e-03 3.218860598281025887e-03 -2.999268239364027977e-03 -4.848256241530179977e-03 2.784766629338264465e-02 9.995959401130676270e-01
2.775149792432785034e-02 1.100957510061562061e-03 1.895134337246417999e-03 -1.655958127230405807e-03 -2.355554839596152306e-03 2.181248180568218231e-02 9.997579455375671387e-01
2.057278715074062347e-02 -1.837917231023311615e-02 2.899547340348362923e-03 -2.806714037433266640e-04 1.691410318017005920e-03 2.007796801626682281e-02 9.997969269752502441e-01
