-4.452462308108806610e-03 9.506114125251770020e-01 -2.659993059933185577e-02
-1.171247661113739014e-02 8.749468922615051270e-01 -1.951885968446731567e-02
-1.769102923572063446e-02 7.982660531997680664e-01 -1.266445219516754150e-02
-2.342885918915271759e-02 7.207390069961547852e-01 -8.608314208686351776e-03
-2.746075950562953949e-02 6.425536870956420898e-01 -4.301725421100854874e-03
-3.013227693736553192e-02 5.638412237167358398e-01 -6.645665853284299374e-04
-3.139629587531089783e-02 4.849486947059631348e-01 2.808969933539628983e-03
-3.111881017684936523e-02 4.051865339279174805e-01 6.021925713866949081e-03
-2.937039174139499664e-02 3.265633583068847656e-01 9.107057936489582062e-03
-2.649276331067085266e-02 2.447783201932907104e-01 1.213358156383037567e-02
-2.184234559535980225e-02 1.696539223194122314e-01 1.510509476065635681e-02
-1.672743447124958038e-02 7.720272243022918701e-02 1.963681355118751526e-02
-1.231818832457065582e-02 3.517936542630195618e-02 2.072861604392528534e-02
-8.169269189238548279e-03 5.751002579927444458e-02 1.802053302526473999e-02
-4.666228312999010086e-03 5.893116071820259094e-02 1.677785441279411316e-02
-1.601935015060007572e-03 7.007117569446563721e-02 1.508120447397232056e-02
8.389932336285710335e-04 7.797461748123168945e-02 1.369032077491283417e-02
2.590800635516643524e-03 8.804433047771453857e-02 1.224411930888891220e-02
3.773126751184463501e-03 9.806499630212783813e-02 1.086967997252941132e-02
4.341797903180122375e-03 1.089325100183486938e-01 9.500789456069469452e-03
4.424471873790025711e-03 1.203327104449272156e-01 8.122534491121768951e-03
4.066802095621824265e-03 1.324018836021423340e-01 6.841089110821485519e-03
3.172710072249174118e-03 1.452134996652603149e-01 5.378529895097017288e-03
2.150597749277949333e-03 1.588060259819030762e-01 4.471085034310817719e-03
9.055791888386011124e-04 1.730932742357254028e-01 3.777908161282539368e-03
-8.167102932929992676e-04 1.881953477859497070e-01 2.525606891140341759e-03
-2.700947690755128860e-03 2.040405273437500000e-01 1.601735828444361687e-03
-4.841011483222246170e-03 2.207744568586349487e-01 7.134306360967457294e-04
-7.124067284166812897e-03 2.381210923194885254e-01 1.062233932316303253e-04
-9.791939519345760345e-03 2.565571069717407227e-01 -4.139844095334410667e-04
-1.268096826970577240e-02 2.749524116516113281e-01 -3.221193328499794006e-04
-1.599532179534435272e-02 2.946527004241943359e-01 -1.459522172808647156e-05
-1.958469487726688385e-02 3.129684031009674072e-01 2.445065183565020561e-04
-2.304840646684169769e-02 3.332502841949462891e-01 8.288344833999872208e-04
-2.644671313464641571e-02 3.454717993736267090e-01 2.118501812219619751e-03
-2.976685762405395508e-02 3.736659586429595947e-01 2.674132352694869041e-03
-3.288024663925170898e-02 3.546867668628692627e-01 6.345006637275218964e-03
-3.577684238553047180e-02 2.758733928203582764e-01 1.386956125497817993e-02
-3.820951655507087708e-02 2.140243649482727051e-01 2.040903829038143158e-02
-3.995797783136367798e-02 1.482423692941665649e-01 2.720779553055763245e-02
-4.107460007071495056e-02 7.244683057069778442e-02 3.455660119652748108e-02
-4.118974879384040833e-02 2.921414747834205627e-02 3.974096477031707764e-02
-4.027096182107925415e-02 3.177247568964958191e-02 4.186850413680076599e-02
-3.828293457627296448e-02 1.773817650973796844e-02 4.475589841604232788e-02
-3.513420745730400085e-02 1.071566622704267502e-02 4.688437655568122864e-02
-3.072392567992210388e-02 -1.202143728733062744e-03 4.894546419382095337e-02
-2.506524696946144104e-02 -8.208863437175750732e-03 5.032053589820861816e-02
-1.817553304135799408e-02 -2.492167986929416656e-02 5.191472545266151428e-02
-9.963257238268852234e-03 -1.674956455826759338e-02 5.159250274300575256e-02
-6.070602685213088989e-04 2.360531687736511230e-02 4.895715788006782532e-02
1.004178915172815323e-02 5.284707620739936829e-02 4.671981930732727051e-02
