0.000000000000000000e+00 0.000000000000000000e+00 0.000000000000000000e+00 0.000000000000000000e+00 0.000000000000000000e+00 0.000000000000000000e+00 1.000000000000000000e+00
8.333192020654678345e-02 -1.009315345436334610e-02 3.577251359820365906e-02 -2.557929789772999535e-02 7.004388860245837518e-03 2.540551494260475524e-02 9.993253713712340058e-01
1.593285382922350335e-01 -1.873939039182357172e-02 6.919167494861072631e-02 -5.072948230492874133e-02 1.447864354248795150e-02 4.988839633930500228e-02 9.973605348202504439e-01
2.281235078258367355e-01 -2.557939909765669095e-02 9.982217767438723854e-02 -7.520612527517744894e-02 2.186959467652680941e-02 7.199770940196820179e-02 9.943249415511251632e-01
2.895210347560428499e-01 -3.142325705759808907e-02 1.277065274389743987e-01 -9.864959473762355269e-02 2.927474640920644036e-02 9.273023709165979789e-02 9.903597072830173653e-01
3.434664864462507738e-01 -3.606039952469519694e-02 1.528827018750184841e-01 -1.208874124135922157e-01 3.640104034172319397e-02 1.111080249168377582e-01 9.857566660089424060e-01
3.899373258286237820e-01 -3.999476348582413354e-02 1.751830786110017413e-01 -1.416198631215953296e-01 4.307610291968727578e-02 1.274749731665469066e-01 9.807336003945522629e-01
4.289463739990432845e-01 -4.258863127451836122e-02 1.946124142305172278e-01 -1.606125033766771237e-01 4.952728189583697344e-02 1.413869942734032326e-01 9.755820775093296815e-01
4.603124105532624410e-01 -4.476195700856537563e-02 2.113087762771572176e-01 -1.777035236549471819e-01 5.577641158712704633e-02 1.529379945822203768e-01 9.705258468501741786e-01
4.841349342812296674e-01 -4.636035173579866608e-02 2.251395428115480490e-01 -1.928150081239279889e-01 6.154847895896178173e-02 1.615799055704663367e-01 9.658809924084059695e-01
5.004657957051168449e-01 -4.751654861161599963e-02 2.359041924982724081e-01 -2.056906528130238165e-01 6.732584748447915934e-02 1.676633585732103526e-01 9.617939404039722584e-01
5.101037509893964206e-01 -4.833883063821625692e-02 2.429582830534743887e-01 -2.147706479614599762e-01 6.619419500827872227e-02 1.716615855680255764e-01 9.591789183263423890e-01
5.138982773083472511e-01 -4.794142013101695271e-02 2.473057453063051969e-01 -2.213009094907514851e-01 6.477454327084296304e-02 1.729612490610727138e-01 9.575565635124921871e-01
5.179542289973296798e-01 -4.803605515071938947e-02 2.522952078974679546e-01 -2.260469573166341284e-01 6.375803066131624508e-02 1.716449312634387991e-01 9.567526870543149320e-01
5.230702909722058092e-01 -4.848772937299409419e-02 2.575161677873441524e-01 -2.289219108206538289e-01 6.289797614099033873e-02 1.684888075398361662e-01 9.566870570240784133e-01
5.289824600386804354e-01 -4.971238528460945882e-02 2.630080824763120773e-01 -2.295569994845974016e-01 6.234080767229197018e-02 1.634014135940509149e-01 9.574534901089769567e-01
5.354798265200553242e-01 -5.115939296851824969e-02 2.691606700411081632e-01 -2.295421859613120952e-01 6.195872218576999740e-02 1.570139139394634564e-01 9.585500156166186780e-01
5.425314525648070596e-01 -5.395473429933354825e-02 2.755921223544820498e-01 -2.276297542167088905e-01 6.163642267009119408e-02 1.494848460920053801e-01 9.602291014047240614e-01
5.506559480928282513e-01 -5.586098740583763517e-02 2.825171777802900075e-01 -2.250539807551427129e-01 6.171388322655403658e-02 1.409478882747707551e-01 9.621204681089815525e-01
5.586536141001388067e-01 -5.873244297450551377e-02 2.906366048500784727e-01 -2.214001613514634259e-01 6.141595537716523084e-02 1.317059972473853813e-01 9.642943426504833049e-01
5.674343495499964973e-01 -6.207166272691537479e-02 2.991599690801039491e-01 -2.170323070181992275e-01 6.127196579506644786e-02 1.221086198003280693e-01 9.665568834209526949e-01
5.773487357609241588e-01 -6.534923073413630157e-02 3.079565514728164199e-01 -2.120611126911535471e-01 6.124442729675858010e-02 1.128428148930107899e-01 9.687856851421285942e-01
5.883311037967859924e-01 -6.942659065151879361e-02 3.167713745942398740e-01 -2.057673415595231425e-01 6.121252526012799927e-02 1.039365817185878282e-01 9.711385147750345448e-01
6.007368927566530958e-01 -7.227586353484920234e-02 3.260184874512171982e-01 -1.993529814374265241e-01 6.130110912295583248e-02 9.585933218317413407e-02 9.732993122599545854e-01
6.141509559302318344e-01 -7.603048184422528388e-02 3.355751944661365394e-01 -1.925333231259114819e-01 6.142155853298084806e-02 8.888603886651194608e-02 9.753243479623041612e-01
6.284876850368998902e-01 -8.016667404071141367e-02 3.458351106010418841e-01 -1.856533604410166294e-01 6.167800619250800309e-02 8.319712496505619892e-02 9.771422064912679284e-01
6.444731553147143854e-01 -8.367866756997904831e-02 3.562497812805228148e-01 -1.789960075028563247e-01 6.199571636737188224e-02 7.932956001780702704e-02 9.786847201001531715e-01
6.616647301914125867e-01 -8.745214013734210756e-02 3.673008573401977950e-01 -1.726336588545839545e-01 6.239255764839773954e-02 7.749262081185162576e-02 9.799488161635183658e-01
6.802622734048409114e-01 -9.116508091641450928e-02 3.789301639041359748e-01 -1.667710017494751784e-01 6.293946583363851932e-02 7.775202612780980627e-02 9.809080889915594570e-01
7.003258643581913301e-01 -9.503973206193226664e-02 3.911307733734987746e-01 -1.614427651194990376e-01 6.381651058791340536e-02 8.093365843846764274e-02 9.814853180250422415e-01
7.219064712010764273e-01 -9.860113796124110597e-02 4.041027079843734215e-01 -1.574319359188569301e-01 6.495147145817256606e-02 8.669333511726516617e-02 9.815705565849581760e-01
7.446369592373457413e-01 -1.024040623839995029e-01 4.183564855528227877e-01 -1.535824414397103932e-01 5.915139066091025521e-02 9.636030910202171562e-02 9.816456781823373889e-01
7.685972524014744733e-01 -1.061747807962978712e-01 4.339703399306266141e-01 -1.507643329851715008e-01 5.256346613256156208e-02 1.089813716550523393e-01 9.811372271807092815e-01
7.944677145728147316e-01 -1.096155895558047627e-01 4.497692772653482662e-01 -1.489598419477013158e-01 4.543914730154709897e-02 1.239612952681442420e-01 9.799897176271127330e-01
8.220207580986154117e-01 -1.122567882253674015e-01 4.661373436681001126e-01 -1.477173322156902502e-01 3.816487268029220697e-02 1.414605489949899431e-01 9.781165295272402638e-01
8.508027318683574203e-01 -1.145309382109434004e-01 4.833271591855797245e-01 -1.471838377079345561e-01 3.080870721906248111e-02 1.610267505762805196e-01 9.754271510860760275e-01
8.806550097270278155e-01 -1.184013233718233665e-01 5.017444561761980060e-01 -1.470623959755092136e-01 2.326608487396786967e-02 1.819962662268970743e-01 9.719612646932223043e-01
9.048809554644309250e-01 -1.211822858476013509e-01 5.179736028605710363e-01 -1.472815882853548974e-01 1.549819076508700440e-02 2.042554518303750510e-01 9.676505827170889251e-01
9.235750094624433082e-01 -1.215036554770058119e-01 5.313990567643804841e-01 -1.486836100566546193e-01 7.965568421536057056e-03 2.272064448154022531e-01 9.623964698888853864e-01
9.379813411448624239e-01 -1.220886060951594243e-01 5.406342143818628765e-01 -1.500810940900534352e-01 7.412017161359521142e-04 2.508090296175814471e-01 9.563315044894399319e-01
9.462313189544132586e-01 -1.208577871541510335e-01 5.494355296513447895e-01 -1.523025970912706972e-01 -5.828432432906255692e-03 2.747249430288365435e-01 9.493661853955150942e-01
9.505206824751778472e-01 -1.153780971097193020e-01 5.561037267402710871e-01 -1.540977350419611980e-01 -1.226411915130282311e-02 2.972484846070863607e-01 9.422031722697450373e-01
9.553414104562609754e-01 -1.120864018792712413e-01 5.640780389645900783e-01 -1.555224055907811764e-01 -1.816212952186354798e-02 3.205175862899963812e-01 9.342116437346102975e-01
9.598032953493422781e-01 -1.067059162355445678e-01 5.715934478416988540e-01 -1.572428058634499359e-01 -2.287470216005145843e-02 3.423765333632536323e-01 9.260290262229576852e-01
9.639138747406370555e-01 -9.914139015820822021e-02 5.781105962373419560e-01 -1.583440042490995292e-01 -2.701743928961053767e-02 3.629971016080981161e-01 9.178400397219079743e-01
9.685355038319252152e-01 -9.154425131051656395e-02 5.853283408963287915e-01 -1.598404081192611736e-01 -3.022999917511200174e-02 3.821368439650177362e-01 9.096750098615419278e-01
9.718258704078233112e-01 -8.191225195134833881e-02 5.921624983297939515e-01 -1.608457140727492241e-01 -3.266892070092863171e-02 3.993910374891878057e-01 9.019690665748876235e-01
9.754899714247577958e-01 -7.071521940559034880e-02 5.980039913191980139e-01 -1.617236263320312728e-01 -3.413853649684615160e-02 4.149671081177236376e-01 8.946967800278955441e-01
9.790166632843800842e-01 -5.832258513092222763e-02 6.040578470721171822e-01 -1.624783852831530595e-01 -3.435496762823692096e-02 4.280349067661526341e-01 8.883730236250608758e-01
9.845952747017355788e-01 -4.791319358138273338e-02 6.111685009946310476e-01 -1.631145010646517790e-01 -3.318164385623977725e-02 4.375099202908588336e-01 8.836728510600027064e-01
9.946486850280517045e-01 -4.621541465388148695e-02 6.210035835195649723e-01 -1.638349912564314725e-01 -3.052514011820418524e-02 4.450764341792369794e-01 8.798484410391737010e-01
