-4.452462308108806610e-03 9.506114125251770020e-01 -2.659993059933185577e-02
-6.928098388016223907e-03 8.737027645111083984e-01 -1.874535717070102692e-02
-8.235178887844085693e-03 7.958082556724548340e-01 -1.112813130021095276e-02
-9.419204667210578918e-03 7.170968055725097656e-01 -6.323018111288547516e-03
-9.017845615744590759e-03 6.377553343772888184e-01 -1.279573072679340839e-03
-7.374370004981756210e-03 5.579139590263366699e-01 3.083247458562254906e-03
-4.441472236067056656e-03 4.779186546802520752e-01 7.271821144968271255e-03
-8.501276897732168436e-05 3.970791101455688477e-01 1.118829566985368729e-02
5.621841177344322205e-03 3.174030482769012451e-01 1.496518682688474655e-02
1.233693212270736694e-02 2.345890700817108154e-01 1.867126114666461945e-02
2.070617489516735077e-02 1.584597378969192505e-01 2.230808325111865997e-02
2.942229807376861572e-02 6.502954661846160889e-02 2.748677320778369904e-02
3.731342777609825134e-02 2.205906063318252563e-02 2.920453064143657684e-02
4.482395201921463013e-02 4.347829893231391907e-02 2.710181288421154022e-02
5.156797915697097778e-02 4.402419552206993103e-02 2.644453011453151703e-02
5.775304511189460754e-02 5.432613566517829895e-02 2.531288750469684601e-02
6.319470703601837158e-02 6.142801046371459961e-02 2.446698211133480072e-02
6.782944500446319580e-02 7.073240727186203003e-02 2.354599349200725555e-02
7.177806645631790161e-02 8.002326637506484985e-02 2.267814241349697113e-02
7.499698549509048462e-02 9.019536525011062622e-02 2.179865352809429169e-02
7.761470973491668701e-02 1.009334623813629150e-01 2.089292742311954498e-02
7.967843860387802124e-02 1.123726069927215576e-01 2.006655372679233551e-02
8.109225332736968994e-02 1.245849132537841797e-01 1.904072053730487823e-02
8.226435631513595581e-02 1.376074105501174927e-01 1.855156384408473969e-02
8.310052007436752319e-02 1.513523757457733154e-01 1.825806684792041779e-02
8.334805071353912354e-02 1.659383326768875122e-01 1.738711446523666382e-02
8.332443982362747192e-02 1.812919527292251587e-01 1.682620681822299957e-02
8.293667435646057129e-02 1.975571960210800171e-01 1.628215052187442780e-02
8.230107277631759644e-02 2.144562751054763794e-01 1.599972881376743317e-02
8.117896318435668945e-02 2.324642837047576904e-01 1.578578725457191467e-02
7.973637431859970093e-02 2.504492700099945068e-01 1.616752520203590393e-02
7.776974886655807495e-02 2.697551548480987549e-01 1.675079762935638428e-02
7.543133199214935303e-02 2.876907587051391602e-01 1.727171987295150757e-02
7.312427461147308350e-02 3.076052069664001465e-01 1.810383796691894531e-02
7.079052925109863281e-02 3.194703161716461182e-01 1.962741836905479431e-02
6.844598054885864258e-02 3.473174571990966797e-01 2.040470391511917114e-02
6.622470170259475708e-02 3.279994726181030273e-01 2.428429201245307922e-02
6.414181739091873169e-02 2.488556355237960815e-01 3.200171142816543579e-02
6.244667991995811462e-02 1.866828799247741699e-01 3.871360793709754944e-02
6.136964634060859680e-02 1.205933019518852234e-01 4.566090181469917297e-02
6.086296215653419495e-02 4.451311752200126648e-02 5.313636362552642822e-02
6.128463894128799438e-02 1.017395872622728348e-03 5.842587724328041077e-02
6.267102062702178955e-02 3.341113682836294174e-03 6.064081564545631409e-02
6.505836546421051025e-02 -1.090023573487997055e-02 6.359868496656417847e-02
6.853838264942169189e-02 -1.810138300061225891e-02 6.578249484300613403e-02
7.321362942457199097e-02 -3.016700781881809235e-02 6.788693368434906006e-02
7.906893640756607056e-02 -3.729261830449104309e-02 6.929386407136917114e-02
8.608558773994445801e-02 -5.409522354602813721e-02 7.090876996517181396e-02
9.435618668794631958e-02 -4.598417505621910095e-02 7.059893757104873657e-02
1.037235260009765625e-01 -5.653612781316041946e-03 6.796686351299285889e-02
1.143718585371971130e-01 2.358859218657016754e-02 6.572905927896499634e-02
