8.555575460195541382e-02 -3.378170367795974016e-04 3.171516582369804382e-02 -2.493367344141006470e-02 6.406676489859819412e-03 2.162332646548748016e-02 9.994347095489501953e-01
7.604779303073883057e-02 -9.402755647897720337e-03 3.309691324830055237e-02 -2.594641223549842834e-02 7.767250761389732361e-03 2.281112968921661377e-02 9.993728399276733398e-01
6.749270856380462646e-02 -1.167047116905450821e-02 3.203585371375083923e-02 -2.570148743689060211e-02 8.499625138938426971e-03 2.070004679262638092e-02 9.994191527366638184e-01
5.870500206947326660e-02 -1.691387966275215149e-02 2.913739718496799469e-02 -2.528483606874942780e-02 9.356448426842689514e-03 2.158088050782680511e-02 9.994035363197326660e-01
5.061245709657669067e-02 -1.786471344530582428e-02 2.616651169955730438e-02 -2.334723807871341705e-02 8.605641312897205353e-03 1.877549849450588226e-02 9.995140433311462402e-01
4.253400117158889771e-02 -1.943015679717063904e-02 2.203753404319286346e-02 -2.073246054351329803e-02 7.510028313845396042e-03 1.628198847174644470e-02 9.996242523193359375e-01
3.528173267841339111e-02 -1.736606657505035400e-02 1.896187104284763336e-02 -1.851721853017807007e-02 7.207693532109260559e-03 1.342307124286890030e-02 9.997124671936035156e-01
2.806792221963405609e-02 -1.473440323024988174e-02 1.619905047118663788e-02 -1.674518734216690063e-02 7.230865769088268280e-03 1.060573477298021317e-02 9.997773766517639160e-01
2.206688374280929565e-02 -1.146446168422698975e-02 1.195726823061704636e-02 -1.420886814594268799e-02 6.851581390947103500e-03 7.157114334404468536e-03 9.998499751091003418e-01
1.500063389539718628e-02 -9.033514186739921570e-03 8.791365660727024078e-03 -1.188806816935539246e-02 6.751598790287971497e-03 5.144992843270301819e-03 9.998933076858520508e-01
9.122492745518684387e-03 -6.380994338542222977e-03 4.403360653668642044e-03 -8.818099275231361389e-03 -2.596949925646185875e-04 2.154050162062048912e-03 9.999587535858154297e-01
5.059955641627311707e-03 -6.138245807960629463e-04 2.734385197982192039e-03 -5.822440609335899353e-03 -1.384052156936377287e-04 -3.299556847196072340e-04 9.999830126762390137e-01
5.583522375673055649e-03 -8.161182049661874771e-04 3.084260737523436546e-03 -3.445606213063001633e-03 3.530676185619086027e-04 -3.033297602087259293e-03 9.999893903732299805e-01
6.288078147917985916e-03 -1.597825321368873119e-03 3.397579537704586983e-03 -1.572603476233780384e-03 4.953620955348014832e-04 -4.435581155121326447e-03 9.999887943267822266e-01
6.789720151573419571e-03 -2.859296742826700211e-03 3.512661671265959740e-03 6.128956447355449200e-04 6.989197572693228722e-04 -6.206507794559001923e-03 9.999803304672241211e-01
7.307521998882293701e-03 -3.879947355017066002e-03 3.702710149809718132e-03 1.266013947315514088e-03 9.789859177544713020e-04 -7.258925586938858032e-03 9.999723434448242188e-01
7.311664056032896042e-03 -6.179778371006250381e-03 2.693111309781670570e-03 3.227965207770466805e-03 9.945894125849008560e-04 -7.934859022498130798e-03 9.999628067016601562e-01
8.422804996371269226e-03 -5.177393555641174316e-03 4.455174785107374191e-03 3.684319788590073586e-03 1.597096561454236507e-03 -8.591470308601856232e-03 9.999550580978393555e-01
8.428773842751979828e-03 -6.782814394682645798e-03 4.591537173837423325e-03 4.477728158235549927e-03 1.270646578632295132e-03 -8.835867047309875488e-03 9.999501109123229980e-01
8.673567324876785278e-03 -8.096628822386264801e-03 4.484778735786676407e-03 4.973232746124267578e-03 1.145511865615844727e-03 -9.152733720839023590e-03 9.999451041221618652e-01
1.003329548984766006e-02 -7.805515546351671219e-03 4.982393700629472733e-03 5.438538268208503723e-03 1.180972089059650898e-03 -8.612426929175853729e-03 9.999474287033081055e-01
1.116533018648624420e-02 -8.610014803707599640e-03 4.017635714262723923e-03 6.820774171501398087e-03 5.570847424678504467e-04 -8.315981365740299225e-03 9.999420046806335449e-01
1.269706618040800095e-02 -7.382341660559177399e-03 5.640619900077581406e-03 7.117148023098707199e-03 9.162236237898468971e-04 -7.403183728456497192e-03 9.999468326568603516e-01
1.323890313506126404e-02 -9.377666749060153961e-03 4.706979729235172272e-03 7.651956751942634583e-03 3.103706694673746824e-04 -6.237104535102844238e-03 9.999512434005737305e-01
1.397807244211435318e-02 -1.014042273163795471e-02 5.449866410344839096e-03 7.428477052599191666e-03 2.748793631326407194e-04 -4.853144288063049316e-03 9.999606013298034668e-01
1.639639027416706085e-02 -8.201538585126399994e-03 6.342545617371797562e-03 7.218075450509786606e-03 1.339425361948087811e-04 -3.146949689835309982e-03 9.999690055847167969e-01
1.722787693142890930e-02 -1.009101234376430511e-02 5.769524257630109787e-03 6.847519893199205399e-03 -5.284515791572630405e-04 -1.094678766094148159e-03 9.999758005142211914e-01
1.887156441807746887e-02 -9.629173204302787781e-03 6.785159930586814880e-03 6.056296639144420624e-03 -2.939542464446276426e-04 8.895556675270199776e-04 9.999812245368957520e-01
2.030137181282043457e-02 -1.032198593020439148e-02 6.908429786562919617e-03 5.334157962352037430e-03 -4.015730519313365221e-04 4.143759142607450485e-03 9.999771118164062500e-01
2.132852375507354736e-02 -1.008099224418401718e-02 9.494473226368427277e-03 3.376440610736608505e-03 4.259800189174711704e-04 6.981977261602878571e-03 9.999698400497436523e-01
2.214086055755615234e-02 -1.249017938971519470e-02 9.385376237332820892e-03 2.264339709654450417e-03 -7.246495690196752548e-03 9.224541485309600830e-03 9.999286532402038574e-01
2.313004806637763977e-02 -1.330386660993099213e-02 1.095966901630163193e-02 4.739329160656780005e-04 -7.653743028640747070e-03 1.175457891076803207e-02 9.999015331268310547e-01
2.536067366600036621e-02 -1.375957019627094269e-02 9.911451488733291626e-03 -9.307053987868130207e-04 -8.602510206401348114e-03 1.367091853171586990e-02 9.998691082000732422e-01
2.798322401940822601e-02 -1.239478588104248047e-02 9.867535904049873352e-03 -1.761246938258409500e-03 -9.086717851459980011e-03 1.645504124462604523e-02 9.998217821121215820e-01
2.888975851237773895e-02 -1.410505454987287521e-02 9.772045537829399109e-03 -2.662329701706767082e-03 -9.179855696856975555e-03 1.836406439542770386e-02 9.997856616973876953e-01
2.944879233837127686e-02 -1.698803715407848358e-02 9.460985660552978516e-03 -2.861048327758908272e-03 -9.687878191471099854e-03 1.958358474075794220e-02 9.997571706771850586e-01
2.396832779049873352e-02 -1.511195488274097443e-02 7.427209056913852692e-03 -3.514403011649847031e-03 -1.004491746425628662e-02 2.074753679335117340e-02 9.997280836105346680e-01
1.861751824617385864e-02 -1.194808911532163620e-02 6.359638180583715439e-03 -5.029490683227777481e-03 -9.517838247120380402e-03 2.176781371235847473e-02 9.997050762176513672e-01
1.459216047078371048e-02 -8.776190690696239471e-03 1.794443116523325443e-03 -3.777401056140661240e-03 -1.015591248869895935e-02 2.109697088599205017e-02 9.997187256813049316e-01
1.041042990982532501e-02 -5.840022116899490356e-03 2.134778769686818123e-03 -3.751991083845496178e-03 -8.787255734205245972e-03 2.207954414188861847e-02 9.997105598449707031e-01
9.126815944910049438e-03 1.246426603756844997e-03 2.835159655660390854e-03 -3.796463832259178162e-03 -8.489214815199375153e-03 1.950222812592983246e-02 9.997665882110595703e-01
8.010045625269412994e-03 -5.445312708616256714e-03 1.962670823559165001e-03 -3.807574976235628128e-03 -8.375375531613826752e-03 2.213606238365173340e-02 9.997126460075378418e-01
8.999013341963291168e-03 -2.736834809184074402e-03 4.106931388378143311e-03 -3.524872474372386932e-03 -6.248213816434144974e-03 2.179168537259101868e-02 9.997367858886718750e-01
1.063299831002950668e-02 1.825985236791893840e-04 1.870333915576338768e-03 -2.806607168167829514e-03 -6.551145575940608978e-03 1.924186572432518005e-02 9.997894763946533203e-01
1.105608418583869934e-02 -2.623623702675104141e-03 1.432275050319731236e-03 -2.979997079819440842e-03 -5.898416973650455475e-03 1.973355002701282501e-02 9.997834563255310059e-01
1.199882011860609055e-02 2.303953282535076141e-03 1.013771281577646732e-03 -2.193377353250980377e-03 -4.880459047853946686e-03 1.654416695237159729e-02 9.998488426208496094e-01
1.307129207998514175e-02 -7.638830538780894130e-06 1.436481717973947525e-03 -1.809200388379395008e-03 -3.468997310847043991e-03 1.596072688698768616e-02 9.998649358749389648e-01
1.230719592422246933e-02 5.709516815841197968e-03 -4.312589764595031738e-03 -1.510500558651983738e-03 -2.395301824435591698e-03 1.336173433810472488e-02 9.999067187309265137e-01
1.179568748921155930e-02 -7.120560854673385620e-03 -4.439324548002332449e-04 -7.680099224671721458e-04 -8.086545276455581188e-04 1.159302983433008194e-02 9.999321699142456055e-01
8.877172134816646576e-03 -1.095414906740188599e-02 1.372877741232514381e-03 1.747319911373779178e-04 1.321395509876310825e-03 8.834704756736755371e-03 9.999600648880004883e-01
1.612827181816101074e-01 -1.687582954764366150e-02 6.502124667167663574e-02 -4.463180527091026306e-02 1.253997907042503357e-02 3.551310300827026367e-02 9.982933402061462402e-01
1.426421850919723511e-01 -2.262026257812976837e-02 6.670290231704711914e-02 -4.271009191870689392e-02 1.655915752053260803e-02 3.116010874509811401e-02 9.984641671180725098e-01
1.245261803269386292e-01 -4.829561710357666016e-02 5.192168429493904114e-02 -4.310515150427818298e-02 1.449420023709535599e-02 3.913226723670959473e-02 9.981986284255981445e-01
1.087773367762565613e-01 -4.531471803784370422e-02 4.841323941946029663e-02 -4.393495619297027588e-02 1.460543181747198105e-02 3.727471455931663513e-02 9.982319474220275879e-01
9.358646720647811890e-02 -4.029441252350807190e-02 4.504359886050224304e-02 -4.107762873172760010e-02 1.552560646086931229e-02 3.415622562170028687e-02 9.984512925148010254e-01
7.908022403717041016e-02 -3.398127853870391846e-02 4.102486371994018555e-02 -3.814820945262908936e-02 1.460319943726062775e-02 2.864407747983932495e-02 9.987547397613525391e-01
6.614573299884796143e-02 -2.588120661675930023e-02 3.515218198299407959e-02 -3.374683484435081482e-02 1.564638875424861908e-02 2.340747416019439697e-02 9.990337491035461426e-01
5.376031249761581421e-02 -1.710551418364048004e-02 2.844277769327163696e-02 -2.853869460523128510e-02 1.525952015072107315e-02 1.553010102361440659e-02 9.993555545806884766e-01
3.984749689698219299e-02 -1.468741521239280701e-02 2.049232088029384613e-02 -2.414278499782085419e-02 1.282355654984712601e-02 1.038509514182806015e-02 9.995723366737365723e-01
2.588159404695034027e-02 -1.099355332553386688e-02 1.405674125999212265e-02 -2.000006660819053650e-02 6.453076843172311783e-03 6.512226071208715439e-03 9.997579455375671387e-01
1.403477787971496582e-02 -6.400965154170989990e-03 6.821985356509685516e-03 -1.524385530501604080e-02 -2.479509566910564899e-04 9.753300691954791546e-04 9.998832941055297852e-01
1.070023234933614731e-02 -1.760584884323179722e-03 5.594382993876934052e-03 -9.136075153946876526e-03 9.163141658063977957e-05 -4.536316730082035065e-03 9.999479651451110840e-01
1.144917495548725128e-02 -2.798214554786682129e-03 7.067471742630004883e-03 -5.960116628557443619e-03 8.468880550935864449e-04 -7.934403605759143829e-03 9.999504089355468750e-01
1.291041169315576553e-02 -4.636981524527072906e-03 7.171072065830230713e-03 -1.723953755572438240e-03 1.090813777409493923e-03 -1.125774625688791275e-02 9.999345541000366211e-01
1.439050957560539246e-02 -6.002092268317937851e-03 7.308607921004295349e-03 1.135823666118085384e-03 1.245181192643940449e-03 -1.399799808859825134e-02 9.999005794525146484e-01
1.485670823603868484e-02 -1.020306441932916641e-02 6.028100848197937012e-03 4.559965338557958603e-03 1.704506808891892433e-03 -1.583539322018623352e-02 9.998627901077270508e-01
1.574895903468132019e-02 -1.209654007107019424e-02 6.132528651505708694e-03 6.700224708765745163e-03 2.209705766290426254e-03 -1.676180399954319000e-02 9.998345971107482910e-01
1.642671227455139160e-02 -1.341493334621191025e-02 7.783541921526193619e-03 8.937153033912181854e-03 2.575817052274942398e-03 -1.762186177074909210e-02 9.998014569282531738e-01
1.764271408319473267e-02 -1.431084610521793365e-02 8.990802802145481110e-03 1.022350415587425232e-02 2.591972239315509796e-03 -1.856323890388011932e-02 9.997720718383789062e-01
1.940349303185939789e-02 -1.537050213664770126e-02 8.978217840194702148e-03 1.155255362391471863e-02 2.510169055312871933e-03 -1.872421056032180786e-02 9.997547864913940430e-01
2.079975418746471405e-02 -1.661812141537666321e-02 9.618734009563922882e-03 1.263763196766376495e-02 1.952104270458221436e-03 -1.760865375399589539e-02 9.997631907463073730e-01
2.372803352773189545e-02 -1.533962413668632507e-02 1.118148677051067352e-02 1.343773491680622101e-02 2.142102224752306938e-03 -1.617106981575489044e-02 9.997766613960266113e-01
2.587979659438133240e-02 -1.663949340581893921e-02 1.083444803953170776e-02 1.420583669096231461e-02 1.605736906640231609e-03 -1.391130406409502029e-02 9.998010396957397461e-01
2.793688699603080750e-02 -1.877001114189624786e-02 9.581183083355426788e-03 1.495786476880311966e-02 4.921567160636186600e-04 -1.101177278906106949e-02 9.998273849487304688e-01
3.140290081501007080e-02 -1.641236618161201477e-02 1.227977219969034195e-02 1.397551037371158600e-02 2.679801546037197113e-04 -8.243933320045471191e-03 9.998683333396911621e-01
3.442905470728874207e-02 -1.614675484597682953e-02 1.295961160212755203e-02 1.373933162540197372e-02 -1.599141978658735752e-04 -4.597165621817111969e-03 9.998950362205505371e-01
3.597894310951232910e-02 -2.016177587211132050e-02 1.224459335207939148e-02 1.316246110945940018e-02 -1.410059980116784573e-03 -1.024647033773362637e-03 9.999118447303771973e-01
3.957177698612213135e-02 -1.793011091649532318e-02 1.523847039788961411e-02 1.118793711066246033e-02 3.197165497113019228e-04 4.424885381013154984e-03 9.999275803565979004e-01
4.224823042750358582e-02 -1.769573055207729340e-02 1.802403107285499573e-02 8.936624974012374878e-03 4.038310435134917498e-04 9.363869205117225647e-03 9.999161362648010254e-01
4.400939494371414185e-02 -2.173786424100399017e-02 1.868802495300769806e-02 5.972418002784252167e-03 -6.960475817322731018e-03 1.448163297027349472e-02 9.998530745506286621e-01
4.753879457712173462e-02 -2.407117374241352081e-02 1.702295616269111633e-02 3.374557476490736008e-03 -1.507577579468488693e-02 1.859323494136333466e-02 9.997077584266662598e-01
4.914630949497222900e-02 -2.789425663650035858e-02 1.813636533915996552e-02 6.767529994249343872e-04 -1.617966219782829285e-02 2.369792945683002472e-02 9.995880126953125000e-01
5.344399809837341309e-02 -2.755747176706790924e-02 1.762719824910163879e-02 -1.644437666982412338e-03 -1.754467375576496124e-02 2.807990461587905884e-02 9.994503259658813477e-01
5.618646740913391113e-02 -2.900598570704460144e-02 1.804272644221782684e-02 -2.772880718111991882e-03 -1.738972030580043793e-02 3.114094026386737823e-02 9.993598461151123047e-01
5.854906141757965088e-02 -3.180919960141181946e-02 1.748565025627613068e-02 -3.477265127003192902e-03 -1.839379779994487762e-02 3.336226195096969604e-02 9.992679953575134277e-01
5.351167544722557068e-02 -3.179026395082473755e-02 1.712629757821559906e-02 -5.166445858776569366e-03 -1.817504502832889557e-02 3.506091982126235962e-02 9.992065429687500000e-01
4.184888675808906555e-02 -2.760582044720649719e-02 1.472912449389696121e-02 -8.119703270494937897e-03 -1.839666627347469330e-02 3.873884305357933044e-02 9.990470409393310547e-01
3.256227076053619385e-02 -2.173108235001564026e-02 8.259635418653488159e-03 -7.449072320014238358e-03 -1.909244991838932037e-02 3.963507339358329773e-02 9.990040063858032227e-01
2.801244333386421204e-02 -5.749371368438005447e-03 4.109807778149843216e-03 -5.856591276824474335e-03 -1.936465501785278320e-02 3.245375677943229675e-02 9.992684721946716309e-01
1.979095675051212311e-02 -3.276854287832975388e-03 5.234615877270698547e-03 -7.243403233587741852e-03 -1.647313870489597321e-02 3.800423443317413330e-02 9.991155266761779785e-01
1.776621863245964050e-02 -2.725973958149552345e-03 7.533468771725893021e-03 -7.285797968506813049e-03 -1.467243209481239319e-02 4.153770953416824341e-02 9.990026354789733887e-01
1.924066245555877686e-02 -2.641987055540084839e-03 5.290584173053503036e-03 -6.698553450405597687e-03 -1.572569645941257477e-02 3.966386243700981140e-02 9.990668892860412598e-01
1.904024928808212280e-02 1.844352227635681629e-03 8.762682788074016571e-03 -6.400445941835641861e-03 -1.182403601706027985e-02 3.806879371404647827e-02 9.991846680641174316e-01
2.191922068595886230e-02 1.474733930081129074e-03 3.427246119827032089e-03 -6.792732980102300644e-03 -1.318993326276540756e-02 3.568749874830245972e-02 9.992528557777404785e-01
2.323210239410400391e-02 -1.899068302009254694e-04 4.667601548135280609e-03 -5.576953757554292679e-03 -1.041083969175815582e-02 3.444015607237815857e-02 9.993369579315185547e-01
2.433698438107967377e-02 6.978890858590602875e-03 2.021024702116847038e-03 -4.281148314476013184e-03 -8.620883338153362274e-03 3.061881102621555328e-02 9.994847774505615234e-01
2.662766352295875549e-02 9.345418657176196575e-04 6.270090118050575256e-03 -3.204278880730271339e-03 -4.662126302719116211e-03 2.847034111618995667e-02 9.995786547660827637e-01
2.744667977094650269e-02 -4.137734358664602041e-04 4.632260650396347046e-03 -1.658903551287949085e-03 -2.086139051243662834e-03 2.231971919536590576e-02 9.997473359107971191e-01
1.943198032677173615e-02 -1.920846477150917053e-02 4.782658070325851440e-03 -4.767820937559008598e-04 1.987072871997952461e-03 2.088513225317001343e-02 9.997798204421997070e-01
