-4.452462308108806610e-03 9.506114125251770020e-01 -2.659993059933185577e-02
-1.113192178308963776e-02 8.748388290405273438e-01 -2.076844125986099243e-02
-1.651910506188869476e-02 7.980533242225646973e-01 -1.512565463781356812e-02
-2.167411521077156067e-02 7.204254865646362305e-01 -1.224417611956596375e-02
-2.514791302382946014e-02 6.421433091163635254e-01 -9.068622253835201263e-03
-2.727664634585380554e-02 5.633369088172912598e-01 -6.522494833916425705e-03
-2.800484374165534973e-02 4.843528866767883301e-01 -4.102997947484254837e-03
-2.718931622803211212e-02 4.045021831989288330e-01 -1.909337006509304047e-03
-2.489424124360084534e-02 3.257943987846374512e-01 1.914298918563872576e-04
-2.146016433835029602e-02 2.439290285110473633e-01 2.270859898999333382e-03
-1.624718494713306427e-02 1.687278896570205688e-01 4.332044627517461777e-03
-1.056783646345138550e-02 7.620288431644439697e-02 7.988970726728439331e-03
-5.591818597167730331e-03 3.410927951335906982e-02 8.239963091909885406e-03
-8.720769546926021576e-04 5.637406185269355774e-02 4.723666701465845108e-03
3.205952933058142662e-03 5.773354321718215942e-02 2.704151207581162453e-03
6.847541313618421555e-03 6.881552189588546753e-02 2.612989628687500954e-04
9.864667430520057678e-03 7.666400074958801270e-02 -1.845118356868624687e-03
1.218722201883792877e-02 8.668156713247299194e-02 -3.976021427661180496e-03
1.393487676978111267e-02 9.665285795927047729e-02 -6.005895324051380157e-03
1.506165787577629089e-02 1.074737235903739929e-01 -8.002243936061859131e-03
1.569289341568946838e-02 1.188302189111709595e-01 -9.981034323573112488e-03
1.587295159697532654e-02 1.308588385581970215e-01 -1.183689758181571960e-02
1.550445146858692169e-02 1.436332315206527710e-01 -1.384842954576015472e-02
1.499444805085659027e-02 1.571918129920959473e-01 -1.527957990765571594e-02
1.424260903149843216e-02 1.714491695165634155e-01 -1.646957546472549438e-02
1.299414783716201782e-02 1.865256279706954956e-01 -1.819142326712608337e-02
1.156705897301435471e-02 2.023491114377975464e-01 -1.955765485763549805e-02
9.862480685114860535e-03 2.190660387277603149e-01 -2.086049132049083710e-02
7.993344217538833618e-03 2.364004701375961304e-01 -2.185557037591934204e-02
5.720872897654771805e-03 2.548289299011230469e-01 -2.273830026388168335e-02
3.207197180017828941e-03 2.732211947441101074e-01 -2.298363484442234039e-02
2.413392066955566406e-04 2.929235100746154785e-01 -2.298405021429061890e-02
-3.030516672879457474e-03 3.112466633319854736e-01 -2.300324104726314545e-02
-6.208149716258049011e-03 3.315416276454925537e-01 -2.266685850918292999e-02
-9.348813444375991821e-03 3.437819778919219971e-01 -2.159382775425910950e-02
-1.243938878178596497e-02 3.720007538795471191e-01 -2.122234180569648743e-02
-1.535075716674327850e-02 3.530519306659698486e-01 -1.770614460110664368e-02
-1.807357929646968842e-02 2.742736935615539551e-01 -1.031463313847780228e-02
-2.036083862185478210e-02 2.124641537666320801e-01 -3.892909269779920578e-03
-2.198234759271144867e-02 1.467288583517074585e-01 2.803059294819831848e-03
-2.298752963542938232e-02 7.098489254713058472e-02 1.006283424794673920e-02
-2.301103621721267700e-02 2.780326083302497864e-02 1.516578532755374908e-02
-2.202340215444564819e-02 3.040789999067783356e-02 1.722091622650623322e-02
-1.998458057641983032e-02 1.641509123146533966e-02 2.004164271056652069e-02
-1.679792068898677826e-02 9.430615231394767761e-03 2.211204543709754944e-02
-1.236185990273952484e-02 -2.456124406307935715e-03 2.412885054945945740e-02
-6.684506312012672424e-03 -9.435485117137432098e-03 2.547308802604675293e-02
2.182764001190662384e-04 -2.612886764109134674e-02 2.704643271863460541e-02
8.439227938652038574e-03 -1.794507913291454315e-02 2.671609073877334595e-02
1.779769919812679291e-02 2.241194620728492737e-02 2.407924085855484009e-02
2.844669111073017120e-02 5.165366828441619873e-02 2.184190601110458374e-02
