2.616429710388183594e+01 -2.226403045654296875e+01 -9.312875270843505859e-01 -9.828075766563415527e-02 1.950348913669586182e-01 7.394629120826721191e-01 6.367863416671752930e-01
2.616371154785156250e+01 -2.217280960083007812e+01 -9.335777759552001953e-01 -1.150443181395530701e-01 1.832592189311981201e-01 7.594124078750610352e-01 6.135741472244262695e-01
2.616242980957031250e+01 -2.208921241760253906e+01 -9.351603388786315918e-01 -1.317156553268432617e-01 1.714168041944503784e-01 7.774057388305664062e-01 5.906830430030822754e-01
2.616047859191894531e+01 -2.201332473754882812e+01 -9.362962245941162109e-01 -1.481155902147293091e-01 1.596851944923400879e-01 7.933979034423828125e-01 5.684009790420532227e-01
2.615798187255859375e+01 -2.194522857666015625e+01 -9.370599389076232910e-01 -1.640767604112625122e-01 1.482433974742889404e-01 8.073759675025939941e-01 5.470307469367980957e-01
2.615509223937988281e+01 -2.188497543334960938e+01 -9.374832510948181152e-01 -1.794431209564208984e-01 1.372693926095962524e-01 8.193559050559997559e-01 5.268845558166503906e-01
2.615195083618164062e+01 -2.183260917663574219e+01 -9.376000761985778809e-01 -1.940719932317733765e-01 1.269402652978897095e-01 8.293763995170593262e-01 5.082810521125793457e-01
2.614871215820312500e+01 -2.178815841674804688e+01 -9.374325275421142578e-01 -2.078254967927932739e-01 1.174262836575508118e-01 8.374949693679809570e-01 4.915414154529571533e-01
2.614552307128906250e+01 -2.175166702270507812e+01 -9.369951486587524414e-01 -2.205988466739654541e-01 1.089066714048385620e-01 8.437739014625549316e-01 4.769810438156127930e-01
2.614252281188964844e+01 -2.172311401367187500e+01 -9.362972974777221680e-01 -2.322074919939041138e-01 1.015075072646141052e-01 8.482975959777832031e-01 4.649251699447631836e-01
2.613984489440917969e+01 -2.170258903503417969e+01 -9.353419542312622070e-01 -2.427971661090850830e-01 9.553112089633941650e-02 8.510640263557434082e-01 4.556319415569305420e-01
2.613764190673828125e+01 -2.169001388549804688e+01 -9.340677261352539062e-01 -2.468548268079757690e-01 8.807574957609176636e-02 8.535136580467224121e-01 4.503399133682250977e-01
2.613586807250976562e+01 -2.168557739257812500e+01 -9.324638247489929199e-01 -2.498871237039566040e-01 8.211380988359451294e-02 8.544835448265075684e-01 4.479472041130065918e-01
2.613449287414550781e+01 -2.168077087402343750e+01 -9.310607314109802246e-01 -2.523174583911895752e-01 7.769186049699783325e-02 8.541030287742614746e-01 4.480980932712554932e-01
2.613345718383789062e+01 -2.167511940002441406e+01 -9.298701882362365723e-01 -2.541536390781402588e-01 7.464511692523956299e-02 8.525704145431518555e-01 4.504895210266113281e-01
2.613271903991699219e+01 -2.166870307922363281e+01 -9.288657307624816895e-01 -2.554767131805419922e-01 7.286838442087173462e-02 8.500403165817260742e-01 4.547913670539855957e-01
2.613223075866699219e+01 -2.166138839721679688e+01 -9.280431270599365234e-01 -2.563185393810272217e-01 7.224462926387786865e-02 8.466651439666748047e-01 4.606736004352569580e-01
2.613191986083984375e+01 -2.165315055847167969e+01 -9.273946285247802734e-01 -2.567019164562225342e-01 7.266435027122497559e-02 8.425926566123962402e-01 4.678041338920593262e-01
2.613173103332519531e+01 -2.164391517639160156e+01 -9.269124865531921387e-01 -2.566371560096740723e-01 7.401938736438751221e-02 8.379737138748168945e-01 4.758534133434295654e-01
2.613160514831542969e+01 -2.163363265991210938e+01 -9.265949130058288574e-01 -2.561287283897399902e-01 7.620377093553543091e-02 8.329647779464721680e-01 4.844971001148223877e-01
2.613148498535156250e+01 -2.162223815917968750e+01 -9.264349937438964844e-01 -2.551799118518829346e-01 7.911166548728942871e-02 8.277313113212585449e-01 4.934175014495849609e-01
2.613133049011230469e+01 -2.160966491699218750e+01 -9.264334440231323242e-01 -2.537966072559356689e-01 8.263874799013137817e-02 8.224477171897888184e-01 5.023065805435180664e-01
2.613109779357910156e+01 -2.159584808349609375e+01 -9.265867471694946289e-01 -2.519916594028472900e-01 8.667967468500137329e-02 8.172982931137084961e-01 5.108648538589477539e-01
2.613074302673339844e+01 -2.158070945739746094e+01 -9.268921613693237305e-01 -2.497874498367309570e-01 9.112946689128875732e-02 8.124755620956420898e-01 5.188032984733581543e-01
2.613026237487792969e+01 -2.156418037414550781e+01 -9.272747039794921875e-01 -2.472189664840698242e-01 9.588353335857391357e-02 8.081775903701782227e-01 5.258414149284362793e-01
2.612961769104003906e+01 -2.154617500305175781e+01 -9.277845025062561035e-01 -2.443357855081558228e-01 1.008367836475372314e-01 8.046058416366577148e-01 5.317064523696899414e-01
2.612877655029296875e+01 -2.152662658691406250e+01 -9.284124374389648438e-01 -2.412062138319015503e-01 1.058850735425949097e-01 8.019604682922363281e-01 5.361315608024597168e-01
2.612771987915039062e+01 -2.150544738769531250e+01 -9.291487336158752441e-01 -2.379092723131179810e-01 1.109187081456184387e-01 8.004382252693176270e-01 5.388545393943786621e-01
2.612643241882324219e+01 -2.148256111145019531e+01 -9.299722909927368164e-01 -2.345684617757797241e-01 1.158414855599403381e-01 8.002187013626098633e-01 5.396085381507873535e-01
2.612489128112792969e+01 -2.145788574218750000e+01 -9.308630824089050293e-01 -2.312308996915817261e-01 1.204878911375999451e-01 8.014898896217346191e-01 5.381433963775634766e-01
2.612305831909179688e+01 -2.143135452270507812e+01 -9.317928552627563477e-01 -2.283168137073516846e-01 1.249195188283920288e-01 8.043258786201477051e-01 5.341314077377319336e-01
2.612091636657714844e+01 -2.140294647216796875e+01 -9.326993227005004883e-01 -2.197898328304290771e-01 1.248997673392295837e-01 8.103667497634887695e-01 5.285532474517822266e-01
2.611841583251953125e+01 -2.137257766723632812e+01 -9.335978031158447266e-01 -2.106183618307113647e-01 1.238912716507911682e-01 8.181650638580322266e-01 5.204491019248962402e-01
2.611556053161621094e+01 -2.134036064147949219e+01 -9.344545006752014160e-01 -2.011685669422149658e-01 1.221817880868911743e-01 8.273482918739318848e-01 5.099695324897766113e-01
2.611235237121582031e+01 -2.130633735656738281e+01 -9.352366328239440918e-01 -1.914415508508682251e-01 1.198076009750366211e-01 8.376272916793823242e-01 4.973416924476623535e-01
2.610880851745605469e+01 -2.127072715759277344e+01 -9.359039068222045898e-01 -1.815395802259445190e-01 1.168732196092605591e-01 8.486935496330261230e-01 4.827792346477508545e-01
2.610493850708007812e+01 -2.123329925537109375e+01 -9.364483356475830078e-01 -1.715429872274398804e-01 1.134683191776275635e-01 8.602543473243713379e-01 4.665119647979736328e-01
2.610076713562011719e+01 -2.120205688476562500e+01 -9.363573193550109863e-01 -1.615443229675292969e-01 1.096902489662170410e-01 8.720317482948303223e-01 4.487819969654083252e-01
2.609632301330566406e+01 -2.117746734619140625e+01 -9.355893731117248535e-01 -1.516402065753936768e-01 1.056387424468994141e-01 8.837703466415405273e-01 4.298476874828338623e-01
2.609167098999023438e+01 -2.115952491760253906e+01 -9.341392517089843750e-01 -1.419340521097183228e-01 1.014176681637763977e-01 8.952404260635375977e-01 4.099836647510528564e-01
2.608687019348144531e+01 -2.114827728271484375e+01 -9.320100545883178711e-01 -1.325352340936660767e-01 9.713477641344070435e-02 9.062423706054687500e-01 3.894826471805572510e-01
2.608200645446777344e+01 -2.114402389526367188e+01 -9.291901588439941406e-01 -1.235583946108818054e-01 9.290081262588500977e-02 9.166091680526733398e-01 3.686507344245910645e-01
2.607718276977539062e+01 -2.114082717895507812e+01 -9.260658621788024902e-01 -1.151228845119476318e-01 8.882953226566314697e-02 9.262062311172485352e-01 3.478090167045593262e-01
2.607249832153320312e+01 -2.113844680786132812e+01 -9.226774573326110840e-01 -1.073523387312889099e-01 8.503718674182891846e-02 9.349327087402343750e-01 3.272894322872161865e-01
2.606807327270507812e+01 -2.113703536987304688e+01 -9.190447330474853516e-01 -1.003733575344085693e-01 8.164177834987640381e-02 9.427185058593750000e-01 3.074329197406768799e-01
2.606401824951171875e+01 -2.113657188415527344e+01 -9.152033925056457520e-01 -9.431503713130950928e-02 7.876261323690414429e-02 9.495224356651306152e-01 2.885858118534088135e-01
2.606046676635742188e+01 -2.113713073730468750e+01 -9.111838340759277344e-01 -8.930832892656326294e-02 7.651978731155395508e-02 9.553264379501342773e-01 2.710970342159271240e-01
2.605753898620605469e+01 -2.113864898681640625e+01 -9.070327281951904297e-01 -8.548475801944732666e-02 7.503395527601242065e-02 9.601297974586486816e-01 2.553164064884185791e-01
2.605536842346191406e+01 -2.114131355285644531e+01 -9.027729034423828125e-01 -8.297659456729888916e-02 7.442592829465866089e-02 9.639411568641662598e-01 2.415911257266998291e-01
2.605407142639160156e+01 -2.114086532592773438e+01 -8.987057209014892578e-01 -8.191567659378051758e-02 7.481651753187179565e-02 9.667696356773376465e-01 2.302640378475189209e-01
2.605378150939941406e+01 -2.113710784912109375e+01 -8.948705792427062988e-01 -8.243359625339508057e-02 7.632673531770706177e-02 9.686139822006225586e-01 2.216718345880508423e-01
