0.000000000000000000e+00 0.000000000000000000e+00 0.000000000000000000e+00 0.000000000000000000e+00 0.000000000000000000e+00 0.000000000000000000e+00 1.000000000000000000e+00
8.466719835996627808e-02 -4.995063412934541702e-03 3.364920243620872498e-02 -2.687064997387170542e-02 6.460936888208528885e-03 2.548918163522874078e-02 9.992930131268179528e-01
1.607497883468272937e-01 -1.214288421856885014e-02 6.722648188516194834e-02 -5.395611191200037210e-02 1.391817794346721614e-02 5.107812361103138826e-02 9.971389309411451407e-01
2.302405607381727282e-01 -1.528900528489265422e-02 9.687264943874067391e-02 -8.018704293735237632e-02 2.134192149893210030e-02 7.426439935418452376e-02 9.937803376603197014e-01
2.920756301759588336e-01 -1.947501777111659838e-02 1.240801008564032248e-01 -1.056865384598269647e-01 2.954496055396231904e-02 9.729739390878383576e-02 9.891868721494453398e-01
3.465311192411253960e-01 -2.252755186478929555e-02 1.483851738460566227e-01 -1.292609196638200009e-01 3.701241369544198273e-02 1.172932939770643807e-01 9.839532402853861104e-01
3.937997498459430146e-01 -2.567822068002253294e-02 1.690751364754658481e-01 -1.503881012805183548e-01 4.356939337784609956e-02 1.346682215794676174e-01 9.784424342037452149e-01
4.337766812593899513e-01 -2.737970733819952707e-02 1.865360397454081665e-01 -1.694288569390353938e-01 4.970577360230390984e-02 1.489446377364950225e-01 9.729535926222138142e-01
4.660417523040857879e-01 -2.795782999049598386e-02 2.015677068962384577e-01 -1.866890948303989994e-01 5.576961836799587680e-02 1.604488025561551234e-01 9.676224022297078564e-01
4.912385384671215660e-01 -2.790078207432632879e-02 2.128138710052036586e-01 -2.016901336885541518e-01 6.131870463194501186e-02 1.682585982917005063e-01 9.629382900974836623e-01
5.089213933389883371e-01 -2.809734911474570315e-02 2.212512596828256906e-01 -2.145054034659550357e-01 6.672143716262877999e-02 1.735897175457201957e-01 9.588546770336255909e-01
5.199527145157899488e-01 -2.895261262566982755e-02 2.258234615362146036e-01 -2.232815645867090859e-01 6.512070443022070776e-02 1.771199342428042001e-01 9.563122741364600277e-01
5.251913564779865373e-01 -2.764355516492179171e-02 2.278970563357698154e-01 -2.292715182625875148e-01 6.390520665773767595e-02 1.778868592393564874e-01 9.548334728032722429e-01
5.308446799802567506e-01 -2.633981274029156480e-02 2.306709752136153480e-01 -2.334231218358346627e-01 6.302639511616181522e-02 1.758131281591624462e-01 9.542699113342957284e-01
5.374625687170490052e-01 -2.527094423792797945e-02 2.336201429104750871e-01 -2.356362091181166962e-01 6.225296823484907649e-02 1.721095339898389143e-01 9.544519124650515662e-01
5.450349791996189630e-01 -2.578521663751743784e-02 2.366216079507006409e-01 -2.357795454479388320e-01 6.171791109302642020e-02 1.666210393716958393e-01 9.554246881033440220e-01
5.533240112330901628e-01 -2.598946764009669660e-02 2.402841412130896914e-01 -2.353870804230016600e-01 6.129114363711405528e-02 1.598555879526694090e-01 9.567039819515211763e-01
5.623046511128866332e-01 -2.801518210913237286e-02 2.440454625136207201e-01 -2.331054517947269977e-01 6.095774757073196132e-02 1.521065488415439260e-01 9.585455644643056106e-01
5.720527967539188463e-01 -2.867691794894034613e-02 2.487500781012851603e-01 -2.304022066520159118e-01 6.121229988272637590e-02 1.435654041627670019e-01 9.604982312532023281e-01
5.822967984735012426e-01 -3.050826450217559646e-02 2.542126428399706928e-01 -2.267754443871849990e-01 6.109370450638222649e-02 1.345854081570767857e-01 9.626667258214935963e-01
5.931823273321940038e-01 -3.339016338461284900e-02 2.600521071094703540e-01 -2.225669123070252164e-01 6.089413167529016818e-02 1.251184498122323852e-01 9.649358775536399646e-01
6.051819408044027959e-01 -3.584943086182072747e-02 2.660835759934843670e-01 -2.177572946481684257e-01 6.091577509401365637e-02 1.160677405696559777e-01 9.671604357971128607e-01
6.184033640675087318e-01 -3.933430113911819126e-02 2.713739453748780228e-01 -2.114625531515499923e-01 6.062933067290706551e-02 1.073330208707755501e-01 9.695809896586963239e-01
6.327985634261552583e-01 -4.115538454769560039e-02 2.774561246376314738e-01 -2.049447608568636114e-01 6.073381635712620658e-02 9.929924041866998452e-02 9.718275101067560540e-01
6.480817585629812250e-01 -4.469743269281296894e-02 2.837205280083276437e-01 -1.979448025305305392e-01 6.087081019173171820e-02 9.241343363419447787e-02 9.739467936708298135e-01
6.642683695574712610e-01 -4.858567480690574591e-02 2.908473042062907910e-01 -1.909888172285909291e-01 6.112774077235209186e-02 8.710603126453117517e-02 9.758069534078114282e-01
6.822513762388341396e-01 -5.040625529190380372e-02 2.978922759648618412e-01 -1.842092760548198482e-01 6.157493130460973962e-02 8.363076744800072848e-02 9.773849626356291287e-01
7.015050914816278738e-01 -5.361574888854072490e-02 3.050273506492603426e-01 -1.775644447464967135e-01 6.167726622645026274e-02 8.225611309621609635e-02 9.787240237426494405e-01
7.222227650237504903e-01 -5.610664679950343181e-02 3.127389478363594155e-01 -1.715439431399214953e-01 6.233309079405396913e-02 8.297767391352527111e-02 9.796948336068574958e-01
7.444181362846108430e-01 -5.888142735732305316e-02 3.208679997031159692e-01 -1.660371322426678620e-01 6.328277738774716610e-02 8.704213712594401076e-02 9.802298848572572609e-01
7.677889934165627039e-01 -6.077392961372721919e-02 3.307117179789933470e-01 -1.621914366230092219e-01 6.505938932037197420e-02 9.403642796201183707e-02 9.801114038534446404e-01
7.924591119350536950e-01 -6.318200065113996344e-02 3.416613304780384830e-01 -1.583194733902840434e-01 5.936317699156723471e-02 1.046010497527541661e-01 9.800354983129503372e-01
8.183856259853206083e-01 -6.514845843777933299e-02 3.541535410715089260e-01 -1.559284235947303865e-01 5.321804302563678396e-02 1.179700003318697316e-01 9.792534123675457058e-01
8.464179251310758323e-01 -6.624828399060295192e-02 3.661413265390235372e-01 -1.548065970567789607e-01 4.642209788734952963e-02 1.335856164107230848e-01 9.777703152702093004e-01
8.766631759800379564e-01 -6.586405230656276755e-02 3.770563123549632856e-01 -1.539878699604142198e-01 3.932667660449505609e-02 1.524991356509986518e-01 9.754410089995182442e-01
9.082308066837816440e-01 -6.575036721376043003e-02 3.885687108364469511e-01 -1.539293706198184009e-01 3.222471969936407943e-02 1.732995197641305773e-01 9.722317587645478154e-01
9.413017707702875381e-01 -6.704927089830940712e-02 4.008144936068748776e-01 -1.539988998120412900e-01 2.469110864356669280e-02 1.952714435111675972e-01 9.682684293932634079e-01
9.687902259243018621e-01 -6.779596744411874043e-02 4.109062041313866209e-01 -1.545146984372999521e-01 1.661490060416469933e-02 2.186136721148017048e-01 9.633572626026264407e-01
9.901859803500920876e-01 -6.731430072233755835e-02 4.193798930820000770e-01 -1.563243378161417174e-01 8.796161905949576032e-03 2.429543532617767787e-01 9.573183959233316775e-01
1.006751020114224904e+00 -6.669725588821294460e-02 4.236684160946178057e-01 -1.574967314511113714e-01 1.081956593450982603e-03 2.669365466614864735e-01 9.507567980343798464e-01
1.018010066558567184e+00 -6.516060567908946166e-02 4.279007608589682210e-01 -1.595645857963774172e-01 -5.205697701437163143e-03 2.919284620426068622e-01 9.430216417031530574e-01
1.024572492685357661e+00 -5.859765601286791303e-02 4.304993665989790275e-01 -1.610891738894132397e-01 -1.140440121598149635e-02 3.142778176427644121e-01 9.354943458013162960e-01
1.033533616621389761e+00 -5.674938817706497857e-02 4.342338663600320836e-01 -1.620901088267338863e-01 -1.731139116445286688e-02 3.384931760830255931e-01 9.267413242656845629e-01
1.040731278789007730e+00 -5.103118601418628331e-02 4.387984266251347965e-01 -1.636549104255097808e-01 -2.118946072081071691e-02 3.616442119114997022e-01 9.175955214793117820e-01
1.047266231333348951e+00 -4.278126764409345695e-02 4.412120062509888863e-01 -1.642567625945824117e-01 -2.518055750722535124e-02 3.820549456187748993e-01 9.090762751242643658e-01
1.055895691760263766e+00 -3.584761541890921221e-02 4.441494700343813218e-01 -1.652318357826882411e-01 -2.851573774549665680e-02 4.025807820676105542e-01 8.998966646535278002e-01
1.060960380212612408e+00 -2.490101628506680154e-02 4.463468601934580393e-01 -1.658324529763041399e-01 -3.088275225189860210e-02 4.196005787671762133e-01 8.918975319236287502e-01
1.067336100225087847e+00 -1.361615570117251026e-02 4.485659404131440153e-01 -1.665192484633484515e-01 -3.213835313104447533e-02 4.354366931032456756e-01 8.841003067800259352e-01
1.071181055045429709e+00 5.212623799765066235e-05 4.475371236012353204e-01 -1.673212923604839031e-01 -3.242309988168270291e-02 4.486266112888073199e-01 8.773177824257305524e-01
1.082782113793855139e+00 6.987168932191208971e-03 4.502497483738807094e-01 -1.680395241667887174e-01 -3.148639834119783959e-02 4.594897517835225265e-01 8.715735729376009600e-01
1.095905670873938309e+00 9.244382948504697300e-03 4.550829286220156034e-01 -1.688095446629475638e-01 -2.875237580171098942e-02 4.675582294255377636e-01 8.672173548845190094e-01
