0.000000000000000000e+00 0.000000000000000000e+00 0.000000000000000000e+00 -2.198558175792175717e-13 6.108446214125873297e-12 8.517834874932628253e-13 1.000000119209289551e+00
8.755755424499511719e-02 5.654338747262954712e-04 2.608088590204715729e-02 -2.217815443873405457e-02 4.784722346812486649e-03 1.700354926288127899e-02 9.995980262756347656e-01
1.656055599451065063e-01 -2.417874056845903397e-03 5.693453550338745117e-02 -4.417851194739341736e-02 1.141772232949733734e-02 3.292161971330642700e-02 9.984158277511596680e-01
2.356557846069335938e-01 -8.054967969655990601e-03 8.584615588188171387e-02 -6.547706574201583862e-02 1.875422336161136627e-02 4.824835434556007385e-02 9.965104460716247559e-01
2.976192831993103027e-01 -2.056666463613510132e-02 1.126008182764053345e-01 -8.760306239128112793e-02 2.646865323185920715e-02 6.640747189521789551e-02 9.935870766639709473e-01
3.522004187107086182e-01 -2.812678925693035126e-02 1.380980908870697021e-01 -1.084259524941444397e-01 3.410934284329414368e-02 8.166169375181198120e-02 9.901575446128845215e-01
3.993752002716064453e-01 -3.541494160890579224e-02 1.610548198223114014e-01 -1.274059861898422241e-01 4.139353707432746887e-02 9.538543224334716797e-02 9.863853454589843750e-01
4.397038221359252930e-01 -3.993938863277435303e-02 1.808255612850189209e-01 -1.447227150201797485e-01 4.853047430515289307e-02 1.062858328223228455e-01 9.825494885444641113e-01
4.730585515499114990e-01 -4.149062186479568481e-02 1.973225921392440796e-01 -1.598552465438842773e-01 5.581793561577796936e-02 1.143087446689605713e-01 9.789097309112548828e-01
5.000253915786743164e-01 -4.202398657798767090e-02 2.089111059904098511e-01 -1.726422458887100220e-01 6.135557964444160461e-02 1.189475432038307190e-01 9.758492112159729004e-01
5.195391774177551270e-01 -4.299158602952957153e-02 2.177940011024475098e-01 -1.837089061737060547e-01 6.675017625093460083e-02 1.225231960415840149e-01 9.730281233787536621e-01
5.322934985160827637e-01 -4.426881670951843262e-02 2.219781875610351562e-01 -1.920451074838638306e-01 6.518344581127166748e-02 1.241352558135986328e-01 9.713189005851745605e-01
5.377177000045776367e-01 -4.292333126068115234e-02 2.232612073421478271e-01 -1.980389952659606934e-01 6.390632688999176025e-02 1.233067438006401062e-01 9.703051447868347168e-01
5.431448221206665039e-01 -4.025653749704360962e-02 2.249515354633331299e-01 -2.016693204641342163e-01 6.273227930068969727e-02 1.196508705615997314e-01 9.700917601585388184e-01
5.495905280113220215e-01 -3.856758028268814087e-02 2.272736281156539917e-01 -2.037997394800186157e-01 6.179267913103103638e-02 1.145230010151863098e-01 9.703257083892822266e-01
5.564122200012207031e-01 -3.551139682531356812e-02 2.297065705060958862e-01 -2.039676308631896973e-01 6.076815351843833923e-02 1.072108522057533264e-01 9.711901545524597168e-01
5.646595954895019531e-01 -3.399199992418289185e-02 2.326684892177581787e-01 -2.030478417873382568e-01 5.974817276000976562e-02 9.857556223869323730e-02 9.723603725433349609e-01
5.739029049873352051e-01 -3.423232585191726685e-02 2.360680848360061646e-01 -2.003461569547653198e-01 5.913723260164260864e-02 8.919405937194824219e-02 9.738628864288330078e-01
5.838977098464965820e-01 -3.427024185657501221e-02 2.405304759740829468e-01 -1.971442103385925293e-01 5.895671993494033813e-02 7.907643914222717285e-02 9.754000902175903320e-01
5.941464900970458984e-01 -3.647310286760330200e-02 2.467016726732254028e-01 -1.928011626005172729e-01 5.890519171953201294e-02 6.879326701164245605e-02 9.770494103431701660e-01
6.053566932678222656e-01 -4.004778712987899780e-02 2.528754770755767822e-01 -1.881790161132812500e-01 5.877953395247459412e-02 5.815124511718750000e-02 9.786481857299804688e-01
6.179690957069396973e-01 -4.369832575321197510e-02 2.593325376510620117e-01 -1.829602420330047607e-01 5.857327580451965332e-02 4.788455739617347717e-02 9.802049994468688965e-01
6.317608952522277832e-01 -4.873890429735183716e-02 2.656421959400177002e-01 -1.766827702522277832e-01 5.807100236415863037e-02 3.825303539633750916e-02 9.818083643913269043e-01
6.473015546798706055e-01 -5.217019468545913696e-02 2.728812992572784424e-01 -1.702980101108551025e-01 5.793563649058341980e-02 2.938026376068592072e-02 9.832490682601928711e-01
6.637286543846130371e-01 -5.854671448469161987e-02 2.799721360206604004e-01 -1.632782369852066040e-01 5.768056958913803101e-02 2.196682803332805634e-02 9.846475124359130859e-01
6.812538504600524902e-01 -6.595044583082199097e-02 2.879039049148559570e-01 -1.563351750373840332e-01 5.751679465174674988e-02 1.605232991278171539e-02 9.858973026275634766e-01
7.016565203666687012e-01 -7.057757675647735596e-02 2.958598136901855469e-01 -1.496604233980178833e-01 5.760588869452476501e-02 1.155540626496076584e-02 9.869903326034545898e-01
7.229560613632202148e-01 -7.829955220222473145e-02 3.040849566459655762e-01 -1.429651081562042236e-01 5.732828751206398010e-02 9.271996095776557922e-03 9.880225062370300293e-01
7.461066246032714844e-01 -8.521558344364166260e-02 3.136239647865295410e-01 -1.370473355054855347e-01 5.791001021862030029e-02 8.829005062580108643e-03 9.888309240341186523e-01
7.713667154312133789e-01 -9.219158440828323364e-02 3.233519792556762695e-01 -1.318019479513168335e-01 5.910842493176460266e-02 1.113054156303405762e-02 9.894497394561767578e-01
7.977473735809326172e-01 -9.882750362157821655e-02 3.359491527080535889e-01 -1.281978338956832886e-01 6.112725287675857544e-02 1.614115759730339050e-02 9.897314310073852539e-01
8.256397843360900879e-01 -1.071038544178009033e-01 3.493404388427734375e-01 -1.259013712406158447e-01 5.659677833318710327e-02 2.350366488099098206e-02 9.901481866836547852e-01
8.546382784843444824e-01 -1.155813187360763550e-01 3.649739921092987061e-01 -1.249221861362457275e-01 5.240326002240180969e-02 3.320692479610443115e-02 9.902250766754150391e-01
8.858575820922851562e-01 -1.242631450295448303e-01 3.807912766933441162e-01 -1.249959766864776611e-01 4.789818450808525085e-02 4.458958655595779419e-02 9.899967908859252930e-01
9.204605817794799805e-01 -1.311299949884414673e-01 3.946346938610076904e-01 -1.258105933666229248e-01 4.226782917976379395e-02 5.852523073554039001e-02 9.894241690635681152e-01
9.566701650619506836e-01 -1.392690688371658325e-01 4.086190164089202881e-01 -1.268215924501419067e-01 3.650579228997230530e-02 7.431848347187042236e-02 9.884636402130126953e-01
9.943808317184448242e-01 -1.486559808254241943e-01 4.227044284343719482e-01 -1.280045062303543091e-01 3.069848008453845978e-02 9.082856029272079468e-02 9.871284365653991699e-01
1.026148915290832520e+00 -1.563790142536163330e-01 4.350292384624481201e-01 -1.299772411584854126e-01 2.463462017476558685e-02 1.085255518555641174e-01 9.852519035339355469e-01
1.052166700363159180e+00 -1.625004857778549194e-01 4.449912309646606445e-01 -1.330356001853942871e-01 1.851192675530910492e-02 1.276425272226333618e-01 9.826830625534057617e-01
1.073721289634704590e+00 -1.659117043018341064e-01 4.484965503215789795e-01 -1.346191316843032837e-01 1.191075798124074936e-02 1.464766860008239746e-01 9.799389839172363281e-01
1.089096307754516602e+00 -1.652792841196060181e-01 4.505215287208557129e-01 -1.365590542554855347e-01 5.540562327951192856e-03 1.647948324680328369e-01 9.768130183219909668e-01
1.097555518150329590e+00 -1.617889106273651123e-01 4.515458941459655762e-01 -1.388336867094039917e-01 -1.159725361503660679e-04 1.841324418783187866e-01 9.730470180511474609e-01
1.106082797050476074e+00 -1.619379222393035889e-01 4.529259204864501953e-01 -1.407254636287689209e-01 -5.562270991504192352e-03 2.046593427658081055e-01 9.686486124992370605e-01
1.113355755805969238e+00 -1.593449413776397705e-01 4.547598958015441895e-01 -1.427618265151977539e-01 -9.632575325667858124e-03 2.238128632307052612e-01 9.640716910362243652e-01
1.119831442832946777e+00 -1.569528281688690186e-01 4.547664225101470947e-01 -1.447868943214416504e-01 -1.382439583539962769e-02 2.419171482324600220e-01 9.593340158462524414e-01
1.126028776168823242e+00 -1.552176028490066528e-01 4.540480375289916992e-01 -1.465041637420654297e-01 -1.809954456984996796e-02 2.593842744827270508e-01 9.544258713722229004e-01
1.130331754684448242e+00 -1.535379439592361450e-01 4.513887763023376465e-01 -1.477897763252258301e-01 -2.211233228445053101e-02 2.753488123416900635e-01 9.496591091156005859e-01
1.134487867355346680e+00 -1.519382148981094360e-01 4.499234557151794434e-01 -1.489221602678298950e-01 -2.433115988969802856e-02 2.898522913455963135e-01 9.451009631156921387e-01
1.136792182922363281e+00 -1.502186805009841919e-01 4.479942619800567627e-01 -1.497260630130767822e-01 -2.545168250799179077e-02 3.020820319652557373e-01 9.411062002182006836e-01
1.142459154129028320e+00 -1.485411822795867920e-01 4.472661018371582031e-01 -1.503728777170181274e-01 -2.522235549986362457e-02 3.110423088073730469e-01 9.380856752395629883e-01
1.151010513305664062e+00 -1.491287350654602051e-01 4.499801993370056152e-01 -1.510375291109085083e-01 -2.189375087618827820e-02 3.180283308029174805e-01 9.357170462608337402e-01
1.273332118988037109e+00 -3.210034221410751343e-02 4.938608407974243164e-01 -1.967772543430328369e-01 -2.124794758856296539e-02 3.512986004352569580e-01 9.151047468185424805e-01
1.382431626319885254e+00 7.447512447834014893e-02 5.423070788383483887e-01 -2.402725368738174438e-01 -1.703792996704578400e-02 3.733203113079071045e-01 8.958854675292968750e-01
1.488618493080139160e+00 1.615855991840362549e-01 5.878743529319763184e-01 -2.835175693035125732e-01 -1.172730885446071625e-02 3.993427455425262451e-01 8.717830777168273926e-01
1.578381419181823730e+00 2.453402578830718994e-01 6.283182501792907715e-01 -3.265345096588134766e-01 -6.544395349919795990e-03 4.228222668170928955e-01 8.453128933906555176e-01
1.652441143989562988e+00 3.248108029365539551e-01 6.619347929954528809e-01 -3.660338222980499268e-01 -5.141351139172911644e-04 4.424008429050445557e-01 8.187187910079956055e-01
1.712391495704650879e+00 3.976283967494964600e-01 6.888242959976196289e-01 -4.019066691398620605e-01 4.761566873639822006e-03 4.571599066257476807e-01 7.933809161186218262e-01
1.759460568428039551e+00 4.626399874687194824e-01 7.073581218719482422e-01 -4.339706897735595703e-01 1.052027195692062378e-02 4.668510854244232178e-01 7.704601883888244629e-01
1.794292449951171875e+00 5.185258984565734863e-01 7.174504995346069336e-01 -4.612671434879302979e-01 1.474031433463096619e-02 4.707936048507690430e-01 7.519100904464721680e-01
1.821821928024291992e+00 5.607858896255493164e-01 7.236785292625427246e-01 -4.840829074382781982e-01 1.690258271992206573e-02 4.721343517303466797e-01 7.365238070487976074e-01
1.841217041015625000e+00 5.895819664001464844e-01 7.272323369979858398e-01 -5.007981657981872559e-01 1.436353754252195358e-02 4.734327197074890137e-01 7.244697213172912598e-01
1.852017641067504883e+00 6.053118705749511719e-01 7.269849777221679688e-01 -5.112259387969970703e-01 6.375096272677183151e-03 4.737964272499084473e-01 7.170246839523315430e-01
1.855674743652343750e+00 6.163532137870788574e-01 7.243660092353820801e-01 -5.177817344665527344e-01 -1.076560001820325851e-03 4.700114428997039795e-01 7.148358225822448730e-01
1.859509587287902832e+00 6.288889646530151367e-01 7.222098708152770996e-01 -5.218011736869812012e-01 -8.113097399473190308e-03 4.632487893104553223e-01 7.162809371948242188e-01
1.864401340484619141e+00 6.428777575492858887e-01 7.207518219947814941e-01 -5.232012271881103516e-01 -1.482402719557285309e-02 4.536134302616119385e-01 7.213013768196105957e-01
1.870080590248107910e+00 6.584789752960205078e-01 7.189441919326782227e-01 -5.221299529075622559e-01 -2.171619981527328491e-02 4.415770471096038818e-01 7.293273806571960449e-01
1.879467725753784180e+00 6.746069192886352539e-01 7.196397781372070312e-01 -5.185374021530151367e-01 -2.766675688326358795e-02 4.276776015758514404e-01 7.398955821990966797e-01
1.890784502029418945e+00 6.918088793754577637e-01 7.224587202072143555e-01 -5.135972499847412109e-01 -3.259834274649620056e-02 4.124929308891296387e-01 7.516680955886840820e-01
1.903711557388305664e+00 7.097232341766357422e-01 7.289660573005676270e-01 -5.069836378097534180e-01 -3.659144788980484009e-02 3.963989019393920898e-01 7.645238637924194336e-01
1.919155836105346680e+00 7.273765206336975098e-01 7.387355566024780273e-01 -4.991823136806488037e-01 -4.038906469941139221e-02 3.797118365764617920e-01 7.778205275535583496e-01
1.937611460685729980e+00 7.454857230186462402e-01 7.492930293083190918e-01 -4.902114272117614746e-01 -4.396942257881164551e-02 3.628417551517486572e-01 7.912682294845581055e-01
1.958628654479980469e+00 7.639054656028747559e-01 7.617430090904235840e-01 -4.797497093677520752e-01 -4.692421481013298035e-02 3.471054732799530029e-01 8.044601678848266602e-01
1.981707692146301270e+00 7.844043374061584473e-01 7.745629549026489258e-01 -4.684221744537353516e-01 -4.889939725399017334e-02 3.324856758117675781e-01 8.170941472053527832e-01
2.007889747619628906e+00 8.052777051925659180e-01 7.888795137405395508e-01 -4.563263058662414551e-01 -4.979852214455604553e-02 3.197878003120422363e-01 8.288680911064147949e-01
2.037864208221435547e+00 8.248170614242553711e-01 8.057796955108642578e-01 -4.436804056167602539e-01 -4.961301758885383606e-02 3.097079098224639893e-01 8.395042419433593750e-01
2.069976568222045898e+00 8.477922081947326660e-01 8.225566744804382324e-01 -4.315633475780487061e-01 -4.859673976898193359e-02 3.019839525222778320e-01 8.486443758010864258e-01
2.105150461196899414e+00 8.728369474411010742e-01 8.395527005195617676e-01 -4.197496473789215088e-01 -4.633448272943496704e-02 2.973365783691406250e-01 8.563027381896972656e-01
2.143786907196044922e+00 8.977096676826477051e-01 8.594615459442138672e-01 -4.085164666175842285e-01 -4.315870627760887146e-02 2.961913347244262695e-01 8.622773885726928711e-01
2.184642553329467773e+00 9.264678359031677246e-01 8.797271847724914551e-01 -3.996585905551910400e-01 -3.731932491064071655e-02 2.984492182731628418e-01 8.659147620201110840e-01
2.227547883987426758e+00 9.585642814636230469e-01 9.017061591148376465e-01 -3.930635452270507812e-01 -2.984478324651718140e-02 3.049393892288208008e-01 8.669615983963012695e-01
2.272443294525146484e+00 9.925942420959472656e-01 9.275462627410888672e-01 -3.874734938144683838e-01 -2.706963382661342621e-02 3.174474537372589111e-01 8.650773167610168457e-01
2.319806337356567383e+00 1.029465913772583008e+00 9.551406502723693848e-01 -3.826761245727539062e-01 -3.000380843877792358e-02 3.351767361164093018e-01 8.604158163070678711e-01
2.369052886962890625e+00 1.068899989128112793e+00 9.856674671173095703e-01 -3.796604871749877930e-01 -3.236490860581398010e-02 3.565584719181060791e-01 8.530396223068237305e-01
2.421017885208129883e+00 1.113780379295349121e+00 1.013057827949523926e+00 -3.777187168598175049e-01 -3.566308692097663879e-02 3.813310563564300537e-01 8.429967164993286133e-01
2.475615262985229492e+00 1.162822365760803223e+00 1.038153290748596191e+00 -3.759002685546875000e-01 -3.885893151164054871e-02 4.097880125045776367e-01 8.302185535430908203e-01
2.532318592071533203e+00 1.215126872062683105e+00 1.062822699546813965e+00 -3.739771246910095215e-01 -4.207916930317878723e-02 4.400418698787689209e-01 8.153120279312133789e-01
2.584446430206298828e+00 1.265886545181274414e+00 1.085721373558044434e+00 -3.726221919059753418e-01 -4.516179487109184265e-02 4.711698591709136963e-01 7.981930375099182129e-01
2.626208305358886719e+00 1.309756636619567871e+00 1.104605197906494141e+00 -3.725994527339935303e-01 -4.909047484397888184e-02 5.041086673736572266e-01 7.775822877883911133e-01
2.659939050674438477e+00 1.346128225326538086e+00 1.113902807235717773e+00 -3.711342811584472656e-01 -5.227283015847206116e-02 5.378140211105346680e-01 7.551708817481994629e-01
2.682414770126342773e+00 1.376045942306518555e+00 1.114488840103149414e+00 -3.682614266872406006e-01 -5.595671385526657104e-02 5.696538090705871582e-01 7.326301932334899902e-01
2.691696166992187500e+00 1.398458719253540039e+00 1.111007332801818848e+00 -3.660891652107238770e-01 -5.872985348105430603e-02 6.008068323135375977e-01 7.082095146179199219e-01
2.696882247924804688e+00 1.415353178977966309e+00 1.110526204109191895e+00 -3.646920621395111084e-01 -5.883238837122917175e-02 6.327711939811706543e-01 6.805433034896850586e-01
2.702201604843139648e+00 1.430532336235046387e+00 1.107631802558898926e+00 -3.614460527896881104e-01 -5.944670736789703369e-02 6.635587215423583984e-01 6.523132920265197754e-01
2.703194856643676758e+00 1.445186138153076172e+00 1.105166912078857422e+00 -3.601665496826171875e-01 -5.803762376308441162e-02 6.906465291976928711e-01 6.244350671768188477e-01
2.705776691436767578e+00 1.457268357276916504e+00 1.100131869316101074e+00 -3.571290969848632812e-01 -5.803962796926498413e-02 7.162169218063354492e-01 5.967610478401184082e-01
2.708040237426757812e+00 1.466762781143188477e+00 1.093708276748657227e+00 -3.536471426486968994e-01 -5.739523842930793762e-02 7.395661473274230957e-01 5.698083639144897461e-01
2.709681034088134766e+00 1.473665237426757812e+00 1.086736440658569336e+00 -3.504746258258819580e-01 -5.584494397044181824e-02 7.597645521163940430e-01 5.447996854782104492e-01
2.710265636444091797e+00 1.479430556297302246e+00 1.081004023551940918e+00 -3.487226665019989014e-01 -5.240081995725631714e-02 7.765259146690368652e-01 5.221630334854125977e-01
2.710329294204711914e+00 1.486603260040283203e+00 1.075402140617370605e+00 -3.481912314891815186e-01 -4.815975949168205261e-02 7.888256907463073730e-01 5.041801929473876953e-01
2.712981224060058594e+00 1.500695705413818359e+00 1.072934746742248535e+00 -3.502720296382904053e-01 -4.190623015165328979e-02 7.968367934226989746e-01 4.905146360397338867e-01
