0.000000000000000000e+00 0.000000000000000000e+00 0.000000000000000000e+00 0.000000000000000000e+00 0.000000000000000000e+00 0.000000000000000000e+00 1.000000000000000000e+00
8.755071461200714111e-02 2.514941152185201645e-03 2.600153349339962006e-02 -2.345803098572539144e-02 5.195977798371352596e-03 1.858515285577699502e-02 9.995385508775131989e-01
1.660778173128236168e-01 3.095310220517190000e-04 5.523900704786165183e-02 -4.829790556725335054e-02 1.191300308820319315e-02 3.877756928476303738e-02 9.980088640866885408e-01
2.366016198277800797e-01 2.817871742753948194e-04 8.410879294560494324e-02 -7.265392725272500074e-02 1.945450621563230356e-02 5.630239332068137648e-02 9.955767019918781990e-01
2.987024713154698419e-01 -4.173687315279907793e-03 1.126838191152808866e-01 -9.654346440286443176e-02 2.850351532484307268e-02 7.435269277415947065e-02 9.921383906353240523e-01
3.533473231488629684e-01 -9.087287073465535187e-03 1.387806734091394101e-01 -1.183629577964815660e-01 3.651117761796533745e-02 8.983049184557959088e-02 9.882244820208609948e-01
4.007414693266051486e-01 -1.489656388822711494e-02 1.616844203570046157e-01 -1.380024885546054791e-01 4.363740073134640685e-02 1.030944537318218834e-01 9.840846630345811974e-01
4.412095946481431885e-01 -1.878072545206066479e-02 1.812614045178038702e-01 -1.557363686788209300e-01 5.047026085801507161e-02 1.136198130809860929e-01 9.799436077219443320e-01
4.744975499189372226e-01 -2.113899595037621246e-02 1.978184375044848287e-01 -1.715788731225374453e-01 5.701923186477231981e-02 1.216587041465605895e-01 9.759655000054722196e-01
5.014176855217711282e-01 -2.291954297086885861e-02 2.094235729294011972e-01 -1.850885236532479050e-01 6.256114703086650131e-02 1.268838379157441465e-01 9.724859037383599691e-01
5.209693448859257225e-01 -2.430941830583946764e-02 2.181400939810193562e-01 -1.966324217658010909e-01 6.815913035449928936e-02 1.305122513360839065e-01 9.693588478530648089e-01
5.337319743232047387e-01 -2.603443030405975731e-02 2.220330424503670630e-01 -2.048984942560717337e-01 6.630593970655142277e-02 1.321051240137463556e-01 9.675579391543115415e-01
5.390760293283498594e-01 -2.462878681734705089e-02 2.232871091565712951e-01 -2.108968682953450968e-01 6.499785084884322772e-02 1.314938153560940015e-01 9.664404621348099411e-01
5.445412363027195557e-01 -2.195105988428480703e-02 2.248132900705577808e-01 -2.146350028227965445e-01 6.381585763368992359e-02 1.279129859458092988e-01 9.661768057163045986e-01
5.508554842563422316e-01 -1.948762588196814929e-02 2.266502960882876561e-01 -2.165176055454802184e-01 6.272215934804055426e-02 1.226250116431644444e-01 9.665139231977387668e-01
5.574688013935045205e-01 -1.570846943189992823e-02 2.286512634326757498e-01 -2.163787976062207519e-01 6.160514819336363607e-02 1.151626734149767406e-01 9.675342786250392679e-01
5.656716740400175025e-01 -1.415997079265049301e-02 2.315274377590660904e-01 -2.154865854399803937e-01 6.055487827902876485e-02 1.064939115169723782e-01 9.687918687839226495e-01
5.749657712155553657e-01 -1.425571831226821358e-02 2.347780880285866290e-01 -2.128204690210712124e-01 5.981418942578191345e-02 9.712689763171772350e-02 9.704102619332843904e-01
5.850104527628545714e-01 -1.367169306700920586e-02 2.390665099969320195e-01 -2.096796628476996494e-01 5.953135272788395022e-02 8.683158079871863833e-02 9.720857645323579543e-01
5.952795655309345291e-01 -1.525142771874388702e-02 2.452551809257149384e-01 -2.055915447331808643e-01 5.950640309579864617e-02 7.652040551836911120e-02 9.738253089051082112e-01
6.062749196505123894e-01 -1.866111388059905549e-02 2.519484777063852876e-01 -2.011966699016368432e-01 5.950473250447527174e-02 6.617061589414785505e-02 9.755001468079088633e-01
6.189292356005856588e-01 -2.182333933406569934e-02 2.585371750173827698e-01 -1.962242200196106512e-01 5.936197425160518598e-02 5.617894617152962428e-02 9.771469375164123505e-01
6.331295669870087295e-01 -2.633486582763658324e-02 2.643181263305054429e-01 -1.897707079149741349e-01 5.872796559882690476e-02 4.655547192566590609e-02 9.789640915313753133e-01
6.488602056214083369e-01 -2.914197355134224773e-02 2.713139630353031406e-01 -1.830959538773803963e-01 5.847057908525032238e-02 3.756227553777289480e-02 9.806355788526093242e-01
6.653587264809401880e-01 -3.484588193227194930e-02 2.787476409241672615e-01 -1.759624837462059610e-01 5.825373275612001633e-02 2.989703954709927239e-02 9.822168161664530661e-01
6.828400842237626334e-01 -4.178575685810171497e-02 2.871460013244820364e-01 -1.687895927066025703e-01 5.831190215908759605e-02 2.371857050066383116e-02 9.836397841048993840e-01
7.031263673947096837e-01 -4.631570808680321449e-02 2.952331456312377589e-01 -1.618122321593573054e-01 5.839924993839729767e-02 1.900545785387954684e-02 9.849086869867700322e-01
7.245455016382307267e-01 -5.357962157520904795e-02 3.035580547010922614e-01 -1.551623355500731383e-01 5.825448178575923924e-02 1.659135556759003607e-02 9.860303199693957188e-01
7.479008765258025049e-01 -5.991477666833730509e-02 3.130048315600263975e-01 -1.492082956738982613e-01 5.883849688688101709e-02 1.597877451580536137e-02 9.869243104469340722e-01
7.730839246697894795e-01 -6.700040637558439538e-02 3.228115813150514990e-01 -1.439075332825896503e-01 5.986277668077231995e-02 1.827123553021499716e-02 9.876098580840451113e-01
7.996428278469535078e-01 -7.292875491111765196e-02 3.353855539361154658e-01 -1.405899652664416577e-01 6.211784295465628408e-02 2.328993293118459401e-02 9.878428084857946434e-01
8.273095225793655194e-01 -8.047902749552042490e-02 3.495880064440815560e-01 -1.381624491726549386e-01 5.793870031834347234e-02 3.098769395190024284e-02 9.882277103317727018e-01
8.558960466064355899e-01 -8.737705477098398066e-02 3.667735727385812439e-01 -1.370299468850696145e-01 5.425236089743653428e-02 4.107019739146460652e-02 9.882270558327955756e-01
8.873380761168249142e-01 -9.325046021428777532e-02 3.833522652622226579e-01 -1.372701163332235574e-01 5.019903087182502055e-02 5.280980108853056132e-02 9.878502403554816347e-01
9.223867527768624397e-01 -9.723818446586793285e-02 3.972079648483266001e-01 -1.384685622134110838e-01 4.467061013917146550e-02 6.761920652851670377e-02 9.870454076570128743e-01
9.590242926751177954e-01 -1.030690158287104197e-01 4.112399324903217579e-01 -1.400863475988781692e-01 3.906013721907466985e-02 8.449978151244132152e-02 9.857534721324511251e-01
9.968938997627312393e-01 -1.112538581617417283e-01 4.256254985048306128e-01 -1.417253901566543905e-01 3.347249804363995607e-02 1.024327937179581038e-01 9.840228800341975779e-01
1.028997246704026702e+00 -1.176181510868824914e-01 4.378987931696861624e-01 -1.435642591415619840e-01 2.775546138014199637e-02 1.214066140260768034e-01 9.817735848613126093e-01
1.055169631923793316e+00 -1.218437938746027016e-01 4.483556494135008674e-01 -1.466114714286831933e-01 2.211465403886289996e-02 1.409768591708173147e-01 9.788470481646196486e-01
1.076667342522358295e+00 -1.241069239782801314e-01 4.523631275575653587e-01 -1.484995728249560443e-01 1.603236421166767678e-02 1.605928054395646121e-01 9.756540324365190475e-01
1.091984495358680807e+00 -1.235424576304277877e-01 4.545008122769996217e-01 -1.503222823673526776e-01 1.023377969322608952e-02 1.803733633308022832e-01 9.719896763740830670e-01
1.100416183762532363e+00 -1.200705088535762993e-01 4.536251629903461646e-01 -1.520256764614390799e-01 3.541357826001402444e-03 2.002007094752672189e-01 9.678818773005255505e-01
1.108884694882493305e+00 -1.200368864359130511e-01 4.546098361548601141e-01 -1.538105201908147868e-01 -1.674829517773582330e-03 2.208684350815342812e-01 9.630974266445484488e-01
1.116040242229806800e+00 -1.177767752332987833e-01 4.568269723837465324e-01 -1.558294492603758408e-01 -5.198812016883587114e-03 2.407484928567671656e-01 9.579824206550014987e-01
1.122495678722628565e+00 -1.151890811283056842e-01 4.555234073959948948e-01 -1.574959440456967508e-01 -9.726819917706788429e-03 2.595381355442189508e-01 9.527540988007733302e-01
1.128217254268724989e+00 -1.130153453435249339e-01 4.541432487500347559e-01 -1.590990529702160372e-01 -1.352880628483523265e-02 2.772907497697758572e-01 9.474250908840252672e-01
1.132136675496997702e+00 -1.113370785912706357e-01 4.507974681168934183e-01 -1.602628777190914788e-01 -1.743152143444758745e-02 2.934734463624629752e-01 9.422766517142481257e-01
1.135808921909979841e+00 -1.094887646674934933e-01 4.488728829261734998e-01 -1.612166463615678225e-01 -1.955033896210895891e-02 3.080452906230560228e-01 9.374087028118271991e-01
1.137595133003681092e+00 -1.079135266115677366e-01 4.461347150003858175e-01 -1.618445514353354930e-01 -2.103083958507033155e-02 3.202736980737214134e-01 9.331606524490971832e-01
1.143037723842914577e+00 -1.063966502038085626e-01 4.446807537772457519e-01 -1.624516727051704690e-01 -2.112909032746063814e-02 3.294561716296399156e-01 9.298503355660885372e-01
1.151501348411545722e+00 -1.066346391033033414e-01 4.471280061393054228e-01 -1.631551171125922017e-01 -1.784555591297232180e-02 3.364657198856828013e-01 9.272824614085733996e-01
1.274221468744968666e+00 1.084191717217816708e-02 4.898948628357178148e-01 -2.069593445742635429e-01 -1.691911263717905262e-02 3.624683077872188353e-01 9.085693694874550363e-01
1.381067502258804369e+00 1.210484066648521012e-01 5.351331229762046338e-01 -2.502051163708403636e-01 -1.298242314349914647e-02 3.843210315418522094e-01 8.885528690774590066e-01
1.485435341535268350e+00 2.116631112424517958e-01 5.779885632737488121e-01 -2.931431481424325303e-01 -7.904901842088645977e-03 4.101037451341663087e-01 8.636084329433921791e-01
1.573437208377203689e+00 2.984219351826899458e-01 6.158898931055173387e-01 -3.358286384234013267e-01 -2.989678795914899913e-03 4.333178525348105325e-01 8.363287787168404153e-01
1.645807129167882632e+00 3.803713990273061563e-01 6.471529083195919352e-01 -3.750146625412057455e-01 2.764517655677675538e-03 4.526111016335875314e-01 8.090114653076725393e-01
1.704193289507004216e+00 4.551828047105352937e-01 6.719279592881236551e-01 -4.105934266595207549e-01 7.749276592001847104e-03 4.671003523297382887e-01 7.830518804968977786e-01
1.749842425593031381e+00 5.216914710797533328e-01 6.886090977091138265e-01 -4.424117324387348282e-01 1.320383374372784656e-02 4.765348499500376978e-01 7.596130953045243661e-01
1.783428218772116658e+00 5.785910712212485318e-01 6.971398979817877706e-01 -4.695136038093908892e-01 1.711415308719685738e-02 4.802789463418816740e-01 7.406728125851240740e-01
1.810008805798653198e+00 6.216100153577003296e-01 7.021813636637892486e-01 -4.921573063372353674e-01 1.899386721293433444e-02 4.814723772912111732e-01 7.249860472676170620e-01
1.828753959415218011e+00 6.509206513203803501e-01 7.049235395805630855e-01 -5.086889085046493175e-01 1.625040826319896700e-02 4.827047618305935206e-01 7.127184798373744634e-01
1.839189331130759442e+00 6.668820744234833509e-01 7.042324811641640370e-01 -5.189308104017734680e-01 8.130041759148996447e-03 4.831073985150309835e-01 7.051609447046768286e-01
1.842579902233895783e+00 6.779358064108124138e-01 7.013231066388776469e-01 -5.253824355385585676e-01 5.522711893838466160e-04 4.794060659422667015e-01 7.029529254237902869e-01
1.846115919377111059e+00 6.904985803910527187e-01 6.988385921107307386e-01 -5.293551436825673084e-01 -6.609332503795713361e-03 4.727577554150585448e-01 7.044427253337055550e-01
1.850678649994603520e+00 7.045549466834136743e-01 6.970107733497623581e-01 -5.307638325567565207e-01 -1.344216145717631004e-02 4.632676260859671657e-01 7.095718208650163561e-01
1.855989768247358285e+00 7.202322353144129385e-01 6.947895853959723533e-01 -5.297424052498911351e-01 -2.045024847422571498e-02 4.514074665134673592e-01 7.177646345378790871e-01
1.865007413536990732e+00 7.365825850179915646e-01 6.950386326355071365e-01 -5.262468200572838484e-01 -2.650481165536771808e-02 4.376957937758436112e-01 7.285493610247998353e-01
1.875939215136761540e+00 7.541030763300089479e-01 6.973738704429475188e-01 -5.214335705505962482e-01 -3.153806720495190563e-02 4.226970040773649351e-01 7.405670965981762111e-01
1.888481378600292304e+00 7.724636904657160574e-01 7.033704927607479229e-01 -5.149733727729216559e-01 -3.562240947986659856e-02 4.067856991291187718e-01 7.536967986277798293e-01
1.903561243544873438e+00 7.907017133150952004e-01 7.126217141899272578e-01 -5.073349104950283239e-01 -3.950394584026795802e-02 3.902811862544682819e-01 7.672882916556565958e-01
1.921644741532851031e+00 8.094835157990216690e-01 7.226337304988598165e-01 -4.985318028311703231e-01 -4.315675687847922437e-02 3.735898424069916124e-01 7.810468395377796469e-01
1.942290503207548591e+00 8.286812254332578398e-01 7.345167873098621403e-01 -4.882393130763393319e-01 -4.615363754632437893e-02 3.580178187195917627e-01 7.945536208382997234e-01
1.964951780399943893e+00 8.500130865689280446e-01 7.467078128607970156e-01 -4.770827138928693256e-01 -4.814870367315552541e-02 3.435415283456739743e-01 8.074979905492816190e-01
1.990713327328949234e+00 8.718271675616072747e-01 7.603696493439610071e-01 -4.651548678571204576e-01 -4.903740540131423797e-02 3.309618835646999657e-01 8.195672720452165105e-01
2.020308931938453068e+00 8.924585612139378510e-01 7.766275322300904005e-01 -4.526690322456879412e-01 -4.880575954255200744e-02 3.209720475672392381e-01 8.304731722107108194e-01
2.051962120883827456e+00 9.165696619982646176e-01 7.926666268653340675e-01 -4.406972115587420302e-01 -4.772404562648880494e-02 3.133116546646864120e-01 8.398477184851229627e-01
2.086629775343172177e+00 9.428244340498913578e-01 8.088576590077992678e-01 -4.290171695822287967e-01 -4.536560214552150250e-02 3.086958130874452588e-01 8.476987232076668155e-01
2.124776399531836724e+00 9.690585572051368946e-01 8.279470435707034781e-01 -4.178986237407310012e-01 -4.206123156039264649e-02 3.075524691221936946e-01 8.538167671181376983e-01
2.165053882071922509e+00 9.992353999173197998e-01 8.472857681593738421e-01 -4.091483446469361129e-01 -3.608448492371286315e-02 3.097578001665788894e-01 8.575229718534798096e-01
2.207311907075263147e+00 1.032837848251719315e+00 8.682443242792107219e-01 -4.026368832868637559e-01 -2.845272667058464100e-02 3.161505295257497905e-01 8.585585741477617105e-01
2.251532963296792200e+00 1.068513924639904911e+00 8.930048301443890280e-01 -3.970255678195332982e-01 -2.546396232857166611e-02 3.285872218122637967e-01 8.565936742597416442e-01
2.298163489052876596e+00 1.107129761085623443e+00 9.194362048817653621e-01 -3.920943694631497389e-01 -2.813501066500296438e-02 3.462851197601342079e-01 8.517963620742252662e-01
2.346631725311227434e+00 1.148422367456066517e+00 9.487261509741359289e-01 -3.889087230571014464e-01 -3.021495122704041456e-02 3.676011346015143899e-01 8.442194428536468065e-01
2.397678545169581010e+00 1.195142484356946699e+00 9.747323638095822806e-01 -3.867447717895142745e-01 -3.320872815376955944e-02 3.922911438758375224e-01 8.339264477785031104e-01
2.451250625201274236e+00 1.246025058355875403e+00 9.983280371951689380e-01 -3.846625061680714608e-01 -3.606273442587724226e-02 4.206327520985927437e-01 8.208546298804623165e-01
2.506851194221991541e+00 1.300205941645858676e+00 1.021406408808048782e+00 -3.824445698696464779e-01 -3.892291762485731998e-02 4.507466960348210372e-01 8.056355090700025867e-01
2.557905302045782037e+00 1.352694557116684182e+00 1.042776410268593690e+00 -3.807668799718310626e-01 -4.164661948378733242e-02 4.817089514782698090e-01 7.881869246998427503e-01
2.598735438481480475e+00 1.397961151414325531e+00 1.060356336815412970e+00 -3.803638834102686661e-01 -4.521764878558710149e-02 5.144555709786778896e-01 7.672119302541935415e-01
2.631664717481301263e+00 1.435312487724672792e+00 1.068579523213413207e+00 -3.785030778631735537e-01 -4.802087174984589341e-02 5.479351240269535461e-01 7.444437626725448620e-01
2.653450094044515151e+00 1.465741172932198744e+00 1.068311460636244270e+00 -3.752320526308518533e-01 -5.133281403133954646e-02 5.795507752990035621e-01 7.215862718569315826e-01
2.662198430304009378e+00 1.488266880156924987e+00 1.064230203739684466e+00 -3.726503549389960090e-01 -5.375524543027623142e-02 6.104486485598380474e-01 6.968461336794790073e-01
2.666993029466607990e+00 1.505258177358434368e+00 1.063305734202727004e+00 -3.708321497591570148e-01 -5.351423373904377889e-02 6.420894732743968047e-01 6.688354444873063631e-01
2.671949324414739202e+00 1.520478501949213745e+00 1.060010401792130130e+00 -3.671553820139326074e-01 -5.377969592128131054e-02 6.725490196179871871e-01 6.402987474419280511e-01
2.672594577008869265e+00 1.535085573214964194e+00 1.057179716072747855e+00 -3.654813905874572111e-01 -5.208943128134269074e-02 6.992931329583330635e-01 6.121267503388199138e-01
2.674875010964161692e+00 1.547095212656999008e+00 1.051834849885359136e+00 -3.620397694251719090e-01 -5.180818832953546643e-02 7.245355147732440715e-01 5.842015104472512155e-01
2.676890522679458595e+00 1.556476580395204312e+00 1.045167466589089100e+00 -3.581754616113256295e-01 -5.090124472054024379e-02 7.475563476785086481e-01 5.570268476752103792e-01
2.678340394526997237e+00 1.563239961761343277e+00 1.038019195202026568e+00 -3.546626493563423965e-01 -4.912627407357505332e-02 7.674386671756040501e-01 5.318260114651411907e-01
2.678766088778255394e+00 1.568873394077555439e+00 1.032143393763258921e+00 -3.526295720231252262e-01 -4.551070118013494925e-02 7.838915595433115779e-01 5.090139329032504767e-01
2.678639202286537291e+00 1.575904649780348610e+00 1.026366022019923330e+00 -3.518944330865924064e-01 -4.115606704604518606e-02 7.959298438515202134e-01 4.908891624129236297e-01
2.680955504933506983e+00 1.589988417455523884e+00 1.023538111711005172e+00 -3.538580269032174930e-01 -3.486162780565139896e-02 8.037111224898710882e-01 4.770928581408165337e-01
