0.000000000000000000e+00 0.000000000000000000e+00 0.000000000000000000e+00 0.000000000000000000e+00 0.000000000000000000e+00 0.000000000000000000e+00 1.000000000000000000e+00
8.946769684553146362e-02 1.237716525793075562e-02 1.377928350120782852e-02 -1.244084499003284515e-02 2.828086113093593573e-03 4.393831657937508246e-03 9.999089566296687215e-01
1.724226157483713939e-01 2.037019068183037671e-02 2.276762439166767071e-02 -2.672418662120693705e-02 4.581888109212672866e-03 8.841608862003389607e-03 9.995932423258576671e-01
2.443986231119071040e-01 3.878657116381280939e-02 5.815794188425461864e-03 -4.064220389804364120e-02 -8.956512606506670865e-04 6.931339485138890769e-03 9.991493209746333815e-01
3.112924355431336831e-01 4.934729590833970836e-02 -4.508362459619325371e-03 -5.657483114152258435e-02 -4.185587634962896660e-03 7.465837390462993009e-03 9.983616732474848154e-01
3.704173262388283372e-01 5.950376901976812266e-02 -1.411783726008687505e-02 -7.282641622178363805e-02 -6.889511674458086675e-03 7.452467111277769063e-03 9.972929902807571301e-01
4.228768130218588106e-01 6.566071650023268258e-02 -1.794256179966995102e-02 -8.818814549275370840e-02 -7.460135742917331503e-03 8.239582185045696283e-03 9.960418197318132716e-01
4.672453148549651214e-01 7.374728884190663580e-02 -1.937692071943477451e-02 -1.020331421898997976e-01 -6.648713381179652618e-03 6.989943864872643318e-03 9.947342223880690781e-01
5.037227641336685657e-01 8.109602655520006809e-02 -2.115923312266258099e-02 -1.151200608986592128e-01 -5.615521905885744076e-03 4.988000493211835334e-03 9.933231887676302607e-01
5.322386884209270308e-01 8.798577198532027410e-02 -2.254365482466310494e-02 -1.255188412160445077e-01 -4.406993455469300838e-03 1.328287731452417559e-03 9.920805585032735907e-01
5.528134860022119179e-01 9.395993028489744991e-02 -2.362255644423985265e-02 -1.342009433977786881e-01 -2.645139642991183645e-03 -2.819408676207284421e-03 9.909465984411732764e-01
5.658002695730419696e-01 9.739455729312918031e-02 -2.287272873356664335e-02 -1.417663192023575214e-01 -3.103601824155000858e-03 -5.374396976482240587e-03 9.898806969795256316e-01
5.711118769208743950e-01 9.933483525473192632e-02 -2.323270688681466911e-02 -1.475993898508845825e-01 -3.857918552703278655e-03 -7.470438142455382811e-03 9.890114909009132260e-01
5.766968265825319628e-01 1.021624704370599213e-01 -2.280755146415699638e-02 -1.503836190589920851e-01 -5.009836440298216440e-03 -1.238827585922858653e-02 9.885374040868645240e-01
5.830144657355116333e-01 1.048395539362736856e-01 -2.131306794295075371e-02 -1.505139141330299746e-01 -6.524051413962733345e-03 -1.878855404638297283e-02 9.884078048267066485e-01
5.905900153166728783e-01 1.049228302557486253e-01 -1.916226031115659395e-02 -1.491502431246695959e-01 -8.197887178769227776e-03 -2.694023756320911359e-02 9.884134879804574725e-01
5.989316128649680993e-01 1.048872152332132462e-01 -1.626850194310299619e-02 -1.468341686784576661e-01 -9.911130999692875990e-03 -3.607242717327174830e-02 9.884534770987666308e-01
6.082117807084390648e-01 1.042921973058587165e-01 -1.303113087795609512e-02 -1.435147847079946970e-01 -1.162025564338756492e-02 -4.634892785234902973e-02 9.884939317547366544e-01
6.181676304409463585e-01 1.027352268548741010e-01 -8.778583313626924303e-03 -1.394304166458499028e-01 -1.297025332494556107e-02 -5.708119702189678318e-02 9.885002116283025941e-01
6.288170961494756739e-01 9.976466446498526153e-02 -3.878120703976422820e-03 -1.344285037140680317e-01 -1.450385633185466080e-02 -6.794845182277473028e-02 9.884845084449173092e-01
6.405634202776612218e-01 9.598455204559519505e-02 1.127737843221503222e-03 -1.280896583542692757e-01 -1.621936988937425564e-02 -7.947463813157656931e-02 9.884400605787551086e-01
6.533082206643150425e-01 9.127075869912906758e-02 6.502914282565298680e-03 -1.208296151997055035e-01 -1.819371033554462863e-02 -9.121505113440743495e-02 9.883061304279483483e-01
6.673646949398960304e-01 8.536757213576545711e-02 1.129777220213534598e-02 -1.113416901559700495e-01 -2.094866512648129245e-02 -1.027010586234947814e-01 9.882391785495270309e-01
6.827244819793604202e-01 7.908050147492584614e-02 1.666659914262684158e-02 -1.015972322614435708e-01 -2.338409228932907327e-02 -1.140008020501605823e-01 9.879954472347221017e-01
6.991680893127646401e-01 7.197917689420139931e-02 2.292553519693229375e-02 -9.131204288664480917e-02 -2.569143853624494475e-02 -1.240904444048877564e-01 9.877264917056761684e-01
7.164813989750548062e-01 6.355814584095637043e-02 3.024863766065987586e-02 -8.111677164247627081e-02 -2.767398900519398020e-02 -1.320066373705601759e-01 9.875365650855466582e-01
7.346021266058827548e-01 5.335926473371764567e-02 3.831571539470327720e-02 -7.092771557769823876e-02 -2.963335737823534141e-02 -1.373432909760697596e-01 9.875362999491641425e-01
7.539852085441629548e-01 4.227622731730742989e-02 4.738822520211938283e-02 -6.157697317511490881e-02 -3.105309667452080258e-02 -1.404052199524868649e-01 9.876894024801561311e-01
7.744429117977904564e-01 2.933117025319886134e-02 5.680932876245991386e-02 -5.269024628444246572e-02 -3.284241639732034257e-02 -1.414717842293707895e-01 9.879933440558333890e-01
7.960433933200345979e-01 1.532048217176589823e-02 6.765756807432718456e-02 -4.531267585663806274e-02 -3.431580119004908058e-02 -1.408999479303944535e-01 9.883908092797141220e-01
8.191604955898432738e-01 1.132359897261325452e-03 8.042166341886776426e-02 -4.004202102697639737e-02 -3.521827105432843996e-02 -1.389050191405313273e-01 9.888689021268630697e-01
8.434876538435489568e-01 -1.265208866152004938e-02 9.598895642609105161e-02 -3.892452696724972572e-02 -3.790191873620356311e-02 -1.369810793616816902e-01 9.890826606777608498e-01
8.697632539484663194e-01 -2.665889735624558943e-02 1.125273449879916482e-01 -3.843929872438524992e-02 -4.015559898886655876e-02 -1.339186528970439383e-01 9.894320303030743613e-01
8.987032782391363162e-01 -3.984577209981565726e-02 1.294546185797568749e-01 -3.834475476757525508e-02 -4.305655476048347863e-02 -1.305026094004541892e-01 9.897701156398107658e-01
9.290810336508140699e-01 -5.450683753751559696e-02 1.467328553743719177e-01 -3.843791906878688686e-02 -4.569891920536667956e-02 -1.267741680274169502e-01 9.901325393512118156e-01
9.615719244275828803e-01 -6.808126704704667298e-02 1.649888366681579177e-01 -3.887875923289914326e-02 -4.847145084468930387e-02 -1.234946613783774044e-01 9.903979145497839864e-01
9.956157670736847098e-01 -8.198078273432056473e-02 1.838531820323198451e-01 -3.976317780993653822e-02 -5.124636334655176262e-02 -1.195052030843764546e-01 9.907124741164665682e-01
1.027378929884298131e+00 -8.418648422818669763e-02 1.982753614067506165e-01 -4.017016305137627308e-02 -5.300225891711047438e-02 -1.172054593967646607e-01 9.908783976037134344e-01
1.054597846627848501e+00 -8.193531657124386580e-02 2.064152891244307175e-01 -4.075244635151695216e-02 -5.748100304252716508e-02 -1.139517380102974403e-01 9.909844468053089495e-01
1.076138372718730585e+00 -7.903874785121928204e-02 2.097241764909895945e-01 -4.353341006496194709e-02 -6.428502005955688547e-02 -1.064011123338518966e-01 9.912875877857935114e-01
1.091215871972807783e+00 -7.619491434684545761e-02 2.117453451471534298e-01 -4.777832304184417150e-02 -7.126484298252273863e-02 -9.455496361498526292e-02 9.918154631067991334e-01
1.099944527149331774e+00 -7.397978035642044370e-02 2.134241275346945299e-01 -5.241472537201568443e-02 -7.718141467482836360e-02 -8.000428240663380597e-02 9.924187828681841905e-01
1.107945934809309696e+00 -7.154850470642211413e-02 2.150832721416258975e-01 -5.748933754654393657e-02 -8.251433669755814382e-02 -6.471524354271417090e-02 9.928233969649530311e-01
1.115178439882824390e+00 -6.886993879616909453e-02 2.164030462753944728e-01 -6.223931990586873547e-02 -8.727814680361559163e-02 -4.998093800895628269e-02 9.929807138026027769e-01
1.121728874970749024e+00 -6.659790708889425093e-02 2.178164742434196277e-01 -6.647782291640105812e-02 -9.149172350630951911e-02 -3.561427772091802640e-02 9.929459133369540336e-01
1.127491456092454047e+00 -6.449745859373688661e-02 2.191382819516841940e-01 -7.056522126316537580e-02 -9.512592817858853134e-02 -2.172068114918127707e-02 9.927234354777054737e-01
1.132416276189740278e+00 -6.255041494236265875e-02 2.202906108467349577e-01 -7.426778533184333342e-02 -9.780896498428739982e-02 -8.805189495761204382e-03 9.923911381449097568e-01
1.136480365911370027e+00 -6.081304278454658513e-02 2.213252109546399449e-01 -7.718464556083384775e-02 -9.946268479500570969e-02 2.300369230880726888e-03 9.920405299807157906e-01
1.139833253746945108e+00 -5.953064182515656333e-02 2.218572638379350814e-01 -7.972860588525168546e-02 -1.004162351599249409e-01 1.215955114971851297e-02 9.916713540461568055e-01
1.145507982383190404e+00 -5.882719258311047000e-02 2.230145585465822256e-01 -8.062804569213977146e-02 -1.006162562166331709e-01 1.858832392576456258e-02 9.914786742267560626e-01
1.154000347088886214e+00 -5.758116643367600790e-02 2.250160052772265940e-01 -7.986773120912328550e-02 -1.003505892013338979e-01 1.992058885321370404e-02 9.915412623275914328e-01
1.317840557145071534e+00 -4.611796578223777143e-02 2.859664186271972941e-01 -9.687324117962116399e-02 -9.734743432067745339e-02 2.720414089301510796e-02 9.901509919667855764e-01
1.466898905514908424e+00 3.224063377455038681e-03 3.168697885197891417e-01 -1.117121476129944307e-01 -9.888768459938328259e-02 2.416575241806733637e-02 9.885128417579278626e-01
1.606589084623823771e+00 4.092982020307182889e-02 3.191487376567463397e-01 -1.322354311318812703e-01 -1.055503315928821989e-01 1.991419097158395046e-02 9.853813187045639133e-01
1.734731659424919803e+00 5.742589311067351765e-02 3.152378999560743744e-01 -1.572847320959830653e-01 -1.121367930299126958e-01 1.742025663669999336e-02 9.810114104113024647e-01
1.847232604547019541e+00 6.674820243495843686e-02 3.289173791936553792e-01 -1.820864699211526549e-01 -1.130262195417946064e-01 1.706296001643941435e-02 9.766158131851135904e-01
1.944070912877501556e+00 8.045668129327673834e-02 3.362598657792151280e-01 -2.057551281654473319e-01 -1.145268341913875387e-01 1.178690569960952339e-02 9.718073370466736582e-01
2.024471183283438336e+00 9.646969560261857424e-02 3.443150532235747519e-01 -2.274579535268016206e-01 -1.145186796450555489e-01 3.698283260769905795e-03 9.670236160977019324e-01
2.088868574063468930e+00 1.118317870812359088e-01 3.517532340016462644e-01 -2.460283559879142268e-01 -1.131621188567539654e-01 -6.092391644946710573e-03 9.626148064879216371e-01
2.137542297726820362e+00 1.252632621532206725e-01 3.575010895421588120e-01 -2.615580222138704780e-01 -1.109473936306064057e-01 -1.648310578254029088e-02 9.586482066357320253e-01
2.171490622552489480e+00 1.330995324330943308e-01 3.595303472405101397e-01 -2.762178128005999267e-01 -1.111284224946615662e-01 -2.401502878324493842e-02 9.543466204676582798e-01
2.190135824553455457e+00 1.370515206091052762e-01 3.604683327233798029e-01 -2.892894121802289109e-01 -1.135531017653954311e-01 -2.912726318626373059e-02 9.500362791068315271e-01
2.201041519138442926e+00 1.417988018161800146e-01 3.612896628585586245e-01 -2.964780555115150151e-01 -1.160276672532053188e-01 -3.640325304582500004e-02 9.472661432773643586e-01
2.212587550987466400e+00 1.477266254110542187e-01 3.641268337977577318e-01 -2.988939874810688235e-01 -1.195971393174689035e-01 -4.713411260114856033e-02 9.455883268865193925e-01
2.225633922071329263e+00 1.520092152350435710e-01 3.698881257115989585e-01 -2.974966888356559980e-01 -1.242088831696912254e-01 -6.050002296650628525e-02 9.446732878062187311e-01
2.239349277945390959e+00 1.536009088513358434e-01 3.792835816036896346e-01 -2.928839923861557559e-01 -1.290564013625794537e-01 -7.540304484712474775e-02 9.443928171577067321e-01
2.254260618729731824e+00 1.540044589360026472e-01 3.905175902409863120e-01 -2.864243219726219647e-01 -1.342812501905101819e-01 -9.213906604744347140e-02 9.441610276524350365e-01
2.270042256260524471e+00 1.528127659398106630e-01 4.039877434007700385e-01 -2.782115488655806379e-01 -1.397580999518876488e-01 -1.103331763806460336e-01 9.438710705204446105e-01
2.287044499710914280e+00 1.503122150855674688e-01 4.193190345593796331e-01 -2.677925492014404663e-01 -1.460839310397728241e-01 -1.295880663460053928e-01 9.434795009669602051e-01
2.305508160845155974e+00 1.454225742053793791e-01 4.360760506371294531e-01 -2.551425923806489582e-01 -1.531494757313336119e-01 -1.497460505306413558e-01 9.428804887083909181e-01
2.325530114743945553e+00 1.387489222711238701e-01 4.543679372702353336e-01 -2.410623777202468843e-01 -1.601868265526165680e-01 -1.706367253992505106e-01 9.418663485823686177e-01
2.346308420122892535e+00 1.290758049892648807e-01 4.746336549967468676e-01 -2.250423447157257895e-01 -1.683044710619013007e-01 -1.902835406032663546e-01 9.406496278003341205e-01
2.368337674621721067e+00 1.163902289850452798e-01 4.963359829642495780e-01 -2.073512240580135946e-01 -1.763176114652711957e-01 -2.083798259469373526e-01 9.394122725976860044e-01
2.391884976036631638e+00 1.016635861283875092e-01 5.198903449522589426e-01 -1.880554858706043053e-01 -1.846954084181530176e-01 -2.248969747892037296e-01 9.380533519336129444e-01
2.416753552780405379e+00 8.522046695246564274e-02 5.459105434184575723e-01 -1.674854158986695818e-01 -1.924337561820927411e-01 -2.387603658725779843e-01 9.369692484982061753e-01
2.441629636080986376e+00 6.440519402311159491e-02 5.739894788435357942e-01 -1.466228554779686333e-01 -2.004374993979792519e-01 -2.477088406893778738e-01 9.364650966965593071e-01
2.466052503173370436e+00 3.810008565579784540e-02 6.033982160089839120e-01 -1.264303361464895192e-01 -2.081571364383995315e-01 -2.514118605120455041e-01 9.367379852688385578e-01
2.490895690065457746e+00 8.524832259518069777e-03 6.352717028631906793e-01 -1.078864244499129765e-01 -2.151332076842980279e-01 -2.516551987885309316e-01 9.374155339515036767e-01
2.515411676528127582e+00 -2.497957340154874362e-02 6.696711924919889203e-01 -9.274241681898393042e-02 -2.203987366086975486e-01 -2.480587509770257604e-01 9.387705241897945641e-01
2.540994947488489863e+00 -5.755107419629687526e-02 7.101523058109044939e-01 -8.216250938100455592e-02 -2.227049974651668374e-01 -2.430379409629011833e-01 9.405234528754558010e-01
2.567268787304835431e+00 -8.954994012938195802e-02 7.562730701143296486e-01 -7.868845573806847182e-02 -2.258338581338994455e-01 -2.376516306436498582e-01 9.414504224367472585e-01
2.595916488836077729e+00 -1.205536015734674504e-01 8.070892862832506065e-01 -7.851752329627924298e-02 -2.306404521807406405e-01 -2.326483894200212232e-01 9.415490997571778209e-01
2.628836756993928603e+00 -1.508700374080478857e-01 8.610273931875599418e-01 -7.920039581603605106e-02 -2.350867025559300050e-01 -2.266373873415230278e-01 9.418582877710274248e-01
2.665032262839747368e+00 -1.819424636063901590e-01 9.175009400282522209e-01 -8.017134523311909844e-02 -2.398225149143041190e-01 -2.198317080566580817e-01 9.421951692067747075e-01
2.702774184673661040e+00 -2.148397669786729913e-01 9.767383723617055757e-01 -8.169463293085052480e-02 -2.445858216579915589e-01 -2.134239505835870687e-01 9.423131008913508966e-01
2.743819378026498335e+00 -2.485827749205717363e-01 1.037863684051931301e+00 -8.427709187581948480e-02 -2.502766427120723947e-01 -2.062119737067672764e-01 9.421972170398763557e-01
2.788425874757481271e+00 -2.700490604967196728e-01 1.095895668018044278e+00 -8.655561319100783801e-02 -2.550988905763262871e-01 -2.005535908540894141e-01 9.419187539524768171e-01
2.831401258500690687e+00 -2.778460623140930341e-01 1.141912436437009459e+00 -8.929190200970323066e-02 -2.601981901346142600e-01 -1.930527258355939357e-01 9.418357092049588486e-01
2.871393351375992165e+00 -2.794263579084230731e-01 1.172656801946564853e+00 -9.599057549538798917e-02 -2.698497279793662940e-01 -1.804219639092301264e-01 9.409648498560734264e-01
2.903179754824277037e+00 -2.763048425077719861e-01 1.192162186135435453e+00 -1.057114287364809280e-01 -2.821446009643148178e-01 -1.635994221953508687e-01 9.393906253729206179e-01
2.922959279912122010e+00 -2.705985839641067980e-01 1.205459049963063300e+00 -1.159346986472386404e-01 -2.925383018754046938e-01 -1.405704534498763425e-01 9.387334207336631708e-01
2.936689616236142442e+00 -2.656577805721538899e-01 1.215439697596017554e+00 -1.257649502459163571e-01 -3.003504991240052435e-01 -1.142962254354764617e-01 9.385675936323424340e-01
2.949032976397209627e+00 -2.606354992436099582e-01 1.224900168497463859e+00 -1.356015185262806622e-01 -3.073871962972773986e-01 -8.777080047971747012e-02 9.377748270821815169e-01
2.960120057983206543e+00 -2.551731261965328179e-01 1.233208884947163408e+00 -1.445463077834858168e-01 -3.129273738981044328e-01 -6.151135787968944196e-02 9.366958825697883073e-01
2.969688537536600226e+00 -2.501389978850241391e-01 1.241025605966351364e+00 -1.542964320781515242e-01 -3.176003634489814043e-01 -3.497874938549468127e-02 9.349326752640823024e-01
2.977990725969500652e+00 -2.451803784560034061e-01 1.247583968131158016e+00 -1.637950513971974942e-01 -3.210261768766425883e-01 -9.115478099206252363e-03 9.327541385363984361e-01
2.984790640870218947e+00 -2.406045631083872094e-01 1.253220131055782671e+00 -1.731865736882438611e-01 -3.227537573065065724e-01 1.463909847905466195e-02 9.303881553601053289e-01
2.990385415200683461e+00 -2.367825560155789877e-01 1.257751419769386647e+00 -1.817035326166091813e-01 -3.229272845211382248e-01 3.576523468662407002e-02 9.281285703684912791e-01
2.996927149841062121e+00 -2.326110384257654984e-01 1.262509237949229757e+00 -1.884535502260240580e-01 -3.222199532263796962e-01 5.213401744478582400e-02 9.262513726710821516e-01
3.007904515881974383e+00 -2.278453469870576065e-01 1.270785739986924456e+00 -1.898986596432064300e-01 -3.208989011979073158e-01 5.972335048714082217e-02 9.259565409252635826e-01
