0.000000000000000000e+00 0.000000000000000000e+00 0.000000000000000000e+00 9.558854901191293774e-15 2.560753394270989802e-14 4.291197659798268171e-15 1.000000000000000000e+00
7.974042743444442749e-02 -2.579564973711967468e-02 3.638395294547080994e-02 -2.528935484588146210e-02 1.400010846555233002e-02 2.853879705071449280e-02 9.991746544837951660e-01
1.519346237182617188e-01 -5.006312206387519836e-02 7.141110301017761230e-02 -5.065381526947021484e-02 2.991759218275547028e-02 5.686685442924499512e-02 9.966470599174499512e-01
2.188565731048583984e-01 -6.971161812543869019e-02 1.021257415413856506e-01 -7.556655257940292358e-02 4.551643133163452148e-02 8.390348404645919800e-02 9.925613999366760254e-01
2.793374359607696533e-01 -8.521193265914916992e-02 1.303513348102569580e-01 -1.014414876699447632e-01 6.175948306918144226e-02 1.123880892992019653e-01 9.865415692329406738e-01
3.338674604892730713e-01 -9.586531668901443481e-02 1.549735069274902344e-01 -1.253582686185836792e-01 7.670462876558303833e-02 1.375168710947036743e-01 9.795359969139099121e-01
3.818172812461853027e-01 -1.028446331620216370e-01 1.763628274202346802e-01 -1.474541276693344116e-01 9.069575369358062744e-02 1.598282009363174438e-01 9.718469977378845215e-01
4.231123626232147217e-01 -1.067683696746826172e-01 1.941478550434112549e-01 -1.673540472984313965e-01 1.034789383411407471e-01 1.786053329706192017e-01 9.640460610389709473e-01
4.574828147888183594e-01 -1.081281304359436035e-01 2.084804922342300415e-01 -1.850325167179107666e-01 1.156437695026397705e-01 1.941186636686325073e-01 9.564033746719360352e-01
4.849797487258911133e-01 -1.080561205744743347e-01 2.188080996274948120e-01 -1.997918486595153809e-01 1.256701052188873291e-01 2.050071805715560913e-01 9.498748779296875000e-01
5.050615668296813965e-01 -1.074633970856666565e-01 2.263344973325729370e-01 -2.123776674270629883e-01 1.343627721071243286e-01 2.132923752069473267e-01 9.441125988960266113e-01
5.177648067474365234e-01 -1.064932569861412048e-01 2.306542396545410156e-01 -2.210619598627090454e-01 1.349088698625564575e-01 2.172279059886932373e-01 9.411394000053405762e-01
5.232424736022949219e-01 -1.059433594346046448e-01 2.319521456956863403e-01 -2.271465063095092773e-01 1.342890858650207520e-01 2.181675732135772705e-01 9.395605325698852539e-01
5.292583107948303223e-01 -1.052928194403648376e-01 2.335975468158721924e-01 -2.313528656959533691e-01 1.335994005203247070e-01 2.162061929702758789e-01 9.390857219696044922e-01
5.360362529754638672e-01 -1.047980785369873047e-01 2.353504598140716553e-01 -2.339783608913421631e-01 1.330287009477615356e-01 2.127222269773483276e-01 9.393118619918823242e-01
5.436568856239318848e-01 -1.044360175728797913e-01 2.373077273368835449e-01 -2.354553639888763428e-01 1.329575628042221069e-01 2.075882405042648315e-01 9.401011466979980469e-01
5.521948337554931641e-01 -1.046782284975051880e-01 2.395575642585754395e-01 -2.356415539979934692e-01 1.332010477781295776e-01 2.018723785877227783e-01 9.412641525268554688e-01
5.617421269416809082e-01 -1.054565832018852234e-01 2.418430000543594360e-01 -2.344693690538406372e-01 1.338589191436767578e-01 1.952617019414901733e-01 9.428567290306091309e-01
5.722496509552001953e-01 -1.064888015389442444e-01 2.446986883878707886e-01 -2.325774431228637695e-01 1.348699331283569336e-01 1.882128864526748657e-01 9.446129798889160156e-01
5.838040709495544434e-01 -1.078858003020286560e-01 2.479876726865768433e-01 -2.299402058124542236e-01 1.358116865158081055e-01 1.805194020271301270e-01 9.466231465339660645e-01
5.965578556060791016e-01 -1.098164245486259460e-01 2.512988448143005371e-01 -2.265125662088394165e-01 1.368013471364974976e-01 1.726998239755630493e-01 9.487635493278503418e-01
6.105420589447021484e-01 -1.118996962904930115e-01 2.549905478954315186e-01 -2.224752753973007202e-01 1.380869597196578979e-01 1.650004386901855469e-01 9.509004354476928711e-01
6.258832216262817383e-01 -1.141961142420768738e-01 2.588363587856292725e-01 -2.172975838184356689e-01 1.393591314554214478e-01 1.579818725585937500e-01 9.531015753746032715e-01
6.427186727523803711e-01 -1.161200627684593201e-01 2.629964947700500488e-01 -2.120926082134246826e-01 1.408769786357879639e-01 1.515631377696990967e-01 9.550911784172058105e-01
6.610029339790344238e-01 -1.190854161977767944e-01 2.671135067939758301e-01 -2.061874270439147949e-01 1.422259211540222168e-01 1.462937146425247192e-01 9.570039510726928711e-01
6.808184385299682617e-01 -1.222308874130249023e-01 2.717796564102172852e-01 -2.003329545259475708e-01 1.434045135974884033e-01 1.419998109340667725e-01 9.587168097496032715e-01
7.024803161621093750e-01 -1.251238286495208740e-01 2.762473821640014648e-01 -1.947047263383865356e-01 1.445848941802978516e-01 1.391244232654571533e-01 9.601196050643920898e-01
7.259956598281860352e-01 -1.281263083219528198e-01 2.805876731872558594e-01 -1.891269981861114502e-01 1.454729586839675903e-01 1.376785486936569214e-01 9.613080620765686035e-01
7.513972520828247070e-01 -1.311174631118774414e-01 2.851362824440002441e-01 -1.839648783206939697e-01 1.467722058296203613e-01 1.380546540021896362e-01 9.620580673217773438e-01
7.788276076316833496e-01 -1.339691430330276489e-01 2.896156013011932373e-01 -1.794855594635009766e-01 1.480751484632492065e-01 1.413417607545852661e-01 9.622271656990051270e-01
8.082880973815917969e-01 -1.357046812772750854e-01 2.949446737766265869e-01 -1.763969957828521729e-01 1.498337984085083008e-01 1.476931571960449219e-01 9.615719914436340332e-01
8.399445414543151855e-01 -1.361548900604248047e-01 2.996434569358825684e-01 -1.734912246465682983e-01 1.450634151697158813e-01 1.575923711061477661e-01 9.612606763839721680e-01
8.735398054122924805e-01 -1.359265446662902832e-01 3.052606880664825439e-01 -1.715139299631118774e-01 1.404211372137069702e-01 1.711516082286834717e-01 9.599854350090026855e-01
9.090337157249450684e-01 -1.346393078565597534e-01 3.113140165805816650e-01 -1.708691418170928955e-01 1.354162395000457764e-01 1.879900842905044556e-01 9.576669931411743164e-01
9.462742209434509277e-01 -1.320578753948211670e-01 3.178966641426086426e-01 -1.705211251974105835e-01 1.306751817464828491e-01 2.077805250883102417e-01 9.542923569679260254e-01
9.851315021514892578e-01 -1.279665231704711914e-01 3.247012794017791748e-01 -1.702546328306198120e-01 1.260020732879638672e-01 2.305444777011871338e-01 9.497295022010803223e-01
1.025567293167114258e+00 -1.229682713747024536e-01 3.317268490791320801e-01 -1.703487485647201538e-01 1.215714141726493835e-01 2.550568580627441406e-01 9.440061450004577637e-01
1.059558272361755371e+00 -1.163052916526794434e-01 3.364899158477783203e-01 -1.705666929483413696e-01 1.162194311618804932e-01 2.808177471160888672e-01 9.373053908348083496e-01
1.086982011795043945e+00 -1.093693822622299194e-01 3.401085436344146729e-01 -1.711094379425048828e-01 1.114972233772277832e-01 3.074883818626403809e-01 9.293765425682067871e-01
1.107581496238708496e+00 -1.014236062765121460e-01 3.405185341835021973e-01 -1.708316951990127563e-01 1.062712743878364563e-01 3.329652249813079834e-01 9.212259054183959961e-01
1.120350956916809082e+00 -9.258647263050079346e-02 3.406784534454345703e-01 -1.707138568162918091e-01 1.024671569466590881e-01 3.571412265300750732e-01 9.125828146934509277e-01
1.126373291015625000e+00 -8.568660914897918701e-02 3.409363925457000732e-01 -1.711232662200927734e-01 9.955269843339920044e-02 3.829666972160339355e-01 9.022984504699707031e-01
1.132081747055053711e+00 -7.935696840286254883e-02 3.406875729560852051e-01 -1.705601960420608521e-01 9.658452123403549194e-02 4.087583422660827637e-01 8.913457393646240234e-01
1.136726975440979004e+00 -7.305077463388442993e-02 3.406702876091003418e-01 -1.705192476511001587e-01 9.459014236927032471e-02 4.332372844219207764e-01 8.799325823783874512e-01
1.140585064888000488e+00 -6.713180989027023315e-02 3.407411873340606689e-01 -1.704548597335815430e-01 9.275247156620025635e-02 4.561929404735565186e-01 8.684642910957336426e-01
1.144125819206237793e+00 -6.193847954273223877e-02 3.404994308948516846e-01 -1.705384552478790283e-01 9.126116335391998291e-02 4.782518446445465088e-01 8.566581010818481445e-01
1.146193504333496094e+00 -5.692351609468460083e-02 3.402454555034637451e-01 -1.702809184789657593e-01 9.025198966264724731e-02 4.973219931125640869e-01 8.458899259567260742e-01
1.148141026496887207e+00 -5.283212289214134216e-02 3.400308191776275635e-01 -1.704756468534469604e-01 9.034463018178939819e-02 5.143572688102722168e-01 8.355910778045654297e-01
1.148886919021606445e+00 -4.925676062703132629e-02 3.398176729679107666e-01 -1.706657111644744873e-01 9.131290018558502197e-02 5.286213755607604980e-01 8.264954090118408203e-01
1.152831912040710449e+00 -4.506580904126167297e-02 3.406581878662109375e-01 -1.713827699422836304e-01 9.356920421123504639e-02 5.395048856735229492e-01 8.190282583236694336e-01
1.159801244735717773e+00 -3.977647051215171814e-02 3.415988683700561523e-01 -1.732465326786041260e-01 9.728849679231643677e-02 5.470319986343383789e-01 8.131892085075378418e-01
1.261695027351379395e+00 1.003608480095863342e-01 3.633452653884887695e-01 -2.244318425655364990e-01 1.034238785505294800e-01 5.907973051071166992e-01 7.680444717407226562e-01
1.344920635223388672e+00 2.363138049840927124e-01 3.774281144142150879e-01 -2.753283679485321045e-01 1.104047372937202454e-01 6.294754147529602051e-01 7.181683778762817383e-01
1.408130526542663574e+00 3.663830161094665527e-01 3.826021850109100342e-01 -3.249372839927673340e-01 1.162934973835945129e-01 6.645978093147277832e-01 6.627226471900939941e-01
1.452177166938781738e+00 4.878786206245422363e-01 3.800241947174072266e-01 -3.720446825027465820e-01 1.210786551237106323e-01 6.940913796424865723e-01 6.042845845222473145e-01
1.479849457740783691e+00 5.977579951286315918e-01 3.704711496829986572e-01 -4.139605164527893066e-01 1.246764138340950012e-01 7.161533832550048828e-01 5.479204654693603516e-01
1.494863986968994141e+00 6.936352849006652832e-01 3.562727272510528564e-01 -4.512411057949066162e-01 1.268204301595687866e-01 7.314993739128112793e-01 4.951835274696350098e-01
1.500454068183898926e+00 7.740232944488525391e-01 3.391840755939483643e-01 -4.841100573539733887e-01 1.283176839351654053e-01 7.409482598304748535e-01 4.474010169506072998e-01
1.500281572341918945e+00 8.380544185638427734e-01 3.207902908325195312e-01 -5.123065710067749023e-01 1.289065331220626831e-01 7.450258731842041016e-01 4.072610735893249512e-01
1.497529864311218262e+00 8.859363794326782227e-01 3.039878606796264648e-01 -5.358253717422485352e-01 1.280160993337631226e-01 7.457685470581054688e-01 3.746096491813659668e-01
1.494122624397277832e+00 9.181294441223144531e-01 2.909490168094635010e-01 -5.509328842163085938e-01 1.230899095535278320e-01 7.466248869895935059e-01 3.519563078880310059e-01
1.491692543029785156e+00 9.351925253868103027e-01 2.827583253383636475e-01 -5.578439831733703613e-01 1.142521277070045471e-01 7.482757568359375000e-01 3.403528034687042236e-01
1.490047097206115723e+00 9.455506205558776855e-01 2.770883440971374512e-01 -5.627516508102416992e-01 1.058734580874443054e-01 7.477821111679077148e-01 3.360407054424285889e-01
1.488361597061157227e+00 9.572069644927978516e-01 2.709412872791290283e-01 -5.665915608406066895e-01 9.832652658224105835e-02 7.454197406768798828e-01 3.371280133724212646e-01
1.486935973167419434e+00 9.703767895698547363e-01 2.641393840312957764e-01 -5.699572563171386719e-01 9.194205701351165771e-02 7.413708567619323730e-01 3.421469926834106445e-01
1.486170530319213867e+00 9.854215979576110840e-01 2.569292485713958740e-01 -5.728346109390258789e-01 8.698116242885589600e-02 7.360666394233703613e-01 3.500008583068847656e-01
1.486622810363769531e+00 1.002430319786071777e+00 2.492340058088302612e-01 -5.749793648719787598e-01 8.387181907892227173e-02 7.297033071517944336e-01 3.604126870632171631e-01
1.487937569618225098e+00 1.021539092063903809e+00 2.411687076091766357e-01 -5.766296982765197754e-01 8.202381432056427002e-02 7.224329113960266113e-01 3.726404607295989990e-01
1.489894390106201172e+00 1.042969942092895508e+00 2.329669743776321411e-01 -5.776400566101074219e-01 8.104454725980758667e-02 7.144618034362792969e-01 3.864039182662963867e-01
1.493093013763427734e+00 1.066618442535400391e+00 2.242418825626373291e-01 -5.778640508651733398e-01 8.083283901214599609e-02 7.060189843177795410e-01 4.013432264328002930e-01
1.497482299804687500e+00 1.092558145523071289e+00 2.148673981428146362e-01 -5.773562192916870117e-01 8.173517137765884399e-02 6.972267627716064453e-01 4.169580638408660889e-01
1.502796769142150879e+00 1.120918750762939453e+00 2.046970725059509277e-01 -5.756881833076477051e-01 8.434549719095230103e-02 6.886845231056213379e-01 4.326460063457489014e-01
1.508738875389099121e+00 1.151799559593200684e+00 1.933712661266326904e-01 -5.732342004776000977e-01 8.816088736057281494e-02 6.805852651596069336e-01 4.476982951164245605e-01
1.516209959983825684e+00 1.185225009918212891e+00 1.809987723827362061e-01 -5.699875354766845703e-01 9.308642148971557617e-02 6.733121275901794434e-01 4.616273939609527588e-01
1.525703072547912598e+00 1.221355795860290527e+00 1.679482907056808472e-01 -5.657505393028259277e-01 9.900771081447601318e-02 6.672958135604858398e-01 4.741731584072113037e-01
1.536155223846435547e+00 1.260312557220458984e+00 1.533313840627670288e-01 -5.610924959182739258e-01 1.053350269794464111e-01 6.626039743423461914e-01 4.848048090934753418e-01
1.547769784927368164e+00 1.301911592483520508e+00 1.363631784915924072e-01 -5.559644699096679688e-01 1.124865189194679260e-01 6.595793366432189941e-01 4.931586086750030518e-01
1.560544133186340332e+00 1.346454977989196777e+00 1.173759549856185913e-01 -5.507050156593322754e-01 1.204559803009033203e-01 6.583253145217895508e-01 4.988207221031188965e-01
1.574245572090148926e+00 1.394056677818298340e+00 9.608662873506546021e-02 -5.456678271293640137e-01 1.295836269855499268e-01 6.595909595489501953e-01 5.003944039344787598e-01
1.587263464927673340e+00 1.445187926292419434e+00 7.220634073019027710e-02 -5.412273406982421875e-01 1.397399604320526123e-01 6.641339063644409180e-01 4.964593052864074707e-01
1.598532319068908691e+00 1.499562025070190430e+00 4.467762261629104614e-02 -5.331246256828308105e-01 1.470192521810531616e-01 6.752524971961975098e-01 4.880547821521759033e-01
1.607444882392883301e+00 1.557421207427978516e+00 1.406571455299854279e-02 -5.208440423011779785e-01 1.515400111675262451e-01 6.929593682289123535e-01 4.749362170696258545e-01
1.613198876380920410e+00 1.619023203849792480e+00 -1.886219158768653870e-02 -5.081031322479248047e-01 1.568536609411239624e-01 7.145358920097351074e-01 4.546059370040893555e-01
1.614635944366455078e+00 1.683842420578002930e+00 -5.437630042433738708e-02 -4.946716427803039551e-01 1.624968051910400391e-01 7.384535670280456543e-01 4.284636080265045166e-01
1.610656499862670898e+00 1.751142382621765137e+00 -9.272543340921401978e-02 -4.797171950340270996e-01 1.698511838912963867e-01 7.641635537147521973e-01 3.963282704353332520e-01
1.600932598114013672e+00 1.820232391357421875e+00 -1.338546723127365112e-01 -4.633347392082214355e-01 1.781169027090072632e-01 7.903626561164855957e-01 3.590573072433471680e-01
1.585586667060852051e+00 1.882895588874816895e+00 -1.745497286319732666e-01 -4.451521635055541992e-01 1.860546320676803589e-01 8.162589073181152344e-01 3.177179098129272461e-01
1.566243052482604980e+00 1.931875228881835938e+00 -2.099337726831436157e-01 -4.253377020359039307e-01 1.933077424764633179e-01 8.410211205482482910e-01 2.727698683738708496e-01
1.545151829719543457e+00 1.966539382934570312e+00 -2.399444580078125000e-01 -4.041937589645385742e-01 2.007827758789062500e-01 8.629927039146423340e-01 2.270622253417968750e-01
1.523212194442749023e+00 1.986526966094970703e+00 -2.627419531345367432e-01 -3.830043077468872070e-01 2.077676802873611450e-01 8.813495635986328125e-01 1.826563030481338501e-01
1.504046320915222168e+00 1.995111465454101562e+00 -2.753741741180419922e-01 -3.629070222377777100e-01 2.150243818759918213e-01 8.964620232582092285e-01 1.357159763574600220e-01
1.488539099693298340e+00 1.998521804809570312e+00 -2.831487953662872314e-01 -3.415716886520385742e-01 2.229018211364746094e-01 9.089860916137695312e-01 8.595216274261474609e-02
1.473659515380859375e+00 2.000296354293823242e+00 -2.896704077720642090e-01 -3.199271559715270996e-01 2.305520474910736084e-01 9.182355403900146484e-01 3.655047342181205750e-02
1.459519267082214355e+00 2.000585794448852539e+00 -2.943357527256011963e-01 -2.995569705963134766e-01 2.368996888399124146e-01 9.241296648979187012e-01 -1.133949682116508484e-02
1.446732759475708008e+00 1.999955296516418457e+00 -2.980919182300567627e-01 -2.795429825782775879e-01 2.422777414321899414e-01 9.272765517234802246e-01 -5.757895484566688538e-02
1.435503959655761719e+00 1.997945785522460938e+00 -3.006214797496795654e-01 -2.611018121242523193e-01 2.472132742404937744e-01 9.276806712150573730e-01 -1.005986332893371582e-01
1.426024436950683594e+00 1.995244503021240234e+00 -3.019581437110900879e-01 -2.453031092882156372e-01 2.513357102870941162e-01 9.259105324745178223e-01 -1.390912085771560669e-01
1.418432831764221191e+00 1.992314219474792480e+00 -3.024299740791320801e-01 -2.329100221395492554e-01 2.549323737621307373e-01 9.223279953002929688e-01 -1.734168529510498047e-01
1.409495353698730469e+00 1.990825653076171875e+00 -3.032892644405364990e-01 -2.246490865945816040e-01 2.582102715969085693e-01 9.175765514373779297e-01 -2.022709101438522339e-01
1.395466685295104980e+00 1.992015838623046875e+00 -3.069624602794647217e-01 -2.219941914081573486e-01 2.597242891788482666e-01 9.124648571014404297e-01 -2.250991463661193848e-01
