0.000000000000000000e+00 0.000000000000000000e+00 0.000000000000000000e+00 0.000000000000000000e+00 0.000000000000000000e+00 0.000000000000000000e+00 1.000000000000000000e+00
8.749303221702575684e-02 2.186839934438467026e-03 2.622442133724689484e-02 -2.307176943227302879e-02 4.418051400202316695e-03 1.833715900240256297e-02 9.995558628094829423e-01
1.659187773178239789e-01 1.527730602881417678e-03 5.580764222616056702e-02 -4.771536364043856004e-02 1.032640676199570590e-02 3.788629380654309764e-02 9.980887927121768755e-01
2.365698488035398728e-01 1.092621709718332064e-03 8.436125533556443346e-02 -7.196149173169363866e-02 1.706419564055455806e-02 5.532047785441794596e-02 9.957258667247974593e-01
2.998924981554478841e-01 -1.920483129548481924e-03 1.103239725554458900e-01 -9.547695314630692820e-02 2.458423562296620929e-02 7.309240096890605443e-02 9.924400574832382693e-01
3.558817234973826737e-01 -3.881855517536019276e-03 1.338316154364475041e-01 -1.170757603546233178e-01 3.124816314174018103e-02 8.823422789772863983e-02 9.887019468297539859e-01
4.045526918925235749e-01 -6.309455717484781928e-03 1.545627092405759129e-01 -1.365998700069263883e-01 3.736768053157533964e-02 1.012402466780436411e-01 9.847306963928512680e-01
4.461104313394156362e-01 -7.160543738058766129e-03 1.721195907540141179e-01 -1.542618347071603169e-01 4.309247894783367616e-02 1.115073563681892449e-01 9.807713464853512475e-01
4.802843546915810391e-01 -6.902007850619672723e-03 1.869472999808530489e-01 -1.703875976312088092e-01 4.877377776234114587e-02 1.195064648802966895e-01 9.768865799201406075e-01
5.077203651653484640e-01 -5.924500432100053733e-03 1.973805597296932612e-01 -1.842090764576209128e-01 5.375813303382951519e-02 1.247088583896424907e-01 9.734602097273927779e-01
5.276835307273135545e-01 -4.997446296756520405e-03 2.051773245940105295e-01 -1.959465831707619676e-01 5.882478831454458768e-02 1.282705927455139172e-01 9.704077678276114005e-01
5.403006721216011554e-01 -4.410189601945925519e-03 2.098117936108723769e-01 -2.044433541071117855e-01 5.705859857172517619e-02 1.300063719559248487e-01 9.685275290570333206e-01
5.455344533747557012e-01 -3.124701381691411244e-03 2.115617915871778054e-01 -2.107598640563395909e-01 5.605116497736737508e-02 1.295422825163684288e-01 9.672938248785023507e-01
5.510126233555745490e-01 -1.082245002446194631e-03 2.138390617397069593e-01 -2.148168980579676923e-01 5.532453480440040205e-02 1.262860923453205664e-01 9.668736830825310768e-01
5.573252259497498695e-01 6.189853628717630844e-04 2.164022010760065506e-01 -2.171018839648141685e-01 5.465174979061198507e-02 1.215075315075411916e-01 9.670138975271743709e-01
5.642554758377810176e-01 2.730165728575898072e-03 2.194903104132710503e-01 -2.175778798396846569e-01 5.438606492736388492e-02 1.145275599990953214e-01 9.677734549711712875e-01
5.721408198187688532e-01 4.926347960489136334e-03 2.228002171833959322e-01 -2.167762652948032609e-01 5.404784647194885161e-02 1.062164442156345173e-01 9.689194745048572699e-01
5.811771436807299240e-01 6.815693800217154097e-03 2.262253247144796753e-01 -2.141839379777967234e-01 5.375319561133696383e-02 9.690556890332487072e-02 9.704870660598293730e-01
5.910074605838565587e-01 8.482082820616909657e-03 2.307214670894771891e-01 -2.111951958915509742e-01 5.404142145784120166e-02 8.702274643635718454e-02 9.720612921013874752e-01
6.014433066709756748e-01 9.551301278237746967e-03 2.367380914696931016e-01 -2.075017227188012681e-01 5.465771086426288866e-02 7.674233678718829499e-02 9.736869021694036785e-01
6.131291952520545596e-01 9.963898701871542335e-03 2.431094156051836486e-01 -2.033918701055504596e-01 5.516728402940650200e-02 6.636752607664049564e-02 9.752864550634608998e-01
6.260471219191748871e-01 1.039039812712077779e-02 2.499275944712440189e-01 -1.986003609716630314e-01 5.588721624765873031e-02 5.635374566197939167e-02 9.768616949353053913e-01
6.407381899618395105e-01 1.035649998775803673e-02 2.562199773390569368e-01 -1.924185077105139419e-01 5.610933879438033400e-02 4.699112128976059427e-02 9.785799377212101025e-01
6.565182631654613576e-01 1.168093594361505755e-02 2.635350106354832911e-01 -1.861231263486549659e-01 5.679271969158831285e-02 3.854275105247303990e-02 9.801261271742235381e-01
6.739222210305398919e-01 1.112923047516621924e-02 2.710711364545731472e-01 -1.793260596601415624e-01 5.738731748604079808e-02 3.137998273103504571e-02 9.816130382194011572e-01
6.925691945475379585e-01 9.481476086549062154e-03 2.796657567235463215e-01 -1.725810411517229859e-01 5.847257025642219053e-02 2.556121588422154145e-02 9.829259214229296715e-01
7.132763377543819283e-01 1.047763117564421906e-02 2.878923983665541142e-01 -1.660983009175527048e-01 5.969431241741748190e-02 2.094155557473062826e-02 9.840779413986600055e-01
7.355803785173000708e-01 9.594058766762407833e-03 2.969806861977761225e-01 -1.598693916658766312e-01 6.074130999279805931e-02 1.852464350086310829e-02 9.850934516338576419e-01
7.596622298284788632e-01 9.391766297335011823e-03 3.067209523688357309e-01 -1.543086522677277472e-01 6.259981338788705996e-02 1.802796208478749801e-02 9.858727584136751654e-01
7.858213264350479843e-01 8.606834205366214324e-03 3.165010257425105444e-01 -1.493752605166527303e-01 6.469348764568913501e-02 2.043969422233831573e-02 9.864502030522963594e-01
8.134342961593490351e-01 8.444515951693879613e-03 3.281682001860199427e-01 -1.462619754098868630e-01 6.753116222477546782e-02 2.571411057109163414e-02 9.866031427049613001e-01
8.432088952726524145e-01 6.224699057450069212e-03 3.396880917662325472e-01 -1.440214353291837390e-01 6.332776475629929569e-02 3.465567240001417304e-02 9.869378930546721662e-01
8.747434366311692688e-01 2.075508843950995240e-03 3.518730390936671282e-01 -1.427469686861917442e-01 5.835896533588843388e-02 4.632701198003304904e-02 9.869505266510727459e-01
9.084806320650954392e-01 -1.308538515429417612e-03 3.640509267985351793e-01 -1.429964306352438930e-01 5.303491282403795248e-02 5.991072844646916362e-02 9.864836660910002442e-01
9.448360465386578255e-01 -4.097334342244952216e-03 3.743852746310470936e-01 -1.433923415666207013e-01 4.640456279309573828e-02 7.657227613869345417e-02 9.856073962075178052e-01
9.830380169205533702e-01 -7.945880551033721040e-03 3.843352558235239580e-01 -1.439566931366257074e-01 3.917009632192165053e-02 9.506098023179931911e-02 9.842284206893581189e-01
1.022668624883524391e+00 -1.325758807311558547e-02 3.947872353237281695e-01 -1.447616911237978310e-01 3.198637116495124666e-02 1.150749836337553872e-01 9.822314762744914773e-01
1.056452449542468974e+00 -1.578745901989690031e-02 4.033904775443747925e-01 -1.460630311316931385e-01 2.440934885138081392e-02 1.358455921606534778e-01 9.795997905858264687e-01
1.083804074514089999e+00 -1.632526182566159181e-02 4.113776548209966966e-01 -1.487928410391590739e-01 1.761540997098987038e-02 1.574232111410541757e-01 9.760985198129789042e-01
1.104996281305719252e+00 -1.048342499400043044e-02 4.110670303461129160e-01 -1.501928164997118897e-01 9.432191685202697892e-03 1.759574505277266554e-01 9.728268742359454935e-01
1.112783690366052181e+00 2.883789198654578348e-03 4.114882031753792080e-01 -1.508830883851396687e-01 2.859319933197072925e-03 1.894106380422486968e-01 9.702317909269464469e-01
1.119375840146050738e+00 9.192305203730528548e-03 4.123010690899413522e-01 -1.536279244294912472e-01 -2.671691291727680117e-03 2.087086290612965023e-01 9.658322996548015515e-01
1.125521425366364348e+00 1.499833512728184631e-02 4.134002461525461136e-01 -1.558530316437256591e-01 -7.825113374816517961e-03 2.279420773499214736e-01 9.610884504048176069e-01
1.131238043026925544e+00 1.997136560526960661e-02 4.153534249195566797e-01 -1.585355302119207110e-01 -1.112508601031818832e-02 2.476196362660471328e-01 9.557338718791745791e-01
1.135953169966984033e+00 2.511539593972978573e-02 4.165258733940306324e-01 -1.606821966599037976e-01 -1.431424262998897551e-02 2.659696964443616918e-01 9.503875286996203986e-01
1.140605250204517196e+00 2.919813313709203675e-02 4.175533961807792460e-01 -1.631228014818048855e-01 -1.678802798945947666e-02 2.835471201448198642e-01 9.448333950546687898e-01
1.143367288250516589e+00 3.383641534918906818e-02 4.180331637668769362e-01 -1.651318576943704430e-01 -1.853264242157600175e-02 2.992272843473726684e-01 9.396015341842396396e-01
1.146192606833126959e+00 3.731081778325453374e-02 4.187759880421553782e-01 -1.671787810696749033e-01 -1.892055790685388122e-02 3.140759407039390716e-01 9.343712169793582101e-01
1.147319817370026529e+00 4.071888771113603422e-02 4.193088517573649310e-01 -1.692960827093672183e-01 -1.794898817650917092e-02 3.256087320312860411e-01 9.300514092391242160e-01
1.152027019958087095e+00 4.412608406840914932e-02 4.198284425589783875e-01 -1.704605329232432021e-01 -1.682526568571477907e-02 3.348392095251648826e-01 9.265758581544696337e-01
1.160564454092877673e+00 4.583776527235067927e-02 4.211926235741341729e-01 -1.709870625579840986e-01 -1.385542415067770802e-02 3.416535853844652748e-01 9.240369469092331034e-01
1.279584481411080832e+00 1.686609053431151195e-01 4.591225429808267755e-01 -2.142334946588342615e-01 -1.437792709954904651e-02 3.675390324788578855e-01 9.048825031920377793e-01
1.385109766512276908e+00 2.820913726915822983e-01 4.991972690669809753e-01 -2.570279220247105867e-01 -1.211624572717919651e-02 3.895195499477049905e-01 8.843440303963584492e-01
1.485666626561782611e+00 3.798280763500271329e-01 5.349199946989091625e-01 -2.996928788294453971e-01 -8.624833568002714460e-03 4.147958557185843498e-01 8.591008024111785879e-01
1.569866967421565507e+00 4.736171534540577488e-01 5.635878128302413970e-01 -3.417234815502267486e-01 -5.360755736440747828e-03 4.371935777566842707e-01 8.319002945205851152e-01
1.639880763720718893e+00 5.602219998152081493e-01 5.865696435887698401e-01 -3.801213298787324835e-01 -1.548581347274064152e-03 4.557707772306172078e-01 8.048468022484985829e-01
1.696794576526012843e+00 6.380092742399569028e-01 6.047203814299391134e-01 -4.145085681161185254e-01 1.448465116813264049e-03 4.694546370765435572e-01 7.796107314772297014e-01
1.741112877611675547e+00 7.065264052145135976e-01 6.159807926117463195e-01 -4.452819128033125295e-01 4.659528331778720403e-03 4.784254064340096591e-01 7.568430731693336355e-01
1.774477799206303885e+00 7.639348771598003518e-01 6.214024003640820082e-01 -4.714407067970483034e-01 6.494502676574013915e-03 4.820537006805834523e-01 7.384617194342831814e-01
1.800117463868941003e+00 8.077329882620877255e-01 6.240304576298196793e-01 -4.935478936528396865e-01 7.000702527163102373e-03 4.828403292057999452e-01 7.233440974580533922e-01
1.817370671719707786e+00 8.380677598041169629e-01 6.244074650107438451e-01 -5.099051722621817939e-01 3.235130379698952091e-03 4.839488517242178656e-01 7.111819444744867935e-01
1.826069921309389388e+00 8.550092590754378996e-01 6.232032106373627256e-01 -5.203151290038099397e-01 -4.928825244049622051e-03 4.845260564205066678e-01 7.031944068755483501e-01
1.829626078898745289e+00 8.662703215018913161e-01 6.215638118285429226e-01 -5.272025465517067300e-01 -1.208040971424657016e-02 4.809821225675011691e-01 7.004054085891917580e-01
1.833390016839901326e+00 8.789626411835436137e-01 6.204514780984216049e-01 -5.317467943031661815e-01 -1.901448129893076530e-02 4.745490906315406598e-01 7.012039338380929854e-01
1.837567810861057360e+00 8.932333952786682962e-01 6.196561721308876391e-01 -5.337452650477139127e-01 -2.519651410612824827e-02 4.650160394064569713e-01 7.058620338357756152e-01
1.842141063184740579e+00 9.092292846719975952e-01 6.181946962261142264e-01 -5.332248730701307782e-01 -3.139991177653830151e-02 4.532307430410811855e-01 7.136295774715326612e-01
1.848442928144389041e+00 9.267791514747398818e-01 6.171934356467053684e-01 -5.303281250815337078e-01 -3.684194741939782886e-02 4.393347955128252269e-01 7.241406549210972488e-01
1.856659811562983320e+00 9.458685659611011376e-01 6.172415688933554634e-01 -5.258669664201975902e-01 -4.146338284897137932e-02 4.240807976224077458e-01 7.361387088033619630e-01
1.866758260388722945e+00 9.663339270030308903e-01 6.203347713968769828e-01 -5.196420484550906549e-01 -4.510349835769793259e-02 4.081581793462697449e-01 7.492294151633615007e-01
1.878787054699893044e+00 9.880842678694473635e-01 6.256114739201255048e-01 -5.123016034825715881e-01 -4.850732915047059612e-02 3.916277544577968506e-01 7.627724483921909382e-01
1.893704013727524060e+00 1.011002427626689348e+00 6.312905354171939321e-01 -5.034534701335591222e-01 -5.154346721890599309e-02 3.750120701158284331e-01 7.766877246776673349e-01
1.910155499231313447e+00 1.035838727545466798e+00 6.382556890873564148e-01 -4.932007020518015539e-01 -5.364835865852727453e-02 3.594580183295427722e-01 7.903574217829894000e-01
1.928390214291240357e+00 1.062895313136583475e+00 6.455109841279544902e-01 -4.821605111428280410e-01 -5.454475592559948627e-02 3.451596010733370967e-01 8.033747325391795702e-01
1.949761276466803528e+00 1.091134195641690452e+00 6.539962967278672989e-01 -4.705688762886714449e-01 -5.448185292627765602e-02 3.325997781276459064e-01 8.154594091428323255e-01
1.975120438954430790e+00 1.119420998489822461e+00 6.650707201025846116e-01 -4.587311159499415369e-01 -5.313793513506151478e-02 3.222209739985987254e-01 8.263871774321631669e-01
2.002000212306971783e+00 1.151016751337937460e+00 6.760118417904993349e-01 -4.474271046801605034e-01 -5.083859257407940396e-02 3.140249330965724228e-01 8.358305838483709449e-01
2.031423229770380257e+00 1.185180903752422577e+00 6.869847857914530564e-01 -4.364786975008078107e-01 -4.707694963320582793e-02 3.087723427299826628e-01 8.437592949451100388e-01
2.063990708803586926e+00 1.220910108039876985e+00 7.000454975921529543e-01 -4.262955133313298672e-01 -4.195987709035896296e-02 3.070861149258383160e-01 8.498291722739899079e-01
2.099772354903326921e+00 1.258871940154712155e+00 7.136644881203072499e-01 -4.182229074514230982e-01 -3.493398368936517090e-02 3.086742203792990913e-01 8.535745088389773416e-01
2.137904559208974042e+00 1.299887692862273569e+00 7.284215192249408055e-01 -4.120717257718882198e-01 -2.685338525269161461e-02 3.146976096791520572e-01 8.546585300469867752e-01
2.179091187358724202e+00 1.342779486786819909e+00 7.458949900651807852e-01 -4.066710016682431039e-01 -2.340922376294058554e-02 3.277641327256206050e-01 8.524326236973723825e-01
2.225651173110335446e+00 1.386041225951769373e+00 7.639170879861767460e-01 -4.014287172152258831e-01 -2.651705451913081643e-02 3.469690134452924068e-01 8.472097346722168298e-01
2.275512564377065949e+00 1.431224702981266583e+00 7.835243575643909830e-01 -3.976510589701424681e-01 -2.969624799330990508e-02 3.703642065856068699e-01 8.389410722066587001e-01
2.326327916758370140e+00 1.482256618473125620e+00 8.002101215192294337e-01 -3.943128259383397727e-01 -3.388743814855399439e-02 3.970361585191745646e-01 8.280889599943869195e-01
2.380435981666916945e+00 1.536077979000548321e+00 8.140426005728890191e-01 -3.902524643789267444e-01 -3.752890050931461524e-02 4.281600775913088075e-01 8.142318733811276799e-01
2.436047614735225686e+00 1.593491044068595652e+00 8.271074221584654440e-01 -3.855080456673222744e-01 -4.150347932264897982e-02 4.611856949076300061e-01 7.981032281243088944e-01
2.485318779528544741e+00 1.650639939296768333e+00 8.382702487463233876e-01 -3.816207944295474941e-01 -4.573933535162413855e-02 4.942945551527272441e-01 7.797091606534580777e-01
2.525335596575842168e+00 1.699044399467155575e+00 8.472636760833572867e-01 -3.786566676390523134e-01 -5.051789634034851983e-02 5.291252922187064112e-01 7.576895771596060536e-01
2.556368954680154459e+00 1.738811350916915410e+00 8.456507523480056854e-01 -3.730970314429524759e-01 -5.493703029016588912e-02 5.648378559317128733e-01 7.339882317434113235e-01
2.562128700013098559e+00 1.772439738999002534e+00 8.302710187365957006e-01 -3.670303389791796933e-01 -6.117687803805085811e-02 5.921876866135583617e-01 7.147446143103336480e-01
2.561194390778695151e+00 1.795636735325651712e+00 8.224209307373230304e-01 -3.639661765456943532e-01 -6.468810181049905461e-02 6.205200565838699944e-01 6.915915927713508493e-01
2.559606097887676235e+00 1.813070727327341647e+00 8.199551106588465199e-01 -3.631710661095669535e-01 -6.468686946015818340e-02 6.497167607877463169e-01 6.646732403307384907e-01
2.555996866542197044e+00 1.828592830307569805e+00 8.163329325868268205e-01 -3.616601005152793036e-01 -6.458554285659563743e-02 6.767929652526073481e-01 6.379513786596749947e-01
2.551288265480276873e+00 1.842229738014236062e+00 8.126370615599300962e-01 -3.609663063549923279e-01 -6.345462768427122258e-02 7.014942064562146307e-01 6.112141312259149473e-01
2.546607054267451709e+00 1.854196883767283754e+00 8.090491520272249382e-01 -3.603233412057245122e-01 -6.240224699852049695e-02 7.241051963781593992e-01 5.847603901856092135e-01
2.541398046290068269e+00 1.864062034234598597e+00 8.055747603223928355e-01 -3.600040343478352889e-01 -6.023334167065411832e-02 7.445294069713088714e-01 5.589678004674509815e-01
2.536206874244896881e+00 1.871925398956695519e+00 8.023868930029908197e-01 -3.601901071466858117e-01 -5.711907430714911749e-02 7.622135754257886031e-01 5.348186267330159449e-01
2.531938668673905379e+00 1.878048055397240068e+00 7.991101076999289621e-01 -3.608723048364516073e-01 -5.262519652753790134e-02 7.773553093110009415e-01 5.125626706837547175e-01
2.527910985626011797e+00 1.885675741397073502e+00 7.962068561319486371e-01 -3.627771376542439086e-01 -4.684817517686929583e-02 7.885244615156989934e-01 4.943957629969822354e-01
2.527910261916869405e+00 1.899865865835538070e+00 7.929889025003286074e-01 -3.653428042994641411e-01 -4.022483151443088933e-02 7.964154317180872633e-01 4.802385432236064289e-01
