0.000000000000000000e+00 0.000000000000000000e+00 0.000000000000000000e+00 0.000000000000000000e+00 0.000000000000000000e+00 0.000000000000000000e+00 1.000000000000000000e+00
8.636063337326049805e-02 2.565728267654776573e-03 2.934298291802406311e-02 -2.557405132695378044e-02 5.543916457326538046e-03 2.379959454685101269e-02 9.993742102878410138e-01
1.639834299156726072e-01 9.273282109081631627e-04 5.998775125774182676e-02 -5.231353637188197042e-02 1.251419584313371615e-02 4.896364818371509720e-02 9.973511166942207185e-01
2.336070146052056651e-01 1.694280032927408895e-03 8.947893609120041725e-02 -7.888702989012308375e-02 2.028405536134849155e-02 7.158867932764551023e-02 9.941028390490271871e-01
2.954593547377115104e-01 2.693875419034941383e-04 1.169307303404792941e-01 -1.050783524273540825e-01 2.911041652017837614e-02 9.497442710252781972e-02 9.894902635689353243e-01
3.499352689245564529e-01 -9.324670327510347148e-05 1.413785947492433304e-01 -1.290448372737600657e-01 3.706202870058265819e-02 1.152498297454754433e-01 9.842211706447006048e-01
3.971548851897371835e-01 -1.381893382586854482e-03 1.623779290501451977e-01 -1.504020577808645176e-01 4.405624649827104972e-02 1.328456119090709597e-01 9.786676205721069888e-01
4.370767749309844019e-01 -1.643658107226717621e-03 1.800444894822998965e-01 -1.693921733608314273e-01 5.054547462609437075e-02 1.472200986093720465e-01 9.731791660143387368e-01
4.694262333719576019e-01 -7.667358092520062778e-04 1.948790337456190735e-01 -1.866786065087529256e-01 5.686319425463347982e-02 1.585513766166652960e-01 9.678735123889227188e-01
4.948640992614876666e-01 5.604347489819275392e-04 2.054861576049610838e-01 -2.014835129696762595e-01 6.254526730969511839e-02 1.663019013128904100e-01 9.632425245794927759e-01
5.127197404558153648e-01 1.441414986103092648e-03 2.135055977738172239e-01 -2.140819577204916002e-01 6.812975064497302224e-02 1.717533338470972615e-01 9.591809238970627760e-01
5.239211428020789096e-01 1.185705420852971618e-03 2.177233844722173961e-01 -2.226729123773736330e-01 6.660382408506694552e-02 1.753673528214170219e-01 9.566749689811230306e-01
5.287967181440813569e-01 3.818883005218529948e-03 2.193822829442406974e-01 -2.285331305740376795e-01 6.541046850970867743e-02 1.760986281522357033e-01 9.552399447271198163e-01
5.342281042061409746e-01 6.771790516110032070e-03 2.211528234119241321e-01 -2.322888311216280977e-01 6.446187221156741975e-02 1.737224593028737774e-01 9.548335316173645060e-01
5.406296904609464438e-01 9.576429754134353073e-03 2.233414792688657724e-01 -2.342634817548703563e-01 6.358508599163248398e-02 1.697165499340067552e-01 9.551302794038203370e-01
5.477209112274135094e-01 1.268906444737463030e-02 2.259184445323127732e-01 -2.342677938298937390e-01 6.273994234930196923e-02 1.636456026098683236e-01 9.562439109110885127e-01
5.560786709094779345e-01 1.443430549200635030e-02 2.289624398086564094e-01 -2.335780782924842258e-01 6.206956872763808725e-02 1.564400032890153336e-01 9.576613051335466364e-01
5.654574385642702206e-01 1.401892481921222788e-02 2.322440744015887848e-01 -2.311395508268850318e-01 6.158070176352754832e-02 1.485000043760033583e-01 9.595468065259683543e-01
5.753466077010451762e-01 1.530917726720209052e-02 2.365028559976172229e-01 -2.283613734283085894e-01 6.161204423833230304e-02 1.396654843125860190e-01 9.615344984047329291e-01
5.857282006152321197e-01 1.477447926126399316e-02 2.419864346588352644e-01 -2.247105392797366374e-01 6.153514484719863759e-02 1.306388228251759709e-01 9.636659677793423251e-01
5.968970235614504682e-01 1.269498347756172624e-02 2.476284666464848017e-01 -2.206153063115700586e-01 6.132734720313536003e-02 1.214704257165835355e-01 9.658223329279097547e-01
6.091937094965849120e-01 1.139695063868568017e-02 2.534184575167532927e-01 -2.159274330034802181e-01 6.129146079487539367e-02 1.126736098252889146e-01 9.679480141821132921e-01
6.228441032350183759e-01 9.112184728761348745e-03 2.582542582829120414e-01 -2.097345161250087353e-01 6.083748141384000968e-02 1.042915996731969414e-01 9.702749588846630857e-01
6.374659133762898833e-01 9.089520777920839095e-03 2.640622839268142452e-01 -2.032532763107865181e-01 6.088887443759913309e-02 9.656654421802521315e-02 9.724482264760636596e-01
6.531286431651704971e-01 6.528897225281200464e-03 2.698490773019814326e-01 -1.962201006130924741e-01 6.079133677867974705e-02 9.001802224075089454e-02 9.745249310099320939e-01
6.696376390873878259e-01 3.184045829841087704e-03 2.764959402425709034e-01 -1.893118001674414519e-01 6.091633397588523680e-02 8.497303124257417350e-02 9.763348946615344470e-01
6.879308132416281918e-01 3.171356234084724435e-03 2.829530573925264636e-01 -1.824423772025481616e-01 6.130320961685584158e-02 8.140252160771013767e-02 9.779214308763568564e-01
7.074754699870188235e-01 5.089669519563063370e-04 2.894978041062471474e-01 -1.758025184809537678e-01 6.131633556659299433e-02 8.016510856077251057e-02 9.792381410351000959e-01
7.284598256612104805e-01 -1.083126563613191935e-03 2.967101164534588498e-01 -1.698842264783533562e-01 6.204855399982452113e-02 8.080090966917996553e-02 9.801839314827678340e-01
7.509844521037836174e-01 -3.220675236448981588e-03 3.040916910789147054e-01 -1.645149080216571358e-01 6.310221981634592248e-02 8.471496693076152606e-02 9.807019574115242166e-01
7.745805749492574721e-01 -4.353868234831187803e-03 3.135053058515008262e-01 -1.610283022502676242e-01 6.517429777259893531e-02 9.150214746848789327e-02 9.805353404099722558e-01
7.996130211349113948e-01 -7.380476243460932367e-03 3.234312185408736995e-01 -1.575746825202139767e-01 5.992903954706729069e-02 1.020968668252700273e-01 9.803851077163926453e-01
8.257906581661375034e-01 -9.918761833003874109e-03 3.352800547120229901e-01 -1.556102092753714194e-01 5.443171149298969141e-02 1.154312817577270861e-01 9.795398260126982892e-01
8.542715272929288783e-01 -1.171839501833231434e-02 3.460655947227557760e-01 -1.550289632967083442e-01 4.831896283303310086e-02 1.310180091180498108e-01 9.779905826011978665e-01
8.849864829090624552e-01 -1.078809669086704288e-02 3.555411384262018304e-01 -1.548607015091318373e-01 4.134975183909904428e-02 1.498195072390268168e-01 9.756343968934263478e-01
9.171362985505009391e-01 -1.075180167587262009e-02 3.653110738270193281e-01 -1.552847209448700305e-01 3.425698904947678536e-02 1.706851119786690629e-01 9.724092279956865204e-01
9.508851883006061989e-01 -1.203281509548848743e-02 3.755436906869079050e-01 -1.557033681816616111e-01 2.696216942671918887e-02 1.930125597913145419e-01 9.683881733682495607e-01
9.788615790391340665e-01 -1.282245781880675395e-02 3.841873789681893858e-01 -1.566326121086731304e-01 1.942258036835296797e-02 2.165077307341011503e-01 9.634383170334356317e-01
1.000634121351387851e+00 -1.232313460715897188e-02 3.916386123164710686e-01 -1.590523188113406594e-01 1.213764495146327400e-02 2.408568682321487187e-01 9.573625261525380292e-01
1.017529496250867860e+00 -1.156233658941783517e-02 3.943107343902618189e-01 -1.600195809227120125e-01 4.544849946645286576e-03 2.645397333102402215e-01 9.509951669490381843e-01
1.029011660008081863e+00 -8.870437530867201006e-03 3.971309782681600176e-01 -1.613617698328694561e-01 -1.718264702911434950e-03 2.880909304302070040e-01 9.439083867657244165e-01
1.035237508087005542e+00 -1.651008619639987574e-03 3.985484252600567379e-01 -1.626572387600146441e-01 -7.878835671319410483e-03 3.098831146799690406e-01 9.367246136745169816e-01
1.044306525162916222e+00 7.185956120742183900e-04 4.016792769941277541e-01 -1.639151860463516075e-01 -1.350404976783275632e-02 3.338387612874959554e-01 9.281708538223379934e-01
1.051704663874034162e+00 6.582184664403713942e-03 4.057073351368681302e-01 -1.655888291480924202e-01 -1.717084943600613242e-02 3.565480191397341625e-01 9.193253024030947351e-01
1.058834212670446417e+00 1.465462348993011414e-02 4.064802581003880144e-01 -1.662895536875907132e-01 -2.135798828844800643e-02 3.771407612227379302e-01 9.108548001163446761e-01
1.067881564769932234e+00 2.146278392576583816e-02 4.082025180253625596e-01 -1.675199462607752932e-01 -2.476217821133493147e-02 3.976698611917551252e-01 9.017663686536259160e-01
1.074208645660693184e+00 3.190736633179567378e-02 4.071133030092353167e-01 -1.681147213625133474e-01 -2.755094260500378159e-02 4.150968113914397795e-01 8.936850805487577265e-01
1.082169421497795936e+00 4.235764295499792192e-02 4.076963746277454947e-01 -1.689742678764824257e-01 -2.888474977016471448e-02 4.314425093385685916e-01 8.857035221573643646e-01
1.086134855397980381e+00 5.341498914155320965e-02 3.996543294395534796e-01 -1.695126865715503861e-01 -2.980232482817217476e-02 4.449310933016329406e-01 8.788706348146722025e-01
1.098215622735043473e+00 6.003139268455186250e-02 3.990922100348245904e-01 -1.701312866263902934e-01 -2.939124696499676934e-02 4.559037183841103125e-01 8.731227287593842368e-01
1.111585089443071217e+00 6.275000964769349154e-02 4.029065062699067057e-01 -1.709367862270969596e-01 -2.672473235336457129e-02 4.637296102434429468e-01 8.689195891326523258e-01
