0.000000000000000000e+00 0.000000000000000000e+00 0.000000000000000000e+00 0.000000000000000000e+00 0.000000000000000000e+00 0.000000000000000000e+00 1.000000000000000000e+00
8.309595286846160889e-02 -9.713212028145790100e-03 3.642075508832931519e-02 -2.593979998295829065e-02 7.754564964381232238e-03 2.591272346454975839e-02 9.992975153885388373e-01
1.587937558173544983e-01 -1.821731487019702389e-02 7.054710801658986563e-02 -5.128188971832269016e-02 1.561704050466961730e-02 5.038635871472586097e-02 9.972900734932962363e-01
2.273803403021219527e-01 -2.516628953909975930e-02 1.016172350166259786e-01 -7.614124722850533489e-02 2.330734810648027802e-02 7.291410776873487321e-02 9.941543194509694370e-01
2.885838540105345462e-01 -3.119974210487198862e-02 1.298850818628707882e-01 -1.000142866363695482e-01 3.094718854302313041e-02 9.379153352466014504e-02 9.900719985076807950e-01
3.423267743215325232e-01 -3.588013256846402099e-02 1.554828793396993147e-01 -1.227189977360773204e-01 3.829203169720248046e-02 1.123531228515525643e-01 9.853174837019065269e-01
3.884462284376455354e-01 -4.051499228658681645e-02 1.783704070279387432e-01 -1.437209666485144144e-01 4.525768883839553086e-02 1.287561263962862246e-01 9.801621729397881344e-01
4.270066956677516234e-01 -4.407140751161639503e-02 1.985291762736744459e-01 -1.629329917135595163e-01 5.187081621806832049e-02 1.426705529672335493e-01 9.748883894847472087e-01
4.577089009511590700e-01 -4.754346977499380317e-02 2.162107944827897921e-01 -1.803329830599597339e-01 5.821205840744230614e-02 1.542765554702565378e-01 9.696855757970712641e-01
4.805436316548163389e-01 -5.060578941765785099e-02 2.313948273119886545e-01 -1.954912187893987630e-01 6.413677380874675815e-02 1.629338616700961306e-01 9.649467417131948332e-01
4.957128596508791341e-01 -5.329619914945634557e-02 2.435013440631304260e-01 -2.081840207406906451e-01 6.990938172945462825e-02 1.690226230508365401e-01 9.608347645414687666e-01
5.030957062829397586e-01 -5.570823229503642920e-02 2.526118977435934387e-01 -2.173402968242673095e-01 6.900332117720485436e-02 1.730871599339138256e-01 9.581453815099599813e-01
5.031638626305289241e-01 -5.697545231714699898e-02 2.582551507717494865e-01 -2.240461543940539535e-01 6.782164890844630256e-02 1.741919639658434660e-01 9.564835097011852305e-01
5.036277048195487716e-01 -5.932364112501689601e-02 2.642238440419802936e-01 -2.287943160407708565e-01 6.671074841043797554e-02 1.727960350206906581e-01 9.556905185650235168e-01
5.049651160338699540e-01 -6.261313484440092503e-02 2.706290825377523079e-01 -2.316288587422209722e-01 6.585687595619746371e-02 1.694818995464302536e-01 9.556604153218861697e-01
5.068797073546227328e-01 -6.701363874642435325e-02 2.772309432848694688e-01 -2.323795611848620823e-01 6.513672742604732779e-02 1.640177386285203431e-01 9.564805945229324369e-01
5.092858184081182626e-01 -7.097029727983636405e-02 2.850232097417208510e-01 -2.323575851490370103e-01 6.486842313466309462e-02 1.572820234245789761e-01 9.576347975147939673e-01
5.118141222977516946e-01 -7.626162918887069431e-02 2.930551718162845432e-01 -2.305259801130519204e-01 6.454298466172372906e-02 1.493630609365351192e-01 9.593657548878541386e-01
5.155465215252365008e-01 -8.112332227497701109e-02 3.020011646636531211e-01 -2.279812123058174156e-01 6.465316148638267091e-02 1.409051967293573904e-01 9.612441214800985234e-01
5.193774172653234933e-01 -8.664977111354203732e-02 3.116404386874213617e-01 -2.243616271550873398e-01 6.426078907408734608e-02 1.317525300721804904e-01 9.634177090273338129e-01
5.243232410124909482e-01 -9.242046134754390574e-02 3.217960972664380970e-01 -2.199615697083223409e-01 6.434032037426182238e-02 1.223120916766709115e-01 9.656691893476077038e-01
5.311588248553580360e-01 -9.784407824311383561e-02 3.322973600234437885e-01 -2.150095443630880843e-01 6.452944883156731815e-02 1.131037204554393300e-01 9.678917266334128300e-01
5.387206596243397927e-01 -1.046724026091474941e-01 3.428392294368470816e-01 -2.088076191575257146e-01 6.462869256121329953e-02 1.042691761039712256e-01 9.702321625230700963e-01
5.474014624124313722e-01 -1.108921184902097734e-01 3.543930086030900317e-01 -2.024292419612264970e-01 6.495321691681148202e-02 9.613178864284324665e-02 9.724002061000853736e-01
5.567946580684139946e-01 -1.179028732309974487e-01 3.665577958953661342e-01 -1.957056730880550599e-01 6.518743388791792270e-02 8.917810806078239894e-02 9.744214452827683060e-01
5.673657166113056372e-01 -1.251988928630587972e-01 3.793224589917096878e-01 -1.889704090548293969e-01 6.548639776995403283e-02 8.348317530011789556e-02 9.762337197877235528e-01
5.797170562012226025e-01 -1.324837924406968015e-01 3.923880404147704892e-01 -1.823689694624665569e-01 6.586086541843834408e-02 7.967934701965159738e-02 9.777807049855578025e-01
5.933914691514357020e-01 -1.401551736067382370e-01 4.060290062076104545e-01 -1.760500702906016290e-01 6.617756645961973827e-02 7.791596974137532383e-02 9.790587337373677368e-01
6.086454415117021899e-01 -1.478459417648156637e-01 4.202790493849746789e-01 -1.701943686126049515e-01 6.664657871845849901e-02 7.822404967071977522e-02 9.800372995405807197e-01
6.257061414829454549e-01 -1.553987044343666524e-01 4.350541521631969277e-01 -1.647860204423733932e-01 6.743961390739591777e-02 8.138364838940752299e-02 9.806498700951405967e-01
6.445504303944012969e-01 -1.624420530464820434e-01 4.506092599500668983e-01 -1.606331942790132916e-01 6.866563331897948541e-02 8.716987584423555036e-02 9.807565551358423672e-01
6.644346182151033009e-01 -1.703102591064436511e-01 4.672531155484463405e-01 -1.569325065706003441e-01 6.312040105420596570e-02 9.712059234833311794e-02 9.807933492301695866e-01
6.857386842322449327e-01 -1.782782522445415241e-01 4.849944329894280148e-01 -1.541297208698960419e-01 5.680975983827598469e-02 1.101283950680877338e-01 9.802491606379535316e-01
7.090399372280127288e-01 -1.859161265453571354e-01 5.031449368287271851e-01 -1.522963214924626940e-01 4.991402588276978858e-02 1.252205187769780959e-01 9.790986886709955872e-01
7.341478428640830778e-01 -1.928440505488281664e-01 5.220037997195845492e-01 -1.512338061310623261e-01 4.294447772605797242e-02 1.427771398884499776e-01 9.771892324627928783e-01
7.606263731271596384e-01 -1.990747834893649426e-01 5.417301530579193836e-01 -1.509579451693480179e-01 3.598985385998409309e-02 1.623035040407216634e-01 9.744608775038064996e-01
7.879237686407919439e-01 -2.068916482658983702e-01 5.626844839714362223e-01 -1.508388438084840300e-01 2.855052160677388345e-02 1.834640213839941747e-01 9.709652227408117620e-01
8.090629953439952837e-01 -2.134378016581272575e-01 5.818755308408185556e-01 -1.513225271326539279e-01 2.106528679079871028e-02 2.056960639784753131e-01 9.666161987771422215e-01
8.248097785690593486e-01 -2.172583871883196627e-01 5.982234901008057770e-01 -1.527333834578867566e-01 1.395310794535517540e-02 2.289384997942854882e-01 9.612829904185932195e-01
8.337749953777530143e-01 -2.209747467826168044e-01 6.123297389412786229e-01 -1.538173184975135666e-01 7.007101018750580904e-03 2.525974522943479905e-01 9.552411528823243625e-01
8.347931685979234073e-01 -2.222824587114793637e-01 6.243419580459528273e-01 -1.559509359472873447e-01 1.346683380684173940e-06 2.766545443127714776e-01 9.482307570873474978e-01
8.293808417245207565e-01 -2.220292534101784843e-01 6.323127234732617286e-01 -1.573904919686124337e-01 -6.795481128419564830e-03 2.993858712140627376e-01 9.410367445490680494e-01
8.244120354291628594e-01 -2.225207282838574385e-01 6.408411314992205066e-01 -1.596216022662869660e-01 -1.225007485318687327e-02 3.223066747869949844e-01 9.330001538819727713e-01
8.196292598830621223e-01 -2.230937576000688594e-01 6.499040277838781243e-01 -1.618299851758074892e-01 -1.709564020952993035e-02 3.442710261560992802e-01 9.246600756674047128e-01
8.139198689714902679e-01 -2.241809736256334951e-01 6.590041896443435965e-01 -1.634432728795213730e-01 -2.117089606254727793e-02 3.646503760999891264e-01 9.164432295131409445e-01
8.085072397711309256e-01 -2.258596159882449439e-01 6.689569491076046148e-01 -1.649609135051800235e-01 -2.435606794111297782e-02 3.838469637144187874e-01 9.082159365576041310e-01
8.012299587688613833e-01 -2.278475057046973340e-01 6.786211667168426942e-01 -1.659940326125602661e-01 -2.676433575922158511e-02 4.013623092666585013e-01 9.003543458930617360e-01
7.933005973614718487e-01 -2.303272089250433807e-01 6.888142287648727491e-01 -1.671308666591432290e-01 -2.765531778314346545e-02 4.167756959768196823e-01 8.930848089913492327e-01
7.827899826684735496e-01 -2.334542161679143690e-01 6.978923817997623180e-01 -1.677467549963901905e-01 -2.690400576749602674e-02 4.296855374841928588e-01 8.868526030512421388e-01
7.805443564904034348e-01 -2.292548276628445514e-01 7.108291513803539630e-01 -1.681921522912515343e-01 -2.592377742822014886e-02 4.394364138879098269e-01 8.820062334364889844e-01
7.873923872428919557e-01 -2.303903705015253600e-01 7.231781340787736267e-01 -1.688602353208675799e-01 -2.313457642451980517e-02 4.467673029936853890e-01 8.782653296565836598e-01
