8.481629937887191772e-02 -5.023460369557142258e-03 3.359303623437881470e-02 -2.668283507227897644e-02 6.277649663388729095e-03 2.453203313052654266e-02 9.993231892585754395e-01
7.503056526184082031e-02 -1.364877726882696152e-02 3.478970751166343689e-02 -2.732113562524318695e-02 7.666533812880516052e-03 2.515789121389389038e-02 9.992806911468505859e-01
6.758230179548263550e-02 -1.500958576798439026e-02 3.184990957379341125e-02 -2.666466683149337769e-02 7.988853380084037781e-03 2.305073291063308716e-02 9.993467330932617188e-01
5.914428457617759705e-02 -1.958745531737804413e-02 2.848130278289318085e-02 -2.596464380621910095e-02 8.721439167857170105e-03 2.341713197529315948e-02 9.993504881858825684e-01
5.103391781449317932e-02 -2.099804952740669250e-02 2.541397511959075928e-02 -2.398725785315036774e-02 7.832871749997138977e-03 2.035888470709323883e-02 9.994742274284362793e-01
4.332429543137550354e-02 -2.162671461701393127e-02 2.144352532923221588e-02 -2.145191282033920288e-02 6.943686399608850479e-03 1.768935471773147583e-02 9.995892643928527832e-01
3.621512651443481445e-02 -1.993348076939582825e-02 1.808688044548034668e-02 -1.934117823839187622e-02 6.697875913232564926e-03 1.469907816499471664e-02 9.996824264526367188e-01
2.896851114928722382e-02 -1.723953895270824432e-02 1.585586182773113251e-02 -1.739490590989589691e-02 6.771977990865707397e-03 1.189088914543390274e-02 9.997550249099731445e-01
2.286172658205032349e-02 -1.416715793311595917e-02 1.179729402065277100e-02 -1.477127987891435623e-02 6.484777200967073441e-03 8.124119602143764496e-03 9.998368620872497559e-01
1.587703637778759003e-02 -1.129341404885053635e-02 8.975266478955745697e-03 -1.238297205418348312e-02 6.519755348563194275e-03 5.854787304997444153e-03 9.998849034309387207e-01
9.672485291957855225e-03 -8.084235712885856628e-03 4.701448138803243637e-03 -9.215181693434715271e-03 -5.127547774463891983e-04 2.579476451501250267e-03 9.999541044235229492e-01
4.598786588758230209e-03 -2.216498600319027901e-03 2.458808012306690216e-03 -6.123896688222885132e-03 -2.747426042333245277e-04 1.010847427096450701e-05 9.999812245368957520e-01
4.768981598317623138e-03 -2.527100499719381332e-03 3.199767554178833961e-03 -3.960002213716506958e-03 3.479664446786046028e-04 -2.663427963852882385e-03 9.999885559082031250e-01
5.358471069484949112e-03 -3.179294057190418243e-03 3.239088691771030426e-03 -1.764889573678374290e-03 5.022336263209581375e-04 -4.108356311917304993e-03 9.999898672103881836e-01
5.444178823381662369e-03 -5.283409729599952698e-03 2.113849390298128128e-03 5.588581552729010582e-04 7.379071903415024281e-04 -5.640962626785039902e-03 9.999836683273315430e-01
6.259053945541381836e-03 -5.278518423438072205e-03 3.304365091025829315e-03 1.066380762495100498e-03 1.119750784710049629e-03 -6.866886280477046967e-03 9.999752044677734375e-01
6.168108433485031128e-03 -7.333462592214345932e-03 2.265147864818572998e-03 3.182423766702413559e-03 9.699524380266666412e-04 -7.759290281683206558e-03 9.999643564224243164e-01
7.734184153378009796e-03 -6.632281467318534851e-03 3.977751359343528748e-03 3.682637121528387070e-03 1.670601544901728630e-03 -8.282531984150409698e-03 9.999575018882751465e-01
7.741892710328102112e-03 -8.206170983612537384e-03 4.355657380074262619e-03 4.545758478343486786e-03 1.187239191494882107e-03 -8.701045997440814972e-03 9.999511241912841797e-01
8.182268589735031128e-03 -9.532256051898002625e-03 4.417079500854015350e-03 5.122291389852762222e-03 1.182058127596974373e-03 -9.245917201042175293e-03 9.999434351921081543e-01
1.003955584019422531e-02 -9.341553784906864166e-03 5.048264749348163605e-03 5.589276552200317383e-03 1.182360807433724403e-03 -8.717121556401252747e-03 9.999457001686096191e-01
1.118112169206142426e-02 -1.062857545912265778e-02 4.175959620624780655e-03 6.951521616429090500e-03 6.466952036134898663e-04 -8.418479003012180328e-03 9.999402165412902832e-01
1.324287336319684982e-02 -9.650962427258491516e-03 5.979954265058040619e-03 7.209797389805316925e-03 9.251367882825434208e-04 -7.443462032824754715e-03 9.999458789825439453e-01
1.390202809125185013e-02 -1.178295258432626724e-02 5.281185731291770935e-03 7.841248065233230591e-03 3.296806535217911005e-04 -6.185788661241531372e-03 9.999500513076782227e-01
1.492809318006038666e-02 -1.268807612359523773e-02 6.360585801303386688e-03 7.593858055770397186e-03 2.497426175978034735e-04 -4.880165215581655502e-03 9.999592304229736328e-01
1.777660101652145386e-02 -1.149161253124475479e-02 7.027869112789630890e-03 7.303272839635610580e-03 6.135305739007890224e-05 -2.951867179945111275e-03 9.999689459800720215e-01
1.896895095705986023e-02 -1.314703002572059631e-02 6.941353436559438705e-03 6.983404047787189484e-03 -5.747428513132035732e-04 -9.314377093687653542e-04 9.999750256538391113e-01
2.094343863427639008e-02 -1.311244163662195206e-02 8.017827756702899933e-03 6.242523901164531708e-03 -4.707046027760952711e-04 1.062603318132460117e-03 9.999798536300659180e-01
2.273666672408580780e-02 -1.376687269657850266e-02 8.607065305113792419e-03 5.479422863572835922e-03 -7.397854351438581944e-04 4.423082340508699417e-03 9.999749064445495605e-01
2.403220720589160919e-02 -1.391911040991544724e-02 1.128435600548982620e-02 3.739658743143081665e-03 -1.075396357919089496e-04 7.116861175745725632e-03 9.999676942825317383e-01
2.464443631470203400e-02 -1.654381491243839264e-02 1.196311879903078079e-02 2.278261352330446243e-03 -7.807319518178701401e-03 9.684835560619831085e-03 9.999200105667114258e-01
2.576504647731781006e-02 -1.747993193566799164e-02 1.381051447242498398e-02 6.728296284563839436e-04 -8.233187720179557800e-03 1.225478015840053558e-02 9.998908042907714844e-01
2.845023013651371002e-02 -1.789971999824047089e-02 1.296670828014612198e-02 -8.945524459704756737e-04 -9.165312163531780243e-03 1.435407903045415878e-02 9.998545646667480469e-01
3.117657825350761414e-02 -1.692604459822177887e-02 1.333500631153583527e-02 -1.827403088100254536e-03 -9.247790090739727020e-03 1.708939298987388611e-02 9.998095035552978516e-01
3.220172598958015442e-02 -1.853143237531185150e-02 1.388663612306118011e-02 -2.854066435247659683e-03 -9.163605980575084686e-03 1.903048902750015259e-02 9.997728466987609863e-01
3.228867799043655396e-02 -2.198473177850246429e-02 1.349651906639337540e-02 -3.104591276496648788e-03 -9.969480335712432861e-03 2.029667794704437256e-02 9.997394680976867676e-01
2.658940479159355164e-02 -1.973566412925720215e-02 1.119240839034318924e-02 -3.937386441975831985e-03 -1.029002480208873749e-02 2.172009460628032684e-02 9.997034072875976562e-01
2.140409871935844421e-02 -1.630673557519912720e-02 9.388851001858711243e-03 -5.417368840426206589e-03 -1.002758741378784180e-02 2.286505512893199921e-02 9.996736049652099609e-01
1.713320426642894745e-02 -1.310628838837146759e-02 4.244024399667978287e-03 -4.572156816720962524e-03 -1.025845948606729507e-02 2.234395965933799744e-02 9.996872544288635254e-01
1.172454655170440674e-02 -9.100048802793025970e-03 4.384933039546012878e-03 -5.386354401707649231e-03 -8.890489116311073303e-03 2.331603132188320160e-02 9.996740818023681641e-01
8.247974328696727753e-03 -1.698454958386719227e-03 3.605653531849384308e-03 -4.578684456646442413e-03 -8.729849010705947876e-03 2.178982645273208618e-02 9.997139573097229004e-01
5.953972693532705307e-03 -5.622864235192537308e-03 2.370652742683887482e-03 -4.527764394879341125e-03 -8.707317523658275604e-03 2.347991243004798889e-02 9.996761083602905273e-01
5.950459279119968414e-03 -3.844144055619835854e-03 3.322686301544308662e-03 -4.251067992299795151e-03 -6.823576521128416061e-03 2.289672754704952240e-02 9.997054934501647949e-01
6.483690813183784485e-03 -1.982529647648334503e-03 2.024707151576876640e-03 -3.258891636505723000e-03 -6.864684168249368668e-03 2.134579792618751526e-02 9.997432827949523926e-01
5.299177952110767365e-03 -3.044721437618136406e-03 1.419429783709347248e-03 -3.267133375629782677e-03 -6.160646211355924606e-03 2.108597010374069214e-02 9.997533559799194336e-01
4.904682282358407974e-03 -1.532637281343340874e-03 1.722731743939220905e-03 -2.493658103048801422e-03 -5.026211496442556381e-03 1.850363053381443024e-02 9.998130202293395996e-01
4.297148436307907104e-03 -9.477284038439393044e-04 1.114456099458038807e-03 -1.813511946238577366e-03 -3.682864829897880554e-03 1.706030964851379395e-02 9.998460412025451660e-01
3.499658312648534775e-03 -8.685662178322672844e-04 -4.092353628948330879e-04 -1.607030746527016163e-03 -2.497914480045437813e-03 1.424804143607616425e-02 9.998940825462341309e-01
4.250967409461736679e-03 -3.933940082788467407e-03 7.000789628364145756e-04 -9.821986313909292221e-04 -7.714756065979599953e-04 1.234645489603281021e-02 9.999229907989501953e-01
5.057265516370534897e-03 -7.106579374521970749e-03 1.264604390598833561e-03 1.098344218917191029e-04 1.163545879535377026e-03 9.277122095227241516e-03 9.999563097953796387e-01
1.600071042776107788e-01 -1.950552687048912048e-02 6.860927492380142212e-02 -4.897241294384002686e-02 1.308013871312141418e-02 4.093348234891891479e-02 9.978752732276916504e-01
1.430149227380752563e-01 -2.515248768031597137e-02 6.724677979946136475e-02 -4.704023152589797974e-02 1.715762726962566376e-02 3.628184273838996887e-02 9.980863928794860840e-01
1.263373792171478271e-01 -4.582455009222030640e-02 5.365850031375885010e-02 -4.688418284058570862e-02 1.419439911842346191e-02 4.350300133228302002e-02 9.978516101837158203e-01
1.107723563909530640e-01 -4.497942328453063965e-02 4.913523793220520020e-02 -4.728618264198303223e-02 1.409427821636199951e-02 4.144941642880439758e-02 9.979215264320373535e-01
9.587426483631134033e-02 -4.054576158523559570e-02 4.576747491955757141e-02 -4.442873597145080566e-02 1.497072074562311172e-02 3.795839473605155945e-02 9.981788992881774902e-01
8.168625086545944214e-02 -3.566232323646545410e-02 4.092732816934585571e-02 -4.084967821836471558e-02 1.372248120605945587e-02 3.190341964364051819e-02 9.985615611076354980e-01
6.861632317304611206e-02 -2.900377474725246429e-02 3.515801951289176941e-02 -3.609178587794303894e-02 1.500440947711467743e-02 2.668026275932788849e-02 9.988795518875122070e-01
5.620718374848365784e-02 -2.125804685056209564e-02 2.876094542443752289e-02 -3.009571321308612823e-02 1.477502100169658661e-02 1.821755059063434601e-02 9.992717504501342773e-01
4.221071302890777588e-02 -1.875537820160388947e-02 2.119114808738231659e-02 -2.534674294292926788e-02 1.243205741047859192e-02 1.255179662257432938e-02 9.995226263999938965e-01
2.799898199737071991e-02 -1.447367388755083084e-02 1.498611830174922943e-02 -2.101648598909378052e-02 5.921951029449701309e-03 7.924774661660194397e-03 9.997301697731018066e-01
1.501254830509424210e-02 -9.245189838111400604e-03 7.300097960978746414e-03 -1.593407057225704193e-02 -6.484400364570319653e-04 1.851367647759616375e-03 9.998711347579956055e-01
1.002665143460035324e-02 -3.824988612905144691e-03 5.194338969886302948e-03 -9.778224863111972809e-03 1.504879328422248363e-04 -3.934895154088735580e-03 9.999444484710693359e-01
1.035275869071483612e-02 -4.969262517988681793e-03 6.680292077362537384e-03 -6.589320488274097443e-03 8.270551334135234356e-04 -7.329250220209360123e-03 9.999510645866394043e-01
1.150938123464584351e-02 -7.005112245678901672e-03 6.340615916997194290e-03 -1.900760922580957413e-03 1.164549263194203377e-03 -1.076175644993782043e-02 9.999396204948425293e-01
1.281251572072505951e-02 -8.786230348050594330e-03 6.128674373030662537e-03 8.735066512599587440e-04 1.401380868628621101e-03 -1.337756868451833725e-02 9.999091625213623047e-01
1.301390491425991058e-02 -1.252440176904201508e-02 4.742521326988935471e-03 4.482804331928491592e-03 1.680292654782533646e-03 -1.516456436365842819e-02 9.998735785484313965e-01
1.412070356309413910e-02 -1.439722441136837006e-02 5.025029648095369339e-03 6.728713400661945343e-03 2.185029676184058189e-03 -1.626567542552947998e-02 9.998427033424377441e-01
1.537819392979145050e-02 -1.561855059117078781e-02 7.067498285323381424e-03 8.880428038537502289e-03 2.612459473311901093e-03 -1.722064800560474396e-02 9.998088479042053223e-01
1.689728163182735443e-02 -1.691660843789577484e-02 8.597853593528270721e-03 1.036739628762006760e-02 2.714532427489757538e-03 -1.838119700551033020e-02 9.997736215591430664e-01
1.910784840583801270e-02 -1.856275089085102081e-02 8.385927416384220123e-03 1.179835293442010880e-02 2.574735088273882866e-03 -1.852978020906448364e-02 9.997553825378417969e-01
2.062169276177883148e-02 -2.056616544723510742e-02 9.369372390210628510e-03 1.278145890682935715e-02 2.084476407617330551e-03 -1.757179759442806244e-02 9.997617602348327637e-01
2.450426667928695679e-02 -1.962889544665813446e-02 1.146517414599657059e-02 1.370433717966079712e-02 2.381200902163982391e-03 -1.617855578660964966e-02 9.997723698616027832e-01
2.720794267952442169e-02 -2.130839414894580841e-02 1.148204598575830460e-02 1.446455251425504684e-02 1.740371691994369030e-03 -1.393428072333335876e-02 9.997967481613159180e-01
2.998437173664569855e-02 -2.349477633833885193e-02 1.071475353091955185e-02 1.523297466337680817e-02 5.962970899417996407e-04 -1.103468332439661026e-02 9.998229146003723145e-01
3.400618955492973328e-02 -2.248732559382915497e-02 1.335744559764862061e-02 1.424765866249799728e-02 1.464445667807012796e-04 -8.020139299333095551e-03 9.998663067817687988e-01
3.755191341042518616e-02 -2.322444505989551544e-02 1.427542511373758316e-02 1.398374047130346298e-02 -5.129779456183314323e-04 -4.347160458564758301e-03 9.998926520347595215e-01
3.951340541243553162e-02 -2.725352905690670013e-02 1.427357271313667297e-02 1.355718169361352921e-02 -1.746518304571509361e-03 -6.911688833497464657e-04 9.999063611030578613e-01
4.406934604048728943e-02 -2.578407339751720428e-02 1.731986552476882935e-02 1.134413480758666992e-02 -3.844921593554317951e-04 5.230722017586231232e-03 9.999219179153442383e-01
4.763931781053543091e-02 -2.542426064610481262e-02 2.093391679227352142e-02 9.124147705733776093e-03 -3.843388403765857220e-04 1.020525302737951279e-02 9.999062418937683105e-01
4.968929290771484375e-02 -2.889893203973770142e-02 2.317742258310317993e-02 6.044957321137189865e-03 -7.403157651424407959e-03 1.530134025961160660e-02 9.998372197151184082e-01
5.347713455557823181e-02 -3.144409507513046265e-02 2.270838245749473572e-02 3.499923273921012878e-03 -1.567064411938190460e-02 1.993670873343944550e-02 9.996722936630249023e-01
5.564351379871368408e-02 -3.493211045861244202e-02 2.440691180527210236e-02 6.556662847287952900e-04 -1.701943390071392059e-02 2.505468763411045074e-02 9.995409846305847168e-01
5.956719443202018738e-02 -3.536790609359741211e-02 2.580177038908004761e-02 -1.928159035742282867e-03 -1.763273216784000397e-02 2.924936078488826752e-02 9.994147419929504395e-01
6.211832538247108459e-02 -3.755082190036773682e-02 2.733146771788597107e-02 -3.535886062309145927e-03 -1.746791787445545197e-02 3.249853476881980896e-02 9.993128776550292969e-01
6.394743919372558594e-02 -4.136374965310096741e-02 2.755663357675075531e-02 -4.466666374355554581e-03 -1.826769113540649414e-02 3.482108935713768005e-02 9.992166161537170410e-01
5.900270119309425354e-02 -4.101796448230743408e-02 2.558242902159690857e-02 -6.284733768552541733e-03 -1.854231022298336029e-02 3.699196130037307739e-02 9.991237521171569824e-01
4.736270383000373840e-02 -3.626424446702003479e-02 2.160782180726528168e-02 -8.885608054697513580e-03 -1.880259998142719269e-02 4.094286635518074036e-02 9.989450573921203613e-01
3.849691152572631836e-02 -2.929356135427951813e-02 1.438596099615097046e-02 -9.179998189210891724e-03 -1.917584240436553955e-02 4.189306125044822693e-02 9.988958835601806641e-01
2.996723353862762451e-02 -2.056199125945568085e-02 8.930223062634468079e-03 -8.355180732905864716e-03 -1.799857243895530701e-02 4.116385802626609802e-02 9.989553689956665039e-01
2.074500173330307007e-02 -1.086871791630983353e-02 7.218963000923395157e-03 -9.483213536441326141e-03 -1.645469479262828827e-02 4.229109361767768860e-02 9.989247918128967285e-01
1.463094074279069901e-02 -7.241066545248031616e-03 6.785979494452476501e-03 -8.634240366518497467e-03 -1.548603549599647522e-02 4.429090023040771484e-02 9.988613128662109375e-01
1.358018442988395691e-02 -7.913836278021335602e-03 4.475728608667850494e-03 -8.155720308423042297e-03 -1.616127230226993561e-02 4.401938244700431824e-02 9.988666772842407227e-01
1.305570639669895172e-02 -2.981840400025248528e-03 6.515579763799905777e-03 -7.381263189017772675e-03 -1.235208660364151001e-02 4.173650965094566345e-02 9.990250468254089355e-01
1.163919270038604736e-02 -5.802514962852001190e-03 2.976472256705164909e-03 -8.144828490912914276e-03 -1.378970127552747726e-02 3.979585319757461548e-02 9.990794658660888672e-01
1.046549621969461441e-02 -3.658497007563710213e-03 3.689870936796069145e-03 -6.531950086355209351e-03 -1.066978275775909424e-02 3.808559104800224304e-02 9.991961717605590820e-01
9.522834792733192444e-03 -1.643735100515186787e-03 2.357330173254013062e-03 -5.083694122731685638e-03 -9.101363830268383026e-03 3.413140773773193359e-02 9.993630051612854004e-01
7.592489942908287048e-03 -1.416287152096629143e-03 2.605770248919725418e-03 -3.650291357189416885e-03 -5.142060574144124985e-03 3.061388060450553894e-02 9.995114207267761230e-01
8.038787171244621277e-03 -3.142757341265678406e-03 2.886807778850197792e-03 -2.054709242656826973e-03 -1.831249450333416462e-03 2.495898678898811340e-02 9.996846914291381836e-01
9.246638044714927673e-03 -1.070852112025022507e-02 3.397368825972080231e-03 -9.258659556508064270e-04 1.965440576896071434e-03 2.217961288988590240e-02 9.997516274452209473e-01
