0.000000000000000000e+00 0.000000000000000000e+00 0.000000000000000000e+00 0.000000000000000000e+00 0.000000000000000000e+00 0.000000000000000000e+00 1.000000000000000000e+00
8.663240075111389160e-02 3.228640882298350334e-03 2.846326865255832672e-02 -2.493778684404132986e-02 5.456455120257074076e-03 2.267360625337731458e-02 9.994169507589456547e-01
1.646179240396623000e-01 1.891409599106791449e-03 5.818789515272876356e-02 -5.109901242326526233e-02 1.233395920684923937e-02 4.678099021036660060e-02 9.975210791429865997e-01
2.345024446684441100e-01 2.566857454889648164e-03 8.705757945016440180e-02 -7.714415167771174198e-02 1.995160416451331395e-02 6.836816903653139543e-02 9.944729794296982561e-01
2.965213074334692167e-01 6.476238640366277846e-04 1.141005261452487790e-01 -1.028669685853834254e-01 2.865956151871304133e-02 9.080611341423767968e-02 9.901268939253238255e-01
3.510961495740400062e-01 -6.287290733156085387e-06 1.383206336353873800e-01 -1.264792274178788145e-01 3.657716888352315759e-02 1.102512308716148554e-01 9.851445487031518233e-01
3.983740112726633642e-01 -1.768069303890324080e-03 1.591538929012074610e-01 -1.474320536065991671e-01 4.351753689712493933e-02 1.270975410449112220e-01 9.799062346021100156e-01
4.383271287542099270e-01 -2.570287429843506367e-03 1.767333776473821172e-01 -1.660872438217644298e-01 4.999044965027377163e-02 1.407748420865234662e-01 9.747299247581185933e-01
4.707268151363258601e-01 -2.215730592869170380e-03 1.914797301150601150e-01 -1.830115824520609780e-01 5.628621744121151821e-02 1.514645931052674421e-01 9.697407382646192620e-01
4.962004850662120048e-01 -1.283154613831975592e-03 2.020428681420747552e-01 -1.975101135514311657e-01 6.194382478140433856e-02 1.586863341435585106e-01 9.653866401460248214e-01
5.141006316716573155e-01 -7.523482318685182149e-04 2.099936228598450472e-01 -2.097965293722068025e-01 6.751055449796029839e-02 1.636959639478033079e-01 9.615775437695881500e-01
5.252609421971979886e-01 -1.257810350654667243e-03 2.142969345108879375e-01 -2.182102782663941365e-01 6.606984002764160202e-02 1.668989503615534720e-01 9.592516828579642496e-01
5.301258426695112380e-01 1.441070196932505701e-03 2.158798382996452714e-01 -2.239224044073560016e-01 6.486391376618605431e-02 1.672769866120504545e-01 9.579508542954346950e-01
5.354539771288282513e-01 4.601420904996538809e-03 2.176054111471763808e-01 -2.275361123859877821e-01 6.389478706943300945e-02 1.645637117969482310e-01 9.576343553283966914e-01
5.418208201419780767e-01 7.455464627336476358e-03 2.198312280677278130e-01 -2.294225288041245314e-01 6.305470533140927758e-02 1.603612110600762530e-01 9.579528638717227373e-01
5.488160891881833647e-01 1.069975822019818626e-02 2.225061926747662344e-01 -2.293622149275912347e-01 6.225700688064460253e-02 1.540887611776822208e-01 9.590483267992807592e-01
5.571789504212818489e-01 1.207695582427953385e-02 2.257201931848677179e-01 -2.286566002983395074e-01 6.162161130433810308e-02 1.467236325743192238e-01 9.604119490117033475e-01
5.664543470167394679e-01 1.088928478324169107e-02 2.291053670050087754e-01 -2.261662637889388927e-01 6.116066034649646210e-02 1.386649460157440283e-01 9.622267027557400709e-01
5.763609688527743247e-01 1.159010594127269679e-02 2.334602886705944846e-01 -2.233257158565405132e-01 6.119512727929751067e-02 1.296761269910208791e-01 9.641394521141860574e-01
5.866929825258551112e-01 1.046738691240655869e-02 2.389486406412067721e-01 -2.196563822634806651e-01 6.110891819800364638e-02 1.205446825931925370e-01 9.661706647099650436e-01
5.977106868980814891e-01 7.751702293154946570e-03 2.446173855438393274e-01 -2.155173801893660313e-01 6.086482345194581950e-02 1.112328369954057455e-01 9.682329203639118420e-01
6.098795671837854426e-01 5.744180099750787263e-03 2.504744805949955522e-01 -2.108513031909060864e-01 6.083430994663157482e-02 1.023146516311927295e-01 9.702435914437165243e-01
6.233100775228758161e-01 2.657314362898773562e-03 2.554775806087496992e-01 -2.047053803197666777e-01 6.037456970080586766e-02 9.380945884627482634e-02 9.724455789567616470e-01
6.378310669816481537e-01 1.769361755741652529e-03 2.614678606376061865e-01 -1.982783960102606768e-01 6.045110205420126115e-02 8.600801164735696891e-02 9.744916438166613126e-01
6.532634461827583339e-01 -1.920189843838599787e-03 2.672638725660717585e-01 -1.912164491529458332e-01 6.023289783307134854e-02 7.935179616017444537e-02 9.764791651838372610e-01
6.695290873635481033e-01 -6.284225265754911187e-03 2.739196831762403250e-01 -1.843134661862649848e-01 6.029551587002801583e-02 7.418455767378236143e-02 9.782073646988745930e-01
6.877939854329876423e-01 -7.499825077112575768e-03 2.803423442712394409e-01 -1.773985547502951454e-01 6.058007301295682823e-02 7.050099427884169712e-02 9.797394640066030558e-01
7.071417952497265347e-01 -1.147680906888727884e-02 2.868046548866321488e-01 -1.707719284414395688e-01 6.050053464000296199e-02 6.912067149681476452e-02 9.810193507451803185e-01
7.279872677925045554e-01 -1.462082125917819019e-02 2.939093599893302100e-01 -1.648325990650157669e-01 6.106906672131536679e-02 6.963087496398018272e-02 9.819635047327420763e-01
7.503789710205384100e-01 -1.820047410959476850e-02 3.011352265203408041e-01 -1.594277447684158411e-01 6.201692849274887537e-02 7.337959098948930448e-02 9.825233485289788238e-01
7.739437046134131082e-01 -2.073154972278920191e-02 3.103533753142631579e-01 -1.559189832695739852e-01 6.402283786392497233e-02 7.997031661052060592e-02 9.824434311191890812e-01
7.988600165126346075e-01 -2.532448733318910100e-02 3.199653402529528123e-01 -1.526231611223919926e-01 5.868738031893740853e-02 9.023225049342528670e-02 9.824052641609777314e-01
8.250024456186310085e-01 -2.963460470090732712e-02 3.313715959972562408e-01 -1.509001097871279784e-01 5.308679179575871016e-02 1.032558483310761499e-01 9.817072777506012926e-01
8.534413350430546386e-01 -3.344091361684331520e-02 3.417382708048772866e-01 -1.504906433238439867e-01 4.687934979275085873e-02 1.184588470366093327e-01 9.803684992867436332e-01
8.841993320345016283e-01 -3.469519017126879157e-02 3.510351514303219345e-01 -1.505897625408567642e-01 4.000799335271421758e-02 1.367059898244262217e-01 9.782809188734601369e-01
9.163189835272469441e-01 -3.662730835120377171e-02 3.607128832437951349e-01 -1.513609775104017008e-01 3.309618835428607131e-02 1.570211866309164650e-01 9.753660050219774558e-01
9.499658805961560537e-01 -3.980122032526312720e-02 3.708690515705920787e-01 -1.521098591228290664e-01 2.591369313314718578e-02 1.787361593774157709e-01 9.717224174613061649e-01
9.778792544407527432e-01 -4.227660238437930262e-02 3.793973271767313582e-01 -1.533600204123202748e-01 1.844199266731457593e-02 2.016360708669725499e-01 9.672039557254306086e-01
9.996230484669713645e-01 -4.305864213180590067e-02 3.869079610190855334e-01 -1.561556770097667635e-01 1.137630188847659971e-02 2.253549642882603232e-01 9.616138124858650826e-01
1.016555617591208271e+00 -4.336501351903058327e-02 3.894312442131105390e-01 -1.573721247921833488e-01 3.791755134151869253e-03 2.483469291105771248e-01 9.557946640009779005e-01
1.028306221663818798e+00 -4.126052644002292658e-02 3.915607065279487764e-01 -1.586058687392224997e-01 -2.626145962357609703e-03 2.709599343598301235e-01 9.494303532806277479e-01
1.034878488181340650e+00 -3.430159589526889097e-02 3.926872445675174683e-01 -1.601139121279501754e-01 -8.838593809434299592e-03 2.918689302307539424e-01 9.429199022019368881e-01
1.044294014760173583e+00 -3.288779891552288948e-02 3.953355178744351051e-01 -1.616386097191096771e-01 -1.458161103708818622e-02 3.151096149454020723e-01 9.350755408182789274e-01
1.052248316345769208e+00 -2.758907415662283091e-02 3.990761051916505431e-01 -1.634325014755702854e-01 -1.824220048522884330e-02 3.372589261957587015e-01 9.269376765911385707e-01
1.059879933083589298e+00 -1.996388715591818075e-02 3.995311809689671145e-01 -1.644036766536789429e-01 -2.242265316612504153e-02 3.571894625437924686e-01 9.191759045881374712e-01
1.069401801978277389e+00 -1.363037475930423646e-02 4.001576382324832371e-01 -1.657147860485649327e-01 -2.594189634182674994e-02 3.772098663981723887e-01 9.108119149368552048e-01
1.076118326637504508e+00 -3.495131881958485690e-03 3.985851286155189244e-01 -1.665332529071344159e-01 -2.879357858987596774e-02 3.940773626315133282e-01 9.034050242109281648e-01
1.084778332222756214e+00 6.399753025435293841e-03 3.984518151136040021e-01 -1.674704834794201735e-01 -3.024461158781278219e-02 4.099236018879932053e-01 8.961035326614027463e-01
1.089521284262260581e+00 1.718305619929307720e-02 3.904587646559026237e-01 -1.682471994204689236e-01 -3.113821100091676911e-02 4.230905757669380929e-01 8.897851742977246348e-01
1.102177437312933383e+00 2.263760454978167025e-02 3.901309935213514990e-01 -1.689804939142690587e-01 -3.061374013268189365e-02 4.339081674971980163e-01 8.844388581302846664e-01
1.115764634076921613e+00 2.418818490038094834e-02 3.938277679391551378e-01 -1.697481623954972541e-01 -2.795580569341043001e-02 4.417386786841628887e-01 8.804947325485564802e-01
