8.446409553289413452e-02 -5.709797143936157227e-03 3.404362872242927551e-02 -2.670219168066978455e-02 6.625524256378412247e-03 2.536538988351821899e-02 9.992995858192443848e-01
7.509168982505798340e-02 -1.324416138231754303e-02 3.395459428429603577e-02 -2.654743567109107971e-02 7.500510662794113159e-03 2.513909153640270233e-02 9.993032813072204590e-01
6.773938983678817749e-02 -1.366386469453573227e-02 3.069909103214740753e-02 -2.561658062040805817e-02 7.504038978368043900e-03 2.259761653840541840e-02 9.993882179260253906e-01
5.893675610423088074e-02 -1.744291186332702637e-02 2.834691852331161499e-02 -2.492413856089115143e-02 8.161364123225212097e-03 2.244854532182216644e-02 9.994039535522460938e-01
5.074635148048400879e-02 -1.843742467463016510e-02 2.550144866108894348e-02 -2.324135787785053253e-02 7.647074759006500244e-03 1.972566917538642883e-02 9.995059967041015625e-01
4.293454810976982117e-02 -1.904962770640850067e-02 2.158844470977783203e-02 -2.104273810982704163e-02 6.910820957273244858e-03 1.723600924015045166e-02 9.996061325073242188e-01
3.573338314890861511e-02 -1.703653670847415924e-02 1.840693503618240356e-02 -1.906775124371051788e-02 6.678042467683553696e-03 1.441622711718082428e-02 9.996919631958007812e-01
2.832049131393432617e-02 -1.469089463353157043e-02 1.579391025006771088e-02 -1.725900359451770782e-02 6.838206667453050613e-03 1.189573295414447784e-02 9.997568726539611816e-01
2.181571349501609802e-02 -1.183150149881839752e-02 1.206017471849918365e-02 -1.492594182491302490e-02 6.590953096747398376e-03 8.445370011031627655e-03 9.998311996459960938e-01
1.493504922837018967e-02 -9.118074551224708557e-03 8.815701119601726532e-03 -1.256159041076898575e-02 6.528373342007398605e-03 6.090808194130659103e-03 9.998812079429626465e-01
9.160174988210201263e-03 -6.167441606521606445e-03 4.623892251402139664e-03 -9.590450674295425415e-03 -6.080580060370266438e-04 2.934274729341268539e-03 9.999495148658752441e-01
4.798728972673416138e-03 -1.422091620042920113e-03 2.899423940107226372e-03 -6.443968042731285095e-03 -2.117163967341184616e-04 4.341020539868623018e-04 9.999791383743286133e-01
5.114592611789703369e-03 -1.996007747948169708e-03 3.348332829773426056e-03 -4.210238344967365265e-03 3.462466702330857515e-04 -2.250139601528644562e-03 9.999885559082031250e-01
5.945054814219474792e-03 -2.579464577138423920e-03 3.411626908928155899e-03 -2.094531897455453873e-03 3.887569473590701818e-04 -3.841171506792306900e-03 9.999903440475463867e-01
6.553579587489366531e-03 -3.621482057496905327e-03 3.248095046728849411e-03 1.797848381102085114e-04 6.511753308586776257e-04 -5.530926864594221115e-03 9.999845027923583984e-01
7.118061184883117676e-03 -4.323379136621952057e-03 3.578483127057552338e-03 9.333302732557058334e-04 9.094748529605567455e-04 -6.725425831973552704e-03 9.999765157699584961e-01
7.466071750968694687e-03 -5.814429838210344315e-03 3.058286849409341812e-03 2.911311341449618340e-03 8.817127672955393791e-04 -7.631560787558555603e-03 9.999662637710571289e-01
8.323680609464645386e-03 -5.291942972689867020e-03 4.506586119532585144e-03 3.522915532812476158e-03 1.489654998295009136e-03 -8.275820873677730560e-03 9.999584555625915527e-01
8.509906008839607239e-03 -6.554294377565383911e-03 4.770297091454267502e-03 4.441116470843553543e-03 1.121660228818655014e-03 -8.765778504312038422e-03 9.999510645866394043e-01
8.994825184345245361e-03 -7.588530890643596649e-03 4.733575973659753799e-03 5.040197633206844330e-03 1.108420547097921371e-03 -9.175161831080913544e-03 9.999445676803588867e-01
1.024801842868328094e-02 -7.362059783190488815e-03 5.214934702962636948e-03 5.670844111591577530e-03 1.134397811256349087e-03 -8.738528005778789520e-03 9.999451041221618652e-01
1.161190029233694077e-02 -7.823197171092033386e-03 4.347380716353654861e-03 7.091128267347812653e-03 5.969691555947065353e-04 -8.414451032876968384e-03 9.999392628669738770e-01
1.290847081691026688e-02 -6.641911808401346207e-03 6.065263412892818451e-03 7.218218408524990082e-03 7.998584769666194916e-04 -7.670915219932794571e-03 9.999442100524902344e-01
1.369339786469936371e-02 -7.828022353351116180e-03 6.047957576811313629e-03 7.473714649677276611e-03 7.247567991726100445e-04 -6.541696842759847641e-03 9.999504089355468750e-01
1.443715114146471024e-02 -8.588511496782302856e-03 6.761798169463872910e-03 7.363905664533376694e-03 4.962825332768261433e-04 -4.908661823719739914e-03 9.999607205390930176e-01
1.644324511289596558e-02 -6.690236739814281464e-03 7.822732441127300262e-03 6.992914713919162750e-03 4.180361574981361628e-04 -3.114681225270032883e-03 9.999706149101257324e-01
1.752820797264575958e-02 -7.984388619661331177e-03 7.805581204593181610e-03 6.651428993791341782e-03 -2.456986694596707821e-04 -1.116599072702229023e-03 9.999772310256958008e-01
1.889889501035213470e-02 -7.768233772367238998e-03 8.796690031886100769e-03 5.896289832890033722e-03 -1.702818371995817870e-05 9.504598565399646759e-04 9.999821782112121582e-01
2.023405022919178009e-02 -8.292876183986663818e-03 9.392920881509780884e-03 5.173321347683668137e-03 -2.127202897099778056e-04 4.271202720701694489e-03 9.999774694442749023e-01
2.109342813491821289e-02 -8.332490921020507812e-03 1.150278747081756592e-02 3.381084883585572243e-03 1.855236769188195467e-04 7.198494859039783478e-03 9.999683499336242676e-01
2.196527644991874695e-02 -9.548777714371681213e-03 1.267497427761554718e-02 2.592077013105154037e-03 -7.707830518484115601e-03 9.445012547075748444e-03 9.999223351478576660e-01
2.303585782647132874e-02 -1.028126198798418045e-02 1.399111282080411911e-02 9.269306319765746593e-04 -8.407203480601310730e-03 1.203387044370174408e-02 9.998918175697326660e-01
2.521962672472000122e-02 -1.006750669330358505e-02 1.390475314110517502e-02 -6.752858171239495277e-04 -9.043569676578044891e-03 1.412540115416049957e-02 9.998590946197509766e-01
2.769629843533039093e-02 -1.021688710898160934e-02 1.275108102709054947e-02 -1.262523699551820755e-03 -9.973368607461452484e-03 1.758475787937641144e-02 9.997948408126831055e-01
2.862577140331268311e-02 -1.200937293469905853e-02 1.286093890666961670e-02 -2.121934434399008751e-03 -1.015551760792732239e-02 1.957083679735660553e-02 9.997546672821044922e-01
2.932962216436862946e-02 -1.514119561761617661e-02 1.248409412801265717e-02 -2.483604708686470985e-03 -1.061879936605691910e-02 2.080790884792804718e-02 9.997240304946899414e-01
2.426875568926334381e-02 -1.323699671775102615e-02 9.686319157481193542e-03 -3.178089857101440430e-03 -1.121123228222131729e-02 2.218979783356189728e-02 9.996858835220336914e-01
1.891725696623325348e-02 -1.039325352758169174e-02 7.995717227458953857e-03 -4.537874832749366760e-03 -1.083540264517068863e-02 2.346320636570453644e-02 9.996556639671325684e-01
1.468556374311447144e-02 -7.910490967333316803e-03 3.864072263240814209e-03 -4.139197524636983871e-03 -1.068473886698484421e-02 2.350326627492904663e-02 9.996581077575683594e-01
1.025614514946937561e-02 -4.961383063346147537e-03 4.151666071265935898e-03 -4.750384949147701263e-03 -9.338765405118465424e-03 2.477397210896015167e-02 9.996381998062133789e-01
8.812493644654750824e-03 1.227292814292013645e-03 3.704618895426392555e-03 -4.424038343131542206e-03 -9.133269079029560089e-03 2.267983928322792053e-02 9.996912479400634766e-01
8.376185782253742218e-03 -3.718575462698936462e-03 3.698112908750772476e-03 -3.942646551877260208e-03 -9.148380719125270844e-03 2.479913271963596344e-02 9.996427893638610840e-01
8.830266073346138000e-03 -1.109089236706495285e-03 5.112309008836746216e-03 -3.947956953197717667e-03 -7.090820930898189545e-03 2.413146942853927612e-02 9.996758699417114258e-01
1.003087032586336136e-02 1.253657625056803226e-03 3.795012366026639938e-03 -3.046984085813164711e-03 -7.014147471636533737e-03 2.149634994566440582e-02 9.997397065162658691e-01
1.060206722468137741e-02 -1.469077542424201965e-03 4.075512290000915527e-03 -3.240265185013413429e-03 -6.051949691027402878e-03 2.166876383125782013e-02 9.997416138648986816e-01
1.111911330372095108e-02 2.855470171198248863e-03 4.303396679461002350e-03 -2.446750644594430923e-03 -5.010129883885383606e-03 1.839320920407772064e-02 9.998152852058410645e-01
1.231446955353021622e-02 1.962116919457912445e-03 4.174463450908660889e-03 -2.041624626144766808e-03 -3.766695735976099968e-03 1.740229129791259766e-02 9.998393654823303223e-01
1.235607266426086426e-02 4.921880550682544708e-03 5.076083820313215256e-03 -1.577300368808209896e-03 -1.981733366847038269e-03 1.465131714940071106e-02 9.998894333839416504e-01
1.260483171790838242e-02 -4.804166033864021301e-03 2.841815352439880371e-03 -7.884236401878297329e-04 -7.926822290755808353e-04 1.199065893888473511e-02 9.999274611473083496e-01
9.174217469990253448e-03 -1.036122720688581467e-02 3.026728052645921707e-03 4.437670213519595563e-05 1.335582579486072063e-03 9.406681172549724579e-03 9.999548792839050293e-01
1.596931219100952148e-01 -1.840125583112239838e-02 6.844104081392288208e-02 -5.013782158493995667e-02 1.416943408548831940e-02 4.344224184751510620e-02 9.976964592933654785e-01
1.425591707229614258e-01 -2.558591961860656738e-02 6.580266356468200684e-02 -4.863779619336128235e-02 1.804152503609657288e-02 3.910269588232040405e-02 9.978876709938049316e-01
1.276495307683944702e-01 -3.579541295766830444e-02 5.440023541450500488e-02 -4.713499546051025391e-02 1.519513782113790512e-02 4.280525818467140198e-02 9.978552460670471191e-01
1.117546185851097107e-01 -3.489322587847709656e-02 5.023087561130523682e-02 -4.696759581565856934e-02 1.494522765278816223e-02 4.004608467221260071e-02 9.979814887046813965e-01
9.618452936410903931e-02 -3.311059623956680298e-02 4.542264714837074280e-02 -4.360116273164749146e-02 1.503486372530460358e-02 3.624038025736808777e-02 9.982782602310180664e-01
8.051607757806777954e-02 -3.065517358481884003e-02 4.085182771086692810e-02 -4.013329371809959412e-02 1.420440152287483215e-02 3.062958084046840668e-02 9.986237287521362305e-01
6.653306633234024048e-02 -2.594070509076118469e-02 3.436861187219619751e-02 -3.534948453307151794e-02 1.476673223078250885e-02 2.536673471331596375e-02 9.989438652992248535e-01
5.305659398436546326e-02 -1.983567699790000916e-02 2.798759192228317261e-02 -3.000902757048606873e-02 1.456931140273809433e-02 1.782344467937946320e-02 9.992845058441162109e-01
3.873345255851745605e-02 -1.705396175384521484e-02 2.079328708350658417e-02 -2.556481957435607910e-02 1.273474283516407013e-02 1.282931212335824966e-02 9.995096921920776367e-01
2.515408769249916077e-02 -1.235433574765920639e-02 1.424603350460529327e-02 -2.137434482574462891e-02 6.130790803581476212e-03 8.418839424848556519e-03 9.997172951698303223e-01
1.334858685731887817e-02 -7.226579356938600540e-03 7.353819441050291061e-03 -1.641297340393066406e-02 -3.651135193649679422e-04 2.609086921438574791e-03 9.998618364334106445e-01
1.031729951500892639e-02 -3.479714505374431610e-03 5.507873836904764175e-03 -1.023453287780284882e-02 1.259365672012791038e-04 -3.156214952468872070e-03 9.999426603317260742e-01
1.092327758669853210e-02 -4.777020309120416641e-03 6.835560314357280731e-03 -6.810226012021303177e-03 6.901325541548430920e-04 -6.759510375559329987e-03 9.999537467956542969e-01
1.249686721712350845e-02 -6.231843493878841400e-03 6.678101606667041779e-03 -2.358633326366543770e-03 1.002584001980721951e-03 -1.036971434950828552e-02 9.999429583549499512e-01
1.397780142724514008e-02 -7.375608198344707489e-03 6.837330292910337448e-03 6.370337796397507191e-04 1.060347771272063255e-03 -1.307578757405281067e-02 9.999137520790100098e-01
1.464647427201271057e-02 -1.036173943430185318e-02 6.267169490456581116e-03 4.087419714778661728e-03 1.623266260139644146e-03 -1.519938558340072632e-02 9.998748302459716797e-01
1.574972830712795258e-02 -1.195274293422698975e-02 6.406395696103572845e-03 6.517287343740463257e-03 2.061812672764062881e-03 -1.641464419662952423e-02 9.998419284820556641e-01
1.655062474310398102e-02 -1.326570380479097366e-02 7.776804734021425247e-03 8.824381045997142792e-03 2.385198604315519333e-03 -1.735401153564453125e-02 9.998075962066650391e-01
1.784453913569450378e-02 -1.387270819395780563e-02 9.274733252823352814e-03 1.023853477090597153e-02 2.518841996788978577e-03 -1.849341951310634613e-02 9.997733831405639648e-01
2.002351544797420502e-02 -1.443003304302692413e-02 9.175474755465984344e-03 1.175586227327585220e-02 2.380940830335021019e-03 -1.883858069777488708e-02 9.997506141662597656e-01
2.140659466385841370e-02 -1.570428535342216492e-02 9.820646606385707855e-03 1.302622910588979721e-02 2.034245757386088371e-03 -1.772088557481765747e-02 9.997560381889343262e-01
2.409965544939041138e-02 -1.446176040917634964e-02 1.155046466737985611e-02 1.374275237321853638e-02 2.270547905936837196e-03 -1.632971130311489105e-02 9.997696280479431152e-01
2.634536474943161011e-02 -1.519712433218955994e-02 1.178944949060678482e-02 1.427375990897417068e-02 1.755081699229776859e-03 -1.418684702366590500e-02 9.997959136962890625e-01
2.868904173374176025e-02 -1.586296223104000092e-02 1.224284153431653976e-02 1.457929331809282303e-02 1.473212381824851036e-03 -1.133879460394382477e-02 9.998283386230468750e-01
3.133461624383926392e-02 -1.445478573441505432e-02 1.467997208237648010e-02 1.382568292319774628e-02 1.006724662147462368e-03 -8.592563681304454803e-03 9.998670220375061035e-01
3.419180214405059814e-02 -1.375406701117753983e-02 1.599297113716602325e-02 1.337276678532361984e-02 6.704924162477254868e-04 -4.741651471704244614e-03 9.998990893363952637e-01
3.645535558462142944e-02 -1.553290989249944687e-02 1.675252243876457214e-02 1.269396394491195679e-02 -1.561850222060456872e-04 -1.005172962322831154e-03 9.999189376831054688e-01
3.939189016819000244e-02 -1.481947954744100571e-02 1.866245456039905548e-02 1.102052535861730576e-02 5.982253351248800755e-04 4.382864106446504593e-03 9.999294877052307129e-01
4.179121553897857666e-02 -1.472334004938602448e-02 2.143910899758338928e-02 9.071581996977329254e-03 2.516585809644311666e-04 9.572947397828102112e-03 9.999129772186279297e-01
4.362062737345695496e-02 -1.719900779426097870e-02 2.366513758897781372e-02 6.481449585407972336e-03 -7.227384485304355621e-03 1.501393876969814301e-02 9.998401403427124023e-01
4.717252776026725769e-02 -1.825298741459846497e-02 2.388975210487842560e-02 3.883212106302380562e-03 -1.570880413055419922e-02 1.939116232097148895e-02 9.996809959411621094e-01
4.931324720382690430e-02 -2.218428626656532288e-02 2.446300908923149109e-02 1.437623752281069756e-03 -1.728451251983642578e-02 2.483989112079143524e-02 9.995409846305847168e-01
5.319128185510635376e-02 -2.302381955087184906e-02 2.381144277751445770e-02 -9.730586316436529160e-04 -1.909773610532283783e-02 2.988944202661514282e-02 9.993702769279479980e-01
5.555209144949913025e-02 -2.471542917191982269e-02 2.503835596144199371e-02 -2.231082879006862640e-03 -1.923772133886814117e-02 3.403371199965476990e-02 9.992330074310302734e-01
5.802608653903007507e-02 -2.801587432622909546e-02 2.436492964625358582e-02 -3.287167288362979889e-03 -2.033412456512451172e-02 3.654246032238006592e-02 9.991198182106018066e-01
5.362600460648536682e-02 -2.803490124642848969e-02 2.248835191130638123e-02 -5.158353596925735474e-03 -2.027352713048458099e-02 3.843840211629867554e-02 9.990419745445251465e-01
4.282830655574798584e-02 -2.430663630366325378e-02 1.747230254113674164e-02 -7.266879547387361526e-03 -2.098569832742214203e-02 4.235491901636123657e-02 9.988557696342468262e-01
3.385579586029052734e-02 -1.835336349904537201e-02 1.084906700998544693e-02 -7.443012669682502747e-03 -2.088394947350025177e-02 4.408432170748710632e-02 9.987818002700805664e-01
2.554246038198471069e-02 -1.143406890332698822e-02 7.175486069172620773e-03 -7.324267178773880005e-03 -1.951642148196697235e-02 4.321381822228431702e-02 9.988483786582946777e-01
1.924824714660644531e-02 -1.302610267885029316e-03 7.591384928673505783e-03 -8.203665725886821747e-03 -1.766779646277427673e-02 4.412071034312248230e-02 9.988362789154052734e-01
1.746853254735469818e-02 4.934617900289595127e-04 8.627252653241157532e-03 -8.074084296822547913e-03 -1.678369380533695221e-02 4.661735147237777710e-02 9.987391829490661621e-01
1.818404905498027802e-02 2.445503603667020798e-03 8.278487250208854675e-03 -7.377667352557182312e-03 -1.632774062454700470e-02 4.476763680577278137e-02 9.988367557525634766e-01
1.857856661081314087e-02 3.892166540026664734e-03 9.077737107872962952e-03 -7.127404212951660156e-03 -1.384559459984302521e-02 4.312020540237426758e-02 9.989485144615173340e-01
1.980206370353698730e-02 5.158022977411746979e-03 8.697479963302612305e-03 -7.326344028115272522e-03 -1.305921562016010284e-02 3.936004638671875000e-02 9.991129040718078613e-01
2.131025679409503937e-02 4.580853041261434555e-03 9.297415614128112793e-03 -6.054047495126724243e-03 -1.023137848824262619e-02 3.788490593433380127e-02 9.992113709449768066e-01
2.260729484260082245e-02 8.320817723870277405e-03 8.046888746321201324e-03 -4.926373716443777084e-03 -8.883573114871978760e-03 3.449974209070205688e-02 9.993531107902526855e-01
2.484973333775997162e-02 6.000930909067392349e-03 9.782612323760986328e-03 -3.742363303899765015e-03 -4.974171519279479980e-03 3.142730891704559326e-02 9.994866847991943359e-01
2.604350447654724121e-02 5.425164010375738144e-03 8.200779557228088379e-03 -1.652225269936025143e-03 -2.382403705269098282e-03 2.372785285115242004e-02 9.997142553329467773e-01
2.026022039353847504e-02 -1.734679378569126129e-02 7.619260810315608978e-03 -5.970494239591062069e-04 1.968898810446262360e-03 2.160903066396713257e-02 9.997643828392028809e-01
