2.616429710388183594e+01 -2.226403045654296875e+01 -9.312875270843505859e-01 -9.828075766563415527e-02 1.950348913669586182e-01 7.394629120826721191e-01 6.367863416671752930e-01
2.616371726989746094e+01 -2.217281341552734375e+01 -9.335722923278808594e-01 -1.150443255901336670e-01 1.832592338323593140e-01 7.594124078750610352e-01 6.135740876197814941e-01
2.616257858276367188e+01 -2.208923149108886719e+01 -9.349576830863952637e-01 -1.317156106233596802e-01 1.714168041944503784e-01 7.774057984352111816e-01 5.906830430030822754e-01
2.616090965270996094e+01 -2.201337432861328125e+01 -9.357109665870666504e-01 -1.481155753135681152e-01 1.596851944923400879e-01 7.933979034423828125e-01 5.684009790420532227e-01
2.615882682800292969e+01 -2.194532203674316406e+01 -9.359116554260253906e-01 -1.640768647193908691e-01 1.482434272766113281e-01 8.073759078979492188e-01 5.470308661460876465e-01
2.615648078918457031e+01 -2.188512611389160156e+01 -9.355958700180053711e-01 -1.794432699680328369e-01 1.372694075107574463e-01 8.193557858467102051e-01 5.268846750259399414e-01
2.615400505065917969e+01 -2.183283042907714844e+01 -9.348050951957702637e-01 -1.940721571445465088e-01 1.269403100013732910e-01 8.293762803077697754e-01 5.082811713218688965e-01
2.615154647827148438e+01 -2.178846931457519531e+01 -9.335653781890869141e-01 -2.078256607055664062e-01 1.174262985587120056e-01 8.374949097633361816e-01 4.915414154529571533e-01
2.614925193786621094e+01 -2.175207710266113281e+01 -9.318976998329162598e-01 -2.205990105867385864e-01 1.089066788554191589e-01 8.437739014625549316e-01 4.769810438156127930e-01
2.614725494384765625e+01 -2.172363090515136719e+01 -9.298170804977416992e-01 -2.322076708078384399e-01 1.015075072646141052e-01 8.482975363731384277e-01 4.649250805377960205e-01
2.614567947387695312e+01 -2.170322608947753906e+01 -9.273304939270019531e-01 -2.427973449230194092e-01 9.553111344575881958e-02 8.510639667510986328e-01 4.556318819522857666e-01
2.614467811584472656e+01 -2.169078063964843750e+01 -9.243806600570678711e-01 -2.468550056219100952e-01 8.807573467493057251e-02 8.535135984420776367e-01 4.503398537635803223e-01
2.614419937133789062e+01 -2.168648719787597656e+01 -9.209629297256469727e-01 -2.498873025178909302e-01 8.211380988359451294e-02 8.544835448265075684e-01 4.479471743106842041e-01
2.614420127868652344e+01 -2.168183708190917969e+01 -9.176199436187744141e-01 -2.523175477981567383e-01 7.769186049699783325e-02 8.541030287742614746e-01 4.480980932712554932e-01
2.614463424682617188e+01 -2.167634582519531250e+01 -9.143581390380859375e-01 -2.541537582874298096e-01 7.464510947465896606e-02 8.525703549385070801e-01 4.504895210266113281e-01
2.614544105529785156e+01 -2.167010307312011719e+01 -9.111614823341369629e-01 -2.554768025875091553e-01 7.286836206912994385e-02 8.500403165817260742e-01 4.547913968563079834e-01
2.614657402038574219e+01 -2.166296386718750000e+01 -9.080293178558349609e-01 -2.563185989856719971e-01 7.224460691213607788e-02 8.466651439666748047e-01 4.606736302375793457e-01
2.614795303344726562e+01 -2.165491676330566406e+01 -9.049566984176635742e-01 -2.567020356655120850e-01 7.266432791948318481e-02 8.425925970077514648e-01 4.678041934967041016e-01
2.614952087402343750e+01 -2.164587974548339844e+01 -9.019467234611511230e-01 -2.566372752189636230e-01 7.401938736438751221e-02 8.379737138748168945e-01 4.758535623550415039e-01
2.615121269226074219e+01 -2.163579750061035156e+01 -8.989953398704528809e-01 -2.561288475990295410e-01 7.620377838611602783e-02 8.329647183418273926e-01 4.844973087310791016e-01
2.615297126770019531e+01 -2.162460708618164062e+01 -8.961105346679687500e-01 -2.551800012588500977e-01 7.911168783903121948e-02 8.277311921119689941e-01 4.934176504611968994e-01
2.615475082397460938e+01 -2.161225128173828125e+01 -8.932873010635375977e-01 -2.537966966629028320e-01 8.263878524303436279e-02 8.224475383758544922e-01 5.023067593574523926e-01
2.615649795532226562e+01 -2.159865570068359375e+01 -8.905320167541503906e-01 -2.519917786121368408e-01 8.667973428964614868e-02 8.172982335090637207e-01 5.108651518821716309e-01
2.615817642211914062e+01 -2.158374023437500000e+01 -8.878459334373474121e-01 -2.497875541448593140e-01 9.112954139709472656e-02 8.124753832817077637e-01 5.188035964965820312e-01
2.615977096557617188e+01 -2.156743812561035156e+01 -8.851603865623474121e-01 -2.472191005945205688e-01 9.588360786437988281e-02 8.081774115562438965e-01 5.258417129516601562e-01
2.616124153137207031e+01 -2.154966735839843750e+01 -8.825294375419616699e-01 -2.443359345197677612e-01 1.008368507027626038e-01 8.046056032180786133e-01 5.317067503929138184e-01
2.616254997253417969e+01 -2.153035545349121094e+01 -8.799494504928588867e-01 -2.412063628435134888e-01 1.058851331472396851e-01 8.019601702690124512e-01 5.361317992210388184e-01
2.616368103027343750e+01 -2.150941276550292969e+01 -8.774120211601257324e-01 -2.379094511270523071e-01 1.109187826514244080e-01 8.004379272460937500e-01 5.388548374176025391e-01
2.616460990905761719e+01 -2.148676490783691406e+01 -8.749029636383056641e-01 -2.345686703920364380e-01 1.158415451645851135e-01 8.002184629440307617e-01 5.396088361740112305e-01
2.616531181335449219e+01 -2.146233558654785156e+01 -8.724053502082824707e-01 -2.312311381101608276e-01 1.204879432916641235e-01 8.014895915985107422e-01 5.381436944007873535e-01
2.616574668884277344e+01 -2.143605041503906250e+01 -8.699000477790832520e-01 -2.283170223236083984e-01 1.249195486307144165e-01 8.043255805969238281e-01 5.341315865516662598e-01
2.616589164733886719e+01 -2.140788650512695312e+01 -8.673198819160461426e-01 -2.197900563478469849e-01 1.248998120427131653e-01 8.103665113449096680e-01 5.285534858703613281e-01
2.616569519042968750e+01 -2.137776947021484375e+01 -8.646889328956604004e-01 -2.106186002492904663e-01 1.238913312554359436e-01 8.181648850440979004e-01 5.204493999481201172e-01
2.616515922546386719e+01 -2.134580421447753906e+01 -8.619777560234069824e-01 -2.011688500642776489e-01 1.221818551421165466e-01 8.273481130599975586e-01 5.099698305130004883e-01
2.616428947448730469e+01 -2.131203079223632812e+01 -8.591564297676086426e-01 -1.914419084787368774e-01 1.198076754808425903e-01 8.376271128654479980e-01 4.973419606685638428e-01
2.616309165954589844e+01 -2.127667236328125000e+01 -8.561881184577941895e-01 -1.815400421619415283e-01 1.168733164668083191e-01 8.486933708190917969e-01 4.827795028686523438e-01
2.616157722473144531e+01 -2.123950004577636719e+01 -8.530684709548950195e-01 -1.715435534715652466e-01 1.134684309363365173e-01 8.602541089057922363e-01 4.665122330188751221e-01
2.615976905822753906e+01 -2.120851135253906250e+01 -8.492891788482666016e-01 -1.615449786186218262e-01 1.096903979778289795e-01 8.720315098762512207e-01 4.487822949886322021e-01
2.615769004821777344e+01 -2.118417549133300781e+01 -8.448117375373840332e-01 -1.516409218311309814e-01 1.056389361619949341e-01 8.837700486183166504e-01 4.298479855060577393e-01
2.615541076660156250e+01 -2.116648864746093750e+01 -8.396368622779846191e-01 -1.419347822666168213e-01 1.014178991317749023e-01 8.952401876449584961e-01 4.099839925765991211e-01
2.615298461914062500e+01 -2.115549659729003906e+01 -8.337661027908325195e-01 -1.325359940528869629e-01 9.713501483201980591e-02 9.062421321868896484e-01 3.894829154014587402e-01
2.615049552917480469e+01 -2.115150260925292969e+01 -8.271920084953308105e-01 -1.235591769218444824e-01 9.290105849504470825e-02 9.166088700294494629e-01 3.686510324478149414e-01
2.614804458618164062e+01 -2.114856529235839844e+01 -8.203037381172180176e-01 -1.151236668229103088e-01 8.882981538772583008e-02 9.262059330940246582e-01 3.478093445301055908e-01
2.614573669433593750e+01 -2.114644432067871094e+01 -8.131420016288757324e-01 -1.073531284928321838e-01 8.503749966621398926e-02 9.349324107170104980e-01 3.272898197174072266e-01
2.614368438720703125e+01 -2.114528846740722656e+01 -8.057301044464111328e-01 -1.003741472959518433e-01 8.164209872484207153e-02 9.427182078361511230e-01 3.074333071708679199e-01
2.614200210571289062e+01 -2.114508247375488281e+01 -7.981051802635192871e-01 -9.431583434343338013e-02 7.876294106245040894e-02 9.495221376419067383e-01 2.885862290859222412e-01
2.614082336425781250e+01 -2.114589881896972656e+01 -7.903005480766296387e-01 -8.930914103984832764e-02 7.652014493942260742e-02 9.553261399269104004e-01 2.710974514484405518e-01
2.614026260375976562e+01 -2.114767646789550781e+01 -7.823591232299804688e-01 -8.548558503389358521e-02 7.503434270620346069e-02 9.601294994354248047e-01 2.553168237209320068e-01
2.614045333862304688e+01 -2.115060615539550781e+01 -7.743086218833923340e-01 -8.297744393348693848e-02 7.442634552717208862e-02 9.639409780502319336e-01 2.415916174650192261e-01
2.614151954650878906e+01 -2.115042114257812500e+01 -7.664502263069152832e-01 -8.191648870706558228e-02 7.481696456670761108e-02 9.667692780494689941e-01 2.302647083997726440e-01
2.614358711242675781e+01 -2.114692497253417969e+01 -7.588243484497070312e-01 -8.243440091609954834e-02 7.632720470428466797e-02 9.686136245727539062e-01 2.216726690530776978e-01
