0.000000000000000000e+00 0.000000000000000000e+00 0.000000000000000000e+00 0.000000000000000000e+00 0.000000000000000000e+00 0.000000000000000000e+00 1.000000000000000000e+00
8.343405276536941528e-02 -1.006438955664634705e-02 3.554181382060050964e-02 -2.554968125220531336e-02 7.181429200123872793e-03 2.547943440877432908e-02 9.993229904714308054e-01
1.595355200618935876e-01 -1.865783127187953250e-02 6.873525467692491453e-02 -5.064500603816291663e-02 1.468170682060313328e-02 4.984366595150401674e-02 9.973640959111889082e-01
2.282884761514104022e-01 -2.585218193342733034e-02 9.937889829136939412e-02 -7.509667633893331307e-02 2.207282011054423343e-02 7.209426143103336848e-02 9.943217272512587801e-01
2.896197697689559813e-01 -3.184373923254157218e-02 1.273774292429271093e-01 -9.853340264744993304e-02 2.938267217718657995e-02 9.274886481411463712e-02 9.903663338452779463e-01
3.435239809576884351e-01 -3.672119765555776488e-02 1.525964829196180261e-01 -1.207862009999833841e-01 3.651457443184752405e-02 1.111662193302233592e-01 9.857583127632641995e-01
3.898987271421266998e-01 -4.074345807161874888e-02 1.750804685772811009e-01 -1.415323689860155942e-01 4.326330973828250437e-02 1.274980009389860836e-01 9.807349969875950313e-01
4.288102495727333374e-01 -4.357804764781719742e-02 1.946710804041383303e-01 -1.605523421770072012e-01 4.975599978414318308e-02 1.413818637630668562e-01 9.755810855617482735e-01
4.600529845412720809e-01 -4.604021028520394881e-02 2.115574510726827839e-01 -1.776575541416859083e-01 5.599093694478993188e-02 1.528274637751388387e-01 9.705393215900617321e-01
4.836850166402817397e-01 -4.794008824531137414e-02 2.256739341282905376e-01 -1.926563883973544944e-01 6.168610119354942661e-02 1.613873826411300616e-01 9.659360504989303875e-01
4.997256639877662443e-01 -4.943851309104060204e-02 2.368257899862269145e-01 -2.053576238954934186e-01 6.733744373758919488e-02 1.673516684082098638e-01 9.619185693497513956e-01
5.087556638585699620e-01 -5.057264497915252288e-02 2.446039252465222746e-01 -2.144421879210243465e-01 6.625035056406351763e-02 1.713490626692464880e-01 9.593044031026614071e-01
5.115758208718287348e-01 -5.042781233524903928e-02 2.496519480755627074e-01 -2.210563519503612184e-01 6.489891449104649712e-02 1.725839050565155797e-01 9.576727081188675106e-01
5.149137482370473862e-01 -5.080506450997097218e-02 2.551355922570140988e-01 -2.257958717157237394e-01 6.390590301044088428e-02 1.713151936250466301e-01 9.568612043080069185e-01
5.191629754766110549e-01 -5.172844162698366638e-02 2.610286365304833045e-01 -2.286559502834132895e-01 6.305589030892667923e-02 1.681473942972258329e-01 9.568003265511519917e-01
5.240149085776993898e-01 -5.382658987154731456e-02 2.672472524340349653e-01 -2.293015880538215867e-01 6.239987875246502669e-02 1.629421182050516670e-01 9.575891096720577922e-01
5.295243177527769740e-01 -5.585881676403400831e-02 2.741523522301583249e-01 -2.292728372335891274e-01 6.201780207847334969e-02 1.564960565060980469e-01 9.586953335811412291e-01
5.355873240958574089e-01 -5.926610349632217833e-02 2.812610289788746165e-01 -2.273980537105899924e-01 6.170146441010890270e-02 1.488637822870106375e-01 9.603762954079453351e-01
5.428260823561181780e-01 -6.181202348282663350e-02 2.889236865463876702e-01 -2.247990634719687908e-01 6.175182380341092542e-02 1.402340074054101160e-01 9.622819319129386484e-01
5.499097253443518962e-01 -6.524455928713540631e-02 2.976513849065404171e-01 -2.210346925370942905e-01 6.146591352087699828e-02 1.309517848060295642e-01 9.644777012591797538e-01
5.579320521658367449e-01 -6.905725832165829359e-02 3.067070466199255940e-01 -2.165715443464438228e-01 6.138943054633142632e-02 1.213263947343824201e-01 9.667512658059208563e-01
5.670990572764932347e-01 -7.288084580273493374e-02 3.160752673608475671e-01 -2.115287454576122717e-01 6.140462094886810912e-02 1.120209972573947693e-01 9.689872850273697491e-01
5.773283782648139795e-01 -7.754181337956847497e-02 3.254866827436895815e-01 -2.052518078373136989e-01 6.143344000518926457e-02 1.031104267568888622e-01 9.713217117529369116e-01
5.888429566883781607e-01 -8.127296364102559734e-02 3.355377536333947752e-01 -1.988338354843814659e-01 6.159463121235528305e-02 9.503681764335057680e-02 9.734676217340813009e-01
6.014216552786254555e-01 -8.580568828094396749e-02 3.458622695434772631e-01 -1.920596433797022995e-01 6.177373040896629031e-02 8.809524559582351810e-02 9.754672353901147064e-01
6.150087388881547712e-01 -9.062161941172366952e-02 3.568219076854426408e-01 -1.852223718574043110e-01 6.201790019431065865e-02 8.245035211458623392e-02 9.772657737049766924e-01
6.302675635029129086e-01 -9.508051636935589690e-02 3.679404184986810322e-01 -1.785418884353614510e-01 6.233325381128492632e-02 7.859316340546466939e-02 9.788056365842785489e-01
6.467508853352529341e-01 -9.965417676615170861e-02 3.797428474031616097e-01 -1.721598922821965805e-01 6.272438889003788265e-02 7.676063670574458098e-02 9.800685828962595325e-01
6.646635826628358723e-01 -1.041748375490190448e-01 3.921361616485731783e-01 -1.662762514806122305e-01 6.324217047023636407e-02 7.705910686926717434e-02 9.810272830641769692e-01
6.841030339269508209e-01 -1.086501483558063724e-01 4.051167142049602599e-01 -1.609377434659020889e-01 6.410212842920465226e-02 8.020564077166014716e-02 9.816094004477323720e-01
7.051250666992709970e-01 -1.129025314300093757e-01 4.187793907980670305e-01 -1.568716604302693995e-01 6.524352015388591719e-02 8.598100757489846035e-02 9.817035354770732303e-01
7.272458059117264950e-01 -1.174078403641288237e-01 4.337688094083244628e-01 -1.530631913327194227e-01 5.942624597682380494e-02 9.563351581337030394e-02 9.817812441686383229e-01
7.506439992022566621e-01 -1.220137864205720207e-01 4.499989124950560804e-01 -1.502633075163959941e-01 5.279976520294011461e-02 1.082993032004791745e-01 9.812769151136889745e-01
7.758266021969735249e-01 -1.263668779524070029e-01 4.666606481880881119e-01 -1.484352062046318532e-01 4.572122125579768798e-02 1.233381622606508909e-01 9.801348158371032682e-01
8.027361070661475084e-01 -1.299249039315428234e-01 4.839024195794009442e-01 -1.472272477459334872e-01 3.842188072062352466e-02 1.408170452731550559e-01 9.782732012907160435e-01
8.309937414318743221e-01 -1.330292259585656445e-01 5.018170177061846982e-01 -1.466832665781736544e-01 3.095188336206259813e-02 1.602894531427942471e-01 9.756194398603800222e-01
8.601965843614680640e-01 -1.376272303034715427e-01 5.210884370150720146e-01 -1.465761880846818133e-01 2.340257363551379380e-02 1.813002972118783751e-01 9.721614798297054660e-01
8.836648415222152497e-01 -1.411574769950452446e-01 5.382579953391375405e-01 -1.468923386484805305e-01 1.566908005599512710e-02 2.035172592273018222e-01 9.678625139828415103e-01
9.016337117259551892e-01 -1.418886636661445266e-01 5.526245825395240674e-01 -1.482545303119890689e-01 8.142949588072684319e-03 2.264449039515881168e-01 9.626406349663063633e-01
9.149108518084068109e-01 -1.430338943278966213e-01 5.633753367999734252e-01 -1.496248144765870980e-01 8.992231781733505238e-04 2.499307975527639003e-01 9.566327418216260536e-01
9.217073467907849205e-01 -1.423031788622217964e-01 5.733910192263255157e-01 -1.518061318668954274e-01 -5.667360390521819502e-03 2.736305127723419606e-01 9.497626660559783662e-01
9.250633647482380262e-01 -1.378986410484516756e-01 5.812794720281408978e-01 -1.535651222375063740e-01 -1.214638667372091620e-02 2.963876561073963689e-01 9.425627702334290481e-01
9.285927513016848378e-01 -1.352180960354106287e-01 5.901125029243430298e-01 -1.550891691520800142e-01 -1.794059837025640397e-02 3.193690743847237834e-01 9.346811642846342139e-01
9.320104738508234732e-01 -1.306389429272021840e-01 5.986383406711329735e-01 -1.567676497140144676e-01 -2.285155338025273569e-02 3.412311028465754292e-01 9.265328083567054840e-01
9.351392074647311148e-01 -1.237361901061132113e-01 6.063295798871007891e-01 -1.580849801166811230e-01 -2.694091115398059705e-02 3.619062017688312038e-01 9.183176070886149844e-01
9.389265663520738325e-01 -1.165345475304559869e-01 6.143896085737825530e-01 -1.595842082036467158e-01 -3.013443060393419110e-02 3.810885438946434722e-01 9.101627976886620397e-01
9.412916307535793559e-01 -1.074785271780584889e-01 6.223081049400698284e-01 -1.607332640767319409e-01 -3.241321713679974625e-02 3.983344822581127986e-01 9.024654239461162852e-01
9.442741610245078965e-01 -9.674369832228885135e-02 6.292931013551827935e-01 -1.616724077509911761e-01 -3.385847632072236379e-02 4.139473936796668752e-01 8.951889138159874193e-01
9.452799699094274199e-01 -8.578028287498735971e-02 6.383183950625519465e-01 -1.625889343076990234e-01 -3.392369312673972070e-02 4.269626234797144759e-01 8.888852229825000562e-01
9.500768152981230452e-01 -7.552151527993600233e-02 6.461787831627372469e-01 -1.632391901858157857e-01 -3.268018308119818860e-02 4.365577040943091069e-01 8.841393235328717237e-01
9.593043482535432709e-01 -7.445040827598414790e-02 6.568740038686778915e-01 -1.638581987832825326e-01 -2.994747394146883221e-02 4.440827189904132943e-01 8.803659342512663022e-01
