2.616429710388183594e+01 -2.226403045654296875e+01 -9.312875270843505859e-01 -9.828075766563415527e-02 1.950348913669586182e-01 7.394629120826721191e-01 6.367863416671752930e-01
2.616358184814453125e+01 -2.217297363281250000e+01 -9.337469339370727539e-01 -1.149974837899208069e-01 1.832641512155532837e-01 7.593950629234313965e-01 6.136027574539184570e-01
2.616042518615722656e+01 -2.208987045288085938e+01 -9.371269345283508301e-01 -1.316297799348831177e-01 1.714265346527099609e-01 7.773714661598205566e-01 5.907444953918457031e-01
2.615573692321777344e+01 -2.201448822021484375e+01 -9.410918951034545898e-01 -1.480133384466171265e-01 1.596943140029907227e-01 7.933666706085205078e-01 5.684687495231628418e-01
2.615000724792480469e+01 -2.194680023193359375e+01 -9.453410506248474121e-01 -1.639601886272430420e-01 1.482450664043426514e-01 8.073657751083374023e-01 5.470803380012512207e-01
2.614340400695800781e+01 -2.188688850402832031e+01 -9.495052099227905273e-01 -1.793239712715148926e-01 1.372649818658828735e-01 8.193591237068176270e-01 5.269213318824768066e-01
2.613615226745605469e+01 -2.183481407165527344e+01 -9.533557891845703125e-01 -1.939608603715896606e-01 1.269323080778121948e-01 8.293861150741577148e-01 5.083095431327819824e-01
2.612853813171386719e+01 -2.179060935974121094e+01 -9.568132162094116211e-01 -2.077270001173019409e-01 1.174187213182449341e-01 8.375031352043151855e-01 4.915708899497985840e-01
2.612092018127441406e+01 -2.175429725646972656e+01 -9.598862528800964355e-01 -2.205083817243576050e-01 1.089019253849983215e-01 8.437765240669250488e-01 4.770194888114929199e-01
2.611369705200195312e+01 -2.172580337524414062e+01 -9.625513553619384766e-01 -2.321175634860992432e-01 1.015044152736663818e-01 8.482968807220458984e-01 4.649721682071685791e-01
2.610720634460449219e+01 -2.170516395568847656e+01 -9.647046327590942383e-01 -2.427104264497756958e-01 9.552736580371856689e-02 8.510647416114807129e-01 4.556777179241180420e-01
2.610164451599121094e+01 -2.169231796264648438e+01 -9.662270545959472656e-01 -2.467738837003707886e-01 8.806923776865005493e-02 8.535186052322387695e-01 4.503760635852813721e-01
2.609688949584960938e+01 -2.168753051757812500e+01 -9.670964479446411133e-01 -2.498114258050918579e-01 8.210608363151550293e-02 8.544906377792358398e-01 4.479772448539733887e-01
2.609286499023437500e+01 -2.168230819702148438e+01 -9.678475856781005859e-01 -2.522471547126770020e-01 7.768575847148895264e-02 8.541081547737121582e-01 4.481289684772491455e-01
2.608954238891601562e+01 -2.167614936828613281e+01 -9.685148596763610840e-01 -2.540880739688873291e-01 7.464135438203811646e-02 8.525725007057189941e-01 4.505231082439422607e-01
2.608690643310546875e+01 -2.166911125183105469e+01 -9.691160917282104492e-01 -2.554137706756591797e-01 7.286863774061203003e-02 8.500367999076843262e-01 4.548334479331970215e-01
2.608498954772949219e+01 -2.166099739074707031e+01 -9.696828722953796387e-01 -2.562551200389862061e-01 7.224672287702560425e-02 8.466590046882629395e-01 4.607199430465698242e-01
2.608376312255859375e+01 -2.165177345275878906e+01 -9.702169299125671387e-01 -2.566355466842651367e-01 7.266676425933837891e-02 8.425864577293395996e-01 4.678513705730438232e-01
2.608313751220703125e+01 -2.164138984680175781e+01 -9.706883430480957031e-01 -2.565709650516510010e-01 7.402352988719940186e-02 8.379654884338378906e-01 4.759032130241394043e-01
2.608305358886718750e+01 -2.162979125976562500e+01 -9.711220264434814453e-01 -2.560668885707855225e-01 7.620982080698013306e-02 8.329539895057678223e-01 4.845476448535919189e-01
2.608342742919921875e+01 -2.161693000793457031e+01 -9.715945124626159668e-01 -2.551212608814239502e-01 7.911917567253112793e-02 8.277180194854736328e-01 4.934688508510589600e-01
2.608415985107421875e+01 -2.160275459289550781e+01 -9.721706509590148926e-01 -2.537408471107482910e-01 8.264816552400588989e-02 8.224310278892517090e-01 5.023604035377502441e-01
2.608515930175781250e+01 -2.158722114562988281e+01 -9.729022979736328125e-01 -2.519389688968658447e-01 8.669164776802062988e-02 8.172770142555236816e-01 5.109231472015380859e-01
2.608636665344238281e+01 -2.157023620605468750e+01 -9.738565683364868164e-01 -2.497370839118957520e-01 9.114542603492736816e-02 8.124464154243469238e-01 5.188705325126647949e-01
2.608782005310058594e+01 -2.155171203613281250e+01 -9.750314950942993164e-01 -2.471662908792495728e-01 9.590110927820205688e-02 8.081451654434204102e-01 5.259128808975219727e-01
2.608938980102539062e+01 -2.153159904479980469e+01 -9.764915704727172852e-01 -2.442803829908370972e-01 1.008562520146369934e-01 8.045693039894104004e-01 5.317835211753845215e-01
2.609099960327148438e+01 -2.150983047485351562e+01 -9.782519936561584473e-01 -2.411462664604187012e-01 1.059093549847602844e-01 8.019138574600219727e-01 5.362234115600585938e-01
2.609269523620605469e+01 -2.148629570007324219e+01 -9.803199768066406250e-01 -2.378431111574172974e-01 1.109458357095718384e-01 8.003853559494018555e-01 5.389567017555236816e-01
2.609444046020507812e+01 -2.146092987060546875e+01 -9.826662540435791016e-01 -2.344974726438522339e-01 1.158718466758728027e-01 8.001585006713867188e-01 5.397221446037292480e-01
2.609620475769042969e+01 -2.143366622924804688e+01 -9.852658510208129883e-01 -2.311569899320602417e-01 1.205231845378875732e-01 8.014186620712280273e-01 5.382733345031738281e-01
2.609801292419433594e+01 -2.140441513061523438e+01 -9.881268143653869629e-01 -2.282484173774719238e-01 1.249594241380691528e-01 8.042436242103576660e-01 5.342750549316406250e-01
2.609988594055175781e+01 -2.137314987182617188e+01 -9.913048744201660156e-01 -2.197251468896865845e-01 1.249394863843917847e-01 8.102810978889465332e-01 5.287020206451416016e-01
2.610165596008300781e+01 -2.133984947204589844e+01 -9.948886632919311523e-01 -2.105571478605270386e-01 1.239287257194519043e-01 8.180804848670959473e-01 5.205981731414794922e-01
2.610311698913574219e+01 -2.130469131469726562e+01 -9.988974928855895996e-01 -2.011056989431381226e-01 1.222162842750549316e-01 8.272659182548522949e-01 5.101198554039001465e-01
2.610409164428710938e+01 -2.126777076721191406e+01 -1.003301620483398438e+00 -1.913692802190780640e-01 1.198394298553466797e-01 8.375456929206848145e-01 4.974993467330932617e-01
2.610450553894042969e+01 -2.122934913635253906e+01 -1.007975339889526367e+00 -1.814557313919067383e-01 1.169010251760482788e-01 8.486146926879882812e-01 4.829427599906921387e-01
2.610427284240722656e+01 -2.118922805786132812e+01 -1.012782573699951172e+00 -1.714511811733245850e-01 1.134910285472869873e-01 8.601800203323364258e-01 4.666772782802581787e-01
2.610327529907226562e+01 -2.115547561645507812e+01 -1.017110705375671387e+00 -1.614550650119781494e-01 1.097081303596496582e-01 8.719627261161804199e-01 4.489439725875854492e-01
2.610130882263183594e+01 -2.112871742248535156e+01 -1.020940661430358887e+00 -1.515552997589111328e-01 1.056509390473365784e-01 8.837090134620666504e-01 4.300007224082946777e-01
2.609811782836914062e+01 -2.110920524597167969e+01 -1.024279594421386719e+00 -1.418312191963195801e-01 1.014326959848403931e-01 8.951600193977355957e-01 4.101911187171936035e-01
2.609402656555175781e+01 -2.109663200378417969e+01 -1.026939988136291504e+00 -1.324196010828018188e-01 9.715946018695831299e-02 9.061287641525268555e-01 3.897798061370849609e-01
2.608973312377929688e+01 -2.109066963195800781e+01 -1.028822183609008789e+00 -1.234529912471771240e-01 9.292718768119812012e-02 9.164912700653076172e-01 3.689720630645751953e-01
2.608539772033691406e+01 -2.108539581298828125e+01 -1.030409336090087891e+00 -1.150257885456085205e-01 8.885326981544494629e-02 9.260943531990051270e-01 3.481325805187225342e-01
2.608098030090332031e+01 -2.108077812194824219e+01 -1.031767249107360840e+00 -1.072667688131332397e-01 8.506148308515548706e-02 9.348236322402954102e-01 3.276223540306091309e-01
2.607658004760742188e+01 -2.107703590393066406e+01 -1.032993555068969727e+00 -1.002927869558334351e-01 8.166629821062088013e-02 9.426105618476867676e-01 3.077835440635681152e-01
2.607238388061523438e+01 -2.107408332824707031e+01 -1.034143328666687012e+00 -9.423214197158813477e-02 7.878394424915313721e-02 9.494185447692871094e-01 2.889487743377685547e-01
2.606854629516601562e+01 -2.107199478149414062e+01 -1.035173535346984863e+00 -8.922510594129562378e-02 7.653913646936416626e-02 9.552262425422668457e-01 2.714716196060180664e-01
2.606520462036132812e+01 -2.107070159912109375e+01 -1.036092996597290039e+00 -8.540352433919906616e-02 7.505227625370025635e-02 9.600340127944946289e-01 2.556979656219482422e-01
2.606251525878906250e+01 -2.107041168212890625e+01 -1.036931991577148438e+00 -8.289567381143569946e-02 7.444299757480621338e-02 9.638497233390808105e-01 2.419780492782592773e-01
2.606062126159667969e+01 -2.106689071655273438e+01 -1.037977218627929688e+00 -8.183427155017852783e-02 7.483261078596115112e-02 9.666821360588073730e-01 2.306546121835708618e-01
2.605968856811523438e+01 -2.106002426147460938e+01 -1.039230942726135254e+00 -8.235242962837219238e-02 7.634254544973373413e-02 9.685303568840026855e-01 2.220612019300460815e-01
