-4.452462308108806610e-03 9.506114125251770020e-01 -2.659993059933185577e-02
-1.014803536236286163e-02 8.744751811027526855e-01 -1.737935841083526611e-02
-1.460210420191287994e-02 7.973376512527465820e-01 -8.438474498689174652e-03
-1.885621249675750732e-02 7.193685173988342285e-01 -2.350799972191452980e-03
-2.144350111484527588e-02 6.407555341720581055e-01 3.932013642042875290e-03
-2.271174266934394836e-02 5.616297721862792969e-01 9.492664597928524017e-03
-2.261623553931713104e-02 4.823377728462219238e-01 1.483792439103126526e-02
-2.102461643517017365e-02 4.021897017955780029e-01 1.987107843160629272e-02
-1.800942979753017426e-02 3.231935501098632812e-01 2.472455613315105438e-02
-1.391241606324911118e-02 2.410483360290527344e-01 2.946595847606658936e-02
-8.087896741926670074e-03 1.655769050121307373e-01 3.409877792000770569e-02
-1.842935802415013313e-03 7.279229164123535156e-02 4.023760929703712463e-02
3.651262959465384483e-03 3.045031614601612091e-02 4.288070276379585266e-02
8.839209564030170441e-03 5.247788131237030029e-02 4.166723415255546570e-02
1.333508081734180450e-02 5.361140891909599304e-02 4.186282306909561157e-02
1.734502241015434265e-02 6.447885185480117798e-02 4.154843091964721680e-02
2.068584039807319641e-02 7.212459295988082886e-02 4.148405045270919800e-02
2.329258061945438385e-02 8.195189386606216431e-02 4.130867868661880493e-02
2.528621815145015717e-02 9.174518287181854248e-02 4.115008562803268433e-02
2.662335522472858429e-02 1.024006903171539307e-01 4.094238579273223877e-02
2.743278257548809052e-02 1.136033684015274048e-01 4.067174345254898071e-02
2.776042930781841278e-02 1.254890263080596924e-01 4.044434428215026855e-02
2.750947140157222748e-02 1.381307244300842285e-01 3.998169675469398499e-02
2.708845026791095734e-02 1.515656560659408569e-01 4.002125188708305359e-02
2.640364319086074829e-02 1.657069921493530273e-01 4.022213816642761230e-02
2.520160190761089325e-02 1.806742697954177856e-01 3.981191292405128479e-02
2.379712834954261780e-02 1.963946372270584106e-01 3.967960551381111145e-02
2.209900692105293274e-02 2.130130976438522339e-01 3.953216224908828735e-02
2.022264339029788971e-02 2.302528172731399536e-01 3.961567208170890808e-02
1.792728528380393982e-02 2.485897094011306763e-01 3.973846137523651123e-02
1.537819951772689819e-02 2.668932080268859863e-01 4.042917862534523010e-02
1.237284578382968903e-02 2.865086197853088379e-01 4.129229485988616943e-02
9.062538854777812958e-03 3.047457337379455566e-01 4.206442087888717651e-02
5.848720204085111618e-03 3.249548673629760742e-01 4.311875626444816589e-02
2.669973997399210930e-03 3.371087312698364258e-01 4.483543336391448975e-02
-4.601664841175079346e-04 3.652398884296417236e-01 4.577651247382164001e-02
-3.412076737731695175e-03 3.462024033069610596e-01 4.979086667299270630e-02
-6.172064226120710373e-03 2.673352062702178955e-01 5.761861801147460938e-02
-8.489079773426055908e-03 2.054363787174224854e-01 6.442304700613021851e-02
-1.014401018619537354e-02 1.396081000566482544e-01 7.144791632890701294e-02
-1.119095459580421448e-02 6.377015262842178345e-02 7.898698002099990845e-02
-1.125835627317428589e-02 2.049953490495681763e-02 8.432934433221817017e-02
-1.030739583075046539e-02 2.302635833621025085e-02 8.658688515424728394e-02
-8.301719091832637787e-03 8.964921347796916962e-03 8.957953751087188721e-02
-5.148260854184627533e-03 1.917650224640965462e-03 9.179076552391052246e-02
-7.428680546581745148e-04 -1.002264488488435745e-02 9.391533583402633667e-02
4.900485742837190628e-03 -1.705061458051204681e-02 9.533367305994033813e-02
1.176713034510612488e-02 -3.378383815288543701e-02 9.695240110158920288e-02
1.995023712515830994e-02 -2.563234232366085052e-02 9.664009511470794678e-02
2.929252944886684418e-02 1.471227128058671951e-02 9.400823712348937988e-02
3.994140774011611938e-02 4.395402595400810242e-02 9.177096188068389893e-02
