-4.452462308108806610e-03 9.506114125251770020e-01 -2.659993059933185577e-02
-1.062027271836996078e-02 8.762542605400085449e-01 -2.019157819449901581e-02
-1.551993750035762787e-02 8.008499145507812500e-01 -1.398997381329536438e-02
-2.019520662724971771e-02 7.245678901672363281e-01 -1.056346204131841660e-02
-2.318373322486877441e-02 6.475957036018371582e-01 -6.859395187348127365e-03
-2.482651732861995697e-02 5.700638294219970703e-01 -3.799326950684189796e-03
-2.507161349058151245e-02 4.923188090324401855e-01 -8.783041848801076412e-04
-2.378216944634914398e-02 4.136706292629241943e-01 1.806812477298080921e-03
-2.102758362889289856e-02 3.361276686191558838e-01 4.388667177408933640e-03
-1.715012639760971069e-02 2.553886771202087402e-01 6.936948746442794800e-03
-1.150780078023672104e-02 1.812761873006820679e-01 9.453723207116127014e-03
-5.411564838141202927e-03 8.980464935302734375e-02 1.355268806219100952e-02
-3.327126614749431610e-05 4.873361438512802124e-02 1.423229742795228958e-02
5.072936881333589554e-03 7.199237495660781860e-02 1.113092154264450073e-02
9.521369822323322296e-03 7.431832700967788696e-02 9.513401426374912262e-03
1.351607963442802429e-02 8.634017407894134521e-02 7.460970897227525711e-03
1.687098667025566101e-02 9.510272741317749023e-02 5.733022931963205338e-03
1.951788738369941711e-02 1.060091778635978699e-01 3.968464210629463196e-03
2.157711796462535858e-02 1.168432012200355530e-01 2.293623751029372215e-03
2.300369180738925934e-02 1.284997016191482544e-01 6.413599476218223572e-04
2.392360381782054901e-02 1.406634598970413208e-01 -1.003800658509135246e-03
2.438123710453510284e-02 1.534694284200668335e-01 -2.535989740863442421e-03
2.427942864596843719e-02 1.669894456863403320e-01 -4.233738873153924942e-03
2.402614988386631012e-02 1.812597662210464478e-01 -5.361186340451240540e-03
2.352342382073402405e-02 1.961929798126220703e-01 -6.258908193558454514e-03
2.251710370182991028e-02 2.119073569774627686e-01 -7.700454443693161011e-03
2.132369205355644226e-02 2.283288240432739258e-01 -8.798074908554553986e-03
1.984615437686443329e-02 2.456017583608627319e-01 -9.844848886132240295e-03
1.819776184856891632e-02 2.634483277797698975e-01 -1.059660222381353378e-02
1.613955385982990265e-02 2.823432385921478271e-01 -1.124896667897701263e-02
1.383556425571441650e-02 3.011547327041625977e-01 -1.127857528626918793e-02
1.107776537537574768e-02 3.212274909019470215e-01 -1.108171604573726654e-02
8.014120161533355713e-03 3.398710787296295166e-01 -1.092207059264183044e-02
5.046077538281679153e-03 3.604353666305541992e-01 -1.042621955275535583e-02
2.116251736879348755e-03 3.728930950164794922e-01 -9.214052930474281311e-03
-7.618498057126998901e-04 4.012769162654876709e-01 -8.724626153707504272e-03
-3.459805855527520180e-03 3.824422061443328857e-01 -5.109734833240509033e-03
-5.966650322079658508e-03 3.037302792072296143e-01 2.365793334320187569e-03
-8.033930324018001556e-03 2.419420778751373291e-01 8.860281668603420258e-03
-9.440593421459197998e-03 1.761841624975204468e-01 1.561764627695083618e-02
-1.024136971682310104e-02 1.003814935684204102e-01 2.292833477258682251e-02
-1.006899960339069366e-02 5.712020024657249451e-02 2.807548083364963531e-02
-8.893828839063644409e-03 5.963577330112457275e-02 3.016924858093261719e-02
-6.680123507976531982e-03 4.554803669452667236e-02 3.302591666579246521e-02
-3.337518079206347466e-03 3.846462070941925049e-02 3.512803465127944946e-02
1.231300178915262222e-03 2.648377232253551483e-02 3.716932982206344604e-02
7.009449414908885956e-03 1.941477879881858826e-02 3.852946683764457703e-02
1.397605985403060913e-02 2.645882312208414078e-03 4.011368006467819214e-02
2.222011424601078033e-02 1.077180355787277222e-02 3.978743404150009155e-02
3.158047795295715332e-02 5.110502988100051880e-02 3.715093806385993958e-02
4.222944378852844238e-02 8.034685254096984863e-02 3.491359949111938477e-02
