2.616429710388183594e+01 -2.226403045654296875e+01 -9.312875270843505859e-01 -9.828075766563415527e-02 1.950348913669586182e-01 7.394629120826721191e-01 6.367863416671752930e-01
2.616370773315429688e+01 -2.217281341552734375e+01 -9.335828423500061035e-01 -1.150439456105232239e-01 1.832592487335205078e-01 7.594122290611267090e-01 6.135743260383605957e-01
2.616244506835937500e+01 -2.208923530578613281e+01 -9.352775216102600098e-01 -1.317148804664611816e-01 1.714168787002563477e-01 7.774054408073425293e-01 5.906836390495300293e-01
2.616054534912109375e+01 -2.201338768005371094e+01 -9.366289377212524414e-01 -1.481145918369293213e-01 1.596852838993072510e-01 7.933976054191589355e-01 5.684017539024353027e-01
2.615812873840332031e+01 -2.194534873962402344e+01 -9.377068281173706055e-01 -1.640755981206893921e-01 1.482434421777725220e-01 8.073757886886596680e-01 5.470315217971801758e-01
2.615535163879394531e+01 -2.188516807556152344e+01 -9.385383725166320801e-01 -1.794417649507522583e-01 1.372693628072738647e-01 8.193557262420654297e-01 5.268853306770324707e-01
2.615234565734863281e+01 -2.183289527893066406e+01 -9.391518831253051758e-01 -1.940705627202987671e-01 1.269402205944061279e-01 8.293762803077697754e-01 5.082818865776062012e-01
2.614926719665527344e+01 -2.178856086730957031e+01 -9.395667910575866699e-01 -2.078240066766738892e-01 1.174262464046478271e-01 8.374947905540466309e-01 4.915423393249511719e-01
2.614626884460449219e+01 -2.175219535827636719e+01 -9.397947788238525391e-01 -2.205972820520401001e-01 1.089066565036773682e-01 8.437736630439758301e-01 4.769821465015411377e-01
2.614349365234375000e+01 -2.172378730773925781e+01 -9.398432374000549316e-01 -2.322058379650115967e-01 1.015075296163558960e-01 8.482973575592041016e-01 4.649264812469482422e-01
2.614107513427734375e+01 -2.170341682434082031e+01 -9.397104382514953613e-01 -2.427954375743865967e-01 9.553115069866180420e-02 8.510637283325195312e-01 4.556334018707275391e-01
2.613916587829589844e+01 -2.169101715087890625e+01 -9.393287897109985352e-01 -2.468530982732772827e-01 8.807579427957534790e-02 8.535133004188537598e-01 4.503414630889892578e-01
2.613772010803222656e+01 -2.168676757812500000e+01 -9.386897683143615723e-01 -2.498854398727416992e-01 8.211389183998107910e-02 8.544831275939941406e-01 4.479488432407379150e-01
2.613670730590820312e+01 -2.168216896057128906e+01 -9.383203387260437012e-01 -2.523157894611358643e-01 7.769200950860977173e-02 8.541026115417480469e-01 4.480999112129211426e-01
2.613607597351074219e+01 -2.167673110961914062e+01 -9.382233023643493652e-01 -2.541520595550537109e-01 7.464531809091567993e-02 8.525698781013488770e-01 4.504914283752441406e-01
2.613577842712402344e+01 -2.167054367065429688e+01 -9.383790493011474609e-01 -2.554751932621002197e-01 7.286865264177322388e-02 8.500396609306335449e-01 4.547934830188751221e-01
2.613577079772949219e+01 -2.166346549987792969e+01 -9.387726187705993652e-01 -2.563170790672302246e-01 7.224494218826293945e-02 8.466643691062927246e-01 4.606757462024688721e-01
2.613598251342773438e+01 -2.165547943115234375e+01 -9.393964409828186035e-01 -2.567005157470703125e-01 7.266470044851303101e-02 8.425918221473693848e-01 4.678063094615936279e-01
2.613635253906250000e+01 -2.164650726318359375e+01 -9.402404427528381348e-01 -2.566359043121337891e-01 7.401979714632034302e-02 8.379729390144348145e-01 4.758556783199310303e-01
2.613682937622070312e+01 -2.163649559020996094e+01 -9.413008689880371094e-01 -2.561275362968444824e-01 7.620421797037124634e-02 8.329638838768005371e-01 4.844993650913238525e-01
2.613735580444335938e+01 -2.162538337707519531e+01 -9.425731301307678223e-01 -2.551787793636322021e-01 7.911214977502822876e-02 8.277302980422973633e-01 4.934197068214416504e-01
2.613789367675781250e+01 -2.161310195922851562e+01 -9.440494179725646973e-01 -2.537955939769744873e-01 8.263926953077316284e-02 8.224466443061828613e-01 5.023087263107299805e-01
2.613838577270507812e+01 -2.159958839416503906e+01 -9.457274079322814941e-01 -2.519907951354980469e-01 8.668022602796554565e-02 8.172972798347473145e-01 5.108670592308044434e-01
2.613880157470703125e+01 -2.158475875854492188e+01 -9.476018548011779785e-01 -2.497866600751876831e-01 9.113002568483352661e-02 8.124744296073913574e-01 5.188054442405700684e-01
2.613913536071777344e+01 -2.156854629516601562e+01 -9.495953917503356934e-01 -2.472182661294937134e-01 9.588409960269927979e-02 8.081764578819274902e-01 5.258435010910034180e-01
2.613933563232421875e+01 -2.155087280273437500e+01 -9.517592191696166992e-01 -2.443351596593856812e-01 1.008373573422431946e-01 8.046046495437622070e-01 5.317084789276123047e-01
2.613938331604003906e+01 -2.153166007995605469e+01 -9.540794491767883301e-01 -2.412056028842926025e-01 1.058856323361396790e-01 8.019592165946960449e-01 5.361336469650268555e-01
2.613925361633300781e+01 -2.151082420349121094e+01 -9.565454125404357910e-01 -2.379086762666702271e-01 1.109192818403244019e-01 8.004369139671325684e-01 5.388566851615905762e-01
2.613892745971679688e+01 -2.148829078674316406e+01 -9.591347575187683105e-01 -2.345679253339767456e-01 1.158420443534851074e-01 8.002174496650695801e-01 5.396106243133544922e-01
2.613837814331054688e+01 -2.146397972106933594e+01 -9.618212580680847168e-01 -2.312303632497787476e-01 1.204884499311447144e-01 8.014884591102600098e-01 5.381454825401306152e-01
2.613757324218750000e+01 -2.143781852722167969e+01 -9.645820260047912598e-01 -2.283163070678710938e-01 1.249200776219367981e-01 8.043244481086730957e-01 5.341334939002990723e-01
2.613649177551269531e+01 -2.140978622436523438e+01 -9.673434495925903320e-01 -2.197893410921096802e-01 1.249002888798713684e-01 8.103654384613037109e-01 5.285553932189941406e-01
2.613508033752441406e+01 -2.137979888916015625e+01 -9.701277017593383789e-01 -2.106178253889083862e-01 1.238917410373687744e-01 8.181638717651367188e-01 5.204511880874633789e-01
2.613333511352539062e+01 -2.134797668457031250e+01 -9.728960394859313965e-01 -2.011679559946060181e-01 1.221821755170822144e-01 8.273470997810363770e-01 5.099714994430541992e-01
2.613126945495605469e+01 -2.131434249877929688e+01 -9.756121039390563965e-01 -1.914408504962921143e-01 1.198079288005828857e-01 8.376262784004211426e-01 4.973435699939727783e-01
2.612888526916503906e+01 -2.127912712097167969e+01 -9.782371520996093750e-01 -1.815387159585952759e-01 1.168734654784202576e-01 8.486926555633544922e-01 4.827810525894165039e-01
2.612619018554687500e+01 -2.124210166931152344e+01 -9.807555675506591797e-01 -1.715419739484786987e-01 1.134684756398200989e-01 8.602536320686340332e-01 4.665137827396392822e-01
2.612320899963378906e+01 -2.121126556396484375e+01 -9.826533794403076172e-01 -1.615432798862457275e-01 1.096903458237648010e-01 8.720310330390930176e-01 4.487837553024291992e-01
2.611996841430664062e+01 -2.118708610534667969e+01 -9.838877916336059570e-01 -1.516391932964324951e-01 1.056387796998023987e-01 8.837696313858032227e-01 4.298493564128875732e-01
2.611652374267578125e+01 -2.116955757141113281e+01 -9.844552874565124512e-01 -1.419329792261123657e-01 1.014177426695823669e-01 8.952395915985107422e-01 4.099857807159423828e-01
2.611294174194335938e+01 -2.115872573852539062e+01 -9.843521118164062500e-01 -1.325340718030929565e-01 9.713488817214965820e-02 9.062412977218627930e-01 3.894853591918945312e-01
2.610930252075195312e+01 -2.115489196777343750e+01 -9.835690259933471680e-01 -1.235573217272758484e-01 9.290088713169097900e-02 9.166080951690673828e-01 3.686535358428955078e-01
2.610571289062500000e+01 -2.115210533142089844e+01 -9.824917912483215332e-01 -1.151218265295028687e-01 8.882955461740493774e-02 9.262052178382873535e-01 3.478117287158966064e-01
2.610227203369140625e+01 -2.115013504028320312e+01 -9.811574220657348633e-01 -1.073513329029083252e-01 8.503717929124832153e-02 9.349318146705627441e-01 3.272921144962310791e-01
2.609908866882324219e+01 -2.114913368225097656e+01 -9.795883893966674805e-01 -1.003722921013832092e-01 8.164171129465103149e-02 9.427176713943481445e-01 3.074356913566589355e-01
2.609628295898437500e+01 -2.114907836914062500e+01 -9.778172373771667480e-01 -9.431381523609161377e-02 7.876242697238922119e-02 9.495216608047485352e-01 2.885886728763580322e-01
2.609398269653320312e+01 -2.115004730224609375e+01 -9.758756756782531738e-01 -8.930693566799163818e-02 7.651948928833007812e-02 9.553256630897521973e-01 2.710999250411987305e-01
2.609230613708496094e+01 -2.115197181701660156e+01 -9.738032221794128418e-01 -8.548323810100555420e-02 7.503356039524078369e-02 9.601291418075561523e-01 2.553192973136901855e-01
2.609138488769531250e+01 -2.115504455566406250e+01 -9.716271162033081055e-01 -8.297485858201980591e-02 7.442541420459747314e-02 9.639406204223632812e-01 2.415939867496490479e-01
2.609134483337402344e+01 -2.115499687194824219e+01 -9.696437716484069824e-01 -8.191382139921188354e-02 7.481591403484344482e-02 9.667690992355346680e-01 2.302668094635009766e-01
2.609230232238769531e+01 -2.115164756774902344e+01 -9.678909778594970703e-01 -8.243172615766525269e-02 7.632608711719512939e-02 9.686135649681091309e-01 2.216745913028717041e-01
