0.000000000000000000e+00 0.000000000000000000e+00 0.000000000000000000e+00 0.000000000000000000e+00 0.000000000000000000e+00 0.000000000000000000e+00 1.000000000000000000e+00
8.327453583478927612e-02 -9.096066467463970184e-03 3.617136925458908081e-02 -2.617479840065415134e-02 6.991786712818804685e-03 2.599727231700601701e-02 9.992948197000337540e-01
1.589339905402249176e-01 -1.765035024198231481e-02 7.037012764937228271e-02 -5.163687186781543148e-02 1.459312836245795462e-02 5.092146664087238844e-02 9.972600855862255864e-01
2.277122674834191340e-01 -2.340556600223922534e-02 1.012600386734778257e-01 -7.642843785012802538e-02 2.227786462929444433e-02 7.308260068821324784e-02 9.941435128350408768e-01
2.891038583917415750e-01 -2.804968739507280456e-02 1.293820632857839159e-01 -1.004059603124050071e-01 3.014453666916236743e-02 9.431101985985812508e-02 9.900077684421162427e-01
3.430650048343703018e-01 -3.132658923476156626e-02 1.547377609559919542e-01 -1.231698347263035093e-01 3.754134411147894146e-02 1.130919371051214567e-01 9.852055892338461573e-01
3.896607230391308518e-01 -3.452821613880570351e-02 1.768943288120491397e-01 -1.441111999616865869e-01 4.430951252806229756e-02 1.296257923437357240e-01 9.800335622336547869e-01
4.288781168862336179e-01 -3.627412185760604812e-02 1.959961905275841021e-01 -1.632644259027486167e-01 5.076074706578977136e-02 1.436615465731568286e-01 9.747458303722963402e-01
4.603615787047375951e-01 -3.729900419349314183e-02 2.125811674955418729e-01 -1.806743028998755718e-01 5.721649277724304844e-02 1.553714149181970594e-01 9.695064685974164043e-01
4.844658629113312576e-01 -3.776031290605519342e-02 2.260023553190193268e-01 -1.961232441561860940e-01 6.333355294811882086e-02 1.638823858152408663e-01 9.647108881898894817e-01
5.011082944646148007e-01 -3.794730200045660917e-02 2.363418913432269453e-01 -2.093403291864670279e-01 6.941435914023029452e-02 1.698718012433387547e-01 9.604695958038423909e-01
5.111723877942851990e-01 -3.797606275402266862e-02 2.428256949008059107e-01 -2.185833778578494813e-01 6.831758758516069674e-02 1.736877442761759205e-01 9.578029973011412679e-01
5.153304645640180981e-01 -3.617614532851444464e-02 2.464211776141920773e-01 -2.249935923073846655e-01 6.696793174498617829e-02 1.749108532375608649e-01 9.561900297316040520e-01
5.199143451020132867e-01 -3.519576746445322174e-02 2.508236006962989428e-01 -2.298345800370307779e-01 6.600736702164157477e-02 1.733238438600797349e-01 9.553941272938820672e-01
5.255876441723383863e-01 -3.462884582061560163e-02 2.554202079517787216e-01 -2.328194552001197348e-01 6.520011369230332976e-02 1.699968204944721506e-01 9.553246189000890176e-01
5.321353194598554825e-01 -3.444186330700935161e-02 2.602892577332722168e-01 -2.334295514058754295e-01 6.472588897650097262e-02 1.648192901978565716e-01 9.561149540747326814e-01
5.391993329568472992e-01 -3.469290524936324838e-02 2.659638174970596070e-01 -2.335095318357638672e-01 6.447427767313287927e-02 1.583588936200849562e-01 9.572036496335524225e-01
5.470238156316191702e-01 -3.616515752103664771e-02 2.719230861484266959e-01 -2.316611981288778099e-01 6.431666133662414242e-02 1.508786400246956705e-01 9.588702166301241725e-01
5.557662829460821019e-01 -3.661382995690532632e-02 2.783235224260835472e-01 -2.292850330105920820e-01 6.451689238788038683e-02 1.424492501546859857e-01 9.607154393285818328e-01
5.645699467970215490e-01 -3.797778100861498585e-02 2.859895611434328799e-01 -2.259309461204519476e-01 6.438575991670743293e-02 1.333406505687578236e-01 9.628239467373909122e-01
5.739558617078360792e-01 -4.000304018916907983e-02 2.942782496753860721e-01 -2.218338055531163533e-01 6.435403471598702407e-02 1.238134480030806533e-01 9.650484708154218882e-01
5.845570595269270475e-01 -4.163253993444942375e-02 3.027267225830943542e-01 -2.172367257035256183e-01 6.452423128717743595e-02 1.146309275226080060e-01 9.672148567085373516e-01
5.964764719983798313e-01 -4.406237148288632416e-02 3.109097480735901198e-01 -2.111964160603572727e-01 6.453828420476831473e-02 1.057436500826866854e-01 9.695613256428678994e-01
6.095000288202357952e-01 -4.544542413512921847e-02 3.196278422216902171e-01 -2.049939792113651404e-01 6.474716525947218915e-02 9.761804496517786922e-02 9.717283521515308609e-01
6.234913099817649407e-01 -4.760898255821548880e-02 3.288434770186640654e-01 -1.983831129154614015e-01 6.491652299983334540e-02 9.057770431907853637e-02 9.737687944434596510e-01
6.385206049476328527e-01 -5.031079510800080812e-02 3.385767303261991712e-01 -1.915836558762410713e-01 6.519626434473506371e-02 8.493732406580035976e-02 9.756181634723323226e-01
6.551359095572887314e-01 -5.220996182214912573e-02 3.484082917631703413e-01 -1.850668764310847147e-01 6.565373280764583153e-02 8.116382421577157669e-02 9.771654272717262835e-01
6.731086331827110802e-01 -5.451359777338068979e-02 3.585862163929054991e-01 -1.787560330267917996e-01 6.606518206664112325e-02 7.941194845461418961e-02 9.784556274137666820e-01
6.924315024672899055e-01 -5.665286515538178747e-02 3.694003541351851827e-01 -1.729235897278857681e-01 6.670982313088559545e-02 7.971980779204011769e-02 9.794345224970723018e-01
7.131368069366410545e-01 -5.890944545872980886e-02 3.809161533880435768e-01 -1.676848250163720244e-01 6.770182062949854640e-02 8.316982907629497102e-02 9.799903277451771366e-01
7.353081958807756724e-01 -6.085655521904628773e-02 3.932171942203796511e-01 -1.638060296567645790e-01 6.901601006691619744e-02 8.923259678043607424e-02 9.800213868453844235e-01
7.585749724269860161e-01 -6.300094338602120481e-02 4.069418545562997203e-01 -1.599469511968349689e-01 6.323152509382191921e-02 9.904728196844614363e-02 9.801063120763020553e-01
7.831305336724624366e-01 -6.497327166250700670e-02 4.219498770720782610e-01 -1.572109854893670999e-01 5.681491758783414198e-02 1.116763870499082600e-01 9.795841749213941574e-01
8.095451604771205512e-01 -6.630782214551413090e-02 4.371555598609909721e-01 -1.557524030937728898e-01 4.990513641459911470e-02 1.267055077385285666e-01 9.783641349715742619e-01
8.378613516515465154e-01 -6.695619739507445434e-02 4.523816185789408251e-01 -1.546182578916223405e-01 4.285086029234094762e-02 1.446328047159388119e-01 9.763904699958756428e-01
8.672526020975548366e-01 -6.724921123785654320e-02 4.686644976010291841e-01 -1.542196540634634405e-01 3.597653357674913260e-02 1.646185259135470036e-01 9.735618769541037887e-01
8.981503594213801067e-01 -6.896894568528834368e-02 4.856263992485485570e-01 -1.541191352138561177e-01 2.881600257968162937e-02 1.859863802339319638e-01 9.699618531281217759e-01
9.236137431676803011e-01 -6.976609617969471711e-02 5.000830946121910259e-01 -1.544346824707931165e-01 2.130697752017928631e-02 2.087088811267161503e-01 9.654721873249038078e-01
9.432918523112309162e-01 -6.877757973894246812e-02 5.119830389180693997e-01 -1.561057687689971496e-01 1.395185086991644445e-02 2.322979315774039710e-01 9.599343757774296826e-01
9.585972995693905485e-01 -6.787336988787319447e-02 5.196052688358857585e-01 -1.575948601148693118e-01 7.007638494852501919e-03 2.563443440085121372e-01 9.536258859547311895e-01
9.675119936397923448e-01 -6.456594931405129634e-02 5.271305179667299390e-01 -1.598133832269222898e-01 1.238860172761447991e-03 2.802407192889324605e-01 9.465322429898829215e-01
9.719298924802644013e-01 -5.777199852293527643e-02 5.323473075105504826e-01 -1.614589189010825487e-01 -4.793269943549545095e-03 3.026016045828904266e-01 9.393297136652294377e-01
9.772879480717765466e-01 -5.319756683783858492e-02 5.392776852741414384e-01 -1.627337238397665309e-01 -1.058235032316051476e-02 3.261752383817243528e-01 9.311366510096709126e-01
9.819346260340935384e-01 -4.698940306929283439e-02 5.460012603470472126e-01 -1.643988021784995590e-01 -1.491564123345165589e-02 3.484770265826327429e-01 9.226669601936532406e-01
9.858871789218168757e-01 -3.865523412779535428e-02 5.516147341064834286e-01 -1.653191148269914368e-01 -1.875979334201601303e-02 3.691864741911434766e-01 9.143407503228198063e-01
9.908413092002970046e-01 -3.052810979538346861e-02 5.579848407227585572e-01 -1.667174668670654836e-01 -2.180037039341401611e-02 3.886288570695959899e-01 9.059236400188033222e-01
9.936736415997816652e-01 -1.998256125630799504e-02 5.635595100576038519e-01 -1.675401079985734121e-01 -2.410388158278837026e-02 4.059564197399677110e-01 8.980805645243506996e-01
9.967747136517792761e-01 -8.108575308928040945e-03 5.682832823260852706e-01 -1.683637771054112275e-01 -2.531538483219870211e-02 4.216845837976771483e-01 8.906148896335480680e-01
9.989781070249904582e-01 4.522558651281914990e-03 5.744690396104881192e-01 -1.691995789994816812e-01 -2.519442206355497829e-02 4.346805302292901518e-01 8.841886564545288207e-01
1.004264024802521416e+00 1.595407670247627613e-02 5.800741446232482446e-01 -1.698549778692824141e-01 -2.398295715243087267e-02 4.440576717635641435e-01 8.794241800218896010e-01
1.014875054380650399e+00 1.883502162956058462e-02 5.890065906639517790e-01 -1.707103358349666145e-01 -2.124331548708317807e-02 4.515433259523579101e-01 8.755086107938127027e-01
