2.616429710388183594e+01 -2.226403045654296875e+01 -9.312875270843505859e-01 -9.828075766563415527e-02 1.950348913669586182e-01 7.394629120826721191e-01 6.367863416671752930e-01
2.616371917724609375e+01 -2.217281150817871094e+01 -9.335733652114868164e-01 -1.150443255901336670e-01 1.832592189311981201e-01 7.594124078750610352e-01 6.135740876197814941e-01
2.616261482238769531e+01 -2.208922386169433594e+01 -9.349939823150634766e-01 -1.317156255245208740e-01 1.714168041944503784e-01 7.774057984352111816e-01 5.906829833984375000e-01
2.616101455688476562e+01 -2.201335144042968750e+01 -9.358156323432922363e-01 -1.481156200170516968e-01 1.596852093935012817e-01 7.933979630470275879e-01 5.684009194374084473e-01
2.615903091430664062e+01 -2.194527626037597656e+01 -9.361175298690795898e-01 -1.640769243240356445e-01 1.482434272766113281e-01 8.073759675025939941e-01 5.470307469367980957e-01
2.615681648254394531e+01 -2.188504791259765625e+01 -9.359375238418579102e-01 -1.794433444738388062e-01 1.372694224119186401e-01 8.193558454513549805e-01 5.268845558166503906e-01
2.615449333190917969e+01 -2.183271980285644531e+01 -9.353129267692565918e-01 -1.940722465515136719e-01 1.269402951002120972e-01 8.293763399124145508e-01 5.082809925079345703e-01
2.615221786499023438e+01 -2.178831291198730469e+01 -9.342718720436096191e-01 -2.078257948160171509e-01 1.174262985587120056e-01 8.374949693679809570e-01 4.915412962436676025e-01
2.615012931823730469e+01 -2.175186729431152344e+01 -9.328321218490600586e-01 -2.205991446971893311e-01 1.089066788554191589e-01 8.437739610671997070e-01 4.769808948040008545e-01
2.614836311340332031e+01 -2.172336769104003906e+01 -9.310100674629211426e-01 -2.322078198194503784e-01 1.015075147151947021e-01 8.482976555824279785e-01 4.649249613285064697e-01
2.614704322814941406e+01 -2.170289611816406250e+01 -9.288131594657897949e-01 -2.427974939346313477e-01 9.553112089633941650e-02 8.510640263557434082e-01 4.556317031383514404e-01
2.614631843566894531e+01 -2.169037818908691406e+01 -9.261817932128906250e-01 -2.468551546335220337e-01 8.807575702667236328e-02 8.535136580467224121e-01 4.503397047519683838e-01
2.614613151550292969e+01 -2.168601036071777344e+01 -9.231133460998535156e-01 -2.498874217271804810e-01 8.211382478475570679e-02 8.544836044311523438e-01 4.479470551013946533e-01
2.614645195007324219e+01 -2.168127441406250000e+01 -9.201420545578002930e-01 -2.523176670074462891e-01 7.769186049699783325e-02 8.541030287742614746e-01 4.480979144573211670e-01
2.614721679687500000e+01 -2.167569351196289062e+01 -9.172800183296203613e-01 -2.541538774967193604e-01 7.464510947465896606e-02 8.525704741477966309e-01 4.504893720149993896e-01
2.614837455749511719e+01 -2.166935348510742188e+01 -9.145097136497497559e-01 -2.554768323898315430e-01 7.286835461854934692e-02 8.500403761863708496e-01 4.547912180423736572e-01
2.614987182617187500e+01 -2.166211318969726562e+01 -9.118252396583557129e-01 -2.563186883926391602e-01 7.224458456039428711e-02 8.466652631759643555e-01 4.606734812259674072e-01
2.615162849426269531e+01 -2.165395736694335938e+01 -9.092282056808471680e-01 -2.567020356655120850e-01 7.266429811716079712e-02 8.425927162170410156e-01 4.678040146827697754e-01
2.615358924865722656e+01 -2.164480590820312500e+01 -9.067125320434570312e-01 -2.566373050212860107e-01 7.401935011148452759e-02 8.379738330841064453e-01 4.758533537387847900e-01
2.615568351745605469e+01 -2.163460731506347656e+01 -9.042801260948181152e-01 -2.561288774013519287e-01 7.620372623205184937e-02 8.329648375511169434e-01 4.844970703125000000e-01
2.615785789489746094e+01 -2.162329673767089844e+01 -9.019350409507751465e-01 -2.551800608634948730e-01 7.911164313554763794e-02 8.277313113212585449e-01 4.934174716472625732e-01
2.616006469726562500e+01 -2.161080741882324219e+01 -8.996724486351013184e-01 -2.537967264652252197e-01 8.263873308897018433e-02 8.224476575851440430e-01 5.023065209388732910e-01
2.616224479675292969e+01 -2.159708023071289062e+01 -8.974980115890502930e-01 -2.519918084144592285e-01 8.667968213558197021e-02 8.172983527183532715e-01 5.108649134635925293e-01
2.616436195373535156e+01 -2.158202552795410156e+01 -8.954139947891235352e-01 -2.497875988483428955e-01 9.112948179244995117e-02 8.124756217002868652e-01 5.188033580780029297e-01
2.616640472412109375e+01 -2.156558036804199219e+01 -8.933464884757995605e-01 -2.472191452980041504e-01 9.588355571031570435e-02 8.081775903701782227e-01 5.258414745330810547e-01
2.616832542419433594e+01 -2.154765510559082031e+01 -8.913503289222717285e-01 -2.443359941244125366e-01 1.008368134498596191e-01 8.046058416366577148e-01 5.317065119743347168e-01
2.617008972167968750e+01 -2.152818870544433594e+01 -8.894236087799072266e-01 -2.412064224481582642e-01 1.058850809931755066e-01 8.019604086875915527e-01 5.361315608024597168e-01
2.617168045043945312e+01 -2.150708580017089844e+01 -8.875569701194763184e-01 -2.379095107316970825e-01 1.109187453985214233e-01 8.004381656646728516e-01 5.388545989990234375e-01
2.617306900024414062e+01 -2.148427391052246094e+01 -8.857342004776000977e-01 -2.345687448978424072e-01 1.158415079116821289e-01 8.002187013626098633e-01 5.396085977554321289e-01
2.617423439025878906e+01 -2.145967674255371094e+01 -8.839378356933593750e-01 -2.312311828136444092e-01 1.204878911375999451e-01 8.014897704124450684e-01 5.381433963775634766e-01
2.617513275146484375e+01 -2.143321418762207031e+01 -8.821452260017395020e-01 -2.283170819282531738e-01 1.249195113778114319e-01 8.043256998062133789e-01 5.341314077377319336e-01
2.617574119567871094e+01 -2.140487480163574219e+01 -8.802935481071472168e-01 -2.197901010513305664e-01 1.248997598886489868e-01 8.103666305541992188e-01 5.285532474517822266e-01
2.617601013183593750e+01 -2.137457275390625000e+01 -8.784035444259643555e-01 -2.106186598539352417e-01 1.238912865519523621e-01 8.181650638580322266e-01 5.204492211341857910e-01
2.617593765258789062e+01 -2.134242248535156250e+01 -8.764438629150390625e-01 -2.011688947677612305e-01 1.221818104386329651e-01 8.273482322692871094e-01 5.099695920944213867e-01
2.617553138732910156e+01 -2.130845451354980469e+01 -8.743863701820373535e-01 -1.914419829845428467e-01 1.198076307773590088e-01 8.376272320747375488e-01 4.973416924476623535e-01
2.617479133605957031e+01 -2.127290344238281250e+01 -8.721923232078552246e-01 -1.815401166677474976e-01 1.168732643127441406e-01 8.486934900283813477e-01 4.827792346477508545e-01
2.617373657226562500e+01 -2.123552703857421875e+01 -8.698586225509643555e-01 -1.715436130762100220e-01 1.134683713316917419e-01 8.602542281150817871e-01 4.665119349956512451e-01
2.617238235473632812e+01 -2.120433425903320312e+01 -8.668732047080993652e-01 -1.615450382232666016e-01 1.096903458237648010e-01 8.720316886901855469e-01 4.487819969654083252e-01
2.617075920104980469e+01 -2.117979049682617188e+01 -8.631994128227233887e-01 -1.516409218311309814e-01 1.056388691067695618e-01 8.837702274322509766e-01 4.298476874828338623e-01
2.616892814636230469e+01 -2.116189002990722656e+01 -8.588358163833618164e-01 -1.419347524642944336e-01 1.014178171753883362e-01 8.952403068542480469e-01 4.099836647510528564e-01
2.616694831848144531e+01 -2.115068054199218750e+01 -8.537827730178833008e-01 -1.325358748435974121e-01 9.713491052389144897e-02 9.062422513961791992e-01 3.894825875759124756e-01
2.616489982604980469e+01 -2.114646911621093750e+01 -8.480339050292968750e-01 -1.235589832067489624e-01 9.290093183517456055e-02 9.166089296340942383e-01 3.686507046222686768e-01
2.616288948059082031e+01 -2.114330673217773438e+01 -8.419753313064575195e-01 -1.151234358549118042e-01 8.882967382669448853e-02 9.262060523033142090e-01 3.478089869022369385e-01
2.616101646423339844e+01 -2.114096260070800781e+01 -8.356484770774841309e-01 -1.073528379201889038e-01 8.503735065460205078e-02 9.349325895309448242e-01 3.272894918918609619e-01
2.615939712524414062e+01 -2.113958168029785156e+01 -8.290747404098510742e-01 -1.003738120198249817e-01 8.164192736148834229e-02 9.427183866500854492e-01 3.074329793453216553e-01
2.615814781188964844e+01 -2.113914680480957031e+01 -8.222901225090026855e-01 -9.431545436382293701e-02 7.876275479793548584e-02 9.495223164558410645e-01 2.885859310626983643e-01
2.615739631652832031e+01 -2.113973617553710938e+01 -8.153278231620788574e-01 -8.930870890617370605e-02 7.651992887258529663e-02 9.553263187408447266e-01 2.710971832275390625e-01
2.615726470947265625e+01 -2.114128303527832031e+01 -8.082323670387268066e-01 -8.548507839441299438e-02 7.503407448530197144e-02 9.601296186447143555e-01 2.553165853023529053e-01
2.615788459777832031e+01 -2.114398002624511719e+01 -8.010295629501342773e-01 -8.297681808471679688e-02 7.442603260278701782e-02 9.639410376548767090e-01 2.415913790464401245e-01
2.615937805175781250e+01 -2.114356231689453125e+01 -7.940170168876647949e-01 -8.191586285829544067e-02 7.481662929058074951e-02 9.667693972587585449e-01 2.302644252777099609e-01
2.616187667846679688e+01 -2.113983345031738281e+01 -7.872383594512939453e-01 -8.243376761674880981e-02 7.632686197757720947e-02 9.686137437820434570e-01 2.216723412275314331e-01
