8.639275282621383667e-02 2.641066443175077438e-03 2.924158982932567596e-02 -2.553079463541507721e-02 5.543410778045654297e-03 2.375634759664535522e-02 9.993763566017150879e-01
7.712040841579437256e-02 -6.833530962467193604e-03 3.119020909070968628e-02 -2.671778947114944458e-02 6.970513146370649338e-03 2.517672069370746613e-02 9.993016123771667480e-01
6.849694252014160156e-02 -9.145195595920085907e-03 3.069681301712989807e-02 -2.655105851590633392e-02 7.905924692749977112e-03 2.275105006992816925e-02 9.993572831153869629e-01
5.957179516553878784e-02 -1.464771479368209839e-02 2.860051393508911133e-02 -2.623004466295242310e-02 8.906780742108821869e-03 2.373912930488586426e-02 9.993343353271484375e-01
5.146018415689468384e-02 -1.586024090647697449e-02 2.580227516591548920e-02 -2.409949526190757751e-02 8.187683299183845520e-03 2.068182267248630524e-02 9.994620680809020996e-01
4.341292008757591248e-02 -1.751847751438617706e-02 2.192592620849609375e-02 -2.156327292323112488e-02 7.289034314453601837e-03 1.806012913584709167e-02 9.995777606964111328e-01
3.606820106506347656e-02 -1.615210808813571930e-02 1.855068281292915344e-02 -1.916783116757869720e-02 6.964032072573900223e-03 1.492759119719266891e-02 9.996805787086486816e-01
2.882066741585731506e-02 -1.371615193784236908e-02 1.576567441225051880e-02 -1.733532547950744629e-02 7.046024315059185028e-03 1.198735553771257401e-02 9.997530579566955566e-01
2.259211242198944092e-02 -1.080329716205596924e-02 1.158631406724452972e-02 -1.471660099923610687e-02 6.663303356617689133e-03 8.428252302110195160e-03 9.998340010643005371e-01
1.549166347831487656e-02 -8.355638012290000916e-03 8.608322590589523315e-03 -1.234551798552274704e-02 6.626588758081197739e-03 6.242310628294944763e-03 9.998823404312133789e-01
9.494382888078689575e-03 -5.873410962522029877e-03 4.322763066738843918e-03 -9.267103858292102814e-03 -5.734980804845690727e-04 2.969469176605343819e-03 9.999524950981140137e-01
5.010264459997415543e-03 -2.462342672515660524e-04 2.879829611629247665e-03 -6.172250490635633469e-03 -1.746389025356620550e-04 2.712139394134283066e-04 9.999809265136718750e-01
5.583629012107849121e-03 -1.889073755592107773e-04 3.184625180438160896e-03 -3.672280814498662949e-03 3.263080143369734287e-04 -2.688645850867033005e-03 9.999895691871643066e-01
6.362087558954954147e-03 -8.764508529566228390e-04 3.520255908370018005e-03 -1.696536084637045860e-03 4.228777834214270115e-04 -4.211501684039831161e-03 9.999896287918090820e-01
7.013508118689060211e-03 -9.947767248377203941e-04 4.054107237607240677e-03 5.101415445096790791e-04 5.556871183216571808e-04 -6.194646004587411880e-03 9.999805092811584473e-01
7.726334035396575928e-03 -2.734115347266197205e-03 3.871989203616976738e-03 1.334772678092122078e-03 8.591923979111015797e-04 -7.237410172820091248e-03 9.999725222587585449e-01
8.069210685789585114e-03 -4.927069414407014847e-03 3.084601368755102158e-03 3.196053905412554741e-03 8.930266485549509525e-04 -7.854528725147247314e-03 9.999636411666870117e-01
8.895226754248142242e-03 -3.880222793668508530e-03 4.839055705815553665e-03 3.675376065075397491e-03 1.546030980534851551e-03 -8.584774099290370941e-03 9.999551773071289062e-01
8.760050870478153229e-03 -5.890415050089359283e-03 5.166966933757066727e-03 4.537282511591911316e-03 1.354573643766343594e-03 -8.753382600843906403e-03 9.999504685401916504e-01
9.209692478179931641e-03 -7.326824590563774109e-03 4.732719156891107559e-03 4.971463233232498169e-03 1.192311523482203484e-03 -8.911160752177238464e-03 9.999472498893737793e-01
1.054878905415534973e-02 -6.787214893847703934e-03 5.392043385654687881e-03 5.517427343875169754e-03 1.219646190293133259e-03 -8.474675938487052917e-03 9.999481439590454102e-01
1.192036550492048264e-02 -7.375563029199838638e-03 4.294687416404485703e-03 6.947173736989498138e-03 5.399798392318189144e-04 -8.084109053015708923e-03 9.999430179595947266e-01
1.322430558502674103e-02 -5.719256121665239334e-03 6.319722160696983337e-03 7.208066526800394058e-03 8.818190544843673706e-04 -7.295536808669567108e-03 9.999470114707946777e-01
1.388910040259361267e-02 -7.943580858409404755e-03 5.418234970420598984e-03 7.642547599971294403e-03 4.315745900385081768e-04 -6.155855022370815277e-03 9.999517798423767090e-01
1.455886941403150558e-02 -8.872842416167259216e-03 6.101454608142375946e-03 7.400698959827423096e-03 3.806301392614841461e-04 -4.629346542060375214e-03 9.999618530273437500e-01
1.690455339848995209e-02 -5.894525907933712006e-03 7.471633609384298325e-03 7.260376587510108948e-03 3.695356717798858881e-04 -3.120658453553915024e-03 9.999687075614929199e-01
1.777371577918529510e-02 -8.376420475542545319e-03 6.770983804017305374e-03 6.808671634644269943e-03 -3.847451007459312677e-04 -9.092062246054410934e-04 9.999763369560241699e-01
1.925813406705856323e-02 -7.738804444670677185e-03 8.008152246475219727e-03 5.984458141028881073e-03 5.858024815097451210e-05 1.042934251017868519e-03 9.999815225601196289e-01
2.064380608499050140e-02 -8.540155366063117981e-03 8.204541169106960297e-03 5.203564651310443878e-03 -1.034981396514922380e-04 4.311611875891685486e-03 9.999771714210510254e-01
2.147504687309265137e-02 -8.518090471625328064e-03 1.062741223722696304e-02 3.139426931738853455e-03 6.345906876958906651e-04 7.239215541630983353e-03 9.999686479568481445e-01
2.235634624958038330e-02 -1.097803097218275070e-02 1.067633554339408875e-02 2.193500287830829620e-03 -7.167811505496501923e-03 9.785923175513744354e-03 9.999240040779113770e-01
2.320995740592479706e-02 -1.178382150828838348e-02 1.243164576590061188e-02 4.182944830972701311e-04 -7.669940590858459473e-03 1.242047268897294998e-02 9.998933672904968262e-01
2.562008053064346313e-02 -1.196279283612966537e-02 1.145553775131702423e-02 -1.226573251187801361e-03 -8.412619121372699738e-03 1.453552767634391785e-02 9.998582005500793457e-01
2.843168936669826508e-02 -1.043447107076644897e-02 1.080836076289415359e-02 -2.035441808402538300e-03 -9.607288055121898651e-03 1.761630363762378693e-02 9.997965693473815918e-01
2.932421490550041199e-02 -1.278027985244989395e-02 1.028680428862571716e-02 -2.863589441403746605e-03 -9.905032813549041748e-03 1.971512287855148315e-02 9.997524619102478027e-01
3.003104589879512787e-02 -1.579885371029376984e-02 9.688534773886203766e-03 -3.063690848648548126e-03 -1.031297165900468826e-02 2.123466134071350098e-02 9.997166395187377930e-01
2.455412782728672028e-02 -1.401941291987895966e-02 7.652861066162586212e-03 -3.769923700019717216e-03 -1.062655076384544373e-02 2.250131033360958099e-02 9.996832013130187988e-01
1.910568214952945709e-02 -1.105958782136440277e-02 6.517065223306417465e-03 -5.340777803212404251e-03 -1.015936117619276047e-02 2.357975952327251434e-02 9.996560811996459961e-01
1.498250104486942291e-02 -8.096303790807723999e-03 1.774053322151303291e-03 -4.065748304128646851e-03 -1.072935201227664948e-02 2.297739125788211823e-02 9.996701478958129883e-01
1.096530072391033173e-02 -4.514607600867748260e-03 2.533906605094671249e-03 -4.154507070779800415e-03 -9.345357306301593781e-03 2.322218939661979675e-02 9.996780157089233398e-01
9.018367156386375427e-03 1.800338388420641422e-03 2.884148620069026947e-03 -4.131713882088661194e-03 -8.948077447712421417e-03 2.158022113144397736e-02 9.997185468673706055e-01
8.450507186353206635e-03 -4.469890613108873367e-03 2.504663774743676186e-03 -4.133095033466815948e-03 -8.856082335114479065e-03 2.410250529646873474e-02 9.996617436408996582e-01
9.093511849641799927e-03 -1.632043858990073204e-03 4.470332060009241104e-03 -3.913443069905042648e-03 -6.674402393400669098e-03 2.341381646692752838e-02 9.996958971023559570e-01
1.060025300830602646e-02 6.288069416768848896e-04 1.957386732101440430e-03 -3.203972475603222847e-03 -7.120675873011350632e-03 2.122775837779045105e-02 9.997441768646240234e-01
1.107769273221492767e-02 -2.196988556534051895e-03 1.905198325403034687e-03 -3.476003650575876236e-03 -6.259917281568050385e-03 2.155547775328159332e-02 9.997420310974121094e-01
1.198180019855499268e-02 2.495944965630769730e-03 7.171892211772501469e-04 -2.590008312836289406e-03 -5.382404197007417679e-03 1.840894855558872223e-02 9.998127222061157227e-01
1.302874088287353516e-02 2.729705302044749260e-04 1.760565093718469143e-03 -2.215177053585648537e-03 -3.823877545073628426e-03 1.764748804271221161e-02 9.998344779014587402e-01
1.179715525358915329e-02 5.889413412660360336e-03 -5.367122590541839600e-03 -1.657609711401164532e-03 -3.042130032554268837e-03 1.472281292080879211e-02 9.998856186866760254e-01
1.251338329166173935e-02 -5.661166273057460785e-03 -1.184972352348268032e-03 -1.010346226394176483e-03 -1.360814669169485569e-03 1.229568477720022202e-02 9.999229907989501953e-01
9.550606831908226013e-03 -1.035235915333032608e-02 1.515574986115098000e-03 2.661965481820516288e-05 1.247490523383021355e-03 9.223083034157752991e-03 9.999566674232482910e-01
1.632852703332901001e-01 -1.099540479481220245e-02 6.116935238242149353e-02 -4.520372673869132996e-02 1.142131816595792770e-02 3.905313834547996521e-02 9.981487989425659180e-01
1.443092375993728638e-01 -1.747828349471092224e-02 6.463047862052917480e-02 -4.349409043788909912e-02 1.576576940715312958e-02 3.457723557949066162e-02 9.983306527137756348e-01
1.265570372343063354e-01 -4.519414529204368591e-02 4.975846782326698303e-02 -4.447837546467781067e-02 1.351083442568778992e-02 4.307628422975540161e-02 9.979897737503051758e-01
1.108536496758460999e-01 -4.213154315948486328e-02 4.654219746589660645e-02 -4.522082954645156860e-02 1.384688634425401688e-02 4.111180454492568970e-02 9.980346560478210449e-01
9.570509195327758789e-02 -3.729949519038200378e-02 4.313088580965995789e-02 -4.226185008883476257e-02 1.464885845780372620e-02 3.759581223130226135e-02 9.982914924621582031e-01
8.071067929267883301e-02 -3.066351264715194702e-02 4.045965895056724548e-02 -3.937177360057830811e-02 1.443261373788118362e-02 3.152434155344963074e-02 9.986229538917541504e-01
6.751486659049987793e-02 -2.263091504573822021e-02 3.479015082120895386e-02 -3.481327742338180542e-02 1.535667851567268372e-02 2.560892514884471893e-02 9.989476203918457031e-01
5.460817739367485046e-02 -1.537209935486316681e-02 2.781019359827041626e-02 -2.949410304427146912e-02 1.482808589935302734e-02 1.738087832927703857e-02 9.993038177490234375e-01
4.066875576972961426e-02 -1.325261779129505157e-02 1.984689198434352875e-02 -2.511013299226760864e-02 1.257520914077758789e-02 1.217611227184534073e-02 9.995314478874206543e-01
2.649159729480743408e-02 -9.871599264442920685e-03 1.374968700110912323e-02 -2.073728106915950775e-02 6.324423942714929581e-03 7.949078455567359924e-03 9.997333288192749023e-01
1.431260909885168076e-02 -5.462218075990676880e-03 7.056930568069219589e-03 -1.590855047106742859e-02 -3.758352831937372684e-04 2.272590063512325287e-03 9.998707771301269531e-01
1.069763023406267166e-02 -9.267688146792352200e-04 5.795993842184543610e-03 -9.518127888441085815e-03 3.442208480919362046e-06 -3.886160440742969513e-03 9.999471306800842285e-01
1.158442534506320953e-02 -1.382867689244449139e-03 7.263026200234889984e-03 -5.927467253059148788e-03 7.961925002746284008e-04 -7.646967656910419464e-03 9.999528527259826660e-01
1.310075446963310242e-02 -3.168627619743347168e-03 7.611480075865983963e-03 -1.917860121466219425e-03 1.113706268370151520e-03 -1.104340516030788422e-02 9.999365806579589844e-01
1.485922466963529587e-02 -3.805229440331459045e-03 7.826321758329868317e-03 1.204175408929586411e-03 1.201577484607696533e-03 -1.389687880873680115e-02 9.999020099639892578e-01
1.595935784280300140e-02 -7.678535301238298416e-03 6.892111618071794510e-03 4.674490541219711304e-03 1.690413220785558224e-03 -1.602766476571559906e-02 9.998592138290405273e-01
1.705497689545154572e-02 -9.442075155675411224e-03 7.206866517663002014e-03 6.760681513696908951e-03 2.373029245063662529e-03 -1.702960394322872162e-02 9.998292922973632812e-01
1.743140630424022675e-02 -1.129759568721055984e-02 8.882075548171997070e-03 8.973966352641582489e-03 2.709043212234973907e-03 -1.784046553075313568e-02 9.997969269752502441e-01
1.869989559054374695e-02 -1.209088135510683060e-02 1.005110144615173340e-02 1.021999213844537735e-02 2.743936376646161079e-03 -1.874330081045627594e-02 9.997683167457580566e-01
2.091084979474544525e-02 -1.235926710069179535e-02 1.016568671911954880e-02 1.153562124818563461e-02 2.621515188366174698e-03 -1.893808692693710327e-02 9.997506737709045410e-01
2.195761725306510925e-02 -1.394968386739492416e-02 1.116159651428461075e-02 1.264461595565080643e-02 2.185935387387871742e-03 -1.757611520588397980e-02 9.997631907463073730e-01
2.455427497625350952e-02 -1.253229007124900818e-02 1.278195623308420181e-02 1.339589711278676987e-02 2.166838385164737701e-03 -1.607350632548332214e-02 9.997787475585937500e-01
2.693338878452777863e-02 -1.359589211642742157e-02 1.240025833249092102e-02 1.421080436557531357e-02 1.639462425373494625e-03 -1.381507981568574905e-02 9.998022317886352539e-01
2.912918291985988617e-02 -1.571007072925567627e-02 1.136954035609960556e-02 1.472230907529592514e-02 1.003265962935984135e-03 -1.091491896659135818e-02 9.998315572738647461e-01
3.231687098741531372e-02 -1.262214500457048416e-02 1.423383411020040512e-02 1.393106114119291306e-02 7.637069211341440678e-04 -8.239228278398513794e-03 9.998686909675598145e-01
3.530185669660568237e-02 -1.175401080399751663e-02 1.515424251556396484e-02 1.368974614888429642e-02 5.395823391154408455e-04 -4.541561007499694824e-03 9.998958110809326172e-01
3.724410757422447205e-02 -1.517911255359649658e-02 1.527686417102813721e-02 1.294315792620182037e-02 -4.186391597613692284e-04 -7.543191895820200443e-04 9.999158382415771484e-01
4.030459746718406677e-02 -1.366067770868539810e-02 1.756560802459716797e-02 1.108197122812271118e-02 9.944243356585502625e-04 4.286184906959533691e-03 9.999288916587829590e-01
4.277583584189414978e-02 -1.348678022623062134e-02 2.027935534715652466e-02 8.888840675354003906e-03 7.957693887874484062e-04 9.595941752195358276e-03 9.999141097068786621e-01
4.421497881412506104e-02 -1.850298233330249786e-02 2.147741615772247314e-02 5.754473619163036346e-03 -6.604308728128671646e-03 1.506858970969915390e-02 9.998480677604675293e-01
4.764189571142196655e-02 -2.182549424469470978e-02 1.957134157419204712e-02 3.039900679141283035e-03 -1.507331151515245438e-02 1.965039223432540894e-02 9.996886849403381348e-01
4.932185262441635132e-02 -2.637517638504505157e-02 1.985150575637817383e-02 2.734813606366515160e-04 -1.621155627071857452e-02 2.503978088498115540e-02 9.995549321174621582e-01
5.397120863199234009e-02 -2.565580047667026520e-02 1.884891651570796967e-02 -2.053075237199664116e-03 -1.813279464840888977e-02 3.006293065845966339e-02 9.993814229965209961e-01
5.693934485316276550e-02 -2.704963833093643188e-02 1.870921254158020020e-02 -2.981842029839754105e-03 -1.848603598773479462e-02 3.378713503479957581e-02 9.992536306381225586e-01
5.933424457907676697e-02 -3.003606200218200684e-02 1.796799153089523315e-02 -3.973490558564662933e-03 -1.936366967856884003e-02 3.633948042988777161e-02 9.991439580917358398e-01
5.446187779307365417e-02 -3.002293966710567474e-02 1.731927134096622467e-02 -5.579328630119562149e-03 -1.915010251104831696e-02 3.790282458066940308e-02 9.990823268890380859e-01
4.294100776314735413e-02 -2.605840191245079041e-02 1.440095156431198120e-02 -8.588673546910285950e-03 -1.968387328088283539e-02 4.194941744208335876e-02 9.988889098167419434e-01
3.349305316805839539e-02 -2.051434293389320374e-02 7.624966558068990707e-03 -7.832641713321208954e-03 -2.043861895799636841e-02 4.327050223946571350e-02 9.988235831260681152e-01
2.822208777070045471e-02 -5.138863343745470047e-03 3.427617484703660011e-03 -6.405192427337169647e-03 -2.046775817871093750e-02 3.600956499576568604e-02 9.991213083267211914e-01
1.984303072094917297e-02 -1.755116390995681286e-03 5.744097754359245300e-03 -7.832555100321769714e-03 -1.723334565758705139e-02 4.111405834555625916e-02 9.989750981330871582e-01
1.761664450168609619e-02 -1.682889880612492561e-03 8.163597434759140015e-03 -8.162967860698699951e-03 -1.568376272916793823e-02 4.491353407502174377e-02 9.988343715667724609e-01
1.906402409076690674e-02 -9.688560385257005692e-04 6.387311965227127075e-03 -7.144295144826173782e-03 -1.637253351509571075e-02 4.306095838546752930e-02 9.989127516746520996e-01
1.875698566436767578e-02 2.740117721259593964e-03 9.131517261266708374e-03 -7.027609739452600479e-03 -1.256583817303180695e-02 4.104255139827728271e-02 9.990536570549011230e-01
2.153110131621360779e-02 4.098505713045597076e-03 3.739915089681744576e-03 -7.376074790954589844e-03 -1.384423393756151199e-02 3.877746313810348511e-02 9.991247653961181641e-01
2.305152639746665955e-02 1.092094928026199341e-03 5.384019110351800919e-03 -6.168797146528959274e-03 -1.106603071093559265e-02 3.740800172090530396e-02 9.992197751998901367e-01
2.399810217320919037e-02 7.943557575345039368e-03 2.463599666953086853e-03 -4.855970386415719986e-03 -9.349104948341846466e-03 3.364060446619987488e-02 9.993784427642822266e-01
2.631129324436187744e-02 1.736797275952994823e-03 7.342977449297904968e-03 -3.862418001517653465e-03 -5.231110379099845886e-03 3.104405663907527924e-02 9.994968771934509277e-01
2.731651067733764648e-02 -9.096231951843947172e-05 5.361831746995449066e-03 -2.138249343261122704e-03 -2.560648368671536446e-03 2.440756000578403473e-02 9.996965527534484863e-01
2.069676667451858521e-02 -1.793646067380905151e-02 4.400935024023056030e-03 -7.603893755003809929e-04 1.465183682739734650e-03 2.173310145735740662e-02 9.997624158859252930e-01
