0.000000000000000000e+00 0.000000000000000000e+00 0.000000000000000000e+00 0.000000000000000000e+00 0.000000000000000000e+00 0.000000000000000000e+00 1.000000000000000000e+00
8.641808480024337769e-02 2.711090957745909691e-03 2.916022203862667084e-02 -2.548336711639140675e-02 5.525369867054400093e-03 2.369732235003530266e-02 9.993790598174858708e-01
1.641126454673935142e-01 1.137521696839598889e-03 5.962602897928752366e-02 -5.216716125801865167e-02 1.247999926371308466e-02 4.877236582968317441e-02 9.973685844441027015e-01
2.337977534222047682e-01 1.924490960789126265e-03 8.897099204621211621e-02 -7.869034684822795445e-02 2.022436831246659725e-02 7.130496093405576385e-02 9.941400337907432272e-01
2.956887101299727760e-01 4.056855074937408545e-04 1.163305785874501203e-01 -1.048382404458481493e-01 2.902705577410945315e-02 9.463651314767516920e-02 9.895505564409305954e-01
3.501794603580830056e-01 -1.769053682915827652e-05 1.407443828228736316e-01 -1.287871515199617567e-01 3.699206445479180649e-02 1.148764412117711520e-01 9.843012039133475222e-01
3.974146244334129663e-01 -1.353506473503514156e-03 1.617057707240413256e-01 -1.501019903059245542e-01 4.397971266604593782e-02 1.324255416864766888e-01 9.787740563015835393e-01
4.373409456933375350e-01 -1.676959951304035981e-03 1.793613009954428128e-01 -1.690522750590830181e-01 5.047483015725101607e-02 1.467571576773410158e-01 9.733118495571770890e-01
4.697012112289964403e-01 -8.511337982133873256e-04 1.941751948088140112e-01 -1.862865993390854513e-01 5.679562275979956748e-02 1.580312714347925640e-01 9.680380557554071341e-01
4.951480665611617260e-01 4.511594282035251771e-04 2.047638240974436752e-01 -2.010557977944543995e-01 6.246990237798684398e-02 1.657342630247063131e-01 9.634346015842372157e-01
5.130105554206271234e-01 1.293752839802631092e-03 2.127721357973142990e-01 -2.136125004813908546e-01 6.805246540105368280e-02 1.711401994662810622e-01 9.594006429628695320e-01
5.242071971815158715e-01 1.009977743583275692e-03 2.170007546082420302e-01 -2.221763967254390681e-01 6.654743492946982308e-02 1.747076562861992755e-01 9.569150027444398576e-01
5.290949843671696184e-01 3.634040150494371145e-03 2.186380167451533463e-01 -2.280113154660109442e-01 6.535350174553722358e-02 1.754000266413248410e-01 9.554970384481984436e-01
5.344834228956830691e-01 6.672744434788646477e-03 2.203945590006798905e-01 -2.317360258332227252e-01 6.440012973767682281e-02 1.729731307311347110e-01 9.551080219880178079e-01
5.408687619943838287e-01 9.511803494634313641e-03 2.225862952384236038e-01 -2.336918854985255700e-01 6.353590721302548872e-02 1.689492349533323334e-01 9.554095703704488241e-01
5.479062710294240190e-01 1.272909705145260778e-02 2.251818981292522670e-01 -2.336862203025004969e-01 6.271273568124943742e-02 1.628473415674557834e-01 9.565242320864209002e-01
5.562657956559675654e-01 1.438818478197051789e-02 2.282689208543534909e-01 -2.330035178713845689e-01 6.205932731782609624e-02 1.556301673979627043e-01 9.579338450791371473e-01
5.656313399114101248e-01 1.377404796226387382e-02 2.315571372558042351e-01 -2.305547130530666289e-01 6.158537808098196731e-02 1.476960660760880673e-01 9.598112510078679049e-01
5.755176939352107945e-01 1.492507625799452051e-02 2.358621106777905041e-01 -2.277877681107905727e-01 6.164461055849234511e-02 1.388653328693291999e-01 9.617843282229581181e-01
5.858969873210281287e-01 1.430204296670390188e-02 2.413407167401348807e-01 -2.241487070007981142e-01 6.158046754086923119e-02 1.298552505227893727e-01 9.638997961816270221e-01
5.970427964358128170e-01 1.208623002805472510e-02 2.469763647398655060e-01 -2.200509016475906687e-01 6.137005910151450278e-02 1.206802979017291277e-01 9.660474016466836789e-01
6.093161392928716502e-01 1.065841341994384558e-02 2.527853011740707201e-01 -2.153907586199797497e-01 6.135745937723226240e-02 1.118810297956043531e-01 9.681553173183299332e-01
6.229302280374420242e-01 8.209001541321076997e-03 2.576428085426344383e-01 -2.092180816492590356e-01 6.091775249273768955e-02 1.035049759523445356e-01 9.704656313828646796e-01
6.375370436994148848e-01 8.002629828302673665e-03 2.634848476247699245e-01 -2.027550275545485503e-01 6.099593301131563811e-02 9.580280151003231492e-02 9.726210557973040682e-01
6.531680568320504809e-01 5.221599687052953971e-03 2.692556503341546614e-01 -1.957229835692151920e-01 6.088455294278919544e-02 8.925825974898198012e-02 9.746889493486138312e-01
6.696384429554171902e-01 1.657641227958609083e-03 2.758844029844827461e-01 -1.888189998838694927e-01 6.100901208637451306e-02 8.421384615838557741e-02 9.764903040185866079e-01
6.879426285533329910e-01 1.427186967433727739e-03 2.823061191824047800e-01 -1.819443602966418216e-01 6.138792580807325705e-02 8.065099053625192360e-02 9.780711579669189026e-01
7.074682475296598660e-01 -1.480136277803550081e-03 2.888032980223932955e-01 -1.753135384312607958e-01 6.139299685692049813e-02 7.940658817402033998e-02 9.793827938728547622e-01
7.284451312983802884e-01 -3.332703368105389714e-03 2.959750272054586517e-01 -1.693886973338508961e-01 6.210275925680592418e-02 8.004458711568530893e-02 9.803283024485786035e-01
7.509595355705663833e-01 -5.763404784164085845e-03 3.032968285696648891e-01 -1.640080178071506023e-01 6.315021051632835336e-02 8.395427422680384888e-02 9.808491733420401371e-01
7.745732486877792144e-01 -7.173507785946625463e-03 3.126285748843794510e-01 -1.605152032606410317e-01 6.521964257845201673e-02 9.073695564053384233e-02 9.806875509688199877e-01
7.996203360013459660e-01 -1.049934874216996820e-02 3.224209105455739799e-01 -1.570705043412162216e-01 5.994890990823841664e-02 1.013129415596072669e-01 9.805461094407286193e-01
8.258270024633833639e-01 -1.343849363659507801e-02 3.341118688827657279e-01 -1.551379620929696224e-01 5.440724293397596750e-02 1.146508275479791589e-01 9.797077382446905958e-01
8.543410724511661947e-01 -1.567999962488240279e-02 3.447255315700435974e-01 -1.545712495327844216e-01 4.826114390627340989e-02 1.302398429455433881e-01 9.781698084260482817e-01
8.850880712657140936e-01 -1.517793734722389098e-02 3.541292397500120370e-01 -1.544458018750562434e-01 4.133186346550515172e-02 1.490054564728410802e-01 9.758255711380799946e-01
9.172547943975656315e-01 -1.551560166709393604e-02 3.638375621488439404e-01 -1.549407998383945662e-01 3.430392277964430109e-02 1.698346268743341492e-01 9.726113247036671794e-01
9.510063850734350455e-01 -1.710405627404289197e-02 3.740180398327679345e-01 -1.554188157316313268e-01 2.705094388672396599e-02 1.921114575504662969e-01 9.686105646900873278e-01
9.790011451996938341e-01 -1.819119352014787055e-02 3.825694692696391952e-01 -1.563910191169292918e-01 1.951918673134322643e-02 2.155794017405218144e-01 9.636837510480882329e-01
1.000781687429007194e+00 -1.787783053693881019e-02 3.900074494787735824e-01 -1.588803224661611002e-01 1.229645140954026619e-02 2.398697820473622844e-01 9.576368456133736995e-01
1.017698778964771344e+00 -1.730662297942010472e-02 3.925878579095563592e-01 -1.598751613512403857e-01 4.692404795508928542e-03 2.635167219473699141e-01 9.513027127966483532e-01
1.029275496097521669e+00 -1.487532817924948000e-02 3.952540563771100302e-01 -1.612069171514285137e-01 -1.579762201514697470e-03 2.871184312207022415e-01 9.442313491233396139e-01
1.035547996874690790e+00 -7.681695125532487720e-03 3.965949065518418748e-01 -1.625259638630757453e-01 -7.746003223109969305e-03 3.087699044185962527e-01 9.371160315722790735e-01
1.044721946615022823e+00 -5.522989377904576405e-03 3.995686198396485866e-01 -1.638239680182689562e-01 -1.340365935445078649e-02 3.326360765741064318e-01 9.286200999224840658e-01
1.052266009617791154e+00 2.180650791799177562e-04 4.035014050945676667e-01 -1.654930812968995746e-01 -1.707217453704099400e-02 3.552902713963538850e-01 9.198311823103954010e-01
1.059506560644897455e+00 8.198732385299318734e-03 4.041909696927906692e-01 -1.662466545754782143e-01 -2.125196723381228212e-02 3.757969158927674247e-01 9.114203649999482737e-01
1.068652519543055401e+00 1.494781576919786310e-02 4.055956443442914616e-01 -1.674686118723695272e-01 -2.468822630214490693e-02 3.962743152082082165e-01 9.023920559412418330e-01
1.075119782552456771e+00 2.529108510189318273e-02 4.043713419398724529e-01 -1.681076959599127063e-01 -2.748085408203011781e-02 4.136250051652099469e-01 8.943707063181640660e-01
1.083209163463758395e+00 3.565251598213457773e-02 4.047247058875595438e-01 -1.689639622127453444e-01 -2.884693817674638394e-02 4.298777656564571337e-01 8.864672245635532022e-01
1.087394463804639777e+00 4.659661232850724477e-02 3.966392814611517936e-01 -1.695513736338065403e-01 -2.976161736572927388e-02 4.433311179805446978e-01 8.796727219033142475e-01
1.099589265356359924e+00 5.300246913051383235e-02 3.961011989675086165e-01 -1.701903863341730216e-01 -2.931884245874694095e-02 4.542949468268832058e-01 8.739517945309474012e-01
1.113003662111329284e+00 5.556728749442645804e-02 3.998639172243965145e-01 -1.709982886991030515e-01 -2.664680659072178603e-02 4.621221500362046597e-01 8.697658601062763228e-01
