0.000000000000000000e+00 0.000000000000000000e+00 0.000000000000000000e+00 0.000000000000000000e+00 0.000000000000000000e+00 0.000000000000000000e+00 1.000000000000000000e+00
8.098377287387847900e-02 -2.614325284957885742e-02 3.325194120407104492e-02 -3.310978776496233816e-02 2.695320181738493706e-02 4.713524688766396187e-02 9.979757188262595724e-01
1.582706185241332941e-01 -4.198242614948809182e-02 6.157263782590097212e-02 -6.900887810902008035e-02 5.478188852058725467e-02 9.441179704854188448e-02 9.916265083237324474e-01
2.312690693518149321e-01 -4.737947211485696308e-02 8.276629978024413470e-02 -1.063381649737481505e-01 8.230809959124998909e-02 1.404015779970608224e-01 9.809204699197728861e-01
2.980356433120522341e-01 -4.489890746368155328e-02 9.789807419317786419e-02 -1.433787581889730822e-01 1.099292068207627926e-01 1.867577716179724401e-01 9.656498516171559965e-01
3.574926315371633190e-01 -3.658533993843149368e-02 1.072254487593244515e-01 -1.781319362856776389e-01 1.346862832500231588e-01 2.286055447686790310e-01 9.475590341928175064e-01
4.087226729590304752e-01 -2.396436378262354130e-02 1.117782733423410696e-01 -2.102986067450854091e-01 1.581344467390416730e-01 2.663384718453337130e-01 9.272711637761121839e-01
4.513788501100042816e-01 -9.265786542920215543e-03 1.124238056249762391e-01 -2.389588396936170589e-01 1.787804055782813706e-01 2.974470231496098016e-01 9.068966357490697572e-01
4.855364474666110652e-01 5.465743207993751032e-03 1.104174632920093407e-01 -2.655623924822616000e-01 1.969270578568251273e-01 3.231286815300034587e-01 8.867266798487759560e-01
5.114670566623613635e-01 1.881731860705939535e-02 1.069704321333566216e-01 -2.881125280560800639e-01 2.115376734378113244e-01 3.416722232009118398e-01 8.691967992270789312e-01
5.298326276113147770e-01 2.925011772390841841e-02 1.032235163331269301e-01 -3.063077972268061777e-01 2.224474172538043470e-01 3.543196675466566692e-01 8.550732442924409149e-01
5.405681785096028147e-01 3.661832626369977001e-02 9.983634996391128891e-02 -3.212234602563894814e-01 2.273904835068810137e-01 3.616613487570726759e-01 8.451686964190249229e-01
5.448218104804946060e-01 3.988601809389635128e-02 9.800980984837780186e-02 -3.329181221870888274e-01 2.265078881567832436e-01 3.631847712078754564e-01 8.402121889647043984e-01
5.496609265893124263e-01 4.360286334068733116e-02 9.654832251545333865e-02 -3.402307037016984448e-01 2.239476011009093881e-01 3.603075231198349937e-01 8.392073814040511559e-01
5.552020966402700930e-01 4.773227521465869816e-02 9.530083876919759334e-02 -3.449636182364692050e-01 2.213831901830369819e-01 3.544027890998810992e-01 8.404690644371213271e-01
5.614237487866066134e-01 5.241834384090226368e-02 9.413736661232018077e-02 -3.477969373369168005e-01 2.191850279446073690e-01 3.451544561445479276e-01 8.437201048378210055e-01
5.683859202555502366e-01 5.772500425029909732e-02 9.298633774963346865e-02 -3.496319719592170250e-01 2.164424592298819228e-01 3.339937143004206854e-01 8.481499542146065940e-01
5.761547934548374439e-01 6.366075244564693703e-02 9.181688022624488743e-02 -3.503565646916786402e-01 2.131308362038190352e-01 3.205933282487715696e-01 8.538415790525089033e-01
5.849372178354610430e-01 7.011367636880014298e-02 9.089163694080341915e-02 -3.507057728977833189e-01 2.099053302875100446e-01 3.063897810869048444e-01 8.596921048948735766e-01
5.948417777063335077e-01 7.702167910693114017e-02 9.023658850480309468e-02 -3.503786754292192440e-01 2.064388820549145909e-01 2.915927132489003482e-01 8.657895017615584443e-01
6.059833777399306065e-01 8.430034740361828927e-02 8.977860925670194669e-02 -3.493551750845602100e-01 2.028579314694771707e-01 2.760171899859349964e-01 8.721319465045581643e-01
6.184581431305726795e-01 9.190944276039676730e-02 8.962306295602320838e-02 -3.474609205899898412e-01 1.990128551514135091e-01 2.597597670812422099e-01 8.787432250396802758e-01
6.323545415556226512e-01 9.979714130625221002e-02 8.993455620864833355e-02 -3.436006007112982763e-01 1.950602325162417716e-01 2.441786387457798579e-01 8.855884626968683060e-01
6.477825232628657837e-01 1.079071093702876905e-01 9.062766408763131554e-02 -3.396254463813492275e-01 1.915342025554068461e-01 2.291594231552983307e-01 8.918829318923333638e-01
6.649330824398926865e-01 1.158832988958986426e-01 9.212233056671496889e-02 -3.350765315848390768e-01 1.895215154398173507e-01 2.177491636352722748e-01 8.968782609153870267e-01
6.838491418153221924e-01 1.237684779503498145e-01 9.419572238900739136e-02 -3.307881952864183406e-01 1.893572188419205271e-01 2.102818072432699747e-01 9.002802758442015607e-01
7.046704981540116153e-01 1.312651576687827171e-01 9.697539144008567036e-02 -3.258960693172999190e-01 1.908626363050800190e-01 2.074126236661603395e-01 9.024096683935340923e-01
7.273940151372647600e-01 1.386494363991840617e-01 1.001316922691222605e-01 -3.208699613124501027e-01 1.951450659243658403e-01 2.104882912485866453e-01 9.025827111240121159e-01
7.521040428251636323e-01 1.460520290913727981e-01 1.032082871002017593e-01 -3.155876257121988937e-01 2.010992226216107570e-01 2.184174218445139593e-01 9.012532291166098775e-01
7.788116913458736912e-01 1.538865598709459603e-01 1.056343763358416621e-01 -3.125977576280413728e-01 2.109627687938417095e-01 2.330322972366459522e-01 8.963667221362960902e-01
8.074259717092820976e-01 1.627327624040824650e-01 1.068965394337970665e-01 -3.135961563823510545e-01 2.242949989545238998e-01 2.541242810220865067e-01 8.870005941042056197e-01
8.374280629671611020e-01 1.738012414879390455e-01 1.056613794797419820e-01 -3.188455899009611794e-01 2.358076528406718997e-01 2.816167976456973587e-01 8.737415063657347769e-01
8.683830059656376665e-01 1.874956562923756898e-01 1.018705350967883394e-01 -3.249818961324136279e-01 2.485394974006762403e-01 3.113961100626568279e-01 8.576988679343386934e-01
8.996238372241199821e-01 2.041314880545891941e-01 9.514663699731856772e-02 -3.299753640096118046e-01 2.599715358077561156e-01 3.396113151729385771e-01 8.415433526105401407e-01
9.312296759022347103e-01 2.232007682723547715e-01 8.656026093180282932e-02 -3.343544539013876826e-01 2.703881364285262712e-01 3.665821666980809135e-01 8.250544648045691210e-01
9.628547653335429723e-01 2.446283260122303072e-01 7.588704439321747319e-02 -3.379308995927244874e-01 2.797254949090506870e-01 3.931523559499620069e-01 8.080764689120287780e-01
9.943210738805782212e-01 2.682667312471351817e-01 6.327196393396743168e-02 -3.425289525823765335e-01 2.905554883697006874e-01 4.225510161010005428e-01 7.872115748723952366e-01
1.016128470654050098e+00 2.912659112960419017e-01 4.853297254118975335e-02 -3.436736753614110795e-01 2.970443079081841464e-01 4.424815011088374384e-01 7.732161438947049437e-01
1.023302727947885238e+00 3.131382448785140493e-01 3.173039326227066609e-02 -3.401207242978750989e-01 2.966199425990470040e-01 4.498040977788819172e-01 7.707209457235174588e-01
1.025809644788113983e+00 3.305132747102167423e-01 1.849570895183903427e-02 -3.366817908464202480e-01 2.953370275182911620e-01 4.556458499729940659e-01 7.692907586156845223e-01
1.026925872406020401e+00 3.429259191155251685e-01 9.320536427512807198e-03 -3.336209087023715991e-01 2.945066779421837699e-01 4.625475032650197549e-01 7.668198700785988642e-01
1.027421056816967493e+00 3.504092933545482902e-01 4.060454964376626966e-03 -3.301394375073178900e-01 2.943017361562887957e-01 4.701719585412777458e-01 7.637622465788715953e-01
1.027735606597149909e+00 3.573931094448944412e-01 -8.194794942292206105e-04 -3.268475542816915991e-01 2.942343462527270415e-01 4.777165278949167537e-01 7.605154467342082336e-01
1.027913254404533294e+00 3.638532125113108084e-01 -5.230961001811290818e-03 -3.234603749785582849e-01 2.943747130977202864e-01 4.849532831069703898e-01 7.573224064499453068e-01
1.027940732499427634e+00 3.697052978475328655e-01 -9.208453683915204108e-03 -3.204167828495022019e-01 2.945821606824107208e-01 4.917471654268216197e-01 7.541479703418576541e-01
1.027925568105268361e+00 3.749102115005999991e-01 -1.271203013103244274e-02 -3.176193301019432647e-01 2.949834435187830839e-01 4.982968226021900482e-01 7.508681680428030969e-01
1.027800331369274955e+00 3.794086561144594527e-01 -1.573213019187041928e-02 -3.149198573383898414e-01 2.953410004977473635e-01 5.042472720110069417e-01 7.478862651155023800e-01
1.027651483030459723e+00 3.831927327894056878e-01 -1.823498707936249685e-02 -3.125887124086377811e-01 2.958972270259785375e-01 5.093046183746591238e-01 7.452126767677059727e-01
1.027504864630658599e+00 3.862136844852777640e-01 -2.024044044661643324e-02 -3.106852802693667592e-01 2.965759922433672813e-01 5.135146609324324762e-01 7.428458995351970851e-01
1.027437332021643446e+00 3.910202991720101440e-01 -2.354628532009593253e-02 -3.091037665562049730e-01 2.971193121295327422e-01 5.153709526928335061e-01 7.420025316539839988e-01
1.027947356478035701e+00 3.981437441015885925e-01 -2.871107237547681698e-02 -3.077216336026561971e-01 2.971682567215011006e-01 5.134939389556684164e-01 7.438564364619081326e-01
1.129388419330606741e+00 5.221442178427118108e-01 -9.958817396228450414e-02 -3.483017283855833757e-01 3.240948183316502140e-01 5.689420863043080923e-01 6.707856268331121585e-01
1.199170823401933372e+00 6.409737829493432626e-01 -1.809392144262503277e-01 -3.848306078308462719e-01 3.414315657138554116e-01 6.124943460337113343e-01 6.001504522096627881e-01
1.240077363720036852e+00 7.478140940374347068e-01 -2.695510860065281067e-01 -4.223849243047418933e-01 3.536962024298860308e-01 6.556293565578230620e-01 5.163720741154863569e-01
1.255140068051587177e+00 8.392279277465176657e-01 -3.596874228413979857e-01 -4.568890992352604430e-01 3.632885288191525230e-01 6.926842510846088485e-01 4.236299377142302980e-01
1.249095289029698463e+00 9.116596977173302419e-01 -4.471379582295972321e-01 -4.861516456446157708e-01 3.699534231559493125e-01 7.198980931394451943e-01 3.294507210895397664e-01
1.229077625737103441e+00 9.634241857670807763e-01 -5.280034187563537040e-01 -5.100023913251661156e-01 3.708267305467627950e-01 7.370212643940170505e-01 2.432791659506728377e-01
1.202612118162297294e+00 9.971472586449349196e-01 -5.983442874799476119e-01 -5.295956367515295415e-01 3.674172359045686509e-01 7.463574347378301166e-01 1.657818322541833866e-01
1.175584359946868940e+00 1.016033226136102030e+00 -6.562335378142626352e-01 -5.454519229284534587e-01 3.611388119370851357e-01 7.495724869290877335e-01 1.010051737549411272e-01
1.152356839659482102e+00 1.024944522738092223e+00 -7.005465697337913689e-01 -5.582161165560829419e-01 3.525533071343870395e-01 7.494353914821771934e-01 4.947248568252646944e-02
1.135052392637872831e+00 1.027263309046313022e+00 -7.307656580799903878e-01 -5.685478119397335828e-01 3.413321763149786969e-01 7.484547475474692124e-01 7.824437633188461791e-03
1.125049971755299749e+00 1.026198125938891703e+00 -7.469816551338442912e-01 -5.755930214476381312e-01 3.272330442692224506e-01 7.491804797028267515e-01 -1.843413223665188796e-02
1.118486972985746286e+00 1.025124071892392852e+00 -7.568770525195657184e-01 -5.808072385099216639e-01 3.120447159865383235e-01 7.513365227706593208e-01 -2.800850710506522581e-02
1.110909068901500429e+00 1.024907712887821010e+00 -7.677870501941831405e-01 -5.863499054361567264e-01 2.993492991972735995e-01 7.523110700305585263e-01 -2.473538709192591931e-02
1.102119910003753311e+00 1.025322655710315667e+00 -7.798003503565191785e-01 -5.932766787068014525e-01 2.872697937071626573e-01 7.518818207516960728e-01 -1.313680894225078936e-02
1.092175851574164858e+00 1.026402179918131319e+00 -7.931745564686630834e-01 -6.009013779702621072e-01 2.749949341693510019e-01 7.505109982403234126e-01 5.344310521269185488e-03
1.081166411725061005e+00 1.028243526779462291e+00 -8.081450458222296795e-01 -6.087994342497243805e-01 2.627330364023623965e-01 7.480015822910881518e-01 2.877904324398178337e-02
1.069273504071537761e+00 1.031553784313086863e+00 -8.248640847237137530e-01 -6.169571247228469169e-01 2.503778603912233947e-01 7.440699928204650426e-01 5.508792121494381772e-02
1.056554396343027280e+00 1.036670147844382051e+00 -8.433688035731405908e-01 -6.246968009580814440e-01 2.379531363572487679e-01 7.389073702719053394e-01 8.454649565975705383e-02
1.043326347237191642e+00 1.043751552328602061e+00 -8.638745419429475492e-01 -6.318825400408841775e-01 2.253441658439144513e-01 7.322000084644266771e-01 1.175908589826782369e-01
1.029882010180182661e+00 1.053267941064277124e+00 -8.864288661711493544e-01 -6.384872399742385074e-01 2.128113805516950452e-01 7.237632942646110568e-01 1.523550280528960799e-01
1.016599919440207334e+00 1.066128916428506157e+00 -9.108048343239656397e-01 -6.429362804339325832e-01 2.020019311609435042e-01 7.145835655731809233e-01 1.876125979825137013e-01
1.003748098246183940e+00 1.082445288676085582e+00 -9.369927997264564379e-01 -6.457425757688576295e-01 1.930463293270422986e-01 7.048658034898674929e-01 2.211647341764497732e-01
9.916624026520779456e-01 1.102494559328302426e+00 -9.648876007779930708e-01 -6.465663342202065955e-01 1.874969152938051609e-01 6.953515622246257966e-01 2.515612989315408887e-01
9.805234279645096418e-01 1.126532407636666511e+00 -9.942811037038341571e-01 -6.463425734715368964e-01 1.867893161096030874e-01 6.870841675623658995e-01 2.743471811238972768e-01
9.706812906082578074e-01 1.154525223938285494e+00 -1.025265882037204479e+00 -6.448145669797081814e-01 1.914202220559981515e-01 6.806122468526059066e-01 2.904125380093827702e-01
9.624513058850643343e-01 1.186033833433649320e+00 -1.058323160902373994e+00 -6.421450939747198605e-01 2.035562064223592760e-01 6.766014846535344240e-01 2.973633805224999982e-01
9.553853112955896787e-01 1.220184750648217076e+00 -1.094261799323671180e+00 -6.386006810603666040e-01 2.219294571801649629e-01 6.752282218251263179e-01 2.949632767580251946e-01
9.488920852892209767e-01 1.255491664862372847e+00 -1.134488204972859293e+00 -6.357709562437949824e-01 2.453462495385245190e-01 6.764908700744965975e-01 2.792142756738651976e-01
9.415850832942385118e-01 1.290192754383433060e+00 -1.180276513200877231e+00 -6.364525213122507186e-01 2.715598376787877188e-01 6.790413012081585320e-01 2.451251801196290270e-01
9.310956711601081626e-01 1.321454691866635667e+00 -1.232755364757843308e+00 -6.349822664563165020e-01 2.953981095533831924e-01 6.861108301558314082e-01 1.969502650446624537e-01
9.152665153139597498e-01 1.347371561389413497e+00 -1.291423585370984561e+00 -6.297711095717545282e-01 3.161643648607208035e-01 6.951538054831661873e-01 1.420902201534315901e-01
8.932531175985963801e-01 1.365926856343349538e+00 -1.355323993825955142e+00 -6.221764645500286184e-01 3.360571908450324941e-01 7.019080809233041451e-01 8.536426287350423747e-02
8.649323416529725028e-01 1.376996007731108085e+00 -1.422705572589449297e+00 -6.121518452616702133e-01 3.542116485107734136e-01 7.063546159517449796e-01 2.945136542972392676e-02
8.306131740141695641e-01 1.380679311248870889e+00 -1.492163385709923240e+00 -5.999309956894682827e-01 3.700370929554623323e-01 7.089939980307939926e-01 -2.197409848945841571e-02
7.909761922955858005e-01 1.377269504629377028e+00 -1.562710431746736406e+00 -5.845791716747376077e-01 3.861525198079438503e-01 7.091608834228785296e-01 -7.902066130409016176e-02
7.491982850508382974e-01 1.361824682833795208e+00 -1.624632297802571790e+00 -5.691139523673377498e-01 3.989145190158187582e-01 7.078034655649839690e-01 -1.264546158643657381e-01
7.095769942285121701e-01 1.333145166500995016e+00 -1.665040931362974375e+00 -5.568102412943360946e-01 4.090198610524698464e-01 7.073390432889667956e-01 -1.494542949982054780e-01
6.772499553955313445e-01 1.299533755956181924e+00 -1.684336431128662825e+00 -5.478860325758420080e-01 4.156418841966770805e-01 7.090750199033413192e-01 -1.558054413645931779e-01
6.528125085433441610e-01 1.273428954846735905e+00 -1.695378629439433293e+00 -5.385329036283504900e-01 4.220620168339024314e-01 7.109319219388989808e-01 -1.625477407532318619e-01
6.363273850095342299e-01 1.256311308214904221e+00 -1.701363978828238199e+00 -5.276287332807713115e-01 4.301851919058337637e-01 7.121713768646841247e-01 -1.713492061730363669e-01
6.241997438708745127e-01 1.243967320484682837e+00 -1.704982435509903693e+00 -5.161851235458271292e-01 4.389815247667434028e-01 7.127275846936306225e-01 -1.812940406086959444e-01
6.128899911775219644e-01 1.232511558644478145e+00 -1.707799774040535956e+00 -5.047707058466733843e-01 4.473965988036348040e-01 7.129578587190643635e-01 -1.916609234787241267e-01
6.024943549837405987e-01 1.222039781388137625e+00 -1.709816768513039875e+00 -4.940269348952976425e-01 4.552879480049821237e-01 7.127806980554078908e-01 -2.014793996393068332e-01
5.931393553210496661e-01 1.212639156367760096e+00 -1.711269905514523293e+00 -4.835128640800125943e-01 4.624718914884733412e-01 7.123644666097331823e-01 -2.118299472785833137e-01
5.849390194996467729e-01 1.204366719825344267e+00 -1.712190592777218301e+00 -4.736313658595024401e-01 4.691935824873459948e-01 7.116481527848631528e-01 -2.215572568539437015e-01
5.779313410173755328e-01 1.197323159384972024e+00 -1.712663816312207876e+00 -4.651447021349044975e-01 4.752104592404156613e-01 7.106086950486660836e-01 -2.298928185602500673e-01
5.721868558151715911e-01 1.191544404108596744e+00 -1.712884480862906011e+00 -4.579457852468235002e-01 4.806228756984221029e-01 7.091586398260050217e-01 -2.374475367111221480e-01
5.658147894591004645e-01 1.185048286229525294e+00 -1.713057411583209566e+00 -4.527177616451903419e-01 4.848619552145789213e-01 7.077322706784322515e-01 -2.430443287073673631e-01
5.558122354320021996e-01 1.174532372349193832e+00 -1.714096315421103522e+00 -4.513723857544162943e-01 4.875168992112663968e-01 7.062575673485435024e-01 -2.445209416894920107e-01
