8.480605483055114746e-02 -3.949169535189867020e-03 3.376193717122077942e-02 -2.564868330955505371e-02 6.653424352407455444e-03 2.242185734212398529e-02 9.993973970413208008e-01
7.503060996532440186e-02 -1.279787067323923111e-02 3.511152788996696472e-02 -2.647081576287746429e-02 8.070154115557670593e-03 2.327299118041992188e-02 9.993460774421691895e-01
6.699738651514053345e-02 -1.476780697703361511e-02 3.317129984498023987e-02 -2.610068768262863159e-02 8.704796433448791504e-03 2.135220728814601898e-02 9.993933439254760742e-01
5.858554318547248840e-02 -1.951862312853336334e-02 2.965901046991348267e-02 -2.553500421345233917e-02 9.409648366272449493e-03 2.210894599556922913e-02 9.993851184844970703e-01
5.054422095417976379e-02 -2.085248008370399475e-02 2.648971043527126312e-02 -2.351579628884792328e-02 8.481315337121486664e-03 1.919790543615818024e-02 9.995031356811523438e-01
4.278226196765899658e-02 -2.136553265154361725e-02 2.275360189378261566e-02 -2.098587527871131897e-02 7.462846580892801285e-03 1.660934463143348694e-02 9.996139407157897949e-01
3.572723269462585449e-02 -1.954272761940956116e-02 1.943349838256835938e-02 -1.890211552381515503e-02 7.141799200326204300e-03 1.380663737654685974e-02 9.997004866600036621e-01
2.863040752708911896e-02 -1.677029579877853394e-02 1.693640463054180145e-02 -1.700002886354923248e-02 7.184550631791353226e-03 1.097897626459598541e-02 9.997693896293640137e-01
2.274226211011409760e-02 -1.355158630758523941e-02 1.271562557667493820e-02 -1.440873369574546814e-02 6.795226596295833588e-03 7.384462747722864151e-03 9.998458027839660645e-01
1.579271443188190460e-02 -1.093171350657939911e-02 9.553250856697559357e-03 -1.205930486321449280e-02 6.762489210814237595e-03 5.356832407414913177e-03 9.998900890350341797e-01
9.726213291287422180e-03 -7.888334803283214569e-03 4.918371792882680893e-03 -8.944789879024028778e-03 -1.646890741540119052e-04 2.243305323645472527e-03 9.999574422836303711e-01
4.827063065022230148e-03 -1.429956289939582348e-03 2.600408857688307762e-03 -5.927217658609151840e-03 -1.909475831780582666e-04 -2.559903659857809544e-04 9.999823570251464844e-01
5.212882999330759048e-03 -1.574156107380986214e-03 3.117020707577466965e-03 -3.613571170717477798e-03 3.182082145940512419e-04 -2.930648624897003174e-03 9.999891519546508789e-01
5.756587721407413483e-03 -2.290553180500864983e-03 3.305735066533088684e-03 -1.604837831109762192e-03 5.033895140513777733e-04 -4.382540471851825714e-03 9.999889731407165527e-01
5.993973463773727417e-03 -4.329314455389976501e-03 2.711305394768714905e-03 6.049112416803836823e-04 7.685484015382826328e-04 -5.971593782305717468e-03 9.999817013740539551e-01
6.576788611710071564e-03 -4.686926491558551788e-03 3.568741725757718086e-03 1.134306541644036770e-03 1.096194609999656677e-03 -7.046181242913007736e-03 9.999739527702331543e-01
6.517388857901096344e-03 -6.961461622267961502e-03 2.453125547617673874e-03 3.193774027749896049e-03 9.984946809709072113e-04 -7.832461036741733551e-03 9.999637007713317871e-01
8.024455979466438293e-03 -6.085042841732501984e-03 4.267040174454450607e-03 3.635908942669630051e-03 1.663604751229286194e-03 -8.379680104553699493e-03 9.999569058418273926e-01
8.020705543458461761e-03 -7.768150884658098221e-03 4.644783679395914078e-03 4.389610141515731812e-03 1.274352194741368294e-03 -8.669953793287277222e-03 9.999519586563110352e-01
8.415972813963890076e-03 -9.186499752104282379e-03 4.701453726738691330e-03 4.946894478052854538e-03 1.223571714945137501e-03 -9.134586900472640991e-03 9.999452829360961914e-01
1.024072244763374329e-02 -8.995478972792625427e-03 5.267944652587175369e-03 5.346656311303377151e-03 1.203335355967283249e-03 -8.555536158382892609e-03 9.999483823776245117e-01
1.147941686213016510e-02 -1.021668035537004471e-02 4.389210604131221771e-03 6.690553855150938034e-03 6.076869321987032890e-04 -8.300347253680229187e-03 9.999429583549499512e-01
1.346946787089109421e-02 -9.204420261085033417e-03 6.174681242555379868e-03 6.978790275752544403e-03 9.181445348076522350e-04 -7.339386735111474991e-03 9.999482631683349609e-01
1.415284071117639542e-02 -1.145383156836032867e-02 5.338738672435283661e-03 7.584194652736186981e-03 3.052396932616829872e-04 -6.111754570156335831e-03 9.999524950981140137e-01
1.519336644560098648e-02 -1.242655981332063675e-02 6.247760262340307236e-03 7.357995957136154175e-03 2.505329903215169907e-04 -4.791810177266597748e-03 9.999614357948303223e-01
1.811859570443630219e-02 -1.100063417106866837e-02 6.939603947103023529e-03 7.133021950721740723e-03 9.994030551752075553e-05 -3.021285869181156158e-03 9.999700188636779785e-01
1.921339519321918488e-02 -1.292842812836170197e-02 6.674513686448335648e-03 6.819066125899553299e-03 -5.337272887118160725e-04 -9.900310542434453964e-04 9.999760985374450684e-01
2.127537503838539124e-02 -1.267474703490734100e-02 7.845924235880374908e-03 6.020991597324609756e-03 -3.305151767563074827e-04 9.681774536147713661e-04 9.999813437461853027e-01
2.307268790900707245e-02 -1.337123941630125046e-02 8.332191035151481628e-03 5.255546886473894119e-03 -5.270871915854513645e-04 4.213363397866487503e-03 9.999771714210510254e-01
2.434608899056911469e-02 -1.351628080010414124e-02 1.109970454126596451e-02 3.431923687458038330e-03 1.919195201480761170e-04 6.932232528924942017e-03 9.999700784683227539e-01
2.495387382805347443e-02 -1.648036018013954163e-02 1.139579527080059052e-02 2.076240023598074913e-03 -7.264973130077123642e-03 9.390862658619880676e-03 9.999273419380187988e-01
2.609163150191307068e-02 -1.746741309762001038e-02 1.319970749318599701e-02 3.928144287783652544e-04 -7.639911491423845291e-03 1.184863783419132233e-02 9.999005198478698730e-01
2.871079929172992706e-02 -1.794184558093547821e-02 1.231792848557233810e-02 -1.060879905708134174e-03 -8.485782891511917114e-03 1.382863055914640427e-02 9.998677968978881836e-01
3.166189044713973999e-02 -1.663619093596935272e-02 1.253212708979845047e-02 -2.040367340669035912e-03 -8.674101904034614563e-03 1.647650450468063354e-02 9.998245239257812500e-01
3.268774971365928650e-02 -1.833641156554222107e-02 1.298041734844446182e-02 -2.967635868117213249e-03 -8.665027096867561340e-03 1.829827763140201569e-02 9.997906088829040527e-01
3.268628194928169250e-02 -2.185054123401641846e-02 1.273593213409185410e-02 -3.233255818486213684e-03 -9.263446554541587830e-03 1.954335346817970276e-02 9.997608661651611328e-01
2.686725184321403503e-02 -1.978530734777450562e-02 1.041418500244617462e-02 -3.951162565499544144e-03 -9.594660252332687378e-03 2.084963396191596985e-02 9.997287988662719727e-01
2.169558033347129822e-02 -1.619445718824863434e-02 8.901516906917095184e-03 -5.477397702634334564e-03 -9.175769053399562836e-03 2.190350554883480072e-02 9.997029900550842285e-01
1.747924089431762695e-02 -1.283761207014322281e-02 3.606252837926149368e-03 -4.347744863480329514e-03 -9.607512503862380981e-03 2.135564945638179779e-02 9.997163414955139160e-01
1.214245427399873734e-02 -8.801626972854137421e-03 3.820426994934678078e-03 -4.653734620660543442e-03 -8.514561690390110016e-03 2.243313565850257874e-02 9.997012615203857422e-01
8.627950213849544525e-03 -5.766380345448851585e-04 3.023329656571149826e-03 -4.243846982717514038e-03 -8.546642959117889404e-03 2.022855356335639954e-02 9.997498393058776855e-01
6.257601082324981689e-03 -5.453082732856273651e-03 1.947485725395381451e-03 -4.231290426105260849e-03 -8.275517262518405914e-03 2.240091934800148010e-02 9.997058510780334473e-01
6.357874721288681030e-03 -3.399871755391359329e-03 3.040388692170381546e-03 -4.028360359370708466e-03 -6.401102524250745773e-03 2.211049012839794159e-02 9.997269511222839355e-01
6.825113203376531601e-03 -1.082454109564423561e-03 1.521259895525872707e-03 -3.113005543127655983e-03 -6.556476000696420670e-03 1.992468535900115967e-02 9.997751116752624512e-01
5.650911014527082443e-03 -2.526202937588095665e-03 1.025623292662203312e-03 -3.214897587895393372e-03 -5.849893204867839813e-03 2.009272389113903046e-02 9.997758269309997559e-01
5.401711910963058472e-03 -1.200160331791266799e-04 4.240239795763045549e-04 -2.362659666687250137e-03 -4.895872436463832855e-03 1.702016592025756836e-02 9.998403787612915039e-01
4.478087183088064194e-03 -4.807150107808411121e-04 5.668646190315485001e-04 -1.883750432170927525e-03 -3.507443470880389214e-03 1.613831520080566406e-02 9.998618364334106445e-01
3.216381417587399483e-03 1.226825406774878502e-03 -1.148597802966833115e-03 -1.683279173448681831e-03 -2.371810842305421829e-03 1.343272812664508820e-02 9.999055266380310059e-01
4.562352318316698074e-03 -3.629879793152213097e-03 2.136102411895990372e-04 -9.416281827725470066e-04 -6.395913660526275635e-04 1.190377958118915558e-02 9.999284744262695312e-01
5.204265005886554718e-03 -7.041107397526502609e-03 1.008492894470691681e-03 1.076027401722967625e-04 1.292605302296578884e-03 8.999900892376899719e-03 9.999586343765258789e-01
1.600397974252700806e-01 -2.167795225977897644e-02 6.787709891796112061e-02 -4.607500880956649780e-02 1.304956059902906418e-02 3.690313920378684998e-02 9.981707930564880371e-01
1.421732604503631592e-01 -2.744501642882823944e-02 6.812913715839385986e-02 -4.420736059546470642e-02 1.705389097332954407e-02 3.254203125834465027e-02 9.983465671539306641e-01
1.239076852798461914e-01 -5.166853219270706177e-02 5.401397496461868286e-02 -4.435848817229270935e-02 1.462970208376646042e-02 4.033035784959793091e-02 9.980940818786621094e-01
1.086762472987174988e-01 -4.883671551942825317e-02 5.012365058064460754e-02 -4.503909498453140259e-02 1.480164285749197006e-02 3.845246508717536926e-02 9.981351494789123535e-01
9.403546899557113647e-02 -4.310257360339164734e-02 4.722282662987709045e-02 -4.231119155883789062e-02 1.569595374166965485e-02 3.534916043281555176e-02 9.983555674552917480e-01
8.009115606546401978e-02 -3.730293735861778259e-02 4.258392006158828735e-02 -3.911364823579788208e-02 1.450122706592082977e-02 2.970420755445957184e-02 9.986878633499145508e-01
6.763628125190734863e-02 -2.961586788296699524e-02 3.652041405439376831e-02 -3.457549214363098145e-02 1.577397435903549194e-02 2.480132877826690674e-02 9.989697933197021484e-01
5.579375848174095154e-02 -2.044750936329364777e-02 3.012141585350036621e-02 -2.901443839073181152e-02 1.533091999590396881e-02 1.655209064483642578e-02 9.993243217468261719e-01
4.211190715432167053e-02 -1.781113632023334503e-02 2.217937633395195007e-02 -2.448273822665214539e-02 1.277922187000513077e-02 1.115828379988670349e-02 9.995563030242919922e-01
2.796150743961334229e-02 -1.394628826528787613e-02 1.554570533335208893e-02 -2.030908875167369843e-02 6.335581187158823013e-03 6.982417777180671692e-03 9.997493028640747070e-01
1.530433725565671921e-02 -8.348491974174976349e-03 7.760252803564071655e-03 -1.545052789151668549e-02 -2.839469234459102154e-04 1.123295282013714314e-03 9.998799562454223633e-01
1.032049395143985748e-02 -2.663477789610624313e-03 5.342162214219570160e-03 -9.305714629590511322e-03 1.235630188602954149e-04 -4.394350107759237289e-03 9.999470114707946777e-01
1.069342065602540970e-02 -3.894846653565764427e-03 6.854225415736436844e-03 -6.224862299859523773e-03 8.750148699618875980e-04 -7.705634925514459610e-03 9.999505281448364258e-01
1.195403467863798141e-02 -5.689598154276609421e-03 6.816920824348926544e-03 -1.752248150296509266e-03 1.165151828899979591e-03 -1.105373911559581757e-02 9.999366998672485352e-01
1.340130344033241272e-02 -7.250995840877294540e-03 6.837191991508007050e-03 9.902720339596271515e-04 1.321226824074983597e-03 -1.371391024440526962e-02 9.999045729637145996e-01
1.369129307568073273e-02 -1.145857945084571838e-02 5.473876371979713440e-03 4.406071268022060394e-03 1.646078075282275677e-03 -1.534563116729259491e-02 9.998711943626403809e-01
1.484565716236829758e-02 -1.341290306299924850e-02 5.623678676784038544e-03 6.584565155208110809e-03 2.171371132135391235e-03 -1.636035181581974030e-02 9.998421072959899902e-01
1.595502346754074097e-02 -1.472285669296979904e-02 7.684549316763877869e-03 8.748309686779975891e-03 2.569372300058603287e-03 -1.727497577667236328e-02 9.998092055320739746e-01
1.743506826460361481e-02 -1.603143662214279175e-02 9.199152700603008270e-03 1.008889544755220413e-02 2.615883247926831245e-03 -1.828136853873729706e-02 9.997785687446594238e-01
1.964312978088855743e-02 -1.766641251742839813e-02 9.058405645191669464e-03 1.148146018385887146e-02 2.494168002158403397e-03 -1.844530366361141205e-02 9.997608065605163574e-01
2.124432660639286041e-02 -1.960357464849948883e-02 1.001922879368066788e-02 1.247625052928924561e-02 1.978127518668770790e-03 -1.737851649522781372e-02 9.997692108154296875e-01
2.499618194997310638e-02 -1.861879602074623108e-02 1.207204349339008331e-02 1.327890064567327499e-02 2.227973192930221558e-03 -1.590414531528949738e-02 9.997828602790832520e-01
2.780628390610218048e-02 -2.022520825266838074e-02 1.199620123952627182e-02 1.406801212579011917e-02 1.688592834398150444e-03 -1.374795939773321152e-02 9.998050928115844727e-01
3.053355589509010315e-02 -2.276181429624557495e-02 1.074591837823390961e-02 1.493995543569326401e-02 3.948515513911843300e-04 -1.086538005620241165e-02 9.998292922973632812e-01
3.472494706511497498e-02 -2.133886702358722687e-02 1.339226122945547104e-02 1.394753437489271164e-02 1.018620023387484252e-04 -7.968989200890064240e-03 9.998709559440612793e-01
3.844416141510009766e-02 -2.170879021286964417e-02 1.428578980267047882e-02 1.367265451699495316e-02 -4.405096697155386209e-04 -4.386677406728267670e-03 9.998968243598937988e-01
4.020336642861366272e-02 -2.647702768445014954e-02 1.380056608468294144e-02 1.322441268712282181e-02 -1.713262056000530720e-03 -7.710337522439658642e-04 9.999107718467712402e-01
4.481857270002365112e-02 -2.458695881068706512e-02 1.713712140917778015e-02 1.104606967419385910e-02 -4.012017961940728128e-05 4.900789353996515274e-03 9.999269843101501465e-01
4.827558621764183044e-02 -2.439799532294273376e-02 2.069618552923202515e-02 8.782440796494483948e-03 2.955886702693533152e-05 9.730626828968524933e-03 9.999141097068786621e-01
5.031404271721839905e-02 -2.866332605481147766e-02 2.209700644016265869e-02 5.678205285221338272e-03 -6.900523323565721512e-03 1.473857089877128601e-02 9.998514652252197266e-01
5.397260561585426331e-02 -3.161412104964256287e-02 2.125348895788192749e-02 3.030578373000025749e-03 -1.480957679450511932e-02 1.913660764694213867e-02 9.997025728225708008e-01
5.595972761511802673e-02 -3.545768186450004578e-02 2.287818863987922668e-02 2.827561111189424992e-04 -1.594989374279975891e-02 2.410501986742019653e-02 9.995821714401245117e-01
6.029041483998298645e-02 -3.552178293466567993e-02 2.383567951619625092e-02 -2.294894540682435036e-03 -1.667626388370990753e-02 2.829415537416934967e-02 9.994578957557678223e-01
6.281078606843948364e-02 -3.783688694238662720e-02 2.527715265750885010e-02 -3.703335300087928772e-03 -1.641871407628059387e-02 3.122005984187126160e-02 9.993708133697509766e-01
6.475860625505447388e-02 -4.149767756462097168e-02 2.537457458674907684e-02 -4.480700939893722534e-03 -1.725663617253303528e-02 3.336528316140174866e-02 9.992842078208923340e-01
5.951177328824996948e-02 -4.130724444985389709e-02 2.388123422861099243e-02 -6.228288169950246811e-03 -1.734989881515502930e-02 3.536343201994895935e-02 9.992045164108276367e-01
4.747259989380836487e-02 -3.664121404290199280e-02 2.071213722229003906e-02 -9.232212789356708527e-03 -1.735219359397888184e-02 3.915170952677726746e-02 9.990399479866027832e-01
3.855063021183013916e-02 -2.975054271519184113e-02 1.326026208698749542e-02 -8.813962340354919434e-03 -1.797083951532840729e-02 4.014946147799491882e-02 9.989931583404541016e-01
3.161887079477310181e-02 -1.843782886862754822e-02 7.802106440067291260e-03 -6.909075193107128143e-03 -1.761852763593196869e-02 3.747718408703804016e-02 9.991182684898376465e-01
2.199297398328781128e-02 -8.497892878949642181e-03 6.685242056846618652e-03 -8.321339264512062073e-03 -1.589581929147243500e-02 3.992289677262306213e-02 9.990416765213012695e-01
1.539750117808580399e-02 -5.913803819566965103e-03 6.363245192915201187e-03 -8.014585822820663452e-03 -1.486488431692123413e-02 4.258654639124870300e-02 9.989500641822814941e-01
1.463544834405183792e-02 -6.256425287574529648e-03 3.707177005708217621e-03 -7.608662825077772141e-03 -1.586582697927951813e-02 4.133084416389465332e-02 9.989905357360839844e-01
1.349873002618551254e-02 -1.687568495981395245e-03 6.060698535293340683e-03 -6.990124471485614777e-03 -1.200290489941835403e-02 3.951171040534973145e-02 9.991225600242614746e-01
1.272692624479532242e-02 -3.545642364770174026e-03 1.858269330114126205e-03 -7.623854093253612518e-03 -1.351750269532203674e-02 3.703303262591362000e-02 9.991935491561889648e-01
1.124432310461997986e-02 -2.068651141598820686e-03 2.410857006907463074e-03 -6.307339295744895935e-03 -1.077510043978691101e-02 3.580665215849876404e-02 9.992807507514953613e-01
9.921953082084655762e-03 5.194741534069180489e-04 4.777460417244583368e-04 -4.749092273414134979e-03 -8.971060626208782196e-03 3.170077130198478699e-02 9.994458556175231934e-01
7.902489043772220612e-03 -8.073573699221014977e-04 1.827746629714965820e-03 -3.527798457071185112e-03 -4.860150627791881561e-03 2.917061187326908112e-02 9.995564222335815430e-01
8.691185154020786285e-03 -1.743761240504682064e-03 2.062835032120347023e-03 -2.047713380306959152e-03 -1.993745798245072365e-03 2.330034226179122925e-02 9.997244477272033691e-01
9.461365640163421631e-03 -1.065773703157901764e-02 2.934289630502462387e-03 -8.026912109926342964e-04 2.169132232666015625e-03 2.146997116506099701e-02 9.997668266296386719e-01
