0.000000000000000000e+00 0.000000000000000000e+00 0.000000000000000000e+00 3.284156800675841481e-14 -3.237576873260650245e-12 -3.435706580345865291e-14 1.000000000000000000e+00
8.979517221450805664e-02 -2.307679969817399979e-03 1.304032374173402786e-02 -1.030785311013460159e-02 1.904943841509521008e-03 5.668412428349256516e-03 9.999290108680725098e-01
1.733286827802658081e-01 -6.588288117200136185e-03 2.524092048406600952e-02 -1.922485604882240295e-02 3.698829561471939087e-03 9.919008240103721619e-03 9.997591972351074219e-01
2.473305165767669678e-01 1.302521768957376480e-02 1.248987484723329544e-02 -2.918912842869758606e-02 1.191637056763283908e-05 7.168185897171497345e-03 9.995482563972473145e-01
3.136725723743438721e-01 1.898284815251827240e-02 -1.986107788980007172e-03 -4.264656081795692444e-02 -3.534777089953422546e-03 7.719782181084156036e-03 9.990541338920593262e-01
3.733194172382354736e-01 2.157636731863021851e-02 -1.327917631715536118e-02 -5.639950931072235107e-02 -6.024322006851434708e-03 8.308410644531250000e-03 9.983555078506469727e-01
4.261651039123535156e-01 2.228922583162784576e-02 -1.781015470623970032e-02 -6.969052553176879883e-02 -6.168432068079710007e-03 9.615917690098285675e-03 9.975032210350036621e-01
4.707035124301910400e-01 2.700427919626235962e-02 -2.315419912338256836e-02 -8.223548531532287598e-02 -6.491628009825944901e-03 7.661648094654083252e-03 9.965623021125793457e-01
5.076797008514404297e-01 3.092496655881404877e-02 -2.574241906404495239e-02 -9.411649405956268311e-02 -5.768638104200363159e-03 5.420822650194168091e-03 9.955296516418457031e-01
5.366624593734741211e-01 3.552260622382164001e-02 -2.689982950687408447e-02 -1.037540435791015625e-01 -4.480786621570587158e-03 1.683538663201034069e-03 9.945914149284362793e-01
5.577630400657653809e-01 3.919835388660430908e-02 -2.836772054433822632e-02 -1.122436672449111938e-01 -2.883928362280130386e-03 -1.975158695131540298e-03 9.936745762825012207e-01
5.709866285324096680e-01 4.115871712565422058e-02 -2.895714715123176575e-02 -1.203472539782524109e-01 -3.783127758651971817e-03 -4.160656593739986420e-03 9.927158951759338379e-01
5.765592455863952637e-01 4.218754172325134277e-02 -2.972820773720741272e-02 -1.264166235923767090e-01 -4.685114603489637375e-03 -6.293550599366426468e-03 9.919461607933044434e-01
5.824069380760192871e-01 4.443313181400299072e-02 -2.912187203764915466e-02 -1.292797327041625977e-01 -5.476127844303846359e-03 -1.126299239695072174e-02 9.915290474891662598e-01
5.890160799026489258e-01 4.610707238316535950e-02 -2.716588601469993591e-02 -1.300247162580490112e-01 -6.554298568516969681e-03 -1.767121627926826477e-02 9.913316369056701660e-01
5.964139103889465332e-01 4.472048580646514893e-02 -2.451878041028976440e-02 -1.288398057222366333e-01 -7.641084957867860794e-03 -2.546521276235580444e-02 9.913090467453002930e-01
6.043871641159057617e-01 4.284404218196868896e-02 -2.131700143218040466e-02 -1.264885962009429932e-01 -8.652739226818084717e-03 -3.397293016314506531e-02 9.913482666015625000e-01
6.132240891456604004e-01 4.008415713906288147e-02 -1.792769506573677063e-02 -1.232426017522811890e-01 -9.716619737446308136e-03 -4.376884177327156067e-02 9.913632273674011230e-01
6.228067874908447266e-01 3.675315156579017639e-02 -1.383649278432130814e-02 -1.190368086099624634e-01 -1.069630589336156845e-02 -5.425826832652091980e-02 9.913485050201416016e-01
6.331552863121032715e-01 3.215943276882171631e-02 -9.572048671543598175e-03 -1.136742606759071350e-01 -1.220106519758701324e-02 -6.523002684116363525e-02 9.912993907928466797e-01
6.446468830108642578e-01 2.692204713821411133e-02 -5.347487982362508774e-03 -1.072514057159423828e-01 -1.362463273108005524e-02 -7.698001712560653687e-02 9.911536574363708496e-01
6.570190191268920898e-01 2.074562385678291321e-02 -6.175055168569087982e-04 -1.001812145113945007e-01 -1.509571820497512817e-02 -8.876666426658630371e-02 9.908866286277770996e-01
6.703686118125915527e-01 1.323592476546764374e-02 3.955245949327945709e-03 -9.132878482341766357e-02 -1.715301722288131714e-02 -9.984079003334045410e-02 9.906547069549560547e-01
6.850791573524475098e-01 5.276054609566926956e-03 8.908000774681568146e-03 -8.214859664440155029e-02 -1.887775398790836334e-02 -1.106031090021133423e-01 9.902839064598083496e-01
7.010509967803955078e-01 -3.320361953228712082e-03 1.445830706506967545e-02 -7.195238769054412842e-02 -2.078497782349586487e-02 -1.203489452600479126e-01 9.899024367332458496e-01
7.181632518768310547e-01 -1.292665489017963409e-02 2.076975628733634949e-02 -6.159063428640365601e-02 -2.264599502086639404e-02 -1.282307058572769165e-01 9.895709156990051270e-01
7.357043027877807617e-01 -2.521150000393390656e-02 2.702911570668220520e-02 -5.100526660680770874e-02 -2.491217292845249176e-02 -1.329938620328903198e-01 9.894899725914001465e-01
7.543480396270751953e-01 -3.879142552614212036e-02 3.397592157125473022e-02 -4.094091430306434631e-02 -2.679991535842418671e-02 -1.353942453861236572e-01 9.895827174186706543e-01
7.738976478576660156e-01 -5.432494729757308960e-02 4.118563234806060791e-02 -3.182705491781234741e-02 -2.890532277524471283e-02 -1.358438283205032349e-01 9.897968769073486328e-01
7.947291731834411621e-01 -7.062176614999771118e-02 5.016057193279266357e-02 -2.461086213588714600e-02 -3.007998503744602203e-02 -1.345554739236831665e-01 9.901435375213623047e-01
8.172464370727539062e-01 -8.680061250925064087e-02 6.162597984075546265e-02 -2.011044509708881378e-02 -3.053666651248931885e-02 -1.318779140710830688e-01 9.905913472175598145e-01
8.413245677947998047e-01 -1.026684343814849854e-01 7.550655305385589600e-02 -1.931266859173774719e-02 -3.344102576375007629e-02 -1.295255273580551147e-01 9.908238053321838379e-01
8.675404787063598633e-01 -1.185743659734725952e-01 9.036463499069213867e-02 -1.870097965002059937e-02 -3.587752208113670349e-02 -1.262717097997665405e-01 9.911702275276184082e-01
8.965581655502319336e-01 -1.335793137550354004e-01 1.055646687746047974e-01 -1.832127757370471954e-02 -3.884197026491165161e-02 -1.226626038551330566e-01 9.915187954902648926e-01
9.267413616180419922e-01 -1.504250019788742065e-01 1.211514919996261597e-01 -1.796337403357028961e-02 -4.149095714092254639e-02 -1.188704892992973328e-01 9.918798804283142090e-01
9.587168693542480469e-01 -1.672196388244628906e-01 1.374002099037170410e-01 -1.804289221763610840e-02 -4.453081637620925903e-02 -1.153023317456245422e-01 9.921677708625793457e-01
9.922637343406677246e-01 -1.850855201482772827e-01 1.540331542491912842e-01 -1.864115707576274872e-02 -4.803674668073654175e-02 -1.108632460236549377e-01 9.924991130828857422e-01
1.023532867431640625e+00 -1.919359564781188965e-01 1.686059087514877319e-01 -1.913006603717803955e-02 -5.041861534118652344e-02 -1.075915992259979248e-01 9.927316904067993164e-01
1.050689339637756348e+00 -1.922019571065902710e-01 1.775346696376800537e-01 -1.960341073572635651e-02 -5.454745888710021973e-02 -1.031330078840255737e-01 9.929773211479187012e-01
1.072254300117492676e+00 -1.907506585121154785e-01 1.816206574440002441e-01 -2.198607474565505981e-02 -6.100419163703918457e-02 -9.610468149185180664e-02 9.932567477226257324e-01
1.087216377258300781e+00 -1.882231533527374268e-01 1.844538748264312744e-01 -2.504277974367141724e-02 -6.806703656911849976e-02 -8.584494143724441528e-02 9.936650991439819336e-01
1.095763325691223145e+00 -1.859739720821380615e-01 1.868003010749816895e-01 -2.756963856518268585e-02 -7.387413829565048218e-02 -7.285006344318389893e-02 9.942210316658020020e-01
1.103784918785095215e+00 -1.840494126081466675e-01 1.889649480581283569e-01 -3.037058748304843903e-02 -7.927416265010833740e-02 -5.923430249094963074e-02 9.946278333663940430e-01
1.111032485961914062e+00 -1.819055229425430298e-01 1.909773349761962891e-01 -3.282902017235755920e-02 -8.414496481418609619e-02 -4.605470597743988037e-02 9.948471188545227051e-01
1.117554903030395508e+00 -1.799844056367874146e-01 1.929159313440322876e-01 -3.516089171171188354e-02 -8.842886984348297119e-02 -3.284102305769920349e-02 9.949198961257934570e-01
1.123323440551757812e+00 -1.783011853694915771e-01 1.947233378887176514e-01 -3.773313760757446289e-02 -9.238022565841674805e-02 -1.961565203964710236e-02 9.948151707649230957e-01
1.128246068954467773e+00 -1.766747683286666870e-01 1.962556242942810059e-01 -4.027684032917022705e-02 -9.548760205507278442e-02 -6.984843406826257706e-03 9.945909976959228516e-01
1.132357835769653320e+00 -1.753333508968353271e-01 1.977036297321319580e-01 -4.246704652905464172e-02 -9.753277152776718140e-02 4.083086736500263214e-03 9.943175315856933594e-01
1.135589241981506348e+00 -1.742010414600372314e-01 1.986414045095443726e-01 -4.463151842355728149e-02 -9.885741025209426880e-02 1.426749955862760544e-02 9.939978718757629395e-01
1.141009569168090820e+00 -1.732311546802520752e-01 2.001395821571350098e-01 -4.539276286959648132e-02 -9.919697046279907227e-02 2.038826793432235718e-02 9.938228726387023926e-01
1.149451255798339844e+00 -1.720445603132247925e-01 2.024405151605606079e-01 -4.439485445618629456e-02 -9.877835214138031006e-02 2.132959850132465363e-02 9.938897490501403809e-01
1.313203811645507812e+00 -1.741090118885040283e-01 2.627272903919219971e-01 -7.172959297895431519e-02 -9.536756575107574463e-02 2.989078685641288757e-02 9.924044013023376465e-01
1.467363119125366211e+00 -1.424265354871749878e-01 2.916959822177886963e-01 -8.745692670345306396e-02 -9.682709723711013794e-02 2.802350744605064392e-02 9.910552501678466797e-01
1.608908772468566895e+00 -1.124301403760910034e-01 2.893981337547302246e-01 -1.087970659136772156e-01 -1.043085232377052307e-01 2.410273812711238861e-02 9.882823228836059570e-01
1.737661838531494141e+00 -1.018765196204185486e-01 2.850172817707061768e-01 -1.344222128391265869e-01 -1.112010255455970764e-01 2.212193049490451813e-02 9.844164252281188965e-01
1.850728750228881836e+00 -9.681969881057739258e-02 2.960092723369598389e-01 -1.597961634397506714e-01 -1.129044890403747559e-01 2.191004157066345215e-02 9.804272651672363281e-01
1.948173999786376953e+00 -8.791423588991165161e-02 3.026872277259826660e-01 -1.841729283332824707e-01 -1.145558655261993408e-01 1.757054403424263000e-02 9.760371446609497070e-01
2.029458045959472656e+00 -7.700349390506744385e-02 3.103942275047302246e-01 -2.067039161920547485e-01 -1.150047853589057922e-01 1.036235876381397247e-02 9.715657234191894531e-01
2.094713687896728516e+00 -6.628504395484924316e-02 3.184640407562255859e-01 -2.263049334287643433e-01 -1.138236373662948608e-01 1.432489603757858276e-03 9.673821330070495605e-01
2.144192457199096680e+00 -5.670768395066261292e-02 3.249993920326232910e-01 -2.427253276109695435e-01 -1.117631271481513977e-01 -8.187715895473957062e-03 9.636007547378540039e-01
2.178547620773315430e+00 -5.128432810306549072e-02 3.278848826885223389e-01 -2.581091225147247314e-01 -1.119502335786819458e-01 -1.555621437728404999e-02 9.594815373420715332e-01
2.197357654571533203e+00 -4.848055541515350342e-02 3.294542729854583740e-01 -2.715865075588226318e-01 -1.143759191036224365e-01 -2.085464261472225189e-02 9.553658962249755859e-01
2.208731412887573242e+00 -4.518156498670578003e-02 3.308340907096862793e-01 -2.791034579277038574e-01 -1.168578267097473145e-01 -2.847961895167827606e-02 9.526984691619873047e-01
2.220476627349853516e+00 -4.032954946160316467e-02 3.347073495388031006e-01 -2.815518975257873535e-01 -1.202186197042465210e-01 -3.959369659423828125e-02 9.511616230010986328e-01
2.233166933059692383e+00 -3.860357031226158142e-02 3.423047065734863281e-01 -2.798228859901428223e-01 -1.244125962257385254e-01 -5.314463376998901367e-02 9.504715800285339355e-01
2.246430397033691406e+00 -3.982940316200256348e-02 3.523792624473571777e-01 -2.745799720287322998e-01 -1.288784146308898926e-01 -6.803940981626510620e-02 9.504561424255371094e-01
2.260817050933837891e+00 -4.248081892728805542e-02 3.639857172966003418e-01 -2.671626806259155273e-01 -1.336690187454223633e-01 -8.485002070665359497e-02 9.505562186241149902e-01
2.276027441024780273e+00 -4.685375839471817017e-02 3.774555623531341553e-01 -2.576619982719421387e-01 -1.388719379901885986e-01 -1.032749041914939880e-01 9.506099224090576172e-01
2.292180776596069336e+00 -5.303204059600830078e-02 3.926633894443511963e-01 -2.457176297903060913e-01 -1.448595374822616577e-01 -1.226881891489028931e-01 9.505714774131774902e-01
2.309591770172119141e+00 -6.167634949088096619e-02 4.090263843536376953e-01 -2.314254790544509888e-01 -1.515881717205047607e-01 -1.429362297058105469e-01 9.502801895141601562e-01
2.328378677368164062e+00 -7.216922938823699951e-02 4.268296360969543457e-01 -2.155026644468307495e-01 -1.580695658922195435e-01 -1.638263314962387085e-01 9.495964646339416504e-01
2.347736835479736328e+00 -8.570708334445953369e-02 4.462718665599822998e-01 -1.974145919084548950e-01 -1.654595583677291870e-01 -1.833617985248565674e-01 9.486985802650451660e-01
2.368409872055053711e+00 -1.018204241991043091e-01 4.670130014419555664e-01 -1.776854842901229858e-01 -1.724730283021926880e-01 -2.013341188430786133e-01 9.477054476737976074e-01
2.390567779541015625e+00 -1.199418082833290100e-01 4.895251095294952393e-01 -1.564443409442901611e-01 -1.797520965337753296e-01 -2.175966650247573853e-01 9.465020298957824707e-01
2.413963556289672852e+00 -1.400975584983825684e-01 5.142691135406494141e-01 -1.342238038778305054e-01 -1.867816150188446045e-01 -2.311063259840011597e-01 9.453499317169189453e-01
2.437218666076660156e+00 -1.647583097219467163e-01 5.405666232109069824e-01 -1.122514978051185608e-01 -1.941109150648117065e-01 -2.395829856395721436e-01 9.446272253990173340e-01
2.460327863693237305e+00 -1.944977194070816040e-01 5.676745772361755371e-01 -9.133911877870559692e-02 -2.011476457118988037e-01 -2.424056679010391235e-01 9.446884989738464355e-01
2.484044790267944336e+00 -2.276571244001388550e-01 5.967564582824707031e-01 -7.245714217424392700e-02 -2.075524181127548218e-01 -2.417095899581909180e-01 9.451181888580322266e-01
2.508249282836914062e+00 -2.642754018306732178e-01 6.280639767646789551e-01 -5.721573159098625183e-02 -2.125186175107955933e-01 -2.375442981719970703e-01 9.461156725883483887e-01
2.533925056457519531e+00 -3.008068799972534180e-01 6.649466753005981445e-01 -4.670994356274604797e-02 -2.148591578006744385e-01 -2.317779809236526489e-01 9.475930929183959961e-01
2.560876131057739258e+00 -3.370158672332763672e-01 7.074190378189086914e-01 -4.331756755709648132e-02 -2.182671278715133667e-01 -2.258369326591491699e-01 9.484096169471740723e-01
2.590198516845703125e+00 -3.728770911693572998e-01 7.545186877250671387e-01 -4.338125884532928467e-02 -2.235635668039321899e-01 -2.200510799884796143e-01 9.485329985618591309e-01
2.623617649078369141e+00 -4.083709120750427246e-01 8.048725724220275879e-01 -4.410285875201225281e-02 -2.285359650850296021e-01 -2.133075594902038574e-01 9.488551616668701172e-01
2.660614728927612305e+00 -4.445169568061828613e-01 8.576886653900146484e-01 -4.502471908926963806e-02 -2.337749898433685303e-01 -2.058228999376296997e-01 9.491885900497436523e-01
2.699052095413208008e+00 -4.827991724014282227e-01 9.131215810775756836e-01 -4.644428566098213196e-02 -2.389666885137557983e-01 -1.987223625183105469e-01 9.493404626846313477e-01
2.740367650985717773e+00 -5.217527747154235840e-01 9.708729386329650879e-01 -4.906602576375007629e-02 -2.451876997947692871e-01 -1.907824277877807617e-01 9.492511153221130371e-01
2.783179521560668945e+00 -5.510480403900146484e-01 1.026794552803039551e+00 -5.190532654523849487e-02 -2.507027089595794678e-01 -1.836950480937957764e-01 9.490574598312377930e-01
2.826037168502807617e+00 -5.622380375862121582e-01 1.072217226028442383e+00 -5.481662601232528687e-02 -2.566088438034057617e-01 -1.757497638463973999e-01 9.488198161125183105e-01
2.865283966064453125e+00 -5.655712485313415527e-01 1.103771328926086426e+00 -6.089785695075988770e-02 -2.661196589469909668e-01 -1.639781892299652100e-01 9.479361176490783691e-01
2.896297454833984375e+00 -5.643345713615417480e-01 1.124680757522583008e+00 -7.029946148395538330e-02 -2.783149182796478271e-01 -1.479234844446182251e-01 9.464235305786132812e-01
2.915749549865722656e+00 -5.601564645767211914e-01 1.138990163803100586e+00 -8.061350136995315552e-02 -2.893657088279724121e-01 -1.258429884910583496e-01 9.454800486564636230e-01
2.929302930831909180e+00 -5.560423731803894043e-01 1.149569869041442871e+00 -9.087658673524856567e-02 -2.982697188854217529e-01 -1.005618572235107422e-01 9.448089599609375000e-01
2.941518545150756836e+00 -5.517308115959167480e-01 1.159533262252807617e+00 -1.013141274452209473e-01 -3.063729405403137207e-01 -7.514147460460662842e-02 9.435172677040100098e-01
2.952441453933715820e+00 -5.468828082084655762e-01 1.168420553207397461e+00 -1.108305677771568298e-01 -3.129487037658691406e-01 -4.992782324552536011e-02 9.419590830802917480e-01
2.961896419525146484e+00 -5.423278808593750000e-01 1.176658153533935547e+00 -1.211522221565246582e-01 -3.186806440353393555e-01 -2.454525232315063477e-02 9.397671818733215332e-01
2.970065355300903320e+00 -5.378327369689941406e-01 1.183699965476989746e+00 -1.311962753534317017e-01 -3.231070339679718018e-01 2.669179812073707581e-04 9.372242689132690430e-01
2.976753473281860352e+00 -5.336105823516845703e-01 1.189731836318969727e+00 -1.410374343395233154e-01 -3.257958292961120605e-01 2.293511480093002319e-02 9.345798492431640625e-01
2.982233047485351562e+00 -5.301066040992736816e-01 1.194644927978515625e+00 -1.497830748558044434e-01 -3.267906010150909424e-01 4.317304864525794983e-02 9.321529269218444824e-01
2.988579988479614258e+00 -5.263648033142089844e-01 1.199988007545471191e+00 -1.564481705427169800e-01 -3.266837894916534424e-01 5.886918306350708008e-02 9.302344322204589844e-01
2.999099731445312500e+00 -5.215684771537780762e-01 1.208822250366210938e+00 -1.577108651399612427e-01 -3.255925476551055908e-01 6.564264744520187378e-02 9.299504756927490234e-01
