2.616429710388183594e+01 -2.226403045654296875e+01 -9.312875270843505859e-01 -9.828075766563415527e-02 1.950348913669586182e-01 7.394629120826721191e-01 6.367863416671752930e-01
2.616371154785156250e+01 -2.217281150817871094e+01 -9.335740804672241211e-01 -1.150443255901336670e-01 1.832592040300369263e-01 7.594124078750610352e-01 6.135740280151367188e-01
2.616235733032226562e+01 -2.208924102783203125e+01 -9.349806904792785645e-01 -1.317156404256820679e-01 1.714167743921279907e-01 7.774058580398559570e-01 5.906828045845031738e-01
2.616026878356933594e+01 -2.201341056823730469e+01 -9.357740879058837891e-01 -1.481156349182128906e-01 1.596851795911788940e-01 7.933980822563171387e-01 5.684007406234741211e-01
2.615756225585937500e+01 -2.194540023803710938e+01 -9.360319972038269043e-01 -1.640769690275192261e-01 1.482433825731277466e-01 8.073761463165283203e-01 5.470305085182189941e-01
2.615439796447753906e+01 -2.188526344299316406e+01 -9.357947111129760742e-01 -1.794434040784835815e-01 1.372693777084350586e-01 8.193560242652893066e-01 5.268842577934265137e-01
2.615091133117675781e+01 -2.183304786682128906e+01 -9.350998401641845703e-01 -1.940723061561584473e-01 1.269402503967285156e-01 8.293764591217041016e-01 5.082806944847106934e-01
2.614725875854492188e+01 -2.178877830505371094e+01 -9.339727759361267090e-01 -2.078257948160171509e-01 1.174262389540672302e-01 8.374951481819152832e-01 4.915410280227661133e-01
2.614359474182128906e+01 -2.175250053405761719e+01 -9.324364662170410156e-01 -2.205991446971893311e-01 1.089066192507743835e-01 8.437741398811340332e-01 4.769806563854217529e-01
2.614005470275878906e+01 -2.172419166564941406e+01 -9.305025339126586914e-01 -2.322077602148056030e-01 1.015074402093887329e-01 8.482978940010070801e-01 4.649246931076049805e-01
2.613677787780761719e+01 -2.170393943786621094e+01 -9.281795620918273926e-01 -2.427973747253417969e-01 9.553100913763046265e-02 8.510642647743225098e-01 4.556314051151275635e-01
2.613391113281250000e+01 -2.169167137145996094e+01 -9.254093170166015625e-01 -2.468550205230712891e-01 8.807561546564102173e-02 8.535139560699462891e-01 4.503393471240997314e-01
2.613141059875488281e+01 -2.168758010864257812e+01 -9.221867322921752930e-01 -2.498872578144073486e-01 8.211364597082138062e-02 8.544838428497314453e-01 4.479466378688812256e-01
2.612924575805664062e+01 -2.168315696716308594e+01 -9.190476536750793457e-01 -2.523174881935119629e-01 7.769165933132171631e-02 8.541033864021301270e-01 4.480974972248077393e-01
2.612737274169921875e+01 -2.167791557312011719e+01 -9.160045981407165527e-01 -2.541536390781402588e-01 7.464487850666046143e-02 8.525707721710205078e-01 4.504888951778411865e-01
2.612573432922363281e+01 -2.167194747924804688e+01 -9.130405783653259277e-01 -2.554766237735748291e-01 7.286811619997024536e-02 8.500407338142395020e-01 4.547907412052154541e-01
2.612428474426269531e+01 -2.166511535644531250e+01 -9.101480841636657715e-01 -2.563184499740600586e-01 7.224433869123458862e-02 8.466655611991882324e-01 4.606729745864868164e-01
2.612296676635742188e+01 -2.165739440917968750e+01 -9.073277711868286133e-01 -2.567017972469329834e-01 7.266405224800109863e-02 8.425931334495544434e-01 4.678034484386444092e-01
2.612171173095703125e+01 -2.164871406555175781e+01 -9.045774936676025391e-01 -2.566370666027069092e-01 7.401909679174423218e-02 8.379742503166198730e-01 4.758527576923370361e-01
2.612047004699707031e+01 -2.163901519775390625e+01 -9.018973708152770996e-01 -2.561286389827728271e-01 7.620348036289215088e-02 8.329653143882751465e-01 4.844964146614074707e-01
2.611918830871582031e+01 -2.162824440002441406e+01 -8.992869853973388672e-01 -2.551798522472381592e-01 7.911138236522674561e-02 8.277317881584167480e-01 4.934167861938476562e-01
2.611782455444335938e+01 -2.161633110046386719e+01 -8.967535495758056641e-01 -2.537965178489685059e-01 8.263845741748809814e-02 8.224481344223022461e-01 5.023058056831359863e-01
2.611633300781250000e+01 -2.160321044921875000e+01 -8.942938446998596191e-01 -2.519915997982025146e-01 8.667939156293869019e-02 8.172988295555114746e-01 5.108641982078552246e-01
2.611467742919921875e+01 -2.158879852294921875e+01 -8.919109106063842773e-01 -2.497873604297637939e-01 9.112918376922607422e-02 8.124760985374450684e-01 5.188026428222656250e-01
2.611285972595214844e+01 -2.157302856445312500e+01 -8.895369768142700195e-01 -2.472188770771026611e-01 9.588324278593063354e-02 8.081781268119812012e-01 5.258407592773437500e-01
2.611083221435546875e+01 -2.155582618713378906e+01 -8.872184157371520996e-01 -2.443357557058334351e-01 1.008365079760551453e-01 8.046063780784606934e-01 5.317058563232421875e-01
2.610857772827148438e+01 -2.153710937500000000e+01 -8.849596977233886719e-01 -2.412061244249343872e-01 1.058847829699516296e-01 8.019609451293945312e-01 5.361309051513671875e-01
2.610607337951660156e+01 -2.151679229736328125e+01 -8.827487230300903320e-01 -2.379091829061508179e-01 1.109184473752975464e-01 8.004387617111206055e-01 5.388539433479309082e-01
2.610330581665039062e+01 -2.149480628967285156e+01 -8.805728554725646973e-01 -2.345683425664901733e-01 1.158412173390388489e-01 8.002192378044128418e-01 5.396079421043395996e-01
2.610025596618652344e+01 -2.147106742858886719e+01 -8.784123659133911133e-01 -2.312307506799697876e-01 1.204876080155372620e-01 8.014903664588928223e-01 5.381428003311157227e-01
2.609688949584960938e+01 -2.144549751281738281e+01 -8.762463927268981934e-01 -2.283166199922561646e-01 1.249192208051681519e-01 8.043263554573059082e-01 5.341307520866394043e-01
2.609318733215332031e+01 -2.141808319091796875e+01 -8.740108013153076172e-01 -2.197896093130111694e-01 1.248994842171669006e-01 8.103672862052917480e-01 5.285526514053344727e-01
2.608910369873046875e+01 -2.138874244689941406e+01 -8.717268705368041992e-01 -2.106180936098098755e-01 1.238909959793090820e-01 8.181656002998352051e-01 5.204485058784484863e-01
2.608464622497558594e+01 -2.135758209228515625e+01 -8.693660497665405273e-01 -2.011682987213134766e-01 1.221815049648284912e-01 8.273488879203796387e-01 5.099688768386840820e-01
2.607982444763183594e+01 -2.132464408874511719e+01 -8.668971657752990723e-01 -1.914413422346115112e-01 1.198073178529739380e-01 8.376278877258300781e-01 4.973409473896026611e-01
2.607464790344238281e+01 -2.129014587402343750e+01 -8.642845153808593750e-01 -1.815394014120101929e-01 1.168729215860366821e-01 8.486942052841186523e-01 4.827784001827239990e-01
2.606913375854492188e+01 -2.125385475158691406e+01 -8.615226149559020996e-01 -1.715428233146667480e-01 1.134680211544036865e-01 8.602549433708190918e-01 4.665110409259796143e-01
2.606330680847167969e+01 -2.122377967834472656e+01 -8.581001758575439453e-01 -1.615441739559173584e-01 1.096899509429931641e-01 8.720323443412780762e-01 4.487810432910919189e-01
2.605719757080078125e+01 -2.120038032531738281e+01 -8.539829254150390625e-01 -1.516400277614593506e-01 1.056384518742561340e-01 8.837708830833435059e-01 4.298467040061950684e-01
2.605087661743164062e+01 -2.118364906311035156e+01 -8.491683006286621094e-01 -1.419338285923004150e-01 1.014173775911331177e-01 8.952409625053405762e-01 4.099826514720916748e-01
2.604440307617187500e+01 -2.117363739013671875e+01 -8.436563014984130859e-01 -1.325349509716033936e-01 9.713447839021682739e-02 9.062428474426269531e-01 3.894816637039184570e-01
2.603785705566406250e+01 -2.117064857482910156e+01 -8.374406695365905762e-01 -1.235580891370773315e-01 9.290050715208053589e-02 9.166095852851867676e-01 3.686498403549194336e-01
2.603135299682617188e+01 -2.116872978210449219e+01 -8.309113979339599609e-01 -1.151225119829177856e-01 8.882921934127807617e-02 9.262065887451171875e-01 3.478081524372100830e-01
2.602498817443847656e+01 -2.116764831542968750e+01 -8.241074085235595703e-01 -1.073519140481948853e-01 8.503688126802444458e-02 9.349330663681030273e-01 3.272886872291564941e-01
2.601888275146484375e+01 -2.116754913330078125e+01 -8.170505762100219727e-01 -1.003729179501533508e-01 8.164147287607192993e-02 9.427188634872436523e-01 3.074322044849395752e-01
2.601314926147460938e+01 -2.116840744018554688e+01 -8.097791671752929688e-01 -9.431460499763488770e-02 7.876230031251907349e-02 9.495226740837097168e-01 2.885851562023162842e-01
2.600792121887207031e+01 -2.117030334472656250e+01 -8.023251295089721680e-01 -8.930793404579162598e-02 7.651949673891067505e-02 9.553266167640686035e-01 2.710964381694793701e-01
2.600331497192382812e+01 -2.117316627502441406e+01 -7.947342395782470703e-01 -8.548442274332046509e-02 7.503368705511093140e-02 9.601299762725830078e-01 2.553158998489379883e-01
2.599946403503417969e+01 -2.117718315124511719e+01 -7.870330214500427246e-01 -8.297632634639739990e-02 7.442571222782135010e-02 9.639413356781005859e-01 2.415907233953475952e-01
2.599648666381835938e+01 -2.117809104919433594e+01 -7.795216441154479980e-01 -8.191546797752380371e-02 7.481638342142105103e-02 9.667696356773376465e-01 2.302639484405517578e-01
2.599451255798339844e+01 -2.117568778991699219e+01 -7.722437381744384766e-01 -8.243342489004135132e-02 7.632663100957870483e-02 9.686139225959777832e-01 2.216719537973403931e-01
