0.000000000000000000e+00 0.000000000000000000e+00 0.000000000000000000e+00 8.616620871676472504e-14 -3.050036351953666625e-13 2.227154008091480897e-13 9.999999403953552246e-01
8.381775021553039551e-02 -1.613087020814418793e-02 3.264164924621582031e-02 -2.634874358773231506e-02 9.882951155304908752e-03 2.569148503243923187e-02 9.992736577987670898e-01
1.590902209281921387e-01 -3.257054835557937622e-02 6.568455696105957031e-02 -5.299473926424980164e-02 2.196505479514598846e-02 5.067167431116104126e-02 9.970663785934448242e-01
2.284346669912338257e-01 -4.562552273273468018e-02 9.447115659713745117e-02 -7.847335934638977051e-02 3.336746618151664734e-02 7.416617125272750854e-02 9.935933351516723633e-01
2.905539274215698242e-01 -5.563946813344955444e-02 1.215839534997940063e-01 -1.045875176787376404e-01 4.561214148998260498e-02 9.927880764007568359e-02 9.884961247444152832e-01
3.460994660854339600e-01 -6.177720427513122559e-02 1.454553157091140747e-01 -1.290217787027359009e-01 5.700178444385528564e-02 1.213929653167724609e-01 9.825313091278076172e-01
3.946998119354248047e-01 -6.503543257713317871e-02 1.662562191486358643e-01 -1.513815969228744507e-01 6.747227162122726440e-02 1.407426744699478149e-01 9.760751128196716309e-01
4.363692104816436768e-01 -6.583917140960693359e-02 1.835729777812957764e-01 -1.715072542428970337e-01 7.702954113483428955e-02 1.568513214588165283e-01 9.695613980293273926e-01
4.707806110382080078e-01 -6.501571834087371826e-02 1.978348195552825928e-01 -1.893000602722167969e-01 8.648537844419479370e-02 1.698717027902603149e-01 9.632389545440673828e-01
4.981142878532409668e-01 -6.328481435775756836e-02 2.084432542324066162e-01 -2.038918882608413696e-01 9.414437413215637207e-02 1.783933192491531372e-01 9.579878449440002441e-01
5.180155634880065918e-01 -6.174555420875549316e-02 2.163059860467910767e-01 -2.165085822343826294e-01 1.009861752390861511e-01 1.847456544637680054e-01 9.533073306083679199e-01
5.305354595184326172e-01 -6.024388223886489868e-02 2.209820002317428589e-01 -2.255595624446868896e-01 1.009450256824493408e-01 1.880746632814407349e-01 9.505581855773925781e-01
5.359427928924560547e-01 -5.960207432508468628e-02 2.225129902362823486e-01 -2.319679558277130127e-01 1.001839861273765564e-01 1.886212825775146484e-01 9.489867687225341797e-01
5.418369174003601074e-01 -5.884875357151031494e-02 2.245205640792846680e-01 -2.364264428615570068e-01 9.919925779104232788e-02 1.861454248428344727e-01 9.484786987304687500e-01
5.485643744468688965e-01 -5.829948931932449341e-02 2.264488488435745239e-01 -2.392269968986511230e-01 9.821397066116333008e-02 1.820941567420959473e-01 9.486654996871948242e-01
5.561617612838745117e-01 -5.778360366821289062e-02 2.284560501575469971e-01 -2.409571111202239990e-01 9.721900522708892822e-02 1.760833114385604858e-01 9.494644999504089355e-01
5.647277235984802246e-01 -5.772987008094787598e-02 2.306052595376968384e-01 -2.414274215698242188e-01 9.618939459323883057e-02 1.694292128086090088e-01 9.506598711013793945e-01
5.743028521537780762e-01 -5.811274796724319458e-02 2.328698188066482544e-01 -2.406111061573028564e-01 9.525220096111297607e-02 1.618134379386901855e-01 9.522866010665893555e-01
5.848668217658996582e-01 -5.868699401617050171e-02 2.356477677822113037e-01 -2.390894442796707153e-01 9.448257833719253540e-02 1.537611931562423706e-01 9.540790319442749023e-01
5.964277982711791992e-01 -5.951191484928131104e-02 2.391055077314376831e-01 -2.367931455373764038e-01 9.369090199470520020e-02 1.451384276151657104e-01 9.560783505439758301e-01
6.091991662979125977e-01 -6.085865199565887451e-02 2.426308095455169678e-01 -2.338601201772689819e-01 9.280338138341903687e-02 1.363814026117324829e-01 9.581738710403442383e-01
6.231744885444641113e-01 -6.231299787759780884e-02 2.466429322957992554e-01 -2.302462160587310791e-01 9.219319373369216919e-02 1.277493983507156372e-01 9.602953791618347168e-01
6.384837031364440918e-01 -6.401345878839492798e-02 2.509048283100128174e-01 -2.257181107997894287e-01 9.161051362752914429e-02 1.198122501373291016e-01 9.624468088150024414e-01
6.552642583847045898e-01 -6.518881767988204956e-02 2.555393874645233154e-01 -2.210053205490112305e-01 9.144434332847595215e-02 1.125641316175460815e-01 9.644293189048767090e-01
6.735012531280517578e-01 -6.738863140344619751e-02 2.602992951869964600e-01 -2.156231552362442017e-01 9.122502803802490234e-02 1.066153272986412048e-01 9.663424491882324219e-01
6.932038664817810059e-01 -6.957667320966720581e-02 2.658985555171966553e-01 -2.102088034152984619e-01 9.122700244188308716e-02 1.018922105431556702e-01 9.680432677268981934e-01
7.146891951560974121e-01 -7.118263840675354004e-02 2.716742157936096191e-01 -2.049406617879867554e-01 9.145562350749969482e-02 9.868892282247543335e-02 9.694821238517761230e-01
7.379144430160522461e-01 -7.328142970800399780e-02 2.777596116065979004e-01 -1.995285600423812866e-01 9.171191602945327759e-02 9.724774956703186035e-02 9.707317352294921875e-01
7.630063891410827637e-01 -7.511991262435913086e-02 2.842307984828948975e-01 -1.946052759885787964e-01 9.267916530370712280e-02 9.782409667968750000e-02 9.715810418128967285e-01
7.901073098182678223e-01 -7.677017152309417725e-02 2.908202409744262695e-01 -1.902666240930557251e-01 9.419278800487518311e-02 1.015086844563484192e-01 9.719168543815612793e-01
8.190325498580932617e-01 -7.781738042831420898e-02 2.986479103565216064e-01 -1.873942166566848755e-01 9.635629504919052124e-02 1.082727760076522827e-01 9.715328216552734375e-01
8.501998782157897949e-01 -7.777582854032516479e-02 3.059338331222534180e-01 -1.848908215761184692e-01 9.240647405385971069e-02 1.186684221029281616e-01 9.711818695068359375e-01
8.832433223724365234e-01 -7.726100087165832520e-02 3.141764700412750244e-01 -1.836139410734176636e-01 8.863824605941772461e-02 1.324421316385269165e-01 9.699939489364624023e-01
9.181831479072570801e-01 -7.526832818984985352e-02 3.227721452713012695e-01 -1.840020120143890381e-01 8.464810997247695923e-02 1.490781754255294800e-01 9.678604006767272949e-01
9.551117420196533203e-01 -7.183434814214706421e-02 3.306025564670562744e-01 -1.845267266035079956e-01 8.028540760278701782e-02 1.687722951173782349e-01 9.648937582969665527e-01
9.937222599983215332e-01 -6.728813052177429199e-02 3.384343683719635010e-01 -1.853317469358444214e-01 7.602322101593017578e-02 1.910009235143661499e-01 9.609324336051940918e-01
1.033893108367919922e+00 -6.197054684162139893e-02 3.466477692127227783e-01 -1.864920556545257568e-01 7.167802751064300537e-02 2.145421504974365234e-01 9.560620784759521484e-01
1.067678093910217285e+00 -5.506920069456100464e-02 3.524062335491180420e-01 -1.881149709224700928e-01 6.681632250547409058e-02 2.391203045845031738e-01 9.502472877502441406e-01
1.094858050346374512e+00 -4.810281842947006226e-02 3.575515449047088623e-01 -1.907529979944229126e-01 6.283478438854217529e-02 2.647918760776519775e-01 9.431596994400024414e-01
1.115531921386718750e+00 -4.039987921714782715e-02 3.585407733917236328e-01 -1.921793073415756226e-01 5.833225697278976440e-02 2.894081473350524902e-01 9.358991980552673340e-01
1.128456234931945801e+00 -3.183140605688095093e-02 3.590218126773834229e-01 -1.941617727279663086e-01 5.492722988128662109e-02 3.127169907093048096e-01 9.281661510467529297e-01
1.134830713272094727e+00 -2.528127469122409821e-02 3.593659102916717529e-01 -1.973782032728195190e-01 5.257768929004669189e-02 3.380226790904998779e-01 9.187045693397521973e-01
1.140831351280212402e+00 -1.921889372169971466e-02 3.594309985637664795e-01 -1.994907557964324951e-01 5.028484016656875610e-02 3.630779087543487549e-01 9.087624549865722656e-01
1.145808339118957520e+00 -1.317590288817882538e-02 3.594802618026733398e-01 -2.021471261978149414e-01 4.889244958758354187e-02 3.872145414352416992e-01 8.982264399528503418e-01
1.149927735328674316e+00 -7.431821897625923157e-03 3.594771623611450195e-01 -2.046047151088714600e-01 4.759645462036132812e-02 4.096215367317199707e-01 8.877396583557128906e-01
1.153697729110717773e+00 -2.402893267571926117e-03 3.593817353248596191e-01 -2.071637958288192749e-01 4.674288257956504822e-02 4.311152100563049316e-01 8.769479990005493164e-01
1.156161308288574219e+00 2.415287774056196213e-03 3.591177761554718018e-01 -2.091287821531295776e-01 4.622852802276611328e-02 4.499954879283905029e-01 8.669671416282653809e-01
1.158339738845825195e+00 6.409971043467521667e-03 3.588653206825256348e-01 -2.112219035625457764e-01 4.685077443718910217e-02 4.669404029846191406e-01 8.574129343032836914e-01
1.159702897071838379e+00 9.688824415206909180e-03 3.585996627807617188e-01 -2.131257206201553345e-01 4.845977947115898132e-02 4.816294312477111816e-01 8.486825227737426758e-01
1.163423180580139160e+00 1.409869454801082611e-02 3.588408827781677246e-01 -2.146645933389663696e-01 5.083085596561431885e-02 4.922955930233001709e-01 8.420096635818481445e-01
1.170798182487487793e+00 1.893921196460723877e-02 3.597673177719116211e-01 -2.164507061243057251e-01 5.428453907370567322e-02 5.000861883163452148e-01 8.367292881011962891e-01
1.265612363815307617e+00 1.633663028478622437e-01 3.786521553993225098e-01 -2.676509618759155273e-01 5.773265287280082703e-02 5.460402369499206543e-01 7.917511463165283203e-01
1.345291852951049805e+00 3.014746606349945068e-01 3.922649919986724854e-01 -3.184507787227630615e-01 6.093651801347732544e-02 5.791425704956054688e-01 7.479770779609680176e-01
1.407671332359313965e+00 4.319517612457275391e-01 3.972441256046295166e-01 -3.666599988937377930e-01 6.426030397415161133e-02 6.099892258644104004e-01 6.995313167572021484e-01
1.452744603157043457e+00 5.530819892883300781e-01 3.952932357788085938e-01 -4.128462672233581543e-01 6.713879108428955078e-02 6.363453865051269531e-01 6.481626033782958984e-01
1.483160138130187988e+00 6.622863411903381348e-01 3.863599896430969238e-01 -4.538810849189758301e-01 6.926310062408447266e-02 6.563326120376586914e-01 5.986835956573486328e-01
1.501956343650817871e+00 7.575504779815673828e-01 3.725421428680419922e-01 -4.899341762065887451e-01 6.994096189737319946e-02 6.704813241958618164e-01 5.527455210685729980e-01
1.512017607688903809e+00 8.376345634460449219e-01 3.560855388641357422e-01 -5.219630002975463867e-01 7.054278999567031860e-02 6.792590618133544922e-01 5.110629796981811523e-01
1.516422748565673828e+00 9.018287658691406250e-01 3.388217687606811523e-01 -5.489556789398193359e-01 7.043224573135375977e-02 6.827524900436401367e-01 4.770072102546691895e-01
1.517934679985046387e+00 9.502189755439758301e-01 3.233726024627685547e-01 -5.713714957237243652e-01 6.888663768768310547e-02 6.829838752746582031e-01 4.498024284839630127e-01
1.517852783203125000e+00 9.830733537673950195e-01 3.115999400615692139e-01 -5.865055322647094727e-01 6.370101869106292725e-02 6.835357546806335449e-01 4.298050105571746826e-01
1.517487168312072754e+00 1.000675916671752930e+00 3.042406439781188965e-01 -5.943821668624877930e-01 5.482850596308708191e-02 6.847395896911621094e-01 4.181330800056457520e-01
1.517243385314941406e+00 1.011523723602294922e+00 2.992997765541076660e-01 -5.997385978698730469e-01 4.614973068237304688e-02 6.834129691123962402e-01 4.136792421340942383e-01
1.517229914665222168e+00 1.023692965507507324e+00 2.939697802066802979e-01 -6.035409569740295410e-01 3.752594441175460815e-02 6.800878643989562988e-01 4.145002365112304688e-01
1.517844676971435547e+00 1.037253856658935547e+00 2.878488004207611084e-01 -6.061622500419616699e-01 2.929065376520156860e-02 6.749390959739685059e-01 4.197219610214233398e-01
1.519252061843872070e+00 1.052537322044372559e+00 2.812643945217132568e-01 -6.076738834381103516e-01 2.138966135680675507e-02 6.686747074127197266e-01 4.279591143131256104e-01
1.521942257881164551e+00 1.069663286209106445e+00 2.743234038352966309e-01 -6.078789234161376953e-01 1.459223683923482895e-02 6.615175008773803711e-01 4.389360547065734863e-01
1.525550246238708496e+00 1.088889479637145996e+00 2.673049271106719971e-01 -6.071589589118957520e-01 8.380951359868049622e-03 6.536129117012023926e-01 4.517498314380645752e-01
1.529751062393188477e+00 1.110489964485168457e+00 2.605115473270416260e-01 -6.055135130882263184e-01 3.031169995665550232e-03 6.451001763343811035e-01 4.660364389419555664e-01
1.535145163536071777e+00 1.134395718574523926e+00 2.538009583950042725e-01 -6.028782725334167480e-01 -1.865881378762423992e-03 6.362416148185729980e-01 4.813843667507171631e-01
1.541829109191894531e+00 1.160629987716674805e+00 2.469382882118225098e-01 -5.994058251380920410e-01 -5.908262915909290314e-03 6.270666718482971191e-01 4.974585175514221191e-01
1.549588918685913086e+00 1.189394474029541016e+00 2.399812191724777222e-01 -5.948409438133239746e-01 -8.511114865541458130e-03 6.183035969734191895e-01 5.136072635650634766e-01
1.558159947395324707e+00 1.220780611038208008e+00 2.323233038187026978e-01 -5.897088646888732910e-01 -9.577291086316108704e-03 6.100952625274658203e-01 5.290892124176025391e-01
1.568292021751403809e+00 1.254832625389099121e+00 2.243258506059646606e-01 -5.839210152626037598e-01 -9.145248681306838989e-03 6.029578447341918945e-01 5.435019135475158691e-01
1.580260634422302246e+00 1.291740775108337402e+00 2.165532857179641724e-01 -5.775248408317565918e-01 -7.164162583649158478e-03 5.973528623580932617e-01 5.564019680023193359e-01
1.592802286148071289e+00 1.331870555877685547e+00 2.080186158418655396e-01 -5.711247920989990234e-01 -3.988688811659812927e-03 5.932714343070983887e-01 5.673001408576965332e-01
1.606691479682922363e+00 1.375102043151855469e+00 1.984567940235137939e-01 -5.646062493324279785e-01 9.125607321038842201e-04 5.912395119667053223e-01 5.758947730064392090e-01
1.622112154960632324e+00 1.421605467796325684e+00 1.880914866924285889e-01 -5.584319233894348145e-01 7.376275956630706787e-03 5.912584662437438965e-01 5.818184614181518555e-01
1.638428092002868652e+00 1.471538066864013672e+00 1.759492903947830200e-01 -5.534117817878723145e-01 1.607867330312728882e-02 5.940815806388854980e-01 5.835613608360290527e-01
1.654908657073974609e+00 1.525357842445373535e+00 1.623135656118392944e-01 -5.499140620231628418e-01 2.675196900963783264e-02 6.001095771789550781e-01 5.802993178367614746e-01
1.670781016349792480e+00 1.582930445671081543e+00 1.457356214523315430e-01 -5.439819097518920898e-01 3.467222675681114197e-02 6.129634976387023926e-01 5.719765424728393555e-01
1.685468554496765137e+00 1.644375324249267578e+00 1.264217942953109741e-01 -5.354401469230651855e-01 3.970795869827270508e-02 6.319195628166198730e-01 5.589317679405212402e-01
1.697427868843078613e+00 1.709818363189697266e+00 1.043686792254447937e-01 -5.278483629226684570e-01 4.565475508570671082e-02 6.549108028411865234e-01 5.388724207878112793e-01
1.706007599830627441e+00 1.778345704078674316e+00 7.800085842609405518e-02 -5.197665095329284668e-01 5.161781609058380127e-02 6.804533004760742188e-01 5.139665603637695312e-01
1.710740447044372559e+00 1.849265694618225098e+00 4.695735126733779907e-02 -5.106795430183410645e-01 5.935217812657356262e-02 7.085052728652954102e-01 4.834294319152832031e-01
1.711235761642456055e+00 1.922604203224182129e+00 1.259416900575160980e-02 -5.004323720932006836e-01 6.768148392438888550e-02 7.371558547019958496e-01 4.489852488040924072e-01
1.706031322479248047e+00 1.989959359169006348e+00 -2.282393351197242737e-02 -4.891989231109619141e-01 7.576152682304382324e-02 7.656003236770629883e-01 4.108535647392272949e-01
1.695540189743041992e+00 2.043849229812622070e+00 -5.462076514959335327e-02 -4.776321053504943848e-01 8.337062597274780273e-02 7.930845022201538086e-01 3.686920404434204102e-01
1.682322263717651367e+00 2.083285808563232422e+00 -8.320627361536026001e-02 -4.649233520030975342e-01 9.158866107463836670e-02 8.184833526611328125e-01 3.248733580112457275e-01
1.666902542114257812e+00 2.107297897338867188e+00 -1.074185445904731750e-01 -4.515203833580017090e-01 9.931141883134841919e-02 8.404739499092102051e-01 2.826130688190460205e-01
1.651840686798095703e+00 2.118919610977172852e+00 -1.228675171732902527e-01 -4.396063983440399170e-01 1.071272045373916626e-01 8.598154783248901367e-01 2.366162836551666260e-01
1.638959288597106934e+00 2.124783277511596680e+00 -1.334618479013442993e-01 -4.269074499607086182e-01 1.160081401467323303e-01 8.769841194152832031e-01 1.875922232866287231e-01
1.626370668411254883e+00 2.128851175308227539e+00 -1.430567651987075806e-01 -4.134693145751953125e-01 1.248564198613166809e-01 8.911549448966979980e-01 1.389131695032119751e-01
1.614037632942199707e+00 2.130912542343139648e+00 -1.511463820934295654e-01 -4.008688926696777344e-01 1.327007859945297241e-01 9.018753170967102051e-01 9.118884056806564331e-02
1.602710843086242676e+00 2.131793260574340820e+00 -1.581410914659500122e-01 -3.880914449691772461e-01 1.395839452743530273e-01 9.098529815673828125e-01 4.548566415905952454e-02
1.592532515525817871e+00 2.131278753280639648e+00 -1.638562679290771484e-01 -3.761169016361236572e-01 1.463668197393417358e-01 9.149356484413146973e-01 2.338498132303357124e-03
1.583760738372802734e+00 2.129695892333984375e+00 -1.682715713977813721e-01 -3.657762110233306885e-01 1.525116860866546631e-01 9.173942804336547852e-01 -3.654588758945465088e-02
1.576579570770263672e+00 2.127858161926269531e+00 -1.716619879007339478e-01 -3.579428791999816895e-01 1.584357172250747681e-01 9.173887968063354492e-01 -7.192201167345046997e-02
1.568484902381896973e+00 2.126767635345458984e+00 -1.756766438484191895e-01 -3.529438078403472900e-01 1.641760319471359253e-01 9.155504703521728516e-01 -1.012134179472923279e-01
1.556217074394226074e+00 2.128832578659057617e+00 -1.832232028245925903e-01 -3.516867160797119141e-01 1.685091108083724976e-01 9.124804735183715820e-01 -1.236949637532234192e-01
