0.000000000000000000e+00 0.000000000000000000e+00 0.000000000000000000e+00 0.000000000000000000e+00 0.000000000000000000e+00 0.000000000000000000e+00 1.000000000000000000e+00
8.808581531047821045e-02 4.210295621305704117e-03 2.388923428952693939e-02 -2.244492295913481580e-02 4.938663571024493569e-03 1.876659714472823579e-02 9.995597280138381890e-01
1.678686403203269450e-01 2.990257144993849897e-03 4.956823428989920455e-02 -4.619971944227518890e-02 1.138115598133659749e-02 3.907646274810216980e-02 9.981027428431803461e-01
2.398839794435692341e-01 3.516275170753165643e-03 7.447981039827786254e-02 -6.990834115354405132e-02 1.834595156105232883e-02 5.669525429030573133e-02 9.957720110745413855e-01
3.038667686361592457e-01 8.138104971542824660e-04 9.880670616511003090e-02 -9.329218427078739273e-02 2.661490666956253109e-02 7.508945791760254784e-02 9.924463655062658596e-01
3.604888209680179867e-01 -7.632757738317698208e-04 1.207772571967739850e-01 -1.147407859743867775e-01 3.402294938523808820e-02 9.077810395176995339e-02 9.886537952144982544e-01
4.096897951278758998e-01 -4.280102937213125722e-03 1.400497807083020407e-01 -1.338398752087429366e-01 4.061535876296056002e-02 1.042770119160390530e-01 9.846641992184576031e-01
4.515960301487999540e-01 -6.775269384724036045e-03 1.565923211220553168e-01 -1.509360720710906933e-01 4.681935962033798027e-02 1.149785429886043542e-01 9.807171785814244869e-01
4.861136029453562712e-01 -8.380404950941788139e-03 1.705115643089896438e-01 -1.665277812710750094e-01 5.292609378924018060e-02 1.232468535024734274e-01 9.768713015351027096e-01
5.137395817465300052e-01 -9.415099331672156444e-03 1.804250808624067171e-01 -1.797983254256066143e-01 5.828963962828673240e-02 1.286161461367616998e-01 9.735156737511108105e-01
5.338131747247036873e-01 -1.029775589710471215e-02 1.879383198761674922e-01 -1.910051818970829041e-01 6.365566187886392835e-02 1.322680551497940338e-01 9.705514611735521768e-01
5.465360985471263700e-01 -1.175992004063467974e-02 1.920619981307278845e-01 -1.989540427075464912e-01 6.200374416101837871e-02 1.340557452081869161e-01 9.688146787580255159e-01
5.517390375075109654e-01 -1.000378505753346352e-02 1.934594435049419303e-01 -2.045514781251124570e-01 6.094770914959129343e-02 1.335637873162224265e-01 9.677834387216984746e-01
5.571193171937294242e-01 -7.239809838169895297e-03 1.951270666234612705e-01 -2.080261216380402678e-01 6.007761266111995291e-02 1.301837282807233598e-01 9.675577554152033910e-01
5.635255963356041731e-01 -5.230500732682224693e-03 1.971849997438349378e-01 -2.098630832715535910e-01 5.927335412628544076e-02 1.254113849619130361e-01 9.678409684924025314e-01
5.706596244415157448e-01 -2.981294279963014361e-03 1.996484468448587735e-01 -2.097736024690603496e-01 5.844009013504210259e-02 1.184196712539564433e-01 9.687912948784509481e-01
5.789726416411348220e-01 -2.056757544892844590e-03 2.024762257075562177e-01 -2.088478872832090216e-01 5.764838711725221027e-02 1.102964571592723736e-01 9.699968633857700695e-01
5.882808055884524157e-01 -3.118619989513637253e-03 2.055071763329988921e-01 -2.061971983018572319e-01 5.704897221499415083e-02 1.013778187356307453e-01 9.715712367346426293e-01
5.984290913493848230e-01 -2.996282494164953600e-03 2.095845031461086860e-01 -2.030354220411552668e-01 5.685904717311869583e-02 9.150547258292612840e-02 9.732268053431895050e-01
6.091294317890831866e-01 -4.603080218412960306e-03 2.149855032476670480e-01 -1.990378300173175907e-01 5.660913474315135835e-02 8.148062531725880353e-02 9.749565404588748097e-01
6.206250867939048232e-01 -8.118905301040032357e-03 2.207137584802352781e-01 -1.946469706088064244e-01 5.630609012687355641e-02 7.139316734987470603e-02 9.766499867932173506e-01
6.337042547363013201e-01 -1.098622714641701512e-02 2.265666333363967888e-01 -1.895743694062114182e-01 5.608156885566514122e-02 6.164568871347789192e-02 9.783231701038086481e-01
6.482292868365009397e-01 -1.506298319299294655e-02 2.318416897068189819e-01 -1.830954817392443923e-01 5.546473858263152590e-02 5.231581954086505365e-02 9.801340532633288083e-01
6.643211163614197723e-01 -1.683213084567539847e-02 2.383376693706833194e-01 -1.763086803931389612e-01 5.527558898218955935e-02 4.361903798551956812e-02 9.818132398811496575e-01
6.814339820355743704e-01 -2.186333010607990554e-02 2.448054502357282780e-01 -1.690022321637798253e-01 5.497111351745295749e-02 3.609574917348623568e-02 9.834192997363413458e-01
6.995508510251584600e-01 -2.809423881545403470e-02 2.523716313102759012e-01 -1.618495444862506072e-01 5.492304004959245450e-02 3.013684115922678902e-02 9.848248348951440523e-01
7.204280255154326129e-01 -3.078516881446855327e-02 2.597444286253179913e-01 -1.547081036538794918e-01 5.503870437170765156e-02 2.550751293249015755e-02 9.860960959606843712e-01
7.425367476089180796e-01 -3.684600563639912896e-02 2.671820741633836316e-01 -1.479089770903257162e-01 5.481324966010654720e-02 2.324128035966561631e-02 9.872073161423773335e-01
7.666085512893791032e-01 -4.176925559289848544e-02 2.756176660817512558e-01 -1.418380578873475739e-01 5.527423208629227147e-02 2.278041826967986891e-02 9.880828796945499981e-01
7.925673129155056396e-01 -4.759485452436856834e-02 2.841481662301107436e-01 -1.363039296233815312e-01 5.610495820171825659e-02 2.544027442864402189e-02 9.887498494924805703e-01
8.199354046528174456e-01 -5.249740507174797954e-02 2.953543265071773560e-01 -1.326591930878702197e-01 5.805730197507129320e-02 3.086846473454370188e-02 9.889782738066509316e-01
8.487919570178740214e-01 -6.032437710730649549e-02 3.067648515903967366e-01 -1.295679945467340943e-01 5.268593633816277821e-02 3.942079337714107096e-02 9.893848229838707597e-01
8.789881016621300391e-01 -6.830637681643961234e-02 3.203514775141927950e-01 -1.279607213268918464e-01 4.707814245710083279e-02 5.054479015267198533e-02 9.893709751598299684e-01
9.118566904394809214e-01 -7.610280829921002577e-02 3.328743651862965391e-01 -1.276397566927348903e-01 4.100638757170135817e-02 6.358001728751511150e-02 9.889308115795857335e-01
9.477009690813813503e-01 -8.184773663799954635e-02 3.437590314617665066e-01 -1.277623061757212908e-01 3.401492882212504842e-02 7.949822654081614703e-02 9.880282433790807950e-01
9.851308732411903080e-01 -8.884969546200550961e-02 3.548576291903085544e-01 -1.283745884312125218e-01 2.687100930293047363e-02 9.739957236451630973e-02 9.865653740160192919e-01
1.023869346274422165e+00 -9.775873441370662442e-02 3.661714603605739082e-01 -1.290035550061029157e-01 1.951634184690858101e-02 1.167360896425322508e-01 9.845556767251268937e-01
1.056745248653468972e+00 -1.046798923366726447e-01 3.758169535533224526e-01 -1.300979649066306421e-01 1.185331295455008087e-02 1.371204047239354962e-01 9.819022421338586826e-01
1.083419483745988510e+00 -1.090491858051864799e-01 3.848496808151539716e-01 -1.327139359479637404e-01 4.797676581849597000e-03 1.581901154277786936e-01 9.784374690727873913e-01
1.105133325995418359e+00 -1.116736693665403707e-01 3.870755025887185341e-01 -1.338053302359590857e-01 -3.101954738860387452e-03 1.783626583977627467e-01 9.748196107826959667e-01
1.115658309666646586e+00 -1.003511879274566337e-01 3.863477646310997105e-01 -1.343541303901797379e-01 -1.012063442852150462e-02 1.930425413931265710e-01 9.718956310316173575e-01
1.122869888256460280e+00 -9.476136671016813229e-02 3.871611406406791911e-01 -1.360014971604835698e-01 -1.648886542246311496e-02 2.117867495198738348e-01 9.676663075745651765e-01
1.131254331973257976e+00 -9.349179396770598838e-02 3.880418641795622681e-01 -1.374481653907105583e-01 -2.252014573650396728e-02 2.321882266667865680e-01 9.626471172055039993e-01
1.137891773276004992e+00 -9.021785115909621011e-02 3.905818099942061639e-01 -1.392511701431624893e-01 -2.626943982133803090e-02 2.520137732796693397e-01 9.572920589990165929e-01
1.143676883821181267e+00 -8.614491620163219898e-02 3.906904238405637386e-01 -1.404248682537895532e-01 -3.053680406494204205e-02 2.701461650140953852e-01 9.520343531100032841e-01
1.149197792168674237e+00 -8.316490246759712657e-02 3.906163641260009811e-01 -1.417437677059487922e-01 -3.417708421202432512e-02 2.880645225790803843e-01 9.464456994791474731e-01
1.153021192552411645e+00 -7.936663170131723344e-02 3.900441401729318192e-01 -1.427283479544536327e-01 -3.709406567435750285e-02 3.036155858452324607e-01 9.413130324253431436e-01
1.156548923737293455e+00 -7.651076836053814778e-02 3.899745424112684988e-01 -1.436969061666156233e-01 -3.857697473200570604e-02 3.182184211029672749e-01 9.362692201762288224e-01
1.158727207659219660e+00 -7.426974259568444592e-02 3.881299909874080800e-01 -1.444338167145273188e-01 -3.953944520400250878e-02 3.306305493848817334e-01 9.318041342877189104e-01
1.164346515356196932e+00 -7.273616671281020463e-02 3.878009920229246732e-01 -1.450377105487165585e-01 -3.920516035397557386e-02 3.405122327368969581e-01 9.281586272167808849e-01
1.172830081987171091e+00 -7.352677540064532502e-02 3.900554686553778794e-01 -1.454954049757225254e-01 -3.656580052732503333e-02 3.478830306551823903e-01 9.254574146576988181e-01
1.294042592287129256e+00 4.498340893883705227e-02 4.342463072494336940e-01 -1.871654365838619771e-01 -3.667172173558889969e-02 3.730474277818540130e-01 9.079977427277350355e-01
1.397891803052261128e+00 1.571328878036236110e-01 4.816370015448286912e-01 -2.286770471816245431e-01 -3.324436307688659331e-02 3.932521094565484820e-01 8.899181978271261118e-01
1.505729264854487992e+00 2.443190706773793186e-01 5.229880965868137777e-01 -2.700559213275453008e-01 -2.947066813967720231e-02 4.195386449299967624e-01 8.661342877900827242e-01
1.596314202564557139e+00 3.299341039100276429e-01 5.572279580043876246e-01 -3.112572751311348807e-01 -2.602158396976124097e-02 4.430237203937217871e-01 8.403402697801356513e-01
1.670660967730151603e+00 4.117928700748767490e-01 5.837269833138640784e-01 -3.494483614898090118e-01 -2.173225304152295520e-02 4.626443043687162304e-01 8.144776236736118724e-01
1.726989711472928901e+00 4.895308396290117825e-01 6.038111397219628751e-01 -3.848152880313170376e-01 -1.836369136838085850e-02 4.764132558318541766e-01 7.903229584191475698e-01
1.769637587092570019e+00 5.591194441096977163e-01 6.149507822422760617e-01 -4.165007737594419446e-01 -1.453450460131187200e-02 4.849646442002494284e-01 7.688466345829355619e-01
1.801497822227966950e+00 6.175398079028422416e-01 6.181649757889406960e-01 -4.434308035917057800e-01 -1.208886718482147203e-02 4.877504610149581143e-01 7.518792918387217084e-01
1.827224274977120810e+00 6.613587772873775750e-01 6.189531865627192486e-01 -4.662136237053764454e-01 -1.098723693493822845e-02 4.881372445166558549e-01 7.377304170303158326e-01
1.844791193747771452e+00 6.914802727924257431e-01 6.204066708645989969e-01 -4.827854146813811420e-01 -1.389855513507468922e-02 4.886050375891317077e-01 7.266293352037249687e-01
1.854192693733055952e+00 7.080821824492472549e-01 6.207671470004142433e-01 -4.931072788989862010e-01 -2.160410559825840307e-02 4.884735494519573673e-01 7.195638023163359875e-01
1.857542027470884261e+00 7.194155410050828703e-01 6.191915906449043661e-01 -4.993418048326812020e-01 -2.860162550976244958e-02 4.845126629033414400e-01 7.176957492217388435e-01
1.860766658294357834e+00 7.322608929260635557e-01 6.181436460840709080e-01 -5.031973365700385115e-01 -3.509327748069484415e-02 4.776479362482559110e-01 7.193145009954021729e-01
1.866156003405952113e+00 7.461418032691187197e-01 6.182706665097910115e-01 -5.043745675164617026e-01 -4.126635365820623819e-02 4.683715828299980788e-01 7.242454308421008013e-01
1.872728745056020383e+00 7.614941617427465337e-01 6.184229282482596179e-01 -5.030363970490463466e-01 -4.739044336140405683e-02 4.569626238201649482e-01 7.320476006062134333e-01
1.883200612181652467e+00 7.767677757769207991e-01 6.208251247017387842e-01 -4.991188883909649654e-01 -5.267338279290229713e-02 4.436856768463758871e-01 7.424613593702323877e-01
1.895483615311739589e+00 7.930475911154309943e-01 6.248277155258785687e-01 -4.936715763931382450e-01 -5.704032148682414149e-02 4.292717994714205232e-01 7.541621168984572465e-01
1.909058426054445423e+00 8.103568566593047917e-01 6.316461693688021350e-01 -4.864317819369218809e-01 -6.058426989354596254e-02 4.139201033073360292e-01 7.670618070541520561e-01
1.924238625460868546e+00 8.286692703069468147e-01 6.405809267537792007e-01 -4.779907025391333386e-01 -6.400283242868264055e-02 3.977971524497394551e-01 7.805036522849400082e-01
1.942170623266135099e+00 8.478200465515436379e-01 6.501569693502320391e-01 -4.681951480506245655e-01 -6.708786137760558432e-02 3.814260573952544808e-01 7.942333944990888073e-01
1.961630937188111767e+00 8.680881438097632907e-01 6.622609664877627811e-01 -4.571922239302231294e-01 -6.933308727906331570e-02 3.660911797894428332e-01 8.075552250257961306e-01
1.982411911877979938e+00 8.912186009779888840e-01 6.745221308916252712e-01 -4.455065731421252173e-01 -7.053979640757834790e-02 3.517935849372563761e-01 8.202373461425241929e-01
2.006783904704925181e+00 9.147014156640357330e-01 6.879653697779403165e-01 -4.330169474227240078e-01 -7.076757593244964450e-02 3.395190450049444530e-01 8.319946463290982530e-01
2.035593215794668343e+00 9.370263774584933758e-01 7.033761775851760101e-01 -4.200655229882793162e-01 -6.987269225577973086e-02 3.296704640832228694e-01 8.426031974688115156e-01
2.065411294144063437e+00 9.640534555578250675e-01 7.182402645202741187e-01 -4.077555447782102993e-01 -6.829011782476816783e-02 3.219432518152496869e-01 8.517185087343863703e-01
2.097874298134275062e+00 9.936236921116294862e-01 7.332423772188405575e-01 -3.957996366365588714e-01 -6.539858381047454483e-02 3.172998960498819021e-01 8.592941573411786438e-01
2.134910339920160105e+00 1.021947812220009189e+00 7.515146183903281818e-01 -3.842942299322186228e-01 -6.202394622145625258e-02 3.162448726112169761e-01 8.651359173465381636e-01
2.173489903533230905e+00 1.054840750021247331e+00 7.698606188985409604e-01 -3.751347391665945108e-01 -5.608668668724059447e-02 3.183759843577760873e-01 8.687720895787774955e-01
2.213781378544731560e+00 1.091542992637261289e+00 7.894480923790013760e-01 -3.681035372985209664e-01 -4.896367070148816003e-02 3.249424306127152717e-01 8.697785704231010273e-01
2.258526523629866833e+00 1.126919951717407553e+00 8.136908163306260100e-01 -3.616026495182529943e-01 -4.723655630692961960e-02 3.383604007837944239e-01 8.674816832596938809e-01
2.309369933870453195e+00 1.161358226858869136e+00 8.380456669534143144e-01 -3.548421522567601905e-01 -5.210618480897160482e-02 3.577554077897975859e-01 8.621966484994008084e-01
2.363559494209815703e+00 1.196438552131344535e+00 8.653405759184968904e-01 -3.496924012758070854e-01 -5.705924245961196267e-02 3.813904208664709028e-01 8.538154450530812678e-01
2.420130642686065148e+00 1.237409154393281474e+00 8.895477106068747641e-01 -3.454066944631252745e-01 -6.285206096605179538e-02 4.088026753986432893e-01 8.423919553505294644e-01
2.478038349124538353e+00 1.283285004409896901e+00 9.131668535193087077e-01 -3.414768108501484156e-01 -6.792161247615441377e-02 4.389877643551193809e-01 8.282934171878617580e-01
2.537504871063201772e+00 1.333059884979550525e+00 9.365291722653164008e-01 -3.373343778772593393e-01 -7.321745811106357416e-02 4.707844852784299761e-01 8.119154449516531313e-01
2.590772020400703646e+00 1.382496388262040021e+00 9.597001733426177017e-01 -3.340752587868914825e-01 -7.847254585264962223e-02 5.028841404236007451e-01 7.933116174141731092e-01
2.633039381914586752e+00 1.425458971197576696e+00 9.795220128407701177e-01 -3.325147680411667528e-01 -8.423356059749471936e-02 5.369512232597928314e-01 7.707282401361775781e-01
2.667133040384466192e+00 1.461041657052403853e+00 9.904112471175059440e-01 -3.290817415321776185e-01 -8.979412571321665482e-02 5.714339565828940870e-01 7.463949729476794248e-01
2.659291098739045900e+00 1.491499463152140548e+00 9.701281171823080696e-01 -3.224472658812927994e-01 -9.992593348033373957e-02 5.925900031457483896e-01 7.313546723139771055e-01
2.659778213037299111e+00 1.515479843141727789e+00 9.650980325862477116e-01 -3.190132980558437192e-01 -1.045516283624737530e-01 6.206053166632904405e-01 7.086243811777475088e-01
2.660591205467769615e+00 1.533116984207620437e+00 9.660020612433904974e-01 -3.179838533528956956e-01 -1.059164248640656614e-01 6.512577692856775791e-01 6.808313285211705645e-01
2.661019941884885220e+00 1.549281327741843572e+00 9.636329798223985943e-01 -3.153281365023849481e-01 -1.080187648153030366e-01 6.798560709130527790e-01 6.532195921896216673e-01
2.656691718216443121e+00 1.563487853859564680e+00 9.625209067569053811e-01 -3.146120238477803643e-01 -1.076016797537018149e-01 7.053399455790033690e-01 6.260484918400440746e-01
2.654992788655946789e+00 1.575733646560637746e+00 9.575055696384895398e-01 -3.123672407356846148e-01 -1.089103356611824530e-01 7.292805688850051427e-01 5.989282908229555114e-01
2.652861150441297333e+00 1.586591524356214977e+00 9.537520424509967620e-01 -3.107872895841973238e-01 -1.084157304677777767e-01 7.509297587977867838e-01 5.725048361122763163e-01
2.649054588562012924e+00 1.594531854392595926e+00 9.491255423797039237e-01 -3.097432063564781179e-01 -1.065998775141032140e-01 7.694691549311764023e-01 5.482817084669957541e-01
2.646042490616161036e+00 1.601572175205666859e+00 9.463321630879886204e-01 -3.103096496568775731e-01 -1.027479746857219989e-01 7.850334314503488731e-01 5.261875013083251451e-01
2.643213121297689927e+00 1.609541520759928179e+00 9.429681029593335317e-01 -3.113177926861740441e-01 -9.837095089833787498e-02 7.964404993208873407e-01 5.090058143261833035e-01
2.646024056913946598e+00 1.623815003866470486e+00 9.432530186193417432e-01 -3.143060715073295874e-01 -9.174600371517825648e-02 8.052489495257368901e-01 4.943364173350181523e-01
