0.000000000000000000e+00 0.000000000000000000e+00 0.000000000000000000e+00 -4.779466752924399486e-14 -2.405801252658434919e-12 -1.258613168114014469e-13 1.000000000000000000e+00
8.610601723194122314e-02 -2.354118041694164276e-03 3.063681907951831818e-02 -2.335057407617568970e-02 4.573147278279066086e-03 1.843214966356754303e-02 9.995468258857727051e-01
1.624408364295959473e-01 -6.533966399729251862e-03 6.510931998491287231e-02 -4.689208418130874634e-02 1.126344129443168640e-02 3.580697625875473022e-02 9.981944561004638672e-01
2.316906601190567017e-01 -1.233190577477216721e-02 9.636598825454711914e-02 -6.960416585206985474e-02 1.820102520287036896e-02 5.231041461229324341e-02 9.960359334945678711e-01
2.931051254272460938e-01 -1.982374489307403564e-02 1.258228719234466553e-01 -9.352859854698181152e-02 2.533087506890296936e-02 7.081132382154464722e-02 9.927720427513122559e-01
3.476116955280303955e-01 -2.419003844261169434e-02 1.523013561964035034e-01 -1.160159558057785034e-01 3.233927488327026367e-02 8.695793151855468750e-02 9.889047741889953613e-01
3.950025737285614014e-01 -2.741530537605285645e-02 1.757275462150573730e-01 -1.363487839698791504e-01 3.905298188328742981e-02 1.012121737003326416e-01 9.847028851509094238e-01
4.355573058128356934e-01 -2.825280651450157166e-02 1.955099701881408691e-01 -1.546713262796401978e-01 4.558524116873741150e-02 1.124583408236503601e-01 9.804854989051818848e-01
4.690579473972320557e-01 -2.712443098425865173e-02 2.118002176284790039e-01 -1.705370843410491943e-01 5.209168791770935059e-02 1.207091882824897766e-01 9.765412211418151855e-01
4.960588812828063965e-01 -2.464178577065467834e-02 2.231211513280868530e-01 -1.837381422519683838e-01 5.713995173573493958e-02 1.250707805156707764e-01 9.733101725578308105e-01
5.157482028007507324e-01 -2.276152372360229492e-02 2.314008027315139771e-01 -1.951861381530761719e-01 6.209941580891609192e-02 1.284217089414596558e-01 9.703369140625000000e-01
5.281609296798706055e-01 -2.117216587066650391e-02 2.363751828670501709e-01 -2.036099135875701904e-01 6.047871336340904236e-02 1.298668831586837769e-01 9.685142636299133301e-01
5.332817435264587402e-01 -1.944432407617568970e-02 2.381159812211990356e-01 -2.095329314470291138e-01 5.917712301015853882e-02 1.290609985589981079e-01 9.674384593963623047e-01
5.385110974311828613e-01 -1.674704253673553467e-02 2.403167635202407837e-01 -2.130203843116760254e-01 5.811993032693862915e-02 1.253002882003784180e-01 9.672352671623229980e-01
5.448564887046813965e-01 -1.480836514383554459e-02 2.426608800888061523e-01 -2.149747759103775024e-01 5.707276985049247742e-02 1.200042665004730225e-01 9.675368070602416992e-01
5.521249175071716309e-01 -1.313193794339895248e-02 2.451496422290802002e-01 -2.150766402482986450e-01 5.610339716076850891e-02 1.126673892140388489e-01 9.684526324272155762e-01
5.604580044746398926e-01 -1.139650773257017136e-02 2.475841641426086426e-01 -2.138215303421020508e-01 5.502446368336677551e-02 1.038921102881431580e-01 9.697727560997009277e-01
5.699811577796936035e-01 -1.124214846640825272e-02 2.501455545425415039e-01 -2.110222876071929932e-01 5.414126813411712646e-02 9.424477815628051758e-02 9.714197516441345215e-01
5.804713964462280273e-01 -1.133245136588811874e-02 2.532573342323303223e-01 -2.073178440332412720e-01 5.357661843299865723e-02 8.378254622220993042e-02 9.732057452201843262e-01
5.916621685028076172e-01 -1.312410552054643631e-02 2.575905919075012207e-01 -2.025099545717239380e-01 5.306589230895042419e-02 7.305300235748291016e-02 9.751086831092834473e-01
6.039379835128784180e-01 -1.657865196466445923e-02 2.614488899707794189e-01 -1.971331387758255005e-01 5.211384594440460205e-02 6.212883442640304565e-02 9.770172834396362305e-01
6.174815893173217773e-01 -1.950861886143684387e-02 2.661078572273254395e-01 -1.910429447889328003e-01 5.156982317566871643e-02 5.142739415168762207e-02 9.788760542869567871e-01
6.322755813598632812e-01 -2.366150543093681335e-02 2.705375254154205322e-01 -1.839689612388610840e-01 5.067637190222740173e-02 4.149911925196647644e-02 9.807472229003906250e-01
6.486076712608337402e-01 -2.608547359704971313e-02 2.763354480266571045e-01 -1.767124533653259277e-01 5.037862807512283325e-02 3.233313560485839844e-02 9.824404716491699219e-01
6.659665107727050781e-01 -3.159067779779434204e-02 2.817049026489257812e-01 -1.688461750745773315e-01 4.993122443556785583e-02 2.453321032226085663e-02 9.840710759162902832e-01
6.845716238021850586e-01 -3.751325607299804688e-02 2.883653938770294189e-01 -1.613820046186447144e-01 4.970399290323257446e-02 1.833413913846015930e-02 9.854690432548522949e-01
7.054970264434814453e-01 -3.999029472470283508e-02 2.958912551403045654e-01 -1.542689055204391479e-01 5.012580752372741699e-02 1.344592589884996414e-02 9.866649508476257324e-01
7.276820540428161621e-01 -4.540002718567848206e-02 3.036215603351593018e-01 -1.471941918134689331e-01 5.004482343792915344e-02 1.097731105983257294e-02 9.877797365188598633e-01
7.514909505844116211e-01 -5.000456050038337708e-02 3.129556179046630859e-01 -1.410056650638580322e-01 5.100289359688758850e-02 1.028363686054944992e-02 9.886406660079956055e-01
7.770836949348449707e-01 -5.534973368048667908e-02 3.227951526641845703e-01 -1.355041116476058960e-01 5.248759314417839050e-02 1.256709359586238861e-02 9.893056750297546387e-01
8.038435578346252441e-01 -6.012262031435966492e-02 3.355630636215209961e-01 -1.319075375795364380e-01 5.462126433849334717e-02 1.786755584180355072e-02 9.895948171615600586e-01
8.325013518333435059e-01 -6.883607059717178345e-02 3.469233810901641846e-01 -1.290034800767898560e-01 4.974216222763061523e-02 2.638773992657661438e-02 9.900441169738769531e-01
8.624173998832702637e-01 -7.855094969272613525e-02 3.599625229835510254e-01 -1.275603622198104858e-01 4.479014500975608826e-02 3.736391663551330566e-02 9.901142120361328125e-01
8.944053649902343750e-01 -8.857811987400054932e-02 3.731940090656280518e-01 -1.273365169763565063e-01 3.943090513348579407e-02 5.061260610818862915e-02 9.897822737693786621e-01
9.288313388824462891e-01 -9.712497889995574951e-02 3.865605294704437256e-01 -1.276654899120330811e-01 3.370021283626556396e-02 6.631276011466979980e-02 9.890240430831909180e-01
9.650321602821350098e-01 -1.061866506934165955e-01 3.999918103218078613e-01 -1.284626275300979614e-01 2.772564254701137543e-02 8.366210013628005981e-02 9.877901077270507812e-01
1.002615451812744141e+00 -1.159200370311737061e-01 4.141678512096405029e-01 -1.295097619295120239e-01 2.174376882612705231e-02 1.020063385367393494e-01 9.860776662826538086e-01
1.034751176834106445e+00 -1.231594905257225037e-01 4.258590638637542725e-01 -1.313212513923645020e-01 1.521295122802257538e-02 1.214626878499984741e-01 9.837530255317687988e-01
1.060921430587768555e+00 -1.280182451009750366e-01 4.360679090023040771e-01 -1.343389451503753662e-01 9.082820266485214233e-03 1.423445045948028564e-01 9.806165099143981934e-01
1.082989573478698730e+00 -1.293092668056488037e-01 4.393066465854644775e-01 -1.356363296508789062e-01 1.634530723094940186e-03 1.626203209161758423e-01 9.773202538490295410e-01
1.097150206565856934e+00 -1.232006624341011047e-01 4.422454237937927246e-01 -1.369971781969070435e-01 -4.751082509756088257e-03 1.801310032606124878e-01 9.740441441535949707e-01
1.104193449020385742e+00 -1.183222457766532898e-01 4.453509151935577393e-01 -1.394998133182525635e-01 -9.233839809894561768e-03 2.000409811735153198e-01 9.697618484497070312e-01
1.111779212951660156e+00 -1.157367900013923645e-01 4.485431313514709473e-01 -1.413905173540115356e-01 -1.391639374196529388e-02 2.211587578058242798e-01 9.648334980010986328e-01
1.117939352989196777e+00 -1.116122901439666748e-01 4.510979056358337402e-01 -1.433718949556350708e-01 -1.733242906630039215e-02 2.408990859985351562e-01 9.597455859184265137e-01
1.123108029365539551e+00 -1.072200015187263489e-01 4.531097412109375000e-01 -1.453723609447479248e-01 -2.061525918543338776e-02 2.591426670551300049e-01 9.546134471893310547e-01
1.128403186798095703e+00 -1.042553335428237915e-01 4.548910558223724365e-01 -1.475067436695098877e-01 -2.345541678369045258e-02 2.771231532096862793e-01 9.491545557975769043e-01
1.132100701332092285e+00 -1.004066318273544312e-01 4.559553265571594238e-01 -1.489208489656448364e-01 -2.555706165730953217e-02 2.929966747760772705e-01 9.440987706184387207e-01
1.135572671890258789e+00 -9.761269390583038330e-02 4.568742513656616211e-01 -1.503319293260574341e-01 -2.644702605903148651e-02 3.078806102275848389e-01 9.391008019447326660e-01
1.137552976608276367e+00 -9.464844316244125366e-02 4.576773047447204590e-01 -1.515577882528305054e-01 -2.595626376569271088e-02 3.201152086257934570e-01 9.348170161247253418e-01
1.142819285392761230e+00 -9.242969751358032227e-02 4.588645994663238525e-01 -1.524552255868911743e-01 -2.464983798563480377e-02 3.297523260116577148e-01 9.313502311706542969e-01
1.151214361190795898e+00 -9.174349904060363770e-02 4.616011977195739746e-01 -1.531419008970260620e-01 -2.144339494407176971e-02 3.367223739624023438e-01 9.288194775581359863e-01
1.267712831497192383e+00 2.586463093757629395e-02 5.145621299743652344e-01 -2.011189758777618408e-01 -2.192522399127483368e-02 3.759925067424774170e-01 9.042677283287048340e-01
1.371397852897644043e+00 1.360936909914016724e-01 5.665910243988037109e-01 -2.471571713685989380e-01 -1.954923011362552643e-02 4.004537761211395264e-01 8.821382522583007812e-01
1.463506102561950684e+00 2.377461194992065430e-01 6.126685142517089844e-01 -2.936685681343078613e-01 -1.721444725990295410e-02 4.266439378261566162e-01 8.552411198616027832e-01
1.541278719902038574e+00 3.333217799663543701e-01 6.517151594161987305e-01 -3.396694362163543701e-01 -1.508235465735197067e-02 4.504860341548919678e-01 8.255055546760559082e-01
1.604562163352966309e+00 4.228658676147460938e-01 6.818407773971557617e-01 -3.815702795982360840e-01 -1.188618503510951996e-02 4.703375995159149170e-01 7.956414818763732910e-01
1.655073285102844238e+00 5.039979219436645508e-01 7.038795351982116699e-01 -4.189512431621551514e-01 -9.311649017035961151e-03 4.849217534065246582e-01 7.676223516464233398e-01
1.693476557731628418e+00 5.755167007446289062e-01 7.178711891174316406e-01 -4.519701600074768066e-01 -5.965969990938901901e-03 4.942882359027862549e-01 7.425405979156494141e-01
1.721955180168151855e+00 6.354016065597534180e-01 7.242834568023681641e-01 -4.791864156723022461e-01 -4.264520946890115738e-03 4.977066814899444580e-01 7.229455113410949707e-01
1.742926120758056641e+00 6.816563606262207031e-01 7.260954380035400391e-01 -5.021430850028991699e-01 -3.987448289990425110e-03 4.980660676956176758e-01 7.069417238235473633e-01
1.756832122802734375e+00 7.136654853820800781e-01 7.263239622116088867e-01 -5.187858343124389648e-01 -7.837316021323204041e-03 4.986347258090972900e-01 6.943798065185546875e-01
1.763427257537841797e+00 7.315318584442138672e-01 7.251231670379638672e-01 -5.287756919860839844e-01 -1.624027453362941742e-02 4.986407160758972168e-01 6.866512894630432129e-01
1.765541195869445801e+00 7.430616617202758789e-01 7.229461669921875000e-01 -5.348854064941406250e-01 -2.377008087933063507e-02 4.948171973228454590e-01 6.844621896743774414e-01
1.768127679824829102e+00 7.559205889701843262e-01 7.208347916603088379e-01 -5.383845567703247070e-01 -3.101023845374584198e-02 4.878722727298736572e-01 6.864116787910461426e-01
1.772659659385681152e+00 7.700049281120300293e-01 7.191513180732727051e-01 -5.392230749130249023e-01 -3.802045062184333801e-02 4.783661365509033203e-01 6.920684576034545898e-01
1.778680562973022461e+00 7.854824662208557129e-01 7.173874974250793457e-01 -5.376266837120056152e-01 -4.489727690815925598e-02 4.666983187198638916e-01 7.008099555969238281e-01
1.787382245063781738e+00 8.019739985466003418e-01 7.163755893707275391e-01 -5.334948897361755371e-01 -5.114210024476051331e-02 4.531317651271820068e-01 7.123476862907409668e-01
1.798695087432861328e+00 8.194013237953186035e-01 7.168630361557006836e-01 -5.277304649353027344e-01 -5.669465288519859314e-02 4.383615553379058838e-01 7.253450751304626465e-01
1.812025785446166992e+00 8.379107713699340820e-01 7.200359106063842773e-01 -5.199583172798156738e-01 -6.124188005924224854e-02 4.225164949893951416e-01 7.398462891578674316e-01
1.828684449195861816e+00 8.561851382255554199e-01 7.258796095848083496e-01 -5.106567740440368652e-01 -6.572138518095016479e-02 4.064902067184448242e-01 7.547689080238342285e-01
1.847874522209167480e+00 8.752689361572265625e-01 7.327756881713867188e-01 -4.999043047428131104e-01 -6.964352726936340332e-02 3.902143239974975586e-01 7.700507640838623047e-01
1.869277834892272949e+00 8.956342339515686035e-01 7.407229542732238770e-01 -4.877366125583648682e-01 -7.280462980270385742e-02 3.749107420444488525e-01 7.850187420845031738e-01
1.892337322235107422e+00 9.182127714157104492e-01 7.494223713874816895e-01 -4.746732413768768311e-01 -7.465739548206329346e-02 3.607036769390106201e-01 7.993775010108947754e-01
1.918097734451293945e+00 9.417352080345153809e-01 7.598748207092285156e-01 -4.609932601451873779e-01 -7.523991912603378296e-02 3.481950759887695312e-01 8.127633929252624512e-01
1.947564959526062012e+00 9.645531773567199707e-01 7.731748819351196289e-01 -4.471691846847534180e-01 -7.455757260322570801e-02 3.382194042205810547e-01 8.246747851371765137e-01
1.977547883987426758e+00 9.920973777770996094e-01 7.866973876953125000e-01 -4.344194531440734863e-01 -7.280794531106948853e-02 3.303095400333404541e-01 8.347899913787841797e-01
2.009892702102661133e+00 1.022228837013244629e+00 8.008121848106384277e-01 -4.221217930316925049e-01 -6.970321387052536011e-02 3.254985511302947998e-01 8.432112932205200195e-01
2.045341968536376953e+00 1.053346753120422363e+00 8.176294565200805664e-01 -4.107091426849365234e-01 -6.547459214925765991e-02 3.241147696971893311e-01 8.496944308280944824e-01
2.082970619201660156e+00 1.087360143661499023e+00 8.359075784683227539e-01 -4.017222523689270020e-01 -5.876606702804565430e-02 3.261375427246093750e-01 8.536978363990783691e-01
2.122147560119628906e+00 1.124532699584960938e+00 8.568235635757446289e-01 -3.953225910663604736e-01 -5.056024715304374695e-02 3.328886926174163818e-01 8.546045422554016113e-01
2.165266752243041992e+00 1.162513375282287598e+00 8.800523281097412109e-01 -3.893127143383026123e-01 -4.731971397995948792e-02 3.467051982879638672e-01 8.520516157150268555e-01
2.213192939758300781e+00 1.200193762779235840e+00 9.054974913597106934e-01 -3.834084272384643555e-01 -4.984394833445549011e-02 3.666637837886810303e-01 8.462099432945251465e-01
2.263178586959838867e+00 1.241184234619140625e+00 9.325785040855407715e-01 -3.793297111988067627e-01 -5.218526348471641541e-02 3.906924128532409668e-01 8.371051549911499023e-01
2.314577817916870117e+00 1.287546515464782715e+00 9.585307240486145020e-01 -3.765387237071990967e-01 -5.506447330117225647e-02 4.185229837894439697e-01 8.246362805366516113e-01
2.366965770721435547e+00 1.339185357093811035e+00 9.831213951110839844e-01 -3.739685714244842529e-01 -5.756346881389617920e-02 4.492461383342742920e-01 8.093280196189880371e-01
2.420426607131958008e+00 1.394784927368164062e+00 1.007823944091796875e+00 -3.716138601303100586e-01 -6.005278602242469788e-02 4.816134870052337646e-01 7.914197444915771484e-01
2.468783140182495117e+00 1.449497461318969727e+00 1.029879450798034668e+00 -3.695743083953857422e-01 -6.260142475366592407e-02 5.148560404777526855e-01 7.709858417510986328e-01
2.506009578704833984e+00 1.497968435287475586e+00 1.046908497810363770e+00 -3.688041865825653076e-01 -6.583366543054580688e-02 5.493040680885314941e-01 7.469367980957031250e-01
2.533777952194213867e+00 1.539447903633117676e+00 1.054355263710021973e+00 -3.664090931415557861e-01 -6.855390965938568115e-02 5.842301845550537109e-01 7.209159731864929199e-01
2.547329425811767578e+00 1.574229717254638672e+00 1.051679372787475586e+00 -3.618558943271636963e-01 -7.225663214921951294e-02 6.156140565872192383e-01 6.963178515434265137e-01
2.546995162963867188e+00 1.598515987396240234e+00 1.048413038253784180e+00 -3.594507277011871338e-01 -7.356178760528564453e-02 6.451492309570312500e-01 6.701986789703369141e-01
2.545739650726318359e+00 1.616142988204956055e+00 1.047907829284667969e+00 -3.581805527210235596e-01 -7.234513014554977417e-02 6.759529113769531250e-01 6.399691104888916016e-01
2.543949365615844727e+00 1.632367849349975586e+00 1.047111749649047852e+00 -3.558645844459533691e-01 -7.073640078306198120e-02 7.050738930702209473e-01 6.092844605445861816e-01
2.539528608322143555e+00 1.646413564682006836e+00 1.044881463050842285e+00 -3.544906973838806152e-01 -6.817771494388580322e-02 7.309190630912780762e-01 5.791764855384826660e-01
2.535616874694824219e+00 1.658957123756408691e+00 1.042568087577819824e+00 -3.528455793857574463e-01 -6.628917902708053589e-02 7.543385028839111328e-01 5.496172904968261719e-01
2.531540632247924805e+00 1.669572710990905762e+00 1.039880633354187012e+00 -3.511750102043151855e-01 -6.306648999452590942e-02 7.754266262054443359e-01 5.209724307060241699e-01
2.527075529098510742e+00 1.677945494651794434e+00 1.036896944046020508e+00 -3.498230278491973877e-01 -5.909544974565505981e-02 7.934470176696777344e-01 4.945436716079711914e-01
2.522761583328247070e+00 1.684418797492980957e+00 1.034461855888366699e+00 -3.499026894569396973e-01 -5.365666747093200684e-02 8.081918954849243164e-01 4.706537425518035889e-01
2.519145488739013672e+00 1.692378163337707520e+00 1.031931400299072266e+00 -3.510218560695648193e-01 -4.767445847392082214e-02 8.190710544586181641e-01 4.512576162815093994e-01
2.518268108367919922e+00 1.706775188446044922e+00 1.030015945434570312e+00 -3.538258075714111328e-01 -4.073814675211906433e-02 8.263536691665649414e-01 4.362194240093231201e-01
