8.745252341032028198e-02 2.436368493363261223e-03 2.633729763329029083e-02 -2.313741669058799744e-02 4.954668227583169937e-03 1.843043230473995209e-02 9.995501041412353516e-01
7.824034988880157471e-02 -6.757643073797225952e-03 2.930835448205471039e-02 -2.429625950753688812e-02 6.343289744108915329e-03 2.003191970288753510e-02 9.994839429855346680e-01
6.972895562648773193e-02 -8.356695063412189484e-03 2.958228066563606262e-02 -2.402834221720695496e-02 7.338801864534616470e-03 1.743825338780879974e-02 9.995322227478027344e-01
6.038850173354148865e-02 -1.518071629106998444e-02 2.856000140309333801e-02 -2.352155186235904694e-02 8.615164086222648621e-03 1.818711496889591217e-02 9.995207786560058594e-01
5.197372287511825562e-02 -1.744252629578113556e-02 2.618662640452384949e-02 -2.158522233366966248e-02 7.775553036481142044e-03 1.563675887882709503e-02 9.996144771575927734e-01
4.403153806924819946e-02 -1.909970305860042572e-02 2.238211967051029205e-02 -1.943892985582351685e-02 6.976081524044275284e-03 1.352053508162498474e-02 9.996953010559082031e-01
3.703471645712852478e-02 -1.714809425175189972e-02 1.924543268978595734e-02 -1.752970367670059204e-02 6.863529328256845474e-03 1.086617913097143173e-02 9.997637271881103516e-01
2.996297366917133331e-02 -1.470797322690486908e-02 1.654330082237720490e-02 -1.575539261102676392e-02 6.865452043712139130e-03 8.538132533431053162e-03 9.998158216476440430e-01
2.395610883831977844e-02 -1.208257395774126053e-02 1.194400899112224579e-02 -1.334866788238286972e-02 6.201305426657199860e-03 5.686111748218536377e-03 9.998754858970642090e-01
1.705166324973106384e-02 -9.447795338928699493e-03 8.953033015131950378e-03 -1.125608757138252258e-02 6.300703622400760651e-03 4.164262209087610245e-03 9.999081492424011230e-01
1.091173570603132248e-02 -6.660201121121644974e-03 4.194185603410005569e-03 -8.657349273562431335e-03 -9.244859684258699417e-04 9.547162917442619801e-04 9.999616146087646484e-01
5.126133095473051071e-03 -5.975611275061964989e-04 2.339468803256750107e-03 -6.010541226714849472e-03 -3.270618908572942019e-04 -1.047822530381381512e-03 9.999813437461853027e-01
5.460270680487155914e-03 4.023233486805111170e-04 3.064557444304227829e-03 -3.438043408095836639e-03 1.002062417683191597e-04 -3.917437512427568436e-03 9.999864101409912109e-01
6.180747877806425095e-03 -2.877796359825879335e-04 3.320898627862334251e-03 -1.485670101828873158e-03 2.613973920233547688e-04 -5.335574038326740265e-03 9.999846220016479492e-01
6.617286242544651031e-03 7.659824914298951626e-04 4.200791940093040466e-03 7.376887951977550983e-04 3.937011060770601034e-04 -7.370139472186565399e-03 9.999724626541137695e-01
7.576632779091596603e-03 -2.083953469991683960e-03 4.026055801659822464e-03 1.529779983684420586e-03 7.015240262262523174e-04 -8.408182300627231598e-03 9.999632239341735840e-01
8.193056099116802216e-03 -4.075335804373025894e-03 3.636152949184179306e-03 3.406625939533114433e-03 8.827152196317911148e-04 -8.926089853048324585e-03 9.999539852142333984e-01
8.960796520113945007e-03 -3.767560701817274094e-03 5.013669375330209732e-03 3.932863939553499222e-03 1.467564026825129986e-03 -9.681868366897106171e-03 9.999443292617797852e-01
8.733524940907955170e-03 -5.997769534587860107e-03 5.831139162182807922e-03 4.847228527069091797e-03 1.558091142214834690e-03 -9.707389399409294128e-03 9.999399185180664062e-01
9.218196384608745575e-03 -7.788408547639846802e-03 5.629347171634435654e-03 5.197914782911539078e-03 1.531649264506995678e-03 -9.750696830451488495e-03 9.999377727508544922e-01
1.100348588079214096e-02 -7.496953476220369339e-03 6.021732930094003677e-03 5.660092458128929138e-03 1.360017457045614719e-03 -9.400767274200916290e-03 9.999388456344604492e-01
1.261743064969778061e-02 -8.392197079956531525e-03 5.078799091279506683e-03 7.087101694196462631e-03 6.960778846405446529e-04 -9.051145985722541809e-03 9.999336600303649902e-01
1.423873007297515869e-02 -7.008646614849567413e-03 7.239613682031631470e-03 7.252046838402748108e-03 9.795792866498231888e-04 -8.278434164822101593e-03 9.999389648437500000e-01
1.496846228837966919e-02 -9.694803506135940552e-03 6.476974114775657654e-03 7.711977697908878326e-03 6.222646916285157204e-04 -7.050094660371541977e-03 9.999452233314514160e-01
1.595897413790225983e-02 -1.080648694187402725e-02 7.267956621944904327e-03 7.596288342028856277e-03 6.383976433426141739e-04 -5.545906722545623779e-03 9.999555945396423340e-01
1.896565780043601990e-02 -8.211464621126651764e-03 8.386380970478057861e-03 7.360823452472686768e-03 5.078943213447928429e-04 -4.083163570612668991e-03 9.999644160270690918e-01
2.009281516075134277e-02 -1.075286231935024261e-02 7.842358201742172241e-03 6.873498205095529556e-03 -1.072673767339438200e-04 -1.898729358799755573e-03 9.999745488166809082e-01
2.197355963289737701e-02 -1.003276277333498001e-02 9.558009915053844452e-03 6.041532848030328751e-03 3.189415438100695610e-04 -1.020731942844577134e-04 9.999817013740539551e-01
2.376186847686767578e-02 -1.090712845325469971e-02 9.847460314631462097e-03 5.249645095318555832e-03 3.093888808507472277e-04 2.861567307263612747e-03 9.999820590019226074e-01
2.483548596501350403e-02 -1.065414026379585266e-02 1.297356560826301575e-02 3.153367899358272552e-03 1.143915695138275623e-03 5.564076825976371765e-03 9.999788999557495117e-01
2.570229955017566681e-02 -1.325846929103136063e-02 1.370280701667070389e-02 2.086388645693659782e-03 -6.000949069857597351e-03 7.371047511696815491e-03 9.999526739120483398e-01
2.652299404144287109e-02 -1.387198641896247864e-02 1.625467836856842041e-02 5.490532494150102139e-04 -6.046174094080924988e-03 9.686025790870189667e-03 9.999346733093261719e-01
2.940750308334827423e-02 -1.384837925434112549e-02 1.553616020828485489e-02 -9.138040477409958839e-04 -6.614480167627334595e-03 1.136389188468456268e-02 9.999131560325622559e-01
3.309067338705062866e-02 -1.223021931946277618e-02 1.384634803980588913e-02 -1.940404647029936314e-03 -8.158367127180099487e-03 1.410861313343048096e-02 9.998652935028076172e-01
3.423188254237174988e-02 -1.524811424314975739e-02 1.299527846276760101e-02 -2.553471131250262260e-03 -8.402942679822444916e-03 1.613591611385345459e-02 9.998312592506408691e-01
3.470736742019653320e-02 -1.878029480576515198e-02 1.227772049605846405e-02 -2.656219527125358582e-03 -8.679073303937911987e-03 1.731959171593189240e-02 9.998087882995605469e-01
2.920909039676189423e-02 -1.637043431401252747e-02 1.002999395132064819e-02 -3.136083250865340233e-03 -8.946676738560199738e-03 1.841270364820957184e-02 9.997855424880981445e-01
2.359359711408615112e-02 -1.350915897637605667e-02 8.546369150280952454e-03 -4.503943957388401031e-03 -8.698254823684692383e-03 1.910859346389770508e-02 9.997694492340087891e-01
1.967565529048442841e-02 -9.482802823185920715e-03 2.505623036995530128e-03 -3.490833099931478500e-03 -9.272844530642032623e-03 1.893873326480388641e-02 9.997715353965759277e-01
1.473082695156335831e-02 -4.498703870922327042e-03 1.505971071310341358e-03 -3.371833590790629387e-03 -8.831489831209182739e-03 1.886483840644359589e-02 9.997773766517639160e-01
9.111706167459487915e-03 5.408763536252081394e-04 7.738413987681269646e-04 -3.615222638472914696e-03 -8.919936604797840118e-03 1.882392540574073792e-02 9.997764825820922852e-01
7.621289696544408798e-03 -3.680624766275286674e-03 1.027295482344925404e-03 -3.424039343371987343e-03 -8.103291504085063934e-03 2.028676494956016541e-02 9.997555017471313477e-01
7.260434329509735107e-03 -1.640990027226507664e-03 2.412239555269479752e-03 -3.266361542046070099e-03 -6.166525185108184814e-03 1.976899243891239166e-02 9.997802376747131348e-01
7.055016234517097473e-03 -5.303037469275295734e-04 1.167550071841105819e-04 -3.091619350016117096e-03 -6.688595283776521683e-03 1.854125410318374634e-02 9.998009204864501953e-01
6.171123590320348740e-03 -1.072117709554731846e-03 -3.663270035758614540e-04 -2.910291310399770737e-03 -6.028686184436082840e-03 1.805609837174415588e-02 9.998145699501037598e-01
5.080024246126413345e-03 -1.243057195097208023e-04 -1.884302007965743542e-03 -2.568313619121909142e-03 -5.607262719422578812e-03 1.615806668996810913e-02 9.998504519462585449e-01
4.490133374929428101e-03 -2.188740618294104934e-04 -6.296690553426742554e-04 -1.885684789158403873e-03 -3.755410434678196907e-03 1.495273970067501068e-02 9.998793601989746094e-01
2.902198350057005882e-03 4.686947504524141550e-04 -2.127688145264983177e-03 -1.478852704167366028e-03 -3.145006019622087479e-03 1.287129521369934082e-02 9.999111294746398926e-01
5.326899699866771698e-03 -2.119640354067087173e-03 -1.080730464309453964e-03 -8.300841436721384525e-04 -1.178404781967401505e-03 1.003068592399358749e-02 9.999486804008483887e-01
6.026724819093942642e-03 -6.366153247654438019e-03 9.106638026423752308e-04 2.122678415616974235e-04 1.737793791107833385e-03 8.054422214627265930e-03 9.999660253524780273e-01
1.652566194534301758e-01 -7.242066320031881332e-03 5.768686160445213318e-02 -4.202786460518836975e-02 1.060733851045370102e-02 3.093597665429115295e-02 9.985810518264770508e-01
1.464924365282058716e-01 -1.647542044520378113e-02 6.226208060979843140e-02 -4.088693857192993164e-02 1.420555450022220612e-02 2.816176973283290863e-02 9.986658096313476562e-01
1.290644705295562744e-01 -4.060582816600799561e-02 5.132046714425086975e-02 -4.120265692472457886e-02 1.345944683998823166e-02 3.426342830061912537e-02 9.984724521636962891e-01
1.124918982386589050e-01 -4.048443585634231567e-02 4.913771525025367737e-02 -4.159960895776748657e-02 1.391929015517234802e-02 3.281887248158454895e-02 9.984982013702392578e-01
9.678304940462112427e-02 -3.798338025808334351e-02 4.605214297771453857e-02 -3.861952945590019226e-02 1.460629794746637344e-02 2.980768308043479919e-02 9.987025260925292969e-01
8.190146088600158691e-02 -3.356458246707916260e-02 4.224998876452445984e-02 -3.571348637342453003e-02 1.416620146483182907e-02 2.474381402134895325e-02 9.989552497863769531e-01
6.883102655410766602e-02 -2.698715031147003174e-02 3.632478788495063782e-02 -3.164492547512054443e-02 1.481523644179105759e-02 1.968161202967166901e-02 9.991955757141113281e-01
5.619699507951736450e-02 -1.972344145178794861e-02 2.985345013439655304e-02 -2.696805261075496674e-02 1.398850511759519577e-02 1.274849660694599152e-02 9.994571208953857422e-01
4.274491965770721436e-02 -1.719651371240615845e-02 2.144121006131172180e-02 -2.306636609137058258e-02 1.168650481849908829e-02 8.492914959788322449e-03 9.996295571327209473e-01
2.892810106277465820e-02 -1.310342084616422653e-02 1.447339355945587158e-02 -1.920382864773273468e-02 5.400866735726594925e-03 4.895474761724472046e-03 9.997889995574951172e-01
1.642528735101222992e-02 -6.555069703608751297e-03 7.168164476752281189e-03 -1.495591830462217331e-02 -9.266347624361515045e-04 -3.591913555283099413e-04 9.998876452445983887e-01
1.058265101164579391e-02 -2.311124262632802129e-04 5.486303009092807770e-03 -9.108770638704299927e-03 -3.651919250842183828e-04 -5.557613447308540344e-03 9.999430179595947266e-01
1.144747901707887650e-02 -6.308520096354186535e-04 6.712430156767368317e-03 -5.349471699446439743e-03 3.514120180625468493e-04 -9.113492444157600403e-03 9.999440908432006836e-01
1.270763576030731201e-02 -2.101521706208586693e-03 7.472648750990629196e-03 -1.580356271006166935e-03 8.151865913532674313e-04 -1.245852839201688766e-02 9.999207854270935059e-01
1.440829783678054810e-02 -2.348589943721890450e-03 8.111974224448204041e-03 1.608342397958040237e-03 9.186431416310369968e-04 -1.556036807596683502e-02 9.998772144317626953e-01
1.567331328988075256e-02 -6.520315539091825485e-03 7.781170774251222610e-03 5.075576715171337128e-03 1.571393222548067570e-03 -1.746443472802639008e-02 9.998333454132080078e-01
1.681113988161087036e-02 -8.762598969042301178e-03 8.516320027410984039e-03 7.109593134373426437e-03 2.383057028055191040e-03 -1.840205304324626923e-02 9.998025298118591309e-01
1.720560528337955475e-02 -1.123836822807788849e-02 1.039441116154193878e-02 9.246394038200378418e-03 2.832767553627490997e-03 -1.914023235440254211e-02 9.997700452804565430e-01
1.846238598227500916e-02 -1.358932629227638245e-02 1.095825992524623871e-02 1.050668675452470779e-02 2.755509922280907631e-03 -1.994399726390838623e-02 9.997420907020568848e-01
2.105678245425224304e-02 -1.476903446018695831e-02 1.088562514632940292e-02 1.159322354942560196e-02 2.619797829538583755e-03 -2.007575519382953644e-02 9.997277855873107910e-01
2.289609052240848541e-02 -1.645108312368392944e-02 1.188012398779392242e-02 1.284947060048580170e-02 2.092374023050069809e-03 -1.884610764682292938e-02 9.997376203536987305e-01
2.627820521593093872e-02 -1.558451540768146515e-02 1.355660799890756607e-02 1.362485066056251526e-02 2.077707322314381599e-03 -1.735349558293819427e-02 9.997544288635253906e-01
2.921147644519805908e-02 -1.688286848366260529e-02 1.370457932353019714e-02 1.434071455150842667e-02 1.665313728153705597e-03 -1.504907291382551193e-02 9.997825026512145996e-01
3.153762966394424438e-02 -2.012581564486026764e-02 1.289194729179143906e-02 1.486651506274938583e-02 1.079740584827959538e-03 -1.206453051418066025e-02 9.998161196708679199e-01
3.573207184672355652e-02 -1.780118048191070557e-02 1.571174338459968567e-02 1.409889198839664459e-02 8.834780892357230186e-04 -9.309589862823486328e-03 9.998568892478942871e-01
3.960252553224563599e-02 -1.738640107214450836e-02 1.681254059076309204e-02 1.375996135175228119e-02 6.997906602919101715e-04 -5.687447264790534973e-03 9.998888969421386719e-01
4.201983660459518433e-02 -2.088283188641071320e-02 1.749399676918983459e-02 1.298322901129722595e-02 -8.729482215130701661e-05 -1.874280394986271858e-03 9.999139308929443359e-01
4.606761038303375244e-02 -1.941539160907268524e-02 2.019211091101169586e-02 1.099135447293519974e-02 1.472676871344447136e-03 2.852943725883960724e-03 9.999344348907470703e-01
4.927584156394004822e-02 -1.931948773562908173e-02 2.351116575300693512e-02 8.736171759665012360e-03 1.667280099354684353e-03 7.988562807440757751e-03 9.999285340309143066e-01
5.100259184837341309e-02 -2.360685542225837708e-02 2.613081037998199463e-02 5.629199557006359100e-03 -5.015307571738958359e-03 1.241958700120449066e-02 9.998944401741027832e-01
5.456503853201866150e-02 -2.678426168859004974e-02 2.587403357028961182e-02 2.353315474465489388e-03 -1.245056185871362686e-02 1.576584018766880035e-02 9.997954368591308594e-01
5.684756115078926086e-02 -3.081952780485153198e-02 2.703075297176837921e-02 9.566968947183340788e-05 -1.303679775446653366e-02 2.018108963966369629e-02 9.997113347053527832e-01
6.208407878875732422e-02 -2.989771403372287750e-02 2.676872909069061279e-02 -1.922282739542424679e-03 -1.476051472127437592e-02 2.411699667572975159e-02 9.995983242988586426e-01
6.649409234523773193e-02 -3.105949424207210541e-02 2.509189210832118988e-02 -2.799702342599630356e-03 -1.600979268550872803e-02 2.812891453504562378e-02 9.994721412658691406e-01
6.936767697334289551e-02 -3.453823179006576538e-02 2.355505526065826416e-02 -3.430047072470188141e-03 -1.691381260752677917e-02 3.049109317362308502e-02 9.993860125541687012e-01
6.431194394826889038e-02 -3.470665588974952698e-02 2.185575664043426514e-02 -4.641750361770391464e-03 -1.690492220222949982e-02 3.200346231460571289e-02 9.993339776992797852e-01
5.241797491908073425e-02 -3.078608959913253784e-02 1.816017180681228638e-02 -7.398848887532949448e-03 -1.762058585882186890e-02 3.483637049794197083e-02 9.992102980613708496e-01
4.342402145266532898e-02 -2.419354952871799469e-02 8.723934181034564972e-03 -6.568888667970895767e-03 -1.859673298895359039e-02 3.669116273522377014e-02 9.991320371627807617e-01
3.569382056593894958e-02 -1.069033052772283554e-02 3.499595914036035538e-03 -5.758383776992559433e-03 -1.888976432383060455e-02 3.286557272076606750e-02 9.992646574974060059e-01
2.421307004988193512e-02 -1.782119623385369778e-03 3.338989801704883575e-03 -6.541070528328418732e-03 -1.695960015058517456e-02 3.492621332406997681e-02 9.992245435714721680e-01
1.661821082234382629e-02 -3.316904185339808464e-03 5.037873983383178711e-03 -7.166072726249694824e-03 -1.444534119218587875e-02 3.889494761824607849e-02 9.991132020950317383e-01
1.582007296383380890e-02 -3.167736344039440155e-03 2.602513879537582397e-03 -6.309770513325929642e-03 -1.535291038453578949e-02 3.806994482874870300e-02 9.991372227668762207e-01
1.426763553172349930e-02 -1.015446847304701805e-03 4.147182684391736984e-03 -6.414364092051982880e-03 -1.153085660189390182e-02 3.615466505289077759e-02 9.992591142654418945e-01
1.312638912349939346e-02 -2.125225961208343506e-03 1.086614094674587250e-03 -6.600891239941120148e-03 -1.255143899470567703e-02 3.469780832529067993e-02 9.992972016334533691e-01
1.156423799693584442e-02 -1.565243350341916084e-03 -5.871731555089354515e-04 -5.513431504368782043e-03 -1.154780574142932892e-02 3.309100493788719177e-02 9.993703961372375488e-01
9.793880395591259003e-03 -7.662703865207731724e-04 -1.560769043862819672e-03 -4.482325632125139236e-03 -9.470875374972820282e-03 3.035273216664791107e-02 9.994843006134033203e-01
8.110377006232738495e-03 -2.340609062230214477e-04 -7.802615291438996792e-04 -3.250883193686604500e-03 -5.858676508069038391e-03 2.718895673751831055e-02 9.996078610420227051e-01
9.032306261360645294e-03 -1.117292908020317554e-03 4.228644320392049849e-05 -1.738321851007640362e-03 -2.452399348840117455e-03 2.178731374442577362e-02 9.997581243515014648e-01
1.175478100776672363e-02 -8.543082512915134430e-03 7.454334408976137638e-04 -1.810515823308378458e-04 1.417112536728382111e-03 1.792173460125923157e-02 9.998383522033691406e-01
