0.000000000000000000e+00 0.000000000000000000e+00 0.000000000000000000e+00 0.000000000000000000e+00 0.000000000000000000e+00 0.000000000000000000e+00 1.000000000000000000e+00
8.651605993509292603e-02 2.908151363953948021e-03 2.884906344115734100e-02 -2.525039191870699293e-02 5.473070473031472517e-03 2.333577294618296993e-02 9.993937686960795430e-01
1.643381705233021295e-01 1.428246227151423308e-03 5.899227019831512764e-02 -5.172229328759292422e-02 1.238430025912136759e-02 4.807810651367674243e-02 9.974266535230665864e-01
2.340907646492049188e-01 2.171843807194469376e-03 8.817759991267115627e-02 -7.805791479595936000e-02 2.006667231782148508e-02 7.028835242404095351e-02 9.942654766777883069e-01
2.960368157001542211e-01 4.751786949335041164e-04 1.154017148762333800e-01 -1.040348079248012425e-01 2.881826177801124003e-02 9.333296603202677344e-02 9.897652368010346757e-01
3.505605508664331738e-01 -3.599582067027049317e-05 1.397400683835050561e-01 -1.278615170547731938e-01 3.676669336811925343e-02 1.133207639485830087e-01 9.846106068763104124e-01
3.978137315576658617e-01 -1.551135272500071913e-03 1.606485815449621435e-01 -1.490230054009649419e-01 4.373049146293589429e-02 1.306397825541397162e-01 9.791899893237681063e-01
4.377487696380046867e-01 -2.070287695309051736e-03 1.782797095687389533e-01 -1.678554081744824678e-01 5.021243374768018242e-02 1.447525446391932646e-01 9.738326212774920387e-01
4.701203477841548461e-01 -1.423060410359399102e-03 1.930777561281886989e-01 -1.849573875059596639e-01 5.651513143933158123e-02 1.558259980253328680e-01 9.686666418664235945e-01
4.955761959724713228e-01 -2.444097392732152464e-04 2.036592521474278050e-01 -1.996155635545747153e-01 6.218188656686038374e-02 1.633587465808294670e-01 9.641581611360845461e-01
5.134520953496286566e-01 4.850914328493908731e-04 2.116487196748102484e-01 -2.120580168748781025e-01 6.774780023054326195e-02 1.686213481873268805e-01 9.602127232954709157e-01
5.246346974595568202e-01 1.235075887121375466e-04 2.159084377659246379e-01 -2.205605963060661145e-01 6.626888971159200503e-02 1.720527066858212051e-01 9.577887678061317578e-01
5.295148646446007357e-01 2.782602234752828627e-03 2.175115542146407455e-01 -2.263335065335054797e-01 6.506225939629828314e-02 1.726201435824945563e-01 9.564216289127172033e-01
5.348738849175905807e-01 5.883723484461138298e-03 2.192489039025106445e-01 -2.300114154301449443e-01 6.409904518878116464e-02 1.700776514492606251e-01 9.560646702264505858e-01
5.412529875584222161e-01 8.727875427327769914e-03 2.214521673745722952e-01 -2.319337482429008612e-01 6.324489807956609755e-02 1.659822928312169876e-01 9.563768596946478073e-01
5.482994877700319014e-01 1.189719484989051022e-02 2.240821689755916335e-01 -2.319029098190002192e-01 6.242961515635905845e-02 1.598256374961804505e-01 9.574859524650213283e-01
5.566591101889659665e-01 1.343169803497741045e-02 2.272327180714506789e-01 -2.312134793342799921e-01 6.178946296820965467e-02 1.525551289305492331e-01 9.588792008784110532e-01
5.659866677671065993e-01 1.254810128784299844e-02 2.305672166247961785e-01 -2.287437108469977110e-01 6.132603448095069743e-02 1.445768293329773857e-01 9.607356414034036174e-01
5.758873981651455587e-01 1.348959972094938668e-02 2.348900346565492292e-01 -2.259450836910404659e-01 6.138118449872335264e-02 1.356907937177094237e-01 9.626885154844428971e-01
5.862518662619901066e-01 1.265016506413117053e-02 2.403678237240586824e-01 -2.222934920175812512e-01 6.131855601178536064e-02 1.266432368127357599e-01 9.647730969843907323e-01
5.973451705553317614e-01 1.018887769704963225e-02 2.460052078683623855e-01 -2.181690877493563940e-01 6.109035221111852598e-02 1.174234407214884840e-01 9.668929380166462195e-01
6.095729316845018841e-01 8.487149847745015935e-03 2.518364472677059873e-01 -2.135114420274491220e-01 6.107566215512594265e-02 1.085836996631717039e-01 9.689645028498877766e-01
6.231170606952409763e-01 5.767772688481697003e-03 2.567456118463211090e-01 -2.073442493665324793e-01 6.063587320919631984e-02 1.001679411795583646e-01 9.712353147896940486e-01
6.376956956450274827e-01 5.263701306532381913e-03 2.626397047798377793e-01 -2.008937015417784910e-01 6.072657502861714823e-02 9.244170611911316227e-02 9.733491330123656970e-01
6.532461455720458554e-01 2.050026585923020537e-03 2.684034420947242205e-01 -1.938456731113273324e-01 6.057587067981535373e-02 8.586808394234296538e-02 9.753876619413788251e-01
6.696326769522735756e-01 -1.873335891612620385e-03 2.750370365974313946e-01 -1.869446366684422156e-01 6.068231247822585689e-02 8.078719999793197715e-02 9.771605743631356367e-01
6.879313157033657422e-01 -2.537575059048163741e-03 2.814443227278170534e-01 -1.800480788323194359e-01 6.102387298729904097e-02 7.719223863902410776e-02 9.787237273757680711e-01
7.073870542178264387e-01 -5.934354814495130387e-03 2.879136195904336004e-01 -1.734161284594308017e-01 6.099352963690968937e-02 7.590885457574984840e-02 9.800226943951713121e-01
7.283214663317217896e-01 -8.375464551358655779e-03 2.950330829736384497e-01 -1.674743828965740700e-01 6.163510037685950710e-02 7.651344150717145909e-02 9.809684698009792925e-01
7.507930701192826461e-01 -1.134560451499884090e-02 3.022870938492503989e-01 -1.620760948906239118e-01 6.263883478592328913e-02 8.037146387155874594e-02 9.815030023575118667e-01
7.744002522611372896e-01 -1.323834170443327976e-02 3.115496952443591039e-01 -1.585785974848752944e-01 6.468936894632984491e-02 8.708954278305182373e-02 9.813681905905115022e-01
7.994101051911501887e-01 -1.711925512185423839e-02 3.212323244369101327e-01 -1.551813722148865649e-01 5.938665059379479028e-02 9.756074190015577574e-02 9.812613663487657067e-01
8.256090982814056067e-01 -2.066118955472301053e-02 3.327724229499284814e-01 -1.533283948369230099e-01 5.380849143484654068e-02 1.107968100604105333e-01 9.804688248316087984e-01
8.541164092194004631e-01 -2.359437887646819235e-02 3.432345467308551834e-01 -1.528162883851852394e-01 4.762065764576127458e-02 1.262581839789288785e-01 9.789986342931761287e-01
8.848900922024151017e-01 -2.383929413486998022e-02 3.525608663563228329e-01 -1.527763142709337441e-01 4.071572867246358446e-02 1.448421991460157876e-01 9.767406844106603092e-01
9.170571094847197458e-01 -2.482084618664408271e-02 3.622243636570957603e-01 -1.533895758117454766e-01 3.372886951535916666e-02 1.654937967426778622e-01 9.736250842255461668e-01
9.507837278538562309e-01 -2.705040392863029483e-02 3.723673181077607475e-01 -1.539813750584469454e-01 2.649687381394679256e-02 1.875627759698202113e-01 9.697462848001495717e-01
9.787580762557821501e-01 -2.871288822530432966e-02 3.808930101747617925e-01 -1.550709415213988585e-01 1.898632210872088638e-02 2.108310897802339323e-01 9.649573950442213999e-01
1.000534148484307106e+00 -2.884586324455858802e-02 3.883494666136211304e-01 -1.576787062291890029e-01 1.182978608948013523e-02 2.349092337921211138e-01 9.590699315702505556e-01
1.017465635873839203e+00 -2.862225978035344218e-02 3.908886513612567226e-01 -1.587636360559467885e-01 4.226949599500143782e-03 2.583299389082113762e-01 9.529123167569291120e-01
1.029129521318023821e+00 -2.637456193222053116e-02 3.933262370997204216e-01 -1.600462876733233786e-01 -2.102630044196037318e-03 2.815826721611506822e-01 9.460929993861443288e-01
1.035566651014183437e+00 -1.930763121075832270e-02 3.945560085100126568e-01 -1.614443593472985328e-01 -8.295759718706772687e-03 3.029722392723404600e-01 9.391883311859946515e-01
1.044864010028229817e+00 -1.751233560764933403e-02 3.973845001174741154e-01 -1.628372753145143625e-01 -1.399564744899856571e-02 3.266043331869448174e-01 9.309230651155547820e-01
1.052611856775927723e+00 -1.199208074530895562e-02 4.012363879392349952e-01 -1.645510475602576517e-01 -1.767414618724244546e-02 3.490882206770794527e-01 9.223600118651527069e-01
1.060049279803338296e+00 -4.189141401443102243e-03 4.018616974950449117e-01 -1.654041636638540758e-01 -2.184438994301941134e-02 3.693988297496513251e-01 9.141710944075329692e-01
1.069357505235701611e+00 2.407312472953808055e-03 4.028694389890648542e-01 -1.666560766383997638e-01 -2.532410269986207219e-02 3.897191961007834826e-01 9.053747235992961606e-01
1.075925464512823115e+00 1.266527262256676029e-02 4.014752353664702289e-01 -1.673757711991236685e-01 -2.814831922305017012e-02 4.068854705179200115e-01 8.975729704162368483e-01
1.084277043877708957e+00 2.282237669983697842e-02 4.015561916420214428e-01 -1.682609036101374855e-01 -2.957251000215238221e-02 4.229819388520451584e-01 8.898876414320165962e-01
1.088755786153414951e+00 3.366953762991526516e-02 3.934974060149404873e-01 -1.689314512482666397e-01 -3.048862841921117298e-02 4.363330129002099267e-01 8.832588013542209682e-01
1.101139023749082124e+00 3.970855693366014127e-02 3.930247428558257261e-01 -1.696125236609872244e-01 -3.001382112141384034e-02 4.472455834035787281e-01 8.776685880701413645e-01
1.114644457432071745e+00 4.186308776426356237e-02 3.967184735707122156e-01 -1.704028152536830876e-01 -2.734941321618161378e-02 4.551036953493291515e-01 8.735533851057615262e-01
