8.766243606805801392e-02 3.025621175765991211e-03 2.556707523763179779e-02 -2.274944260716438293e-02 4.854018334299325943e-03 1.860952004790306091e-02 9.995561838150024414e-01
7.855529338121414185e-02 -5.581844598054885864e-03 2.870728634297847748e-02 -2.418253198266029358e-02 6.311170756816864014e-03 2.011958695948123932e-02 9.994851350784301758e-01
7.019703090190887451e-02 -8.135509677231311798e-03 2.851778827607631683e-02 -2.393475733697414398e-02 7.066421210765838623e-03 1.768026873469352722e-02 9.995321631431579590e-01
6.132949888706207275e-02 -1.419067941606044769e-02 2.702250331640243530e-02 -2.345497906208038330e-02 8.186488412320613861e-03 1.859204471111297607e-02 9.995184540748596191e-01
5.345160886645317078e-02 -1.503096520900726318e-02 2.466261945664882660e-02 -2.158942259848117828e-02 7.454195059835910797e-03 1.591522619128227234e-02 9.996124505996704102e-01
4.544595628976821899e-02 -1.710545830428600311e-02 2.113297767937183380e-02 -1.932070776820182800e-02 6.711953319609165192e-03 1.375766750425100327e-02 9.996961355209350586e-01
3.832025080919265747e-02 -1.555639598518610001e-02 1.804359443485736847e-02 -1.730421558022499084e-02 6.455082446336746216e-03 1.104673277586698532e-02 9.997683763504028320e-01
3.118946775794029236e-02 -1.338116358965635300e-02 1.536054816097021103e-02 -1.574596017599105835e-02 6.561696995049715042e-03 8.744911290705204010e-03 9.998162388801574707e-01
2.489349991083145142e-02 -1.085281651467084885e-02 1.118360832333564758e-02 -1.332810148596763611e-02 6.030328106135129929e-03 5.866386462002992630e-03 9.998757839202880859e-01
1.788174174726009369e-02 -8.417644537985324860e-03 8.340467698872089386e-03 -1.112976390868425369e-02 6.092927418649196625e-03 4.256907850503921509e-03 9.999104142189025879e-01
1.112509611994028091e-02 -5.828084889799356461e-03 4.825050011277198792e-03 -8.527965284883975983e-03 -7.648481987416744232e-04 1.196829136461019516e-03 9.999626278877258301e-01
5.117583554238080978e-03 -6.966516957618296146e-04 2.330763032659888268e-03 -5.896959919482469559e-03 -1.165180292446166277e-04 -8.042374975048005581e-04 9.999822974205017090e-01
5.490764975547790527e-03 -1.824626269808504730e-05 3.036297159269452095e-03 -3.491675714030861855e-03 3.672831517178565264e-04 -3.545503597706556320e-03 9.999875426292419434e-01
6.198787596076726913e-03 -9.310748428106307983e-04 3.165588481351733208e-03 -1.595230423845350742e-03 4.321608867030590773e-04 -4.955609794706106186e-03 9.999863505363464355e-01
6.869340781122446060e-03 -1.205874024890363216e-03 3.657853696495294571e-03 5.624314071610569954e-04 6.883057067170739174e-04 -6.996362470090389252e-03 9.999751448631286621e-01
7.788154296576976776e-03 -2.057667821645736694e-03 3.614970482885837555e-03 1.539737218990921974e-03 7.682666764594614506e-04 -8.189102634787559509e-03 9.999650120735168457e-01
8.501366712152957916e-03 -3.802202641963958740e-03 3.197834128513932228e-03 3.363813273608684540e-03 9.116704459302127361e-04 -8.810687810182571411e-03 9.999551177024841309e-01
9.321670979261398315e-03 -3.388865385204553604e-03 4.609697032719850540e-03 3.949349746108055115e-03 1.478031394071877003e-03 -9.592214599251747131e-03 9.999451041221618652e-01
9.542838670313358307e-03 -5.144378636032342911e-03 5.359058268368244171e-03 4.773318767547607422e-03 1.419165637344121933e-03 -9.791092015802860260e-03 9.999396800994873047e-01
1.027012709528207779e-02 -6.724601145833730698e-03 5.160255357623100281e-03 5.146867595613002777e-03 1.349100726656615734e-03 -9.833280928432941437e-03 9.999374747276306152e-01
1.187150552868843079e-02 -6.199833936989307404e-03 5.845657549798488617e-03 5.815013311803340912e-03 1.352446386590600014e-03 -9.423158131539821625e-03 9.999377727508544922e-01
1.354157738387584686e-02 -6.791690830141305923e-03 5.091299768537282944e-03 7.200062740594148636e-03 7.302860612981021404e-04 -9.057288058102130890e-03 9.999327659606933594e-01
1.503922231495380402e-02 -4.825164098292589188e-03 7.403660565614700317e-03 7.355579175055027008e-03 1.091851969249546528e-03 -8.238001726567745209e-03 9.999384284019470215e-01
1.614975929260253906e-02 -7.093013264238834381e-03 6.990688387304544449e-03 7.754030637443065643e-03 8.882597321644425392e-04 -6.973639596253633499e-03 9.999452233314514160e-01
1.714988611638545990e-02 -8.359742350876331329e-03 7.764556445181369781e-03 7.468710187822580338e-03 8.727613603696227074e-04 -5.429162643849849701e-03 9.999569654464721680e-01
1.973317563533782959e-02 -5.047916434705257416e-03 9.087130427360534668e-03 7.243960630148649216e-03 9.854538366198539734e-04 -4.178555682301521301e-03 9.999645352363586426e-01
2.112559415400028229e-02 -7.625517901033163071e-03 8.741205558180809021e-03 6.823727395385503769e-03 2.792622544802725315e-04 -1.873056753538548946e-03 9.999749064445495605e-01
2.286356873810291290e-02 -6.907605100423097610e-03 1.021721307188272476e-02 5.919967312365770340e-03 8.526903693564236164e-04 -2.330766074010170996e-05 9.999821186065673828e-01
2.462145872414112091e-02 -7.923139259219169617e-03 1.056276168674230576e-02 5.139259155839681625e-03 7.840921171009540558e-04 3.068595426157116890e-03 9.999817609786987305e-01
2.557788603007793427e-02 -8.001621812582015991e-03 1.343023404479026794e-02 3.033622633665800095e-03 1.419690088368952274e-03 5.871222354471683502e-03 9.999771714210510254e-01
2.695604786276817322e-02 -1.130174472928047180e-02 1.303089689463376999e-02 2.149652689695358276e-03 -6.186568178236484528e-03 8.088477887213230133e-03 9.999458193778991699e-01
2.794438414275646210e-02 -1.302540767937898636e-02 1.447639148682355881e-02 6.484622717835009098e-04 -6.776710506528615952e-03 1.049206964671611786e-02 9.999217987060546875e-01
3.058688156306743622e-02 -1.327795255929231644e-02 1.364146824926137924e-02 -9.136513690464198589e-04 -7.349740713834762573e-03 1.230995077639818192e-02 9.998968243598937988e-01
3.370151296257972717e-02 -1.216129399836063385e-02 1.235325820744037628e-02 -1.567391329444944859e-03 -8.692756295204162598e-03 1.502555515617132187e-02 9.998480677604675293e-01
3.499693423509597778e-02 -1.478396356105804443e-02 1.139530166983604431e-02 -2.151676686480641365e-03 -9.223858825862407684e-03 1.690144464373588562e-02 9.998123049736022949e-01
3.564533218741416931e-02 -1.809245906770229340e-02 1.049363706260919571e-02 -2.348671201616525650e-03 -9.475906379520893097e-03 1.838440820574760437e-02 9.997833371162414551e-01
3.007225133478641510e-02 -1.559019461274147034e-02 8.623702451586723328e-03 -2.956086071208119392e-03 -9.862015955150127411e-03 1.935365237295627594e-02 9.997596740722656250e-01
2.420855127274990082e-02 -1.279995590448379517e-02 7.893210276961326599e-03 -4.445659928023815155e-03 -9.140385314822196960e-03 2.019455097615718842e-02 9.997444152832031250e-01
2.033481188118457794e-02 -8.204532787203788757e-03 1.585651421919465065e-03 -3.161719767376780510e-03 -1.003936771303415298e-02 1.898856088519096375e-02 9.997643232345581055e-01
1.254553720355033875e-02 8.235602639615535736e-03 3.779931459575891495e-03 -1.992384437471628189e-03 -8.320257999002933502e-03 1.309536118060350418e-02 9.998776316642761230e-01
8.402396924793720245e-03 2.671519294381141663e-03 2.485410077497363091e-03 -3.478495404124259949e-03 -8.080147206783294678e-03 1.825289428234100342e-02 9.997947216033935547e-01
8.091312833130359650e-03 -1.057913250406272709e-04 2.684372710064053535e-03 -3.061414230614900589e-03 -7.874032482504844666e-03 1.938554644584655762e-02 9.997763633728027344e-01
7.146860938519239426e-03 1.668320473982021213e-04 3.181226085871458054e-03 -3.109075827524065971e-03 -5.902807228267192841e-03 1.967114582657814026e-02 9.997842311859130859e-01
6.802817806601524353e-03 1.300985924899578094e-03 1.448174822144210339e-03 -2.596846548840403557e-03 -6.245584227144718170e-03 1.813674904406070709e-02 9.998126626014709473e-01
6.181733682751655579e-03 -2.982316655106842518e-04 1.031323103234171867e-03 -2.730876440182328224e-03 -5.293362773954868317e-03 1.815531216561794281e-02 9.998174309730529785e-01
4.977501928806304932e-03 1.931932172738015652e-03 9.299475932493805885e-04 -2.156820846721529961e-03 -4.381256178021430969e-03 1.584995165467262268e-02 9.998624324798583984e-01
4.354926291853189468e-03 5.590632208622992039e-04 1.152281532995402813e-03 -1.883126678876578808e-03 -2.772067673504352570e-03 1.526977960020303726e-02 9.998778104782104492e-01
3.043590579181909561e-03 1.926855067722499371e-03 4.396317526698112488e-04 -1.288784085772931576e-03 -1.708776340819895267e-03 1.254809647798538208e-02 9.999189972877502441e-01
5.708248820155858994e-03 -1.201628940179944038e-03 9.330180182587355375e-05 -6.846541655249893665e-04 -6.425234605558216572e-04 1.017455942928791046e-02 9.999477863311767578e-01
6.470686290413141251e-03 -5.905844271183013916e-03 9.642852819524705410e-04 2.690895926207304001e-04 1.562220510095357895e-03 7.688628975301980972e-03 9.999691843986511230e-01
1.657900959253311157e-01 -4.959964659065008163e-03 5.638273432850837708e-02 -4.136214032769203186e-02 1.042229589074850082e-02 3.084572777152061462e-02 9.986135959625244141e-01
1.472406089305877686e-01 -1.481183711439371109e-02 6.090038269758224487e-02 -4.018554463982582092e-02 1.397216506302356720e-02 2.786694280803203583e-02 9.987058043479919434e-01
1.304132938385009766e-01 -3.824371099472045898e-02 4.969961196184158325e-02 -4.081663861870765686e-02 1.327948831021785736e-02 3.425501659512519836e-02 9.984909892082214355e-01
1.146210357546806335e-01 -3.677464649081230164e-02 4.709113761782646179e-02 -4.149097204208374023e-02 1.365296635776758194e-02 3.278325498104095459e-02 9.985075592994689941e-01
9.935977309942245483e-02 -3.459078818559646606e-02 4.314636439085006714e-02 -3.845930472016334534e-02 1.413198374211788177e-02 2.993545308709144592e-02 9.987117052078247070e-01
8.417696505784988403e-02 -2.991030737757682800e-02 4.048585519194602966e-02 -3.561975434422492981e-02 1.377839874476194382e-02 2.444014139473438263e-02 9.989715218544006348e-01
7.095666974782943726e-02 -2.368277125060558319e-02 3.449324518442153931e-02 -3.155091032385826111e-02 1.428461633622646332e-02 1.946191117167472839e-02 9.992105364799499512e-01
5.787738040089607239e-02 -1.759433373808860779e-02 2.791044116020202637e-02 -2.675837278366088867e-02 1.345806289464235306e-02 1.246574521064758301e-02 9.994735717773437500e-01
4.422388225793838501e-02 -1.523640565574169159e-02 1.986640132963657379e-02 -2.291216701269149780e-02 1.145216450095176697e-02 8.190231397747993469e-03 9.996383190155029297e-01
3.005432337522506714e-02 -1.125833950936794281e-02 1.371135096997022629e-02 -1.904036104679107666e-02 5.360404495149850845e-03 4.743280354887247086e-03 9.997931122779846191e-01
1.666421256959438324e-02 -5.617466289550065994e-03 7.408755365759134293e-03 -1.483764220029115677e-02 -7.188497693277895451e-04 -1.043869997374713421e-04 9.998896718025207520e-01
1.060114800930023193e-02 -7.265023305080831051e-04 5.406782496720552444e-03 -9.086017496883869171e-03 -9.530536772217601538e-05 -5.161582492291927338e-03 9.999454021453857422e-01
1.141817867755889893e-02 -1.272334950044751167e-03 6.671270355582237244e-03 -5.411325953900814056e-03 6.549553945660591125e-04 -8.736846968531608582e-03 9.999469518661499023e-01
1.280852127820253372e-02 -2.803955227136611938e-03 7.058363407850265503e-03 -1.697503961622714996e-03 1.032534753903746605e-03 -1.212305389344692230e-02 9.999245405197143555e-01
1.466369442641735077e-02 -3.127337433397769928e-03 7.356279995292425156e-03 1.592695247381925583e-03 1.031463616527616978e-03 -1.508045382797718048e-02 9.998844861984252930e-01
1.628640666604042053e-02 -5.992247723042964935e-03 6.896363571286201477e-03 5.085554439574480057e-03 1.561682205647230148e-03 -1.743255369365215302e-02 9.998338818550109863e-01
1.770788617432117462e-02 -7.869838736951351166e-03 7.511436473578214645e-03 7.131033577024936676e-03 2.203790005296468735e-03 -1.841957494616508484e-02 9.998024702072143555e-01
1.859080418944358826e-02 -9.908110834658145905e-03 9.305313229560852051e-03 9.344224818050861359e-03 2.628125716000795364e-03 -1.936256885528564453e-02 9.997653961181640625e-01
1.994275860488414764e-02 -1.181890256702899933e-02 1.040254067629575729e-02 1.050374656915664673e-02 2.591126598417758942e-03 -2.011554315686225891e-02 9.997391104698181152e-01
2.273316122591495514e-02 -1.236421894282102585e-02 1.050423178821802139e-02 1.183952484279870987e-02 2.493270672857761383e-03 -2.030947804450988770e-02 9.997205138206481934e-01
2.459815144538879395e-02 -1.355183776468038559e-02 1.213610544800758362e-02 1.315173227339982986e-02 2.056949539110064507e-03 -1.901043765246868134e-02 9.997306466102600098e-01
2.782500348985195160e-02 -1.207779906690120697e-02 1.403918955475091934e-02 1.382604427635669708e-02 2.243885071948170662e-03 -1.742368750274181366e-02 9.997500777244567871e-01
3.091868385672569275e-02 -1.290961261838674545e-02 1.426653377711772919e-02 1.448505651205778122e-02 1.845845021307468414e-03 -1.514000725001096725e-02 9.997787475585937500e-01
3.346838802099227905e-02 -1.565995067358016968e-02 1.416001655161380768e-02 1.482386235147714615e-02 1.680694404058158398e-03 -1.224180404096841812e-02 9.998137950897216797e-01
3.729963302612304688e-02 -1.314518973231315613e-02 1.662718690931797028e-02 1.402694173157215118e-02 1.471685362048447132e-03 -9.546516463160514832e-03 9.998549818992614746e-01
4.108315333724021912e-02 -1.185143459588289261e-02 1.802850328385829926e-02 1.371475216001272202e-02 1.406499533914029598e-03 -5.948813632130622864e-03 9.998872876167297363e-01
4.394317790865898132e-02 -1.475064363330602646e-02 1.895296014845371246e-02 1.298046298325061798e-02 7.571055903099477291e-04 -1.991009339690208435e-03 9.999134540557861328e-01
4.758042842149734497e-02 -1.393094286322593689e-02 2.118808589875698090e-02 1.109774783253669739e-02 2.131024608388543129e-03 2.487563760951161385e-03 9.999330639839172363e-01
5.070307478308677673e-02 -1.385638117790222168e-02 2.431719377636909485e-02 8.832180872559547424e-03 1.868343912065029144e-03 7.699814159423112869e-03 9.999296069145202637e-01
5.270852893590927124e-02 -1.945535466074943542e-02 2.616614662110805511e-02 5.727110896259546280e-03 -5.101151764392852783e-03 1.288140937685966492e-02 9.998876452445983887e-01
5.625995993614196777e-02 -2.472498640418052673e-02 2.424247004091739655e-02 2.646955428645014763e-03 -1.311085093766450882e-02 1.649385504424571991e-02 9.997745156288146973e-01
5.868422612547874451e-02 -2.977007441222667694e-02 2.412580139935016632e-02 4.459884657990187407e-04 -1.425876747816801071e-02 2.119480259716510773e-02 9.996736049652099609e-01
6.388422846794128418e-02 -2.888363786041736603e-02 2.343952842056751251e-02 -1.444102730602025986e-03 -1.627140864729881287e-02 2.526258677244186401e-02 9.995473623275756836e-01
6.799211353063583374e-02 -3.024919889867305756e-02 2.185904793441295624e-02 -2.125774277374148369e-03 -1.706716232001781464e-02 2.924357168376445770e-02 9.994243383407592773e-01
7.072793692350387573e-02 -3.365430980920791626e-02 2.060460671782493591e-02 -2.853198209777474403e-03 -1.804926991462707520e-02 3.155790641903877258e-02 9.993348717689514160e-01
6.566108763217926025e-02 -3.345226868987083435e-02 1.969313807785511017e-02 -4.257246851921081543e-03 -1.788856275379657745e-02 3.289003297686576843e-02 9.992898106575012207e-01
5.344627052545547485e-02 -3.002895787358283997e-02 1.633942686021327972e-02 -6.845015566796064377e-03 -1.832502707839012146e-02 3.610467538237571716e-02 9.991565346717834473e-01
4.388200864195823669e-02 -2.362729236483573914e-02 7.949928753077983856e-03 -5.955861415714025497e-03 -1.934898830950260162e-02 3.757967799901962280e-02 9.990885257720947266e-01
3.411351889371871948e-02 1.513308472931385040e-02 2.799445530399680138e-03 -4.073987714946269989e-03 -1.932934299111366272e-02 2.365668676793575287e-02 9.995249509811401367e-01
2.313304506242275238e-02 5.370469763875007629e-03 6.051266565918922424e-03 -5.049104336649179459e-03 -1.621459424495697021e-02 3.205538913607597351e-02 9.993417859077453613e-01
1.622314192354679108e-02 1.945787153090350330e-05 7.025399245321750641e-03 -6.362601649016141891e-03 -1.374657452106475830e-02 3.819550201296806335e-02 9.991554617881774902e-01
1.536573749035596848e-02 6.796795059926807880e-04 5.523991771042346954e-03 -5.541884340345859528e-03 -1.398524083197116852e-02 3.677215054631233215e-02 9.992104172706604004e-01
1.345172431319952011e-02 2.593192504718899727e-03 5.841414444148540497e-03 -5.367651581764221191e-03 -1.080783549696207047e-02 3.491181507706642151e-02 9.993175268173217773e-01
1.277637667953968048e-02 1.678813016042113304e-03 3.456176491454243660e-03 -5.820389837026596069e-03 -1.122268941253423691e-02 3.343558683991432190e-02 9.993609189987182617e-01
1.110560074448585510e-02 1.855891314335167408e-03 3.122126916423439980e-03 -4.744113422930240631e-03 -9.181692264974117279e-03 3.200310841202735901e-02 9.994343519210815430e-01
9.389406070113182068e-03 2.207180019468069077e-03 2.431185217574238777e-03 -3.910508938133716583e-03 -7.116761989891529083e-03 2.948283404111862183e-02 9.995322823524475098e-01
7.801437284797430038e-03 1.474655233323574066e-03 1.845205202698707581e-03 -2.911831485107541084e-03 -4.245781339704990387e-03 2.682614699006080627e-02 9.996268749237060547e-01
8.904743939638137817e-03 2.786407130770385265e-04 1.860265620052814484e-03 -1.472305506467819214e-03 -1.440019113942980766e-03 2.152263186872005463e-02 9.997662305831909180e-01
1.252482365816831589e-02 -7.272629532963037491e-03 1.397319021634757519e-03 -2.141166914952918887e-04 1.686227158643305302e-03 1.740155369043350220e-02 9.998471140861511230e-01
