0.000000000000000000e+00 0.000000000000000000e+00 0.000000000000000000e+00 7.439266216935358500e-13 -2.631733372893130252e-12 5.066515783302971698e-13 1.000000000000000000e+00
8.761672675609588623e-02 4.131072200834751129e-04 2.573327720165252686e-02 -2.143893204629421234e-02 4.439725540578365326e-03 1.696206443011760712e-02 9.996163845062255859e-01
1.658866107463836670e-01 -2.009800169616937637e-03 5.616926401853561401e-02 -4.267518967390060425e-02 1.082157809287309647e-02 3.249217569828033447e-02 9.985018968582153320e-01
2.363693118095397949e-01 -8.108370006084442139e-03 8.373355865478515625e-02 -6.338031589984893799e-02 1.782654225826263428e-02 4.764868319034576416e-02 9.966918826103210449e-01
2.994724214076995850e-01 -2.060715481638908386e-02 1.076795384287834167e-01 -8.489122986793518066e-02 2.485208585858345032e-02 6.590399146080017090e-02 9.938976168632507324e-01
3.554679155349731445e-01 -2.679344080388545990e-02 1.303069442510604858e-01 -1.052442267537117004e-01 3.194595873355865479e-02 8.113025873899459839e-02 9.906165003776550293e-01
4.040000736713409424e-01 -3.269714117050170898e-02 1.506782472133636475e-01 -1.238320916891098022e-01 3.868039324879646301e-02 9.480687230825424194e-02 9.870060086250305176e-01
4.454609453678131104e-01 -3.478137776255607605e-02 1.684302389621734619e-01 -1.407731920480728149e-01 4.518909752368927002e-02 1.053470000624656677e-01 9.833833575248718262e-01
4.797987639904022217e-01 -3.452681750059127808e-02 1.828125417232513428e-01 -1.557447314262390137e-01 5.182978510856628418e-02 1.131793260574340820e-01 9.799221754074096680e-01
5.073506832122802734e-01 -3.375033289194107056e-02 1.929205656051635742e-01 -1.683815121650695801e-01 5.703784152865409851e-02 1.175939887762069702e-01 9.770189523696899414e-01
5.274696946144104004e-01 -3.360870853066444397e-02 2.003166973590850830e-01 -1.792653501033782959e-01 6.211559101939201355e-02 1.208832263946533203e-01 9.743679165840148926e-01
5.401443243026733398e-01 -3.386890888214111328e-02 2.048413157463073730e-01 -1.875027865171432495e-01 6.069567799568176270e-02 1.225333362817764282e-01 9.726995229721069336e-01
5.454797148704528809e-01 -3.249624744057655334e-02 2.063459604978561401e-01 -1.933242678642272949e-01 5.958001688122749329e-02 1.218426674604415894e-01 9.717151522636413574e-01
5.509318709373474121e-01 -3.014500625431537628e-02 2.083739042282104492e-01 -1.968763172626495361e-01 5.866033211350440979e-02 1.183378249406814575e-01 9.714910984039306641e-01
5.573135018348693848e-01 -2.863823063671588898e-02 2.109099477529525757e-01 -1.990230977535247803e-01 5.788886547088623047e-02 1.134749427437782288e-01 9.716801047325134277e-01
5.644817948341369629e-01 -2.696266584098339081e-02 2.136846482753753662e-01 -1.992357522249221802e-01 5.707484483718872070e-02 1.065704599022865295e-01 9.724661111831665039e-01
5.727744102478027344e-01 -2.578214369714260101e-02 2.165540158748626709e-01 -1.982711106538772583e-01 5.621457472443580627e-02 9.832245111465454102e-02 9.735814929008483887e-01
5.821178555488586426e-01 -2.654365822672843933e-02 2.196856737136840820e-01 -1.955994665622711182e-01 5.563892796635627747e-02 8.922676742076873779e-02 9.750300645828247070e-01
5.922424793243408203e-01 -2.689968235790729523e-02 2.237588614225387573e-01 -1.923335939645767212e-01 5.545841902494430542e-02 7.944759726524353027e-02 9.765348434448242188e-01
6.029127836227416992e-01 -2.856346406042575836e-02 2.293044328689575195e-01 -1.880330294370651245e-01 5.526638403534889221e-02 6.929028034210205078e-02 9.781553745269775391e-01
6.147338151931762695e-01 -3.122097067534923553e-02 2.347707301378250122e-01 -1.833541244268417358e-01 5.497843772172927856e-02 5.876068398356437683e-02 9.797477722167968750e-01
6.278210878372192383e-01 -3.358520939946174622e-02 2.408662438392639160e-01 -1.779587566852569580e-01 5.476456508040428162e-02 4.859149828553199768e-02 9.813106060028076172e-01
6.421325802803039551e-01 -3.688787668943405151e-02 2.471283376216888428e-01 -1.716065555810928345e-01 5.433928221464157104e-02 3.907251358032226562e-02 9.828895926475524902e-01
6.580840945243835449e-01 -3.805110976099967957e-02 2.542302310466766357e-01 -1.651927530765533447e-01 5.433290824294090271e-02 3.037782013416290283e-02 9.842948913574218750e-01
6.753608584403991699e-01 -4.199181124567985535e-02 2.610557973384857178e-01 -1.581062376499176025e-01 5.425412207841873169e-02 2.303181216120719910e-02 9.856615066528320312e-01
6.938381791114807129e-01 -4.689479246735572815e-02 2.687916755676269531e-01 -1.512588858604431152e-01 5.429353564977645874e-02 1.720243133604526520e-02 9.868521690368652344e-01
7.147777080535888672e-01 -4.818199574947357178e-02 2.766382694244384766e-01 -1.446318179368972778e-01 5.475379154086112976e-02 1.259335596114397049e-02 9.878891110420227051e-01
7.370383739471435547e-01 -5.252544581890106201e-02 2.847587764263153076e-01 -1.379485130310058594e-01 5.476986616849899292e-02 1.034813094884157181e-02 9.888697862625122070e-01
7.610344886779785156e-01 -5.626704916357994080e-02 2.940002381801605225e-01 -1.320635676383972168e-01 5.568856745958328247e-02 9.803422726690769196e-03 9.896271228790283203e-01
7.870925664901733398e-01 -6.004294753074645996e-02 3.033376336097717285e-01 -1.267422884702682495e-01 5.699622258543968201e-02 1.199091225862503052e-02 9.902241826057434082e-01
8.142805099487304688e-01 -6.379231065511703491e-02 3.154508769512176514e-01 -1.230792999267578125e-01 5.890032649040222168e-02 1.705504395067691803e-02 9.905005097389221191e-01
8.432884812355041504e-01 -7.133824378252029419e-02 3.268119096755981445e-01 -1.204200536012649536e-01 5.365548282861709595e-02 2.508023194968700409e-02 9.909545779228210449e-01
8.735837340354919434e-01 -8.079221844673156738e-02 3.390384316444396973e-01 -1.190140992403030396e-01 4.811112955212593079e-02 3.545683249831199646e-02 9.910922050476074219e-01
9.060381650924682617e-01 -9.075064212083816528e-02 3.511314988136291504e-01 -1.186885461211204529e-01 4.202597588300704956e-02 4.795265197753906250e-02 9.908822178840637207e-01
9.414218068122863770e-01 -9.868692606687545776e-02 3.621873259544372559e-01 -1.187256798148155212e-01 3.518450632691383362e-02 6.294123083353042603e-02 9.903053045272827148e-01
9.784489274024963379e-01 -1.076495498418807983e-01 3.729950785636901855e-01 -1.190097406506538391e-01 2.811979874968528748e-02 7.956145703792572021e-02 9.893007278442382812e-01
1.017020225524902344e+00 -1.176827922463417053e-01 3.845043480396270752e-01 -1.195433214306831360e-01 2.099077776074409485e-02 9.715046733617782593e-02 9.878414273262023926e-01
1.049336194992065430e+00 -1.246813386678695679e-01 3.945693671703338623e-01 -1.209665760397911072e-01 1.358150877058506012e-02 1.153111159801483154e-01 9.858429431915283203e-01
1.076100945472717285e+00 -1.328129619359970093e-01 4.042229354381561279e-01 -1.235785409808158875e-01 6.608798634260892868e-03 1.362274438142776489e-01 9.829174280166625977e-01
1.096746921539306641e+00 -1.313844621181488037e-01 4.047977626323699951e-01 -1.244986802339553833e-01 -1.838351599872112274e-03 1.536434292793273926e-01 9.802501797676086426e-01
1.106432795524597168e+00 -1.160653382539749146e-01 4.043309986591339111e-01 -1.248641461133956909e-01 -9.337233379483222961e-03 1.653877198696136475e-01 9.782477617263793945e-01
1.114842295646667480e+00 -1.137794628739356995e-01 4.075462818145751953e-01 -1.271376311779022217e-01 -1.454760599881410599e-02 1.854524016380310059e-01 9.742852449417114258e-01
1.121955871582031250e+00 -1.098108366131782532e-01 4.101140797138214111e-01 -1.288209706544876099e-01 -2.002052590250968933e-02 2.045568823814392090e-01 9.701344370841979980e-01
1.128112912178039551e+00 -1.059250831604003906e-01 4.129788577556610107e-01 -1.306996345520019531e-01 -2.384249493479728699e-02 2.232390493154525757e-01 9.656674265861511230e-01
1.133110880851745605e+00 -1.010781601071357727e-01 4.144103527069091797e-01 -1.324103027582168579e-01 -2.777057699859142303e-02 2.402145713567733765e-01 9.612456560134887695e-01
1.138538241386413574e+00 -9.805141389369964600e-02 4.157473146915435791e-01 -1.343477368354797363e-01 -3.122550621628761292e-02 2.573165893554687500e-01 9.564328789710998535e-01
1.141736388206481934e+00 -9.365723282098770142e-02 4.164443612098693848e-01 -1.356578767299652100e-01 -3.373066708445549011e-02 2.722501456737518311e-01 9.520183801651000977e-01
1.145308613777160645e+00 -9.087608009576797485e-02 4.173815846443176270e-01 -1.371339410543441772e-01 -3.492047637701034546e-02 2.866143882274627686e-01 9.475373029708862305e-01
1.147014021873474121e+00 -8.770015090703964233e-02 4.177190363407135010e-01 -1.381695568561553955e-01 -3.494198992848396301e-02 2.982315719127655029e-01 9.437934756278991699e-01
1.152389883995056152e+00 -8.532774448394775391e-02 4.185031950473785400e-01 -1.389195621013641357e-01 -3.396195173263549805e-02 3.074587583541870117e-01 9.407533407211303711e-01
1.160967707633972168e+00 -8.587322384119033813e-02 4.209297597408294678e-01 -1.394325196743011475e-01 -3.117261826992034912e-02 3.144218623638153076e-01 9.384698867797851562e-01
1.283772706985473633e+00 3.123841620981693268e-02 4.725018143653869629e-01 -1.848004311323165894e-01 -3.107216954231262207e-02 3.529638648033142090e-01 9.166787266731262207e-01
1.392042160034179688e+00 1.373980790376663208e-01 5.236474871635437012e-01 -2.271960675716400146e-01 -2.725819125771522522e-02 3.742213547229766846e-01 8.986642360687255859e-01
1.500098109245300293e+00 2.224256992340087891e-01 5.687526464462280273e-01 -2.694368362426757812e-01 -2.277510799467563629e-02 4.003107845783233643e-01 8.755776882171630859e-01
1.591156005859375000e+00 3.058935999870300293e-01 6.068251729011535645e-01 -3.115754127502441406e-01 -1.856315135955810547e-02 4.237940311431884766e-01 8.502792716026306152e-01
1.666529417037963867e+00 3.853830099105834961e-01 6.373336911201477051e-01 -3.504198789596557617e-01 -1.349477842450141907e-02 4.435844719409942627e-01 8.247767090797424316e-01
1.725664615631103516e+00 4.598963856697082520e-01 6.612140536308288574e-01 -3.858795166015625000e-01 -9.352855384349822998e-03 4.579769670963287354e-01 8.007912039756774902e-01
1.771335363388061523e+00 5.267810225486755371e-01 6.762515902519226074e-01 -4.175646305084228516e-01 -4.846114665269851685e-03 4.673931598663330078e-01 7.792046666145324707e-01
1.805561900138854980e+00 5.834369063377380371e-01 6.838023662567138672e-01 -4.445456862449645996e-01 -1.658403896726667881e-03 4.711112082004547119e-01 7.618599534034729004e-01
1.832698345184326172e+00 6.262224912643432617e-01 6.877490878105163574e-01 -4.672496020793914795e-01 -8.610333316028118134e-05 4.720515906810760498e-01 7.475594282150268555e-01
1.851253151893615723e+00 6.556890010833740234e-01 6.900853514671325684e-01 -4.839175343513488770e-01 -2.850601449608802795e-03 4.729935228824615479e-01 7.362694740295410156e-01
1.860935091972351074e+00 6.721280217170715332e-01 6.904835700988769531e-01 -4.944483041763305664e-01 -1.044817734509706497e-02 4.731700420379638672e-01 7.290554046630859375e-01
1.864668369293212891e+00 6.833503246307373047e-01 6.889775395393371582e-01 -5.009464621543884277e-01 -1.736845821142196655e-02 4.693333208560943604e-01 7.269643545150756836e-01
1.868590116500854492e+00 6.960175037384033203e-01 6.881631612777709961e-01 -5.050094127655029297e-01 -2.380781434476375580e-02 4.625349640846252441e-01 7.283269166946411133e-01
1.874183177947998047e+00 7.098181247711181641e-01 6.881982088088989258e-01 -5.063965916633605957e-01 -2.996140345931053162e-02 4.531086385250091553e-01 7.330465912818908691e-01
1.881083011627197266e+00 7.250266075134277344e-01 6.880899667739868164e-01 -5.051860809326171875e-01 -3.611686453223228455e-02 4.415270388126373291e-01 7.406324148178100586e-01
1.891231775283813477e+00 7.406159639358520508e-01 6.897292733192443848e-01 -5.013956427574157715e-01 -4.151550307869911194e-02 4.279373288154602051e-01 7.508319020271301270e-01
1.903431057929992676e+00 7.570907473564147949e-01 6.931480765342712402e-01 -4.961207509040832520e-01 -4.603648930788040161e-02 4.132138490676879883e-01 7.622330188751220703e-01
1.916914939880371094e+00 7.746875286102294922e-01 6.993862390518188477e-01 -4.890764951705932617e-01 -4.976744949817657471e-02 3.974844515323638916e-01 7.748118638992309570e-01
1.932314991950988770e+00 7.929841876029968262e-01 7.079699039459228516e-01 -4.808392822742462158e-01 -5.340979620814323425e-02 3.810504674911499023e-01 7.878714799880981445e-01
1.950372338294982910e+00 8.122767210006713867e-01 7.170110344886779785e-01 -4.712422192096710205e-01 -5.668462812900543213e-02 3.643762171268463135e-01 8.012163043022155762e-01
1.970199227333068848e+00 8.326820731163024902e-01 7.282592058181762695e-01 -4.602498710155487061e-01 -5.918764322996139526e-02 3.488228023052215576e-01 8.142417073249816895e-01
1.991399765014648438e+00 8.559251427650451660e-01 7.395508885383605957e-01 -4.486285150051116943e-01 -6.054220348596572876e-02 3.343341052532196045e-01 8.266122341156005859e-01
2.015905857086181641e+00 8.798711895942687988e-01 7.518870234489440918e-01 -4.362562298774719238e-01 -6.095239892601966858e-02 3.217940628528594971e-01 8.381013274192810059e-01
2.044385910034179688e+00 9.030467867851257324e-01 7.666402459144592285e-01 -4.235458076000213623e-01 -6.010278314352035522e-02 3.116446137428283691e-01 8.484539985656738281e-01
2.074368000030517578e+00 9.301229119300842285e-01 7.810792326927185059e-01 -4.114679992198944092e-01 -5.851738154888153076e-02 3.037193417549133301e-01 8.573355674743652344e-01
2.106876611709594727e+00 9.599235057830810547e-01 7.955162525177001953e-01 -3.997425436973571777e-01 -5.558725073933601379e-02 2.988088130950927734e-01 8.647711873054504395e-01
2.143318653106689453e+00 9.896578192710876465e-01 8.127101659774780273e-01 -3.885983824729919434e-01 -5.184493586421012878e-02 2.974800765514373779e-01 8.705223202705383301e-01
2.182064771652221680e+00 1.022641658782958984e+00 8.305342793464660645e-01 -3.796744048595428467e-01 -4.571833088994026184e-02 2.993728816509246826e-01 8.741470575332641602e-01
2.222767353057861328e+00 1.059037446975708008e+00 8.498423695564270020e-01 -3.728384375572204590e-01 -3.851437196135520935e-02 3.057770431041717529e-01 8.752191066741943359e-01
2.267587184906005859e+00 1.094815254211425781e+00 8.733469843864440918e-01 -3.667203485965728760e-01 -3.642076253890991211e-02 3.191392123699188232e-01 8.731207251548767090e-01
2.318140268325805664e+00 1.129594206809997559e+00 8.978222608566284180e-01 -3.607430756092071533e-01 -4.096652567386627197e-02 3.383727967739105225e-01 8.681532144546508789e-01
2.372194051742553711e+00 1.165044665336608887e+00 9.249075651168823242e-01 -3.562816083431243896e-01 -4.553516209125518799e-02 3.618246912956237793e-01 8.602748513221740723e-01
2.428250789642333984e+00 1.206495761871337891e+00 9.494909048080444336e-01 -3.526256680488586426e-01 -5.103434994816780090e-02 3.891251683235168457e-01 8.494894504547119141e-01
2.486313343048095703e+00 1.252555131912231445e+00 9.723599553108215332e-01 -3.490796387195587158e-01 -5.601850152015686035e-02 4.196530878543853760e-01 8.360003232955932617e-01
2.546016693115234375e+00 1.302407026290893555e+00 9.949410557746887207e-01 -3.454261124134063721e-01 -6.125157326459884644e-02 4.518971443176269531e-01 8.201938271522521973e-01
2.599623203277587891e+00 1.352121233940124512e+00 1.016692399978637695e+00 -3.426033258438110352e-01 -6.644291430711746216e-02 4.844708740711212158e-01 8.021821379661560059e-01
2.642316102981567383e+00 1.395142555236816406e+00 1.035445928573608398e+00 -3.413262963294982910e-01 -7.203351706266403198e-02 5.188481807708740234e-01 7.804511785507202148e-01
2.676379680633544922e+00 1.431079626083374023e+00 1.045206308364868164e+00 -3.383312523365020752e-01 -7.733205705881118774e-02 5.538796782493591309e-01 7.568150758743286133e-01
2.675882339477539062e+00 1.465041637420654297e+00 1.029492974281311035e+00 -3.323770463466644287e-01 -8.617676794528961182e-02 5.777450203895568848e-01 7.404794692993164062e-01
2.675844907760620117e+00 1.489134669303894043e+00 1.025007009506225586e+00 -3.292916119098663330e-01 -9.038922935724258423e-02 6.060552597045898438e-01 7.183966636657714844e-01
2.676153182983398438e+00 1.506782054901123047e+00 1.026014208793640137e+00 -3.287056386470794678e-01 -9.146701544523239136e-02 6.369345188140869141e-01 6.913037300109863281e-01
2.675225019454956055e+00 1.523085832595825195e+00 1.025373101234436035e+00 -3.267330229282379150e-01 -9.250544756650924683e-02 6.659424304962158203e-01 6.642355918884277344e-01
2.671118497848510742e+00 1.537354826927185059e+00 1.024221658706665039e+00 -3.261075615882873535e-01 -9.178896993398666382e-02 6.917124390602111816e-01 6.377794742584228516e-01
2.668108463287353516e+00 1.550106644630432129e+00 1.021704912185668945e+00 -3.249173760414123535e-01 -9.201035648584365845e-02 7.157204151153564453e-01 6.113158464431762695e-01
2.664331912994384766e+00 1.560880303382873535e+00 1.019217252731323242e+00 -3.240068256855010986e-01 -9.056831896305084229e-02 7.374263405799865723e-01 5.856785774230957031e-01
2.660158634185791016e+00 1.569483041763305664e+00 1.016474962234497070e+00 -3.235677480697631836e-01 -8.802516758441925049e-02 7.563006281852722168e-01 5.617516040802001953e-01
2.656659841537475586e+00 1.576460480690002441e+00 1.014125943183898926e+00 -3.242330253124237061e-01 -8.389953523874282837e-02 7.722055315971374512e-01 5.399374961853027344e-01
2.653502225875854492e+00 1.584668397903442383e+00 1.011783003807067871e+00 -3.256459534168243408e-01 -7.881602644920349121e-02 7.839892506599426270e-01 5.225932002067565918e-01
2.655232429504394531e+00 1.599087238311767578e+00 1.010877132415771484e+00 -3.284015357494354248e-01 -7.242388278245925903e-02 7.923973798751831055e-01 5.089337825775146484e-01
