0.000000000000000000e+00 0.000000000000000000e+00 0.000000000000000000e+00 -1.919909543846021194e-13 -1.714805381025641395e-12 1.350699066482441424e-14 9.999998807907104492e-01
8.593589067459106445e-02 -3.041436895728111267e-03 3.101679496467113495e-02 -2.320212870836257935e-02 4.410636145621538162e-03 1.766955479979515076e-02 9.995647668838500977e-01
1.621984392404556274e-01 -7.622262462973594666e-03 6.562799960374832153e-02 -4.641595482826232910e-02 1.085689105093479156e-02 3.419741988182067871e-02 9.982774257659912109e-01
2.310861051082611084e-01 -1.468204520642757416e-02 9.737968444824218750e-02 -6.890159845352172852e-02 1.768485642969608307e-02 5.014568567276000977e-02 9.962054491043090820e-01
2.919511198997497559e-01 -2.418350614607334137e-02 1.274428814649581909e-01 -9.265491366386413574e-02 2.468413114547729492e-02 6.823297590017318726e-02 9.930508136749267578e-01
3.459987342357635498e-01 -2.968674711883068085e-02 1.546391248703002930e-01 -1.149788275361061096e-01 3.162144869565963745e-02 8.389787375926971436e-02 9.893134236335754395e-01
3.929121792316436768e-01 -3.409416973590850830e-02 1.788118332624435425e-01 -1.351679414510726929e-01 3.819569200277328491e-02 9.774649143218994141e-02 9.852492809295654297e-01
4.330472648143768311e-01 -3.624939173460006714e-02 1.993511170148849487e-01 -1.533955484628677368e-01 4.463238641619682312e-02 1.086774170398712158e-01 9.811558723449707031e-01
4.661762118339538574e-01 -3.592468798160552979e-02 2.163981348276138306e-01 -1.692430078983306885e-01 5.115430429577827454e-02 1.167414039373397827e-01 9.772979617118835449e-01
4.929353892803192139e-01 -3.423863649368286133e-02 2.284259647130966187e-01 -1.824526190757751465e-01 5.623222142457962036e-02 1.210392937064170837e-01 9.741140604019165039e-01
5.124142765998840332e-01 -3.312951326370239258e-02 2.373223155736923218e-01 -1.939312666654586792e-01 6.121731922030448914e-02 1.243188530206680298e-01 9.711785316467285156e-01
5.247343182563781738e-01 -3.184103965759277344e-02 2.426045238971710205e-01 -2.024147808551788330e-01 5.960696563124656677e-02 1.256663948297500610e-01 9.693725109100341797e-01
5.299279093742370605e-01 -3.025809861719608307e-02 2.442974001169204712e-01 -2.083820998668670654e-01 5.821534246206283569e-02 1.247988790273666382e-01 9.683040976524353027e-01
5.350995659828186035e-01 -2.743277885019779205e-02 2.464975267648696899e-01 -2.118902355432510376e-01 5.701491609215736389e-02 1.209143325686454773e-01 9.681072235107421875e-01
5.413743257522583008e-01 -2.542701549828052521e-02 2.489717453718185425e-01 -2.139323055744171143e-01 5.585959181189537048e-02 1.155816391110420227e-01 9.683767557144165039e-01
5.485217571258544922e-01 -2.379295043647289276e-02 2.518051266670227051e-01 -2.141605466604232788e-01 5.475438013672828674e-02 1.082683354616165161e-01 9.692342877388000488e-01
5.567965507507324219e-01 -2.223200350999832153e-02 2.545942068099975586e-01 -2.131228744983673096e-01 5.354410409927368164e-02 9.946685284376144409e-02 9.704729914665222168e-01
5.661724805831909180e-01 -2.289455570280551910e-02 2.576311528682708740e-01 -2.105068564414978027e-01 5.257799103856086731e-02 8.995933085680007935e-02 9.720234870910644531e-01
5.764459967613220215e-01 -2.348258532583713531e-02 2.613497376441955566e-01 -2.071126103401184082e-01 5.192835628986358643e-02 7.959868758916854858e-02 9.736898541450500488e-01
5.871989130973815918e-01 -2.590234763920307159e-02 2.664305865764617920e-01 -2.026472091674804688e-01 5.134242400527000427e-02 6.901063024997711182e-02 9.754667878150939941e-01
5.990319252014160156e-01 -2.988490276038646698e-02 2.710692882537841797e-01 -1.976640522480010986e-01 5.030873790383338928e-02 5.819980800151824951e-02 9.772464036941528320e-01
6.122111678123474121e-01 -3.340186178684234619e-02 2.763274610042572021e-01 -1.919905841350555420e-01 4.962413385510444641e-02 4.762800037860870361e-02 9.789834618568420410e-01
6.265701055526733398e-01 -3.808522969484329224e-02 2.815710604190826416e-01 -1.853166222572326660e-01 4.866629838943481445e-02 3.778037428855895996e-02 9.807455539703369141e-01
6.424894928932189941e-01 -4.119684547185897827e-02 2.881294786930084229e-01 -1.785103827714920044e-01 4.820660874247550964e-02 2.873079106211662292e-02 9.823362827301025391e-01
6.593818664550781250e-01 -4.734189063310623169e-02 2.942338287830352783e-01 -1.710103750228881836e-01 4.758111760020256042e-02 2.114514261484146118e-02 9.838924407958984375e-01
6.774489283561706543e-01 -5.398796498775482178e-02 3.016623556613922119e-01 -1.638305783271789551e-01 4.719682782888412476e-02 1.511427666991949081e-02 9.852429032325744629e-01
6.980544924736022949e-01 -5.725116282701492310e-02 3.097479641437530518e-01 -1.569170653820037842e-01 4.741480946540832520e-02 1.040378212928771973e-02 9.864179491996765137e-01
7.198485136032104492e-01 -6.353429704904556274e-02 3.179220855236053467e-01 -1.500349044799804688e-01 4.714308679103851318e-02 8.062316104769706726e-03 9.875231385231018066e-01
7.432907223701477051e-01 -6.898244470357894897e-02 3.277204930782318115e-01 -1.440000385046005249e-01 4.788163304328918457e-02 7.518786471337080002e-03 9.883899688720703125e-01
7.685340642929077148e-01 -7.515297085046768188e-02 3.379614651203155518e-01 -1.386267244815826416e-01 4.921202734112739563e-02 9.915828704833984375e-03 9.890714287757873535e-01
7.949868440628051758e-01 -8.094990998506546021e-02 3.509392142295837402e-01 -1.351011842489242554e-01 5.117312446236610413e-02 1.522549428045749664e-02 9.893922209739685059e-01
8.231605887413024902e-01 -9.093694388866424561e-02 3.624825179576873779e-01 -1.323866546154022217e-01 4.601641744375228882e-02 2.368617616593837738e-02 9.898459911346435547e-01
8.525958657264709473e-01 -1.018474251031875610e-01 3.756505250930786133e-01 -1.311194449663162231e-01 4.083338752388954163e-02 3.450375795364379883e-02 9.899240136146545410e-01
8.840752243995666504e-01 -1.131135076284408569e-01 3.891179561614990234e-01 -1.311348825693130493e-01 3.522070869803428650e-02 4.757945612072944641e-02 9.895954728126525879e-01
9.181487560272216797e-01 -1.226321607828140259e-01 4.027311503887176514e-01 -1.317207068204879761e-01 2.930532395839691162e-02 6.303060799837112427e-02 9.888467192649841309e-01
9.539858698844909668e-01 -1.326287537813186646e-01 4.164739251136779785e-01 -1.327758580446243286e-01 2.310658060014247894e-02 8.008190989494323730e-02 9.876352548599243164e-01
9.912481307983398438e-01 -1.431699693202972412e-01 4.308997392654418945e-01 -1.340356916189193726e-01 1.683582179248332977e-02 9.809765219688415527e-02 9.859654307365417480e-01
1.023066043853759766e+00 -1.512944549322128296e-01 4.429016113281250000e-01 -1.360935270786285400e-01 1.005943119525909424e-02 1.171620041131973267e-01 9.836921691894531250e-01
1.048903226852416992e+00 -1.570461690425872803e-01 4.534222781658172607e-01 -1.394521892070770264e-01 3.679609857499599457e-03 1.377298533916473389e-01 9.805967807769775391e-01
1.070992112159729004e+00 -1.588162928819656372e-01 4.569747149944305420e-01 -1.410244554281234741e-01 -3.962307702749967575e-03 1.575595736503601074e-01 9.773798584938049316e-01
1.084778547286987305e+00 -1.518270373344421387e-01 4.601510465145111084e-01 -1.425361782312393188e-01 -1.035182643681764603e-02 1.742285192012786865e-01 9.742795228958129883e-01
1.091791152954101562e+00 -1.469405591487884521e-01 4.631177783012390137e-01 -1.452750861644744873e-01 -1.497605163604021072e-02 1.936950534582138062e-01 9.701304435729980469e-01
1.099429965019226074e+00 -1.446064561605453491e-01 4.664945602416992188e-01 -1.475414335727691650e-01 -1.974385417997837067e-02 2.144309282302856445e-01 9.653294682502746582e-01
1.105559468269348145e+00 -1.404505670070648193e-01 4.690921008586883545e-01 -1.497730612754821777e-01 -2.316742390394210815e-02 2.337269335985183716e-01 9.604179859161376953e-01
1.110724449157714844e+00 -1.360749453306198120e-01 4.711356461048126221e-01 -1.520396471023559570e-01 -2.650566026568412781e-02 2.515988349914550781e-01 9.554471373558044434e-01
1.116053581237792969e+00 -1.331938207149505615e-01 4.729894697666168213e-01 -1.544120460748672485e-01 -2.934171818196773529e-02 2.692072391510009766e-01 9.501701593399047852e-01
1.119693875312805176e+00 -1.293020397424697876e-01 4.741151630878448486e-01 -1.560353487730026245e-01 -3.138530626893043518e-02 2.847363650798797607e-01 9.453004598617553711e-01
1.123170137405395508e+00 -1.265198886394500732e-01 4.750835597515106201e-01 -1.576655805110931396e-01 -3.224283084273338318e-02 2.993561625480651855e-01 9.404720664024353027e-01
1.125189304351806641e+00 -1.236210018396377563e-01 4.758898019790649414e-01 -1.590282768011093140e-01 -3.175250813364982605e-02 3.113848567008972168e-01 9.363446235656738281e-01
1.130404233932495117e+00 -1.212908029556274414e-01 4.771511852741241455e-01 -1.600361913442611694e-01 -3.041402436792850494e-02 3.207343220710754395e-01 9.330556988716125488e-01
1.138753890991210938e+00 -1.209913641214370728e-01 4.801912307739257812e-01 -1.607976108789443970e-01 -2.722462266683578491e-02 3.276830613613128662e-01 9.306055307388305664e-01
1.256546854972839355e+00 -4.894725047051906586e-03 5.351848602294921875e-01 -2.089841365814208984e-01 -2.769684232771396637e-02 3.651058673858642578e-01 9.067834019660949707e-01
1.361611604690551758e+00 1.029418632388114929e-01 5.894133448600769043e-01 -2.543937265872955322e-01 -2.495089173316955566e-02 3.880261182785034180e-01 8.854925036430358887e-01
1.456783056259155273e+00 1.997706443071365356e-01 6.394817829132080078e-01 -3.003721535205841064e-01 -2.197737805545330048e-02 4.133367836475372314e-01 8.593288660049438477e-01
1.536728620529174805e+00 2.919717431068420410e-01 6.820913553237915039e-01 -3.460364043712615967e-01 -1.926519721746444702e-02 4.362945258617401123e-01 8.303822278976440430e-01
1.601848483085632324e+00 3.790152370929718018e-01 7.154580950736999512e-01 -3.875473737716674805e-01 -1.556360069662332535e-02 4.553841352462768555e-01 8.013675808906555176e-01
1.654392004013061523e+00 4.578698277473449707e-01 7.407687902450561523e-01 -4.246040880680084229e-01 -1.257758773863315582e-02 4.693921804428100586e-01 7.740955948829650879e-01
1.694816350936889648e+00 5.275978446006774902e-01 7.577798962593078613e-01 -4.574101865291595459e-01 -8.786430582404136658e-03 4.783902168273925781e-01 7.495608329772949219e-01
1.724613189697265625e+00 5.865550041198730469e-01 7.664142847061157227e-01 -4.846558570861816406e-01 -6.524540483951568604e-03 4.815516173839569092e-01 7.301876544952392578e-01
1.747013926506042480e+00 6.319859027862548828e-01 7.705141305923461914e-01 -5.075749754905700684e-01 -5.797949619591236115e-03 4.818024933338165283e-01 7.142829895019531250e-01
1.761932373046875000e+00 6.634852886199951172e-01 7.723160982131958008e-01 -5.243343710899353027e-01 -9.339472278952598572e-03 4.822221696376800537e-01 7.017463445663452148e-01
1.769151329994201660e+00 6.811367273330688477e-01 7.716431617736816406e-01 -5.344665646553039551e-01 -1.768827065825462341e-02 4.821146726608276367e-01 6.939725875854492188e-01
1.771625876426696777e+00 6.925872564315795898e-01 7.694277763366699219e-01 -5.405949950218200684e-01 -2.539695054292678833e-02 4.781910181045532227e-01 6.916973590850830078e-01
1.774272084236145020e+00 7.054379582405090332e-01 7.673408389091491699e-01 -5.440775156021118164e-01 -3.290860727429389954e-02 4.711740314960479736e-01 6.934634447097778320e-01
1.778896689414978027e+00 7.195391654968261719e-01 7.661122083663940430e-01 -5.450006127357482910e-01 -4.028379544615745544e-02 4.616525173187255859e-01 6.987333893775939941e-01
1.785083651542663574e+00 7.350185513496398926e-01 7.650983929634094238e-01 -5.435297489166259766e-01 -4.766007140278816223e-02 4.499274194240570068e-01 7.070142030715942383e-01
1.794428944587707520e+00 7.511819601058959961e-01 7.654536366462707520e-01 -5.395401716232299805e-01 -5.442961305379867554e-02 4.363929927349090576e-01 7.179797291755676270e-01
1.806271195411682129e+00 7.680888772010803223e-01 7.678705453872680664e-01 -5.340131521224975586e-01 -6.044691428542137146e-02 4.216632246971130371e-01 7.303259968757629395e-01
1.819718718528747559e+00 7.860511541366577148e-01 7.730569243431091309e-01 -5.265854001045227051e-01 -6.556902825832366943e-02 4.059284329414367676e-01 7.440634965896606445e-01
1.836153626441955566e+00 8.036332130432128906e-01 7.812044024467468262e-01 -5.177400112152099609e-01 -7.069885730743408203e-02 3.899616897106170654e-01 7.582062482833862305e-01
1.855226397514343262e+00 8.219272494316101074e-01 7.902357578277587891e-01 -5.074179172515869141e-01 -7.534302026033401489e-02 3.738209307193756104e-01 7.727277874946594238e-01
1.876431584358215332e+00 8.414829373359680176e-01 8.004298210144042969e-01 -4.957435727119445801e-01 -7.916286587715148926e-02 3.586150705814361572e-01 7.869985103607177734e-01
1.899241209030151367e+00 8.632102608680725098e-01 8.116033673286437988e-01 -4.832220077514648438e-01 -8.174861967563629150e-02 3.445334434509277344e-01 8.006936311721801758e-01
1.924799799919128418e+00 8.856903910636901855e-01 8.245480060577392578e-01 -4.700169861316680908e-01 -8.311862498521804810e-02 3.323614001274108887e-01 8.134562373161315918e-01
1.953835248947143555e+00 9.073211550712585449e-01 8.405143022537231445e-01 -4.565522372722625732e-01 -8.313815295696258545e-02 3.228088915348052979e-01 8.248893618583679199e-01
1.983773231506347656e+00 9.335353970527648926e-01 8.565471768379211426e-01 -4.440266489982604980e-01 -8.204063028097152710e-02 3.153386414051055908e-01 8.346682786941528320e-01
2.016299962997436523e+00 9.622462987899780273e-01 8.730097413063049316e-01 -4.318991303443908691e-01 -7.954360544681549072e-02 3.109504878520965576e-01 8.428793549537658691e-01
2.051983833312988281e+00 9.917607903480529785e-01 8.920714259147644043e-01 -4.206221103668212891e-01 -7.592821121215820312e-02 3.099584877490997314e-01 8.492570519447326660e-01
2.089731693267822266e+00 1.024233698844909668e+00 9.127479791641235352e-01 -4.118186831474304199e-01 -6.964308768510818481e-02 3.124102354049682617e-01 8.532028198242187500e-01
2.129283189773559570e+00 1.059671401977539062e+00 9.358557462692260742e-01 -4.055442512035369873e-01 -6.179277598857879639e-02 3.193957507610321045e-01 8.542258143424987793e-01
2.172933101654052734e+00 1.095347642898559570e+00 9.616092443466186523e-01 -3.997718095779418945e-01 -5.896892398595809937e-02 3.333576917648315430e-01 8.518084287643432617e-01
2.221483230590820312e+00 1.130531311035156250e+00 9.893441200256347656e-01 -3.941933214664459229e-01 -6.198745965957641602e-02 3.533702790737152100e-01 8.461078405380249023e-01
2.272028923034667969e+00 1.168913602828979492e+00 1.019077539443969727e+00 -3.905918896198272705e-01 -6.475441902875900269e-02 3.773152828216552734e-01 8.371845483779907227e-01
2.323997974395751953e+00 1.213030695915222168e+00 1.047674059867858887e+00 -3.884356617927551270e-01 -6.795148551464080811e-02 4.050157368183135986e-01 8.249014616012573242e-01
2.377066850662231445e+00 1.262595057487487793e+00 1.074929237365722656e+00 -3.865234851837158203e-01 -7.074727118015289307e-02 4.354891777038574219e-01 8.099033236503601074e-01
2.431171178817749023e+00 1.316427946090698242e+00 1.102028489112854004e+00 -3.847191333770751953e-01 -7.366140931844711304e-02 4.676268994808197021e-01 7.923951745033264160e-01
2.480161905288696289e+00 1.369566679000854492e+00 1.126409053802490234e+00 -3.832640051841735840e-01 -7.658781856298446655e-02 5.005480051040649414e-01 7.724601030349731445e-01
2.518371343612670898e+00 1.416418194770812988e+00 1.145649552345275879e+00 -3.831886053085327148e-01 -8.014596998691558838e-02 5.347799658775329590e-01 7.488346695899963379e-01
2.547285318374633789e+00 1.456687927246093750e+00 1.155104994773864746e+00 -3.815879523754119873e-01 -8.313100039958953857e-02 5.694821476936340332e-01 7.233048081398010254e-01
2.560908317565917969e+00 1.491475820541381836e+00 1.152912974357604980e+00 -3.777325451374053955e-01 -8.703137934207916260e-02 6.002316474914550781e-01 6.996181607246398926e-01
2.560166358947753906e+00 1.515682101249694824e+00 1.149158358573913574e+00 -3.758958876132965088e-01 -8.838606625795364380e-02 6.291418671607971191e-01 6.745892167091369629e-01
2.559483051300048828e+00 1.533345699310302734e+00 1.148875474929809570e+00 -3.756053745746612549e-01 -8.714466542005538940e-02 6.597314476966857910e-01 6.450431942939758301e-01
2.557992458343505859e+00 1.549595952033996582e+00 1.147987484931945801e+00 -3.740803897380828857e-01 -8.554141223430633545e-02 6.886185407638549805e-01 6.152647733688354492e-01
2.553880214691162109e+00 1.563692688941955566e+00 1.145504236221313477e+00 -3.734617233276367188e-01 -8.289116621017456055e-02 7.142648696899414062e-01 5.860725045204162598e-01
2.550377607345581055e+00 1.576341629028320312e+00 1.143109560012817383e+00 -3.725338280200958252e-01 -8.091726154088973999e-02 7.376097440719604492e-01 5.573173165321350098e-01
2.546607494354248047e+00 1.587040781974792480e+00 1.140308856964111328e+00 -3.715773820877075195e-01 -7.743471115827560425e-02 7.586112618446350098e-01 5.295686125755310059e-01
2.542341470718383789e+00 1.595465898513793945e+00 1.137184739112854004e+00 -3.709026575088500977e-01 -7.322060316801071167e-02 7.766112685203552246e-01 5.039293169975280762e-01
2.538333415985107422e+00 1.602060914039611816e+00 1.134560942649841309e+00 -3.714830279350280762e-01 -6.753375381231307983e-02 7.914183139801025391e-01 4.807249307632446289e-01
2.534988880157470703e+00 1.610077142715454102e+00 1.131843090057373047e+00 -3.729362487792968750e-01 -6.135619059205055237e-02 8.022713065147399902e-01 4.620762169361114502e-01
2.534575939178466797e+00 1.624534606933593750e+00 1.130254387855529785e+00 -3.759848177433013916e-01 -5.420432984828948975e-02 8.095474839210510254e-01 4.475825130939483643e-01
