8.317995816469192505e-02 -1.048743259161710739e-02 3.601196408271789551e-02 -2.564412541687488556e-02 7.572957314550876617e-03 2.553115040063858032e-02 9.993163347244262695e-01
7.466081529855728149e-02 -1.504440885037183762e-02 3.415422886610031128e-02 -2.506884373724460602e-02 7.699229288846254349e-03 2.419667504727840424e-02 9.993631839752197266e-01
6.638194620609283447e-02 -1.801033131778240204e-02 3.141378611326217651e-02 -2.454940415918827057e-02 7.687657140195369720e-03 2.241725847125053406e-02 9.994176626205444336e-01
5.791537091135978699e-02 -2.004080824553966522e-02 2.873186022043228149e-02 -2.365763857960700989e-02 7.717913482338190079e-03 2.086537703871726990e-02 9.994725584983825684e-01
4.970065504312515259e-02 -2.072771079838275909e-02 2.580043487250804901e-02 -2.254189364612102509e-02 7.637535221874713898e-03 1.872020587325096130e-02 9.995414614677429199e-01
4.163156449794769287e-02 -2.079654298722743988e-02 2.250869572162628174e-02 -2.103844657540321350e-02 7.352240849286317825e-03 1.670751906931400299e-02 9.996120333671569824e-01
3.398800268769264221e-02 -1.943105831742286682e-02 1.931793801486492157e-02 -1.923803798854351044e-02 7.235618773847818375e-03 1.437876932322978973e-02 9.996853470802307129e-01
2.622203156352043152e-02 -1.789982430636882782e-02 1.610346324741840363e-02 -1.739074848592281342e-02 7.045074831694364548e-03 1.211476512253284454e-02 9.997505545616149902e-01
1.888100802898406982e-02 -1.543444301933050156e-02 1.290902402251958847e-02 -1.499358378350734711e-02 6.694934796541929245e-03 9.305498562753200531e-03 9.998219013214111328e-01
1.190874353051185608e-02 -1.206287555396556854e-02 9.827534668147563934e-03 -1.243393309414386749e-02 6.621430162340402603e-03 6.818496156483888626e-03 9.998775124549865723e-01
4.853400401771068573e-03 -8.634855039417743683e-03 6.723862141370773315e-03 -9.797744452953338623e-03 -4.995633571525104344e-05 3.452361328527331352e-03 9.999460577964782715e-01
-1.430888078175485134e-03 -4.451679065823554993e-03 3.404689952731132507e-03 -7.140454836189746857e-03 3.943031697417609394e-05 8.024817216210067272e-04 9.999741911888122559e-01
-1.586150377988815308e-03 -5.429271608591079712e-03 3.059668699279427528e-03 -4.885230213403701782e-03 2.416799834463745356e-04 -1.611667568795382977e-03 9.999867677688598633e-01
-1.438771490938961506e-03 -6.507336627691984177e-03 3.036614740267395973e-03 -2.733259228989481926e-03 4.575263883452862501e-04 -3.515510587021708488e-03 9.999899864196777344e-01
-1.113329315558075905e-03 -7.564782630652189255e-03 2.854683203622698784e-03 -5.435856874100863934e-04 6.972688715904951096e-04 -5.522213876247406006e-03 9.999843835830688477e-01
-6.466147024184465408e-04 -8.300856687128543854e-03 3.583518322557210922e-03 6.890501244924962521e-04 1.129165757447481155e-03 -6.713557057082653046e-03 9.999765753746032715e-01
-7.966075791046023369e-04 -9.347611106932163239e-03 3.300078678876161575e-03 2.523609902709722519e-03 1.033235108479857445e-03 -7.759175729006528854e-03 9.999662041664123535e-01
4.417833115439862013e-04 -1.005564443767070770e-02 4.035648889839649200e-03 3.488203044980764389e-03 1.419731881469488144e-03 -8.338648825883865356e-03 9.999581575393676758e-01
9.079774608835577965e-04 -1.089573465287685394e-02 4.311792552471160889e-03 4.639866761863231659e-03 1.052341307513415813e-03 -9.076440706849098206e-03 9.999474883079528809e-01
2.038163365796208382e-03 -1.154147274792194366e-02 4.851774312555789948e-03 5.405711010098457336e-03 1.408841810189187527e-03 -9.089498780667781830e-03 9.999430775642395020e-01
3.644945099949836731e-03 -1.198143605142831802e-02 5.438467953354120255e-03 5.986354779452085495e-03 1.384057337418198586e-03 -8.887385949492454529e-03 9.999416470527648926e-01
4.176831338554620743e-03 -1.309917867183685303e-02 5.089593119919300079e-03 7.070618215948343277e-03 1.110327546484768391e-03 -8.398520760238170624e-03 9.999391436576843262e-01
5.467495415359735489e-03 -1.337408367544412613e-02 6.226670462638139725e-03 7.189785130321979523e-03 1.073633320629596710e-03 -7.625017780810594559e-03 9.999445080757141113e-01
6.628022063523530960e-03 -1.407686900347471237e-02 6.578442640602588654e-03 7.471440359950065613e-03 7.983683608472347260e-04 -6.481339223682880402e-03 9.999507665634155273e-01
7.867004722356796265e-03 -1.445572637021541595e-02 7.553670089691877365e-03 7.346324156969785690e-03 6.449960637837648392e-04 -5.109645426273345947e-03 9.999597668647766113e-01
9.181430563330650330e-03 -1.503337547183036804e-02 8.126113563776016235e-03 7.079411763697862625e-03 4.802845360245555639e-04 -3.398444736376404762e-03 9.999690651893615723e-01
1.056574471294879913e-02 -1.553055550903081894e-02 8.892836980521678925e-03 6.596450693905353546e-03 1.259881391888484359e-04 -1.386536983773112297e-03 9.999772906303405762e-01
1.193641778081655502e-02 -1.597667112946510315e-02 9.857142344117164612e-03 5.895703565329313278e-03 -3.475194534985348582e-05 6.519235903397202492e-04 9.999824166297912598e-01
1.353577710688114166e-02 -1.633477397263050079e-02 1.078764721751213074e-02 5.154633894562721252e-03 -2.162150194635614753e-04 3.448543371632695198e-03 9.999807476997375488e-01
1.507101766765117645e-02 -1.663558557629585266e-02 1.194985210895538330e-02 3.829191904515028000e-03 -1.179343307740055025e-04 6.097560748457908630e-03 9.999740719795227051e-01
1.608363166451454163e-02 -1.756052672863006592e-02 1.293260417878627777e-02 2.466205740347504616e-03 -7.469309493899345398e-03 8.983190171420574188e-03 9.999287128448486328e-01
1.736517436802387238e-02 -1.835394836962223053e-02 1.391723938286304474e-02 1.282172626815736294e-03 -8.605991490185260773e-03 1.180559862405061722e-02 9.998924732208251953e-01
1.871541701257228851e-02 -1.935198716819286346e-02 1.435130927711725235e-02 6.599814514629542828e-05 -9.218783117830753326e-03 1.390213612467050552e-02 9.998608827590942383e-01
2.004456147551536560e-02 -2.017193660140037537e-02 1.501227170228958130e-02 -8.763269870541989803e-04 -9.515910409390926361e-03 1.642394252121448517e-02 9.998194575309753418e-01
2.120282128453254700e-02 -2.085091546177864075e-02 1.564427092671394348e-02 -1.857233815826475620e-03 -9.741225279867649078e-03 1.852966845035552979e-02 9.997791051864624023e-01
2.123454213142395020e-02 -2.362190932035446167e-02 1.537643559277057648e-02 -2.256433246657252312e-03 -1.044075004756450653e-02 2.007814496755599976e-02 9.997413754463195801e-01
1.534773968160152435e-02 -2.078750357031822205e-02 1.379644870758056641e-02 -3.001975594088435173e-03 -1.049954071640968323e-02 2.124327793717384338e-02 9.997146725654602051e-01
1.111106295138597488e-02 -1.646472327411174774e-02 1.163060311228036880e-02 -3.683228511363267899e-03 -1.018230803310871124e-02 2.253432013094425201e-02 9.996874332427978516e-01
4.821159876883029938e-03 -1.316289231181144714e-02 9.831956587731838226e-03 -3.618280403316020966e-03 -1.008229237049818039e-02 2.297919243574142456e-02 9.996785521507263184e-01
-1.045906799845397472e-03 -7.769382093101739883e-03 9.251105599105358124e-03 -4.574372433125972748e-03 -9.800307452678680420e-03 2.421953342854976654e-02 9.996481537818908691e-01
-6.670318078249692917e-03 -4.448151739779859781e-04 6.942586041986942291e-03 -4.435798153281211853e-03 -9.202434681355953217e-03 2.243766188621520996e-02 9.996960759162902832e-01
-7.085459772497415543e-03 -1.009841100312769413e-03 6.814748514443635941e-03 -4.718832205981016159e-03 -8.289230987429618835e-03 2.331005781888961792e-02 9.996827840805053711e-01
-7.007420994341373444e-03 -1.225994201377034187e-03 7.398133631795644760e-03 -4.499206785112619400e-03 -7.588892709463834763e-03 2.249605022370815277e-02 9.997079968452453613e-01
-8.444319479167461395e-03 -6.689908914268016815e-04 6.696120835840702057e-03 -3.739761887118220329e-03 -6.775071378797292709e-03 2.104509063065052032e-02 9.997485876083374023e-01
-9.254828095436096191e-03 -1.300199655815958977e-03 6.620381027460098267e-03 -3.365621203556656837e-03 -5.771430674940347672e-03 2.027152664959430695e-02 9.997721910476684570e-01
-1.006902288645505905e-02 2.115067472914233804e-04 6.991256494075059891e-03 -2.790463622659444809e-03 -4.828901961445808411e-03 1.853651180863380432e-02 9.998126029968261719e-01
-1.111675705760717392e-02 8.468727464787662029e-04 6.972998846322298050e-03 -2.164459088817238808e-03 -3.165028290823101997e-03 1.661873050034046173e-02 9.998545646667480469e-01
-1.231928449124097824e-02 2.121203113347291946e-03 6.811739411205053329e-03 -1.166879083029925823e-03 -1.340279006399214268e-03 1.432403270155191422e-02 9.998958110809326172e-01
-1.205573696643114090e-02 -8.583741146139800549e-04 6.630242336541414261e-03 -5.173698882572352886e-04 -9.117219015024602413e-04 1.117554306983947754e-02 9.999369978904724121e-01
-2.451469190418720245e-04 -1.180415228009223938e-02 7.828426547348499298e-03 3.852026129607111216e-04 1.374068320728838444e-03 8.732328191399574280e-03 9.999608397483825684e-01
1.589418798685073853e-01 -2.040805108845233917e-02 6.961075961589813232e-02 -5.079935118556022644e-02 1.492118183523416519e-02 4.949247092008590698e-02 9.973701834678649902e-01
1.423982977867126465e-01 -2.792943641543388367e-02 6.519521027803421021e-02 -4.967168346047401428e-02 1.549660135060548782e-02 4.635517671704292297e-02 9.975689053535461426e-01
1.254302114248275757e-01 -3.425672277808189392e-02 6.023983657360076904e-02 -4.796285182237625122e-02 1.501944940537214279e-02 4.336681216955184937e-02 9.977942109107971191e-01
1.085699498653411865e-01 -3.803833201527595520e-02 5.473048239946365356e-02 -4.608298465609550476e-02 1.506822835654020309e-02 3.958550840616226196e-02 9.980392456054687500e-01
9.227152913808822632e-02 -3.923566266894340515e-02 4.855429381132125854e-02 -4.305350035429000854e-02 1.503309048712253571e-02 3.569723665714263916e-02 9.983216524124145508e-01
7.611748576164245605e-02 -3.872286900877952576e-02 4.240418598055839539e-02 -4.022563621401786804e-02 1.428572461009025574e-02 3.103276714682579041e-02 9.986064434051513672e-01
6.087557598948478699e-02 -3.609476238489151001e-02 3.566655516624450684e-02 -3.646451607346534729e-02 1.420779246836900711e-02 2.689392492175102234e-02 9.988719820976257324e-01
4.585833474993705750e-02 -3.194734081625938416e-02 2.946424484252929688e-02 -3.203340247273445129e-02 1.380312908440828323e-02 2.149973809719085693e-02 9.991601705551147461e-01
3.131651878356933594e-02 -2.667658776044845581e-02 2.304590679705142975e-02 -2.748327516019344330e-02 1.304997876286506653e-02 1.643173769116401672e-02 9.994019865989685059e-01
1.720753312110900879e-02 -2.010762132704257965e-02 1.696736551821231842e-02 -2.209252119064331055e-02 6.444659549742937088e-03 1.036460604518651962e-02 9.996814131736755371e-01
4.733354318886995316e-03 -1.324280072003602982e-02 9.311844594776630402e-03 -1.682889461517333984e-02 -8.010514284251257777e-05 4.339514765888452530e-03 9.998489618301391602e-01
-2.341753570362925529e-03 -1.003515161573886871e-02 6.534804590046405792e-03 -1.151371747255325317e-02 3.891121014021337032e-05 -1.501646707765758038e-03 9.999325871467590332e-01
-1.814709743484854698e-03 -1.197926141321659088e-02 6.485899444669485092e-03 -7.289152126759290695e-03 5.001772660762071609e-04 -5.193002056330442429e-03 9.999598264694213867e-01
-1.627071294933557510e-03 -1.402264647185802460e-02 6.350009236484766006e-03 -2.985420171171426773e-03 1.026645186357200146e-03 -9.312333539128303528e-03 9.999516606330871582e-01
-6.801544222980737686e-04 -1.593510992825031281e-02 6.491319742053747177e-03 3.346949597471393645e-05 1.581514603458344936e-03 -1.218872889876365662e-02 9.999244809150695801e-01
-3.207456029485911131e-04 -1.788256689906120300e-02 6.424428429454565048e-03 3.505301428958773613e-03 1.710002077743411064e-03 -1.497049722820520401e-02 9.998803138732910156e-01
3.069477097596973181e-04 -1.973161660134792328e-02 6.521737203001976013e-03 5.793669726699590683e-03 2.308162860572338104e-03 -1.636043749749660492e-02 9.998466968536376953e-01
1.534525072202086449e-03 -2.113985456526279449e-02 7.818738929927349091e-03 8.266180753707885742e-03 2.578504849225282669e-03 -1.724807545542716980e-02 9.998137354850769043e-01
3.189673414453864098e-03 -2.270534075796604156e-02 8.437640964984893799e-03 1.030013058334589005e-02 2.531369682401418686e-03 -1.809442043304443359e-02 9.997799992561340332e-01
5.429579410701990128e-03 -2.421849034726619720e-02 8.794352412223815918e-03 1.180311758071184158e-02 2.522802911698818207e-03 -1.827566698193550110e-02 9.997601509094238281e-01
7.045210339128971100e-03 -2.555800974369049072e-02 9.922954253852367401e-03 1.303638238459825516e-02 2.395498333498835564e-03 -1.715561747550964355e-02 9.997649788856506348e-01
9.424994699656963348e-03 -2.648007124662399292e-02 1.154662668704986572e-02 1.401858404278755188e-02 2.452616347000002861e-03 -1.599899306893348694e-02 9.997707009315490723e-01
1.174020953476428986e-02 -2.796297334134578705e-02 1.201089471578598022e-02 1.449946779757738113e-02 1.836132840253412724e-03 -1.420090068131685257e-02 9.997923374176025391e-01
1.432711165398359299e-02 -2.892848663032054901e-02 1.350772567093372345e-02 1.485056336969137192e-02 1.234492519870400429e-03 -1.173345092684030533e-02 9.998201131820678711e-01
1.695566438138484955e-02 -2.978334017097949982e-02 1.522361952811479568e-02 1.442890614271163940e-02 9.706354467198252678e-04 -8.528006263077259064e-03 9.998590350151062012e-01
1.977919973433017731e-02 -3.073414787650108337e-02 1.668005995452404022e-02 1.367432810366153717e-02 4.964256659150123596e-04 -4.679027479141950607e-03 9.998954534530639648e-01
2.245519682765007019e-02 -3.157646209001541138e-02 1.869766227900981903e-02 1.252865511924028397e-02 7.248546899063512683e-05 -6.371597992256283760e-04 9.999213218688964844e-01
2.584149502217769623e-02 -3.210534155368804932e-02 2.052046172320842743e-02 1.100273709744215012e-02 -2.178694558097049594e-04 4.290094133466482162e-03 9.999302625656127930e-01
2.877173200249671936e-02 -3.285106271505355835e-02 2.271371334791183472e-02 8.887136355042457581e-03 -6.640583160333335400e-04 9.574240073561668396e-03 9.999144673347473145e-01
3.090395033359527588e-02 -3.413525596261024475e-02 2.526527456939220428e-02 6.272744387388229370e-03 -7.722931914031505585e-03 1.498004607856273651e-02 9.998382925987243652e-01
3.367125615477561951e-02 -3.555481880903244019e-02 2.704146131873130798e-02 3.699613735079765320e-03 -1.618004404008388519e-02 2.063794992864131927e-02 9.996492266654968262e-01
3.640960901975631714e-02 -3.723482787609100342e-02 2.846550196409225464e-02 1.515672658570110798e-03 -1.812494732439517975e-02 2.604976110160350800e-02 9.994951486587524414e-01
3.896103054285049438e-02 -3.900388628244400024e-02 2.978469617664813995e-02 -7.160388049669563770e-04 -1.897271908819675446e-02 3.081344999372959137e-02 9.993448257446289062e-01
4.108563065528869629e-02 -4.109985008835792542e-02 3.076653555035591125e-02 -2.643725369125604630e-03 -1.958553493022918701e-02 3.507605940103530884e-02 9.991891980171203613e-01
4.277609288692474365e-02 -4.368949308991432190e-02 3.173326328396797180e-02 -4.114020150154829025e-03 -2.047231234610080719e-02 3.851470351219177246e-02 9.990398287773132324e-01
3.801224008202552795e-02 -4.278720915317535400e-02 2.986225672066211700e-02 -5.523537285625934601e-03 -2.072688192129135132e-02 4.103124141693115234e-02 9.989275932312011719e-01
2.687403187155723572e-02 -3.678044304251670837e-02 2.559967339038848877e-02 -6.349768023937940598e-03 -2.042526938021183014e-02 4.375184699892997742e-02 9.988134503364562988e-01
1.516557950526475906e-02 -3.012903593480587006e-02 2.151765115559101105e-02 -7.176260929554700851e-03 -2.013197354972362518e-02 4.505016282200813293e-02 9.987560510635375977e-01
4.353758879005908966e-03 -2.215895429253578186e-02 1.801855117082595825e-02 -7.776296697556972504e-03 -1.967783272266387939e-02 4.646405577659606934e-02 9.986958503723144531e-01
-6.239091511815786362e-03 -1.138707157224416733e-02 1.616258919239044189e-02 -7.916146889328956604e-03 -1.893522776663303375e-02 4.691746458411216736e-02 9.986879229545593262e-01
-1.291586551815271378e-02 -2.665715757757425308e-03 1.434910949319601059e-02 -8.295898325741291046e-03 -1.798042096197605133e-02 4.627891629934310913e-02 9.987322688102722168e-01
-1.355737168341875076e-02 -2.015027450397610664e-03 1.474146451801061630e-02 -7.837456651031970978e-03 -1.626908965408802032e-02 4.557801038026809692e-02 9.987975358963012695e-01
-1.621596328914165497e-02 -1.187511137686669827e-03 1.335476152598857880e-02 -7.764909416437149048e-03 -1.465275138616561890e-02 4.382101073861122131e-02 9.989017844200134277e-01
-1.717376336455345154e-02 -2.399858087301254272e-03 1.391673833131790161e-02 -7.090952713042497635e-03 -1.261861063539981842e-02 4.118950664997100830e-02 9.990465044975280762e-01
-1.908267848193645477e-02 -8.852333412505686283e-04 1.402215566486120224e-02 -6.265285424888134003e-03 -1.012438815087080002e-02 3.874969109892845154e-02 9.991779923439025879e-01
-2.152195572853088379e-02 1.127803465351462364e-03 1.343918964266777039e-02 -4.902309738099575043e-03 -8.207411505281925201e-03 3.498592227697372437e-02 9.993420839309692383e-01
-2.374904602766036987e-02 2.397474600002169609e-03 1.339607872068881989e-02 -3.635273547843098640e-03 -5.062138196080923080e-03 3.103890083730220795e-02 9.994987249374389648e-01
-2.410083077847957611e-02 -1.159113133326172829e-03 1.388364844024181366e-02 -1.903849071823060513e-03 -2.467990154400467873e-03 2.490825764834880829e-02 9.996848702430725098e-01
1.113245729357004166e-02 -6.912856362760066986e-03 2.444835007190704346e-02 -1.690992066869512200e-04 9.675613255240023136e-04 1.941459253430366516e-02 9.998110532760620117e-01
