0.000000000000000000e+00 0.000000000000000000e+00 0.000000000000000000e+00 0.000000000000000000e+00 0.000000000000000000e+00 0.000000000000000000e+00 1.000000000000000000e+00
8.344468474388122559e-02 -1.011290308088064194e-02 3.550307080149650574e-02 -2.555528677546747840e-02 7.043746233943178232e-03 2.549405681499041301e-02 9.993234541548244865e-01
1.595628444252828460e-01 -1.868696212095358883e-02 6.866321276897223436e-02 -5.068204914021155749e-02 1.449362596082486715e-02 4.999076465665079627e-02 9.973576029441497681e-01
2.283621364810117238e-01 -2.584672026783112198e-02 9.921082483400731067e-02 -7.512358210042527351e-02 2.187136712570954614e-02 7.216419561103161462e-02 9.943190733282077920e-01
2.897592919374814557e-01 -3.174996083793379248e-02 1.270834861239188429e-01 -9.858456370154372594e-02 2.922518723413000674e-02 9.286728282827953762e-02 9.903548051132980978e-01
3.437111718097598523e-01 -3.650967411691768971e-02 1.522230006519321444e-01 -1.208323952034622145e-01 3.633577505394524482e-02 1.112365994133591163e-01 9.857513188789428504e-01
3.901635398537168786e-01 -4.048369614305114689e-02 1.745547970789243231e-01 -1.415550832867008835e-01 4.300429588892698551e-02 1.275472203281432793e-01 9.807367105994130307e-01
4.291827464365803868e-01 -4.312306571517560833e-02 1.939575983089527889e-01 -1.605251439744870556e-01 4.943534509562835105e-02 1.413930609219845869e-01 9.756002394066732863e-01
4.605364030390606267e-01 -4.535894670436880355e-02 2.106689501918132534e-01 -1.776080998920759046e-01 5.564438606684821154e-02 1.528561859678667367e-01 9.705637802655356916e-01
4.843317941336527377e-01 -4.705018846786482301e-02 2.245353306801659288e-01 -1.926447395689373510e-01 6.132830809282383694e-02 1.614323034379834820e-01 9.659536502077078479e-01
5.005753993171381255e-01 -4.828408615594922959e-02 2.354226784559043939e-01 -2.054473765084900427e-01 6.702695267418298797e-02 1.674451892455812718e-01 9.619048142615271857e-01
5.100211597908849148e-01 -4.916744602153317462e-02 2.427249931313292530e-01 -2.145215607596256957e-01 6.589980906212024314e-02 1.714173136417442844e-01 9.592986082126244707e-01
5.134807648885920672e-01 -4.878723556986199611e-02 2.473448815351195484e-01 -2.210569213790360144e-01 6.449142698683567321e-02 1.726672945650104263e-01 9.576850728413930369e-01
5.172770888785448440e-01 -4.890013685286571238e-02 2.525342563637875126e-01 -2.258081551619007810e-01 6.349870521346394348e-02 1.713655386740620956e-01 9.568763993607226626e-01
5.220927678928755089e-01 -4.946005186805091380e-02 2.580235421971929233e-01 -2.286769302364772827e-01 6.264929981105402113e-02 1.682059686556465483e-01 9.568117259520922957e-01
5.276777464008450824e-01 -5.084377041542841036e-02 2.638121521782226253e-01 -2.293077719675017112e-01 6.206076101799215539e-02 1.630816213148164606e-01 9.575859190936857335e-01
5.338299884979509358e-01 -5.244141503965156492e-02 2.702744572942892276e-01 -2.292931203576390464e-01 6.166708262038405469e-02 1.566888040416592465e-01 9.586816231501168462e-01
5.405496316112922139e-01 -5.536442775533312322e-02 2.769979487173798161e-01 -2.274066797360624614e-01 6.134928512615327872e-02 1.491363520496147566e-01 9.603545260596543232e-01
5.483851743910562737e-01 -5.738368773035833204e-02 2.842176788515488606e-01 -2.248231773736690253e-01 6.141030751641664981e-02 1.405601409462473306e-01 9.622505701861225891e-01
5.560355737719639979e-01 -6.039012330183624738e-02 2.926180209750505190e-01 -2.211462255539377308e-01 6.109150592985061051e-02 1.313007715815284471e-01 9.644284743870668031e-01
5.645056457333501587e-01 -6.381626087388160562e-02 3.014168207008995348e-01 -2.167707228266833597e-01 6.095502818549949908e-02 1.216924403292325152e-01 9.666881028702165590e-01
5.741313050366616544e-01 -6.719307809313822266e-02 3.104921237517738741e-01 -2.117913683790831614e-01 6.092408562657696675e-02 1.124017935416962849e-01 9.689161516247373207e-01
5.847719584449820873e-01 -7.138450026044047825e-02 3.196652827040984968e-01 -2.055102674301210186e-01 6.089943863360675752e-02 1.034825493852886691e-01 9.712611133611975811e-01
5.967908919020539216e-01 -7.441535441664684503e-02 3.293549762229898148e-01 -1.990991452336338952e-01 6.099082899392616747e-02 9.540397132150073289e-02 9.734154978229779820e-01
6.098395137951435618e-01 -7.830411209395524152e-02 3.393537696402812442e-01 -1.923118615809353005e-01 6.109951334195701245e-02 8.845122498086757656e-02 9.754277923885680268e-01
6.238792971581589297e-01 -8.258507233072040488e-02 3.499591294356559357e-01 -1.854405343288022534e-01 6.132042085651690649e-02 8.277299161791090709e-02 9.772411401862127756e-01
6.395495734905553009e-01 -8.627856738895856026e-02 3.607820327069897193e-01 -1.787657338727907108e-01 6.162451491543883414e-02 7.890783792211271408e-02 9.787843402245547386e-01
6.564529694462730713e-01 -9.019307895433750777e-02 3.722217628109384391e-01 -1.723845322791912327e-01 6.199841962981509497e-02 7.706131409545642630e-02 9.800516939754612133e-01
6.747456038351495877e-01 -9.409700565401901695e-02 3.842647785268826222e-01 -1.665141046272672343e-01 6.250438935268458340e-02 7.734995102828703950e-02 9.810113349741423905e-01
6.945365256180181524e-01 -9.814233186636329986e-02 3.968493008936249677e-01 -1.611902749774466181e-01 6.334755955910997827e-02 8.053180853631101976e-02 9.815902453490820134e-01
7.158789580732400903e-01 -1.019106244053770288e-01 4.101525994204897052e-01 -1.571771149562351810e-01 6.446705911152417201e-02 8.632151487952052782e-02 9.816760916373843404e-01
7.383636329064359183e-01 -1.059390824771247047e-01 4.247306096564298361e-01 -1.533851770888202681e-01 5.867184629278895946e-02 9.599780208728347919e-02 9.817408129931429750e-01
7.621091838223786885e-01 -1.099693343490218411e-01 4.406055041604489131e-01 -1.506216116758858081e-01 5.206579257180989767e-02 1.086610161596736207e-01 9.812212120144850891e-01
7.877186271802338879e-01 -1.136722898274360044e-01 4.567662885638688053e-01 -1.488344003316241781e-01 4.493510930292499844e-02 1.236714581521082823e-01 9.800686341621138720e-01
8.150349755170899213e-01 -1.165459669721872898e-01 4.734880937171435655e-01 -1.476242355357903768e-01 3.764694422721830136e-02 1.411631793133704127e-01 9.781936155378276876e-01
8.436405684955415873e-01 -1.190500228101252639e-01 4.909384058170943033e-01 -1.470859169518957121e-01 3.023217321026669402e-02 1.607175645390133134e-01 9.755109498032570325e-01
8.732372506702080761e-01 -1.231060625810335152e-01 5.097245750928132146e-01 -1.469866793985110387e-01 2.268706081209844946e-02 1.817065060451769076e-01 9.720406159271132163e-01
8.972015235203795180e-01 -1.260746281656806023e-01 5.263051863903976946e-01 -1.472275122552793580e-01 1.489970103630350838e-02 2.039172574669276539e-01 9.677395365754760670e-01
9.156327902281332642e-01 -1.264397971673811294e-01 5.400881049194974359e-01 -1.486328255826936118e-01 7.361761224012322233e-03 2.268290994862863785e-01 9.624981284434923623e-01
9.297057247125887214e-01 -1.270432991618642427e-01 5.498226310948459705e-01 -1.500431432740341464e-01 1.166905668245256123e-04 2.503761088572338256e-01 9.564511726446205397e-01
9.374103584698315617e-01 -1.258277499422819912e-01 5.591070940598589223e-01 -1.523030513235568151e-01 -6.443356347341978874e-03 2.741435326852362797e-01 9.495301928866580754e-01
9.414438932358544232e-01 -1.205144870432604959e-01 5.660634099334729274e-01 -1.541060525436103168e-01 -1.290054331973731691e-02 2.967674500512784141e-01 9.423449374520688204e-01
9.458185521070089363e-01 -1.173214091406691029e-01 5.743296639870750786e-01 -1.556079946742197906e-01 -1.877857581084045255e-02 3.198999018634511304e-01 9.343969016813672424e-01
9.499519909182120303e-01 -1.120352341795029655e-01 5.820956442903124639e-01 -1.573276847741210405e-01 -2.357444887556611746e-02 3.417430437814391042e-01 9.262310386673647811e-01
9.537257073534831653e-01 -1.047609925338275488e-01 5.891267610058343873e-01 -1.585271340565663767e-01 -2.768955490661057645e-02 3.624235601908659121e-01 9.180150321947146974e-01
9.580111244337241594e-01 -9.722772365075506296e-02 5.966138747022108335e-01 -1.600488695007377948e-01 -3.090009880022152183e-02 3.815806944662151756e-01 9.098492825058188682e-01
9.609193356240049999e-01 -8.769080926266455134e-02 6.037481018482626638e-01 -1.611215717583369400e-01 -3.329762192061181542e-02 3.988561892875505110e-01 9.021334977460757631e-01
9.643505100689870879e-01 -7.658110887887378815e-02 6.098900721959208404e-01 -1.620387854321259091e-01 -3.476764875767154178e-02 4.144877075563426216e-01 8.948377411018338945e-01
9.665344283786482249e-01 -6.376277878591367354e-02 6.156853265809141273e-01 -1.628312802308748419e-01 -3.496139254180358896e-02 4.275607325434795936e-01 8.885130810499052290e-01
9.715810934264116350e-01 -5.318632615945097925e-02 6.229453234292239294e-01 -1.634715233248498212e-01 -3.379930144715317247e-02 4.370477682161783561e-01 8.838121500527106322e-01
9.812246560053953237e-01 -5.157318375909313024e-02 6.331962668834101304e-01 -1.641982527592028007e-01 -3.110668180395205484e-02 4.446254424541029038e-01 8.799883658665412778e-01
