8.635988086462020874e-02 2.587750786915421486e-03 2.934329025447368622e-02 -2.557150088250637054e-02 5.544173996895551682e-03 2.380155399441719055e-02 9.993742108345031738e-01
7.708128541707992554e-02 -6.887363269925117493e-03 3.127497434616088867e-02 -2.673983387649059296e-02 6.967110559344291687e-03 2.522196248173713684e-02 9.992998838424682617e-01
6.847294420003890991e-02 -9.156840853393077850e-03 3.074686229228973389e-02 -2.656965143978595734e-02 7.902339100837707520e-03 2.279645390808582306e-02 9.993557333946228027e-01
5.956728756427764893e-02 -1.461647264659404755e-02 2.862587198615074158e-02 -2.623522840440273285e-02 8.888546377420425415e-03 2.374238893389701843e-02 9.993342757225036621e-01
5.144428089261054993e-02 -1.586812362074851990e-02 2.582912705838680267e-02 -2.409407123923301697e-02 8.164976723492145538e-03 2.069766260683536530e-02 9.994620680809020996e-01
4.340565204620361328e-02 -1.751021668314933777e-02 2.194690704345703125e-02 -2.157940156757831573e-02 7.280643563717603683e-03 1.807422377169132233e-02 9.995772242546081543e-01
3.606743365526199341e-02 -1.614326052367687225e-02 1.855986751616001129e-02 -1.917819865047931671e-02 6.951770745217800140e-03 1.494410075247287750e-02 9.996802210807800293e-01
2.881898730993270874e-02 -1.370607502758502960e-02 1.577750593423843384e-02 -1.735485345125198364e-02 7.049177773296833038e-03 1.201233360916376114e-02 9.997524023056030273e-01
2.258158288896083832e-02 -1.081956643611192703e-02 1.159166172146797180e-02 -1.472907979041337967e-02 6.656149402260780334e-03 8.457741700112819672e-03 9.998335838317871094e-01
1.548888441175222397e-02 -8.347453549504280090e-03 8.621250279247760773e-03 -1.235992927104234695e-02 6.630067247897386551e-03 6.258451845496892929e-03 9.998820424079895020e-01
9.499327279627323151e-03 -5.866384599357843399e-03 4.321439657360315323e-03 -9.283758699893951416e-03 -5.894229398109018803e-04 2.985148457810282707e-03 9.999522566795349121e-01
5.004801787436008453e-03 -2.629026130307465792e-04 2.887843409553170204e-03 -6.186060141772031784e-03 -1.819925237214192748e-04 2.972910297103226185e-04 9.999808073043823242e-01
5.585038568824529648e-03 -2.384721155976876616e-04 3.178821876645088196e-03 -3.687638556584715843e-03 3.271191671956330538e-04 -2.667875960469245911e-03 9.999895691871643066e-01
6.364077795296907425e-03 -8.960895938798785210e-04 3.511702641844749451e-03 -1.705576432868838310e-03 4.151583125349134207e-04 -4.208841826766729355e-03 9.999896287918090820e-01
7.021626457571983337e-03 -9.847987676039338112e-04 4.042472690343856812e-03 5.074422224424779415e-04 5.455822683870792389e-04 -6.186934188008308411e-03 9.999805688858032227e-01
7.733480539172887802e-03 -2.727297134697437286e-03 3.862520912662148476e-03 1.334779895842075348e-03 8.503377903252840042e-04 -7.234500721096992493e-03 9.999725818634033203e-01
8.087495341897010803e-03 -4.882750567048788071e-03 3.107107011601328850e-03 3.194720251485705376e-03 8.851803140714764595e-04 -7.853450253605842590e-03 9.999636411666870117e-01
8.909336291253566742e-03 -3.829596564173698425e-03 4.853407386690378189e-03 3.670880571007728577e-03 1.537930220365524292e-03 -8.590415120124816895e-03 9.999551773071289062e-01
8.764438331127166748e-03 -5.870667751878499985e-03 5.181978922337293625e-03 4.538873676210641861e-03 1.347967074252665043e-03 -8.757336996495723724e-03 9.999504685401916504e-01
9.221740998327732086e-03 -7.297385483980178833e-03 4.754689987748861313e-03 4.968812223523855209e-03 1.190670765936374664e-03 -8.914541453123092651e-03 9.999471902847290039e-01
1.056890375912189484e-02 -6.748026236891746521e-03 5.401830654591321945e-03 5.531801842153072357e-03 1.206037704832851887e-03 -8.481539785861968994e-03 9.999480247497558594e-01
1.194911450147628784e-02 -7.318120915442705154e-03 4.313019569963216782e-03 6.957593373954296112e-03 5.334860179573297501e-04 -8.091721683740615845e-03 9.999428987503051758e-01
1.324144564568996429e-02 -5.674572661519050598e-03 6.324111018329858780e-03 7.214808370918035507e-03 8.666319190524518490e-04 -7.304776459932327271e-03 9.999468922615051270e-01
1.391660515218973160e-02 -7.864592596888542175e-03 5.462707486003637314e-03 7.644758094102144241e-03 4.312895762268453836e-04 -6.157786119729280472e-03 9.999517202377319336e-01
1.457912102341651917e-02 -8.821809664368629456e-03 6.127044558525085449e-03 7.410386111587285995e-03 3.762707056012004614e-04 -4.633452743291854858e-03 9.999617338180541992e-01
1.691331341862678528e-02 -5.820040125399827957e-03 7.510108407586812973e-03 7.266069296747446060e-03 3.674942418001592159e-04 -3.125690622255206108e-03 9.999686479568481445e-01
1.779332198202610016e-02 -8.289147168397903442e-03 6.826667115092277527e-03 6.814492400735616684e-03 -3.842790902126580477e-04 -9.150865953415632248e-04 9.999762773513793945e-01
1.926993578672409058e-02 -7.648782338947057724e-03 8.066043257713317871e-03 5.984027869999408722e-03 6.810889317421242595e-05 1.039275201037526131e-03 9.999815821647644043e-01
2.065702155232429504e-02 -8.443980477750301361e-03 8.270553313195705414e-03 5.196104757487773895e-03 -1.056180481100454926e-04 4.309062846004962921e-03 9.999772310256958008e-01
2.147608436644077301e-02 -8.427006192505359650e-03 1.069769263267517090e-02 3.139236709102988243e-03 6.285908166319131851e-04 7.238438818603754044e-03 9.999686479568481445e-01
2.236898243427276611e-02 -1.087300013750791550e-02 1.075704768300056458e-02 2.197076566517353058e-03 -7.171050179749727249e-03 9.787927381694316864e-03 9.999239444732666016e-01
2.320673875510692596e-02 -1.166532468050718307e-02 1.254886016249656677e-02 4.286151670385152102e-04 -7.653914391994476318e-03 1.241438556462526321e-02 9.998935461044311523e-01
2.564123272895812988e-02 -1.178516633808612823e-02 1.159152016043663025e-02 -1.220905804075300694e-03 -8.405873551964759827e-03 1.453830022364854813e-02 9.998582601547241211e-01
2.845804952085018158e-02 -1.025075372308492661e-02 1.091425959020853043e-02 -2.026834292337298393e-03 -9.636916220188140869e-03 1.762232743203639984e-02 9.997962117195129395e-01
2.935532853007316589e-02 -1.264501363039016724e-02 1.036493014544248581e-02 -2.850361168384552002e-03 -9.945645928382873535e-03 1.972566731274127960e-02 9.997519254684448242e-01
3.005540370941162109e-02 -1.571463979780673981e-02 9.749765507876873016e-03 -3.040342358872294426e-03 -1.034024730324745178e-02 2.125437557697296143e-02 9.997159838676452637e-01
2.458106540143489838e-02 -1.393534895032644272e-02 7.719628512859344482e-03 -3.750108880922198296e-03 -1.065365411341190338e-02 2.251764014363288879e-02 9.996826648712158203e-01
1.912824064493179321e-02 -1.098305266350507736e-02 6.580023095011711121e-03 -5.346096586436033249e-03 -1.016421057283878326e-02 2.359216287732124329e-02 9.996557235717773438e-01
1.500956807285547256e-02 -8.028616197407245636e-03 1.851186854764819145e-03 -4.055426456034183502e-03 -1.072886865586042404e-02 2.299601025879383087e-02 9.996697306632995605e-01
1.096200756728649139e-02 -4.494511988013982773e-03 2.583393361419439316e-03 -4.164440091699361801e-03 -9.349985979497432709e-03 2.325621247291564941e-02 9.996771216392517090e-01
8.998145349323749542e-03 1.811575377359986305e-03 2.939738100394606590e-03 -4.122526850551366806e-03 -8.964180946350097656e-03 2.164051868021488190e-02 9.997171163558959961e-01
8.441228419542312622e-03 -4.449378699064254761e-03 2.571580233052372932e-03 -4.119640216231346130e-03 -8.861493319272994995e-03 2.416799217462539673e-02 9.996601343154907227e-01
9.067407809197902679e-03 -1.610230887308716774e-03 4.530857782810926437e-03 -3.916413057595491409e-03 -6.698489189147949219e-03 2.345930412411689758e-02 9.996947050094604492e-01
1.058380026370286942e-02 6.220555515028536320e-04 2.046542707830667496e-03 -3.195601981133222580e-03 -7.139281369745731354e-03 2.129726298153400421e-02 9.997425675392150879e-01
1.105769071727991104e-02 -2.212824067100882530e-03 2.000671112909913063e-03 -3.468169597908854485e-03 -6.265365052968263626e-03 2.158448100090026855e-02 9.997413754463195801e-01
1.199276279658079147e-02 2.428855746984481812e-03 7.628444582223892212e-04 -2.570679644122719765e-03 -5.397620145231485367e-03 1.847426593303680420e-02 9.998114705085754395e-01
1.301000174134969711e-02 2.468033053446561098e-04 1.897666254080832005e-03 -2.212154679000377655e-03 -3.813237650319933891e-03 1.769932545721530914e-02 9.998336434364318848e-01
1.179765723645687103e-02 5.948257632553577423e-03 -5.300718359649181366e-03 -1.641262089833617210e-03 -3.056114306673407555e-03 1.475136075168848038e-02 9.998852014541625977e-01
1.255293376743793488e-02 -5.580400116741657257e-03 -1.149219926446676254e-03 -1.006695092655718327e-03 -1.375846914015710354e-03 1.230201870203018188e-02 9.999228715896606445e-01
9.580202400684356689e-03 -1.031873188912868500e-02 1.557519892230629921e-03 2.858045809261966497e-05 1.242070225998759270e-03 9.219278581440448761e-03 9.999567270278930664e-01
1.631655991077423096e-01 -1.110861543565988541e-02 6.146757304668426514e-02 -4.527935385704040527e-02 1.148600690066814423e-02 3.914954513311386108e-02 9.981408715248107910e-01
1.442271322011947632e-01 -1.766471751034259796e-02 6.476297229528427124e-02 -4.357334598898887634e-02 1.581912115216255188e-02 3.468748182058334351e-02 9.983225464820861816e-01
1.265273839235305786e-01 -4.515139758586883545e-02 4.987255483865737915e-02 -4.453175514936447144e-02 1.352509483695030212e-02 4.310923442244529724e-02 9.979857802391052246e-01
1.108104437589645386e-01 -4.210598766803741455e-02 4.666803404688835144e-02 -4.525855928659439087e-02 1.389233861118555069e-02 4.115700349211692810e-02 9.980304241180419922e-01
9.568724781274795532e-02 -3.729736804962158203e-02 4.317230731248855591e-02 -4.229121655225753784e-02 1.465377025306224823e-02 3.761918097734451294e-02 9.982892870903015137e-01
8.066913485527038574e-02 -3.066392987966537476e-02 4.054212570190429688e-02 -3.941026702523231506e-02 1.445825491100549698e-02 3.157870844006538391e-02 9.986193180084228516e-01
6.747218966484069824e-02 -2.269197441637516022e-02 3.483314067125320435e-02 -3.485865518450737000e-02 1.535976585000753403e-02 2.564636059105396271e-02 9.989450573921203613e-01
5.455929040908813477e-02 -1.544553134590387344e-02 2.786540612578392029e-02 -2.953628078103065491e-02 1.483413577079772949e-02 1.744683086872100830e-02 9.993013143539428711e-01
4.061558470129966736e-02 -1.332163251936435699e-02 1.990947499871253967e-02 -2.514575608074665070e-02 1.259340811520814896e-02 1.222052797675132751e-02 9.995297789573669434e-01
2.647219598293304443e-02 -9.898531250655651093e-03 1.376768108457326889e-02 -2.076919935643672943e-02 6.323541048914194107e-03 7.994331419467926025e-03 9.997323155403137207e-01
1.430379040539264679e-02 -5.456759128719568253e-03 7.078997325152158737e-03 -1.593860238790512085e-02 -3.748890594579279423e-04 2.308544004335999489e-03 9.998702406883239746e-01
1.069068349897861481e-02 -9.475001133978366852e-04 5.805452819913625717e-03 -9.541424922645092010e-03 -5.601173143077176064e-07 -3.855803282931447029e-03 9.999470710754394531e-01
1.157482899725437164e-02 -1.416346989572048187e-03 7.271870505064725876e-03 -5.944628268480300903e-03 7.943330565467476845e-04 -7.624061778187751770e-03 9.999529719352722168e-01
1.309793163090944290e-02 -3.153551602736115456e-03 7.622593548148870468e-03 -1.931295730173587799e-03 1.112072728574275970e-03 -1.103704888373613358e-02 9.999365806579589844e-01
1.486826594918966293e-02 -3.789029549807310104e-03 7.817002013325691223e-03 1.202808460220694542e-03 1.191741321235895157e-03 -1.388155482709407806e-02 9.999021887779235840e-01
1.597768068313598633e-02 -7.599820382893085480e-03 6.936765275895595551e-03 4.671500064432621002e-03 1.686042291112244129e-03 -1.603143848478794098e-02 9.998591542243957520e-01
1.710687018930912018e-02 -9.283742867410182953e-03 7.289105560630559921e-03 6.756907328963279724e-03 2.373785478994250298e-03 -1.705242507159709930e-02 9.998289346694946289e-01
1.746576465666294098e-02 -1.118356827646493912e-02 8.958555757999420166e-03 8.978188037872314453e-03 2.720987191423773766e-03 -1.786458678543567657e-02 9.997963905334472656e-01
1.871910132467746735e-02 -1.200563181191682816e-02 1.011732872575521469e-02 1.021702121943235397e-02 2.752732485532760620e-03 -1.876080408692359924e-02 9.997680187225341797e-01
2.093942277133464813e-02 -1.226491108536720276e-02 1.022099982947111130e-02 1.154371723532676697e-02 2.617695834487676620e-03 -1.893968507647514343e-02 9.997505545616149902e-01
2.198254130780696869e-02 -1.386255770921707153e-02 1.122093293815851212e-02 1.265674270689487457e-02 2.174519235268235207e-03 -1.757758110761642456e-02 9.997630119323730469e-01
2.457822300493717194e-02 -1.241825986653566360e-02 1.284706406295299530e-02 1.340286340564489365e-02 2.159727970138192177e-03 -1.608589850366115570e-02 9.997784495353698730e-01
2.696336433291435242e-02 -1.346425060182809830e-02 1.247849874198436737e-02 1.420789305120706558e-02 1.641891314648091793e-03 -1.382712647318840027e-02 9.998021125793457031e-01
2.917348966002464294e-02 -1.553592365235090256e-02 1.149455457925796509e-02 1.471986435353755951e-02 1.019975403323769569e-03 -1.093153934925794601e-02 9.998313784599304199e-01
3.233668208122253418e-02 -1.249387022107839584e-02 1.430185325443744659e-02 1.392701081931591034e-02 7.691639475524425507e-04 -8.243066258728504181e-03 9.998687505722045898e-01
3.530121594667434692e-02 -1.163059193640947342e-02 1.525065861642360687e-02 1.369731128215789795e-02 5.494044162333011627e-04 -4.550039768218994141e-03 9.998956918716430664e-01
3.727242350578308105e-02 -1.498424448072910309e-02 1.539967674762010574e-02 1.294579543173313141e-02 -3.983493079431355000e-04 -7.538600475527346134e-04 9.999158382415771484e-01
4.030919820070266724e-02 -1.352365966886281967e-02 1.766080781817436218e-02 1.108342222869396210e-02 9.946187492460012436e-04 4.281285218894481659e-03 9.999288916587829590e-01
4.277205839753150940e-02 -1.331350300461053848e-02 2.040145732462406158e-02 8.898358792066574097e-03 7.908761035650968552e-04 9.593266062438488007e-03 9.999140501022338867e-01
4.421439766883850098e-02 -1.834842003881931305e-02 2.161078900098800659e-02 5.769379436969757080e-03 -6.597700528800487518e-03 1.506032422184944153e-02 9.998481869697570801e-01
4.765532910823822021e-02 -2.159917540848255157e-02 1.978850178420543671e-02 3.029173938557505608e-03 -1.504272036254405975e-02 1.963075995445251465e-02 9.996895194053649902e-01
4.933566600084304810e-02 -2.621378190815448761e-02 2.003014087677001953e-02 3.064122574869543314e-04 -1.621575839817523956e-02 2.502389252185821533e-02 9.995552897453308105e-01
5.399893596768379211e-02 -2.548236213624477386e-02 1.900414563715457916e-02 -2.031829906627535820e-03 -1.819024421274662018e-02 3.007654659450054169e-02 9.993799924850463867e-01
5.698262527585029602e-02 -2.687835879623889923e-02 1.882393099367618561e-02 -2.936789765954017639e-03 -1.854375004768371582e-02 3.383735567331314087e-02 9.992510080337524414e-01
5.938314646482467651e-02 -2.985817939043045044e-02 1.810240186750888824e-02 -3.950463607907295227e-03 -1.941766031086444855e-02 3.641252592206001282e-02 9.991403818130493164e-01
5.454300343990325928e-02 -2.984070032835006714e-02 1.737882755696773529e-02 -5.540082696825265884e-03 -1.919650286436080933e-02 3.797805681824684143e-02 9.990788102149963379e-01
4.300286620855331421e-02 -2.595102228224277496e-02 1.441027782857418060e-02 -8.549934253096580505e-03 -1.975856907665729523e-02 4.201478511095046997e-02 9.988850355148315430e-01
3.355329483747482300e-02 -2.039932273328304291e-02 7.668579462915658951e-03 -7.800648454576730728e-03 -2.049240842461585999e-02 4.333126917481422424e-02 9.988201260566711426e-01
2.788447774946689606e-02 -6.579809356480836868e-03 3.715483937412500381e-03 -6.396504584699869156e-03 -2.035340294241905212e-02 3.673681616783142090e-02 9.990972280502319336e-01
1.980481110513210297e-02 -1.839319826103746891e-03 5.848702508956193924e-03 -7.849318906664848328e-03 -1.722464896738529205e-02 4.123029112815856934e-02 9.989703297615051270e-01
1.756249926984310150e-02 -1.630708342418074608e-03 8.289873600006103516e-03 -8.183924481272697449e-03 -1.570756919682025909e-02 4.500158503651618958e-02 9.988299012184143066e-01
1.898263767361640930e-02 -1.043698750436306000e-03 6.613903213292360306e-03 -7.131249643862247467e-03 -1.636485382914543152e-02 4.320262372493743896e-02 9.989068508148193359e-01
1.872517913579940796e-02 2.770337508991360664e-03 9.187507443130016327e-03 -7.020216435194015503e-03 -1.259702350944280624e-02 4.109999537467956543e-02 9.990509748458862305e-01
2.144368551671504974e-02 4.137003794312477112e-03 4.174517933279275894e-03 -7.344541605561971664e-03 -1.381566934287548065e-02 3.886272758245468140e-02 9.991220235824584961e-01
2.291828580200672150e-02 1.249605207704007626e-03 5.894389934837818146e-03 -6.124568171799182892e-03 -1.097483560442924500e-02 3.743775188922882080e-02 9.992199540138244629e-01
2.395127341151237488e-02 7.992698810994625092e-03 2.744388999417424202e-03 -4.842838272452354431e-03 -9.354743175208568573e-03 3.371163085103034973e-02 9.993760585784912109e-01
2.622845023870468140e-02 1.890574931167066097e-03 7.596971467137336731e-03 -3.866632934659719467e-03 -5.230498965829610825e-03 3.109045512974262238e-02 9.994953870773315430e-01
2.727023139595985413e-02 2.041896223090589046e-04 5.589463748037815094e-03 -2.136943163350224495e-03 -2.537496155127882957e-03 2.439546771347522736e-02 9.996969103813171387e-01
2.075741626322269440e-02 -1.783571578562259674e-02 4.523038398474454880e-03 -7.590370369143784046e-04 1.460389117710292339e-03 2.171216532588005066e-02 9.997628927230834961e-01
