0.000000000000000000e+00 0.000000000000000000e+00 0.000000000000000000e+00 0.000000000000000000e+00 0.000000000000000000e+00 0.000000000000000000e+00 1.000000000000000000e+00
8.635988086462020874e-02 2.587750786915421486e-03 2.934329025447368622e-02 -2.557150204386066800e-02 5.544173945993890323e-03 2.380155377684823118e-02 9.993742274324894925e-01
1.639872003078718388e-01 9.691042171138092819e-04 5.997764374939365539e-02 -5.230269320348194390e-02 1.251155683887340310e-02 4.896116064976635540e-02 9.973518406144131765e-01
2.336265615851329525e-01 1.749361133242466164e-03 8.943119909839995774e-02 -7.886997491682638806e-02 2.027634319307896130e-02 7.158481539647747194e-02 9.941046278777641021e-01
2.954922002504800083e-01 3.238852954110856691e-04 1.168529849360499945e-01 -1.050529089610224565e-01 2.909350811185760707e-02 9.497049508398043571e-02 9.894938398838448723e-01
3.499724784705323666e-01 -4.093044206283490832e-05 1.412910982622223310e-01 -1.290105965583563941e-01 3.704317617881594527e-02 1.152428431505509443e-01 9.842271872778254327e-01
3.971933606519218452e-01 -1.310626349125267390e-03 1.622887458670377037e-01 -1.503646043834284407e-01 4.403821716890047450e-02 1.328433528846407752e-01 9.786744937779704445e-01
4.371176488868385168e-01 -1.573888036539209875e-03 1.799498674409545917e-01 -1.693511185350150272e-01 5.052702279563810878e-02 1.472255553924766147e-01 9.731864438316663035e-01
4.694671542973399281e-01 -6.992461522525418929e-04 1.947844458645894283e-01 -1.866295634248413271e-01 5.685390001044867553e-02 1.585624428270718533e-01 9.678817034297976241e-01
4.949074916913526190e-01 6.276338823637166511e-04 2.053856791774606727e-01 -2.014290734653404469e-01 6.252978969236862306e-02 1.663173213391876681e-01 9.632522527284740343e-01
5.127641640637570219e-01 1.516823688501432992e-03 2.134019171188176744e-01 -2.140223983928316032e-01 6.811380481341529347e-02 1.717635467064856647e-01 9.591935188494701281e-01
5.239658541850846785e-01 1.262571651459301961e-03 2.176190277496490855e-01 -2.226125346376176817e-01 6.658946070411854434e-02 1.753771863040309853e-01 9.566882175868118843e-01
5.288568721540249928e-01 3.870446248874183023e-03 2.192724277572764280e-01 -2.284746787445203209e-01 6.539535932794560136e-02 1.761106750491696071e-01 9.552527405271774574e-01
5.342764090560726542e-01 6.844695900436156659e-03 2.210435551005637822e-01 -2.322270026720526515e-01 6.444818530100872300e-02 1.737267615695523848e-01 9.548487120774250547e-01
5.406764413861162577e-01 9.656249778928784749e-03 2.232278786004878446e-01 -2.341965317983413231e-01 6.357021758132444522e-02 1.697196584635673744e-01 9.551471349804183664e-01
5.477549639706340567e-01 1.279941967206360554e-02 2.258026898980175778e-01 -2.341932032159664834e-01 6.272725900380801689e-02 1.636468988822353254e-01 9.562627918263586491e-01
5.561144073310438918e-01 1.451988874901710865e-02 2.288561521248667074e-01 -2.335033363987182864e-01 6.206284697125034888e-02 1.564414571385946418e-01 9.576797300793431500e-01
5.654906774257493218e-01 1.404750124616675408e-02 2.321372124938704817e-01 -2.310612198972824272e-01 6.157429109725414546e-02 1.485097170239882691e-01 9.595645800491519051e-01
5.753803388801407293e-01 1.532241805640277392e-02 2.363994689034101815e-01 -2.282857632337280396e-01 6.160752445208017569e-02 1.396786148014531881e-01 9.615508347470911321e-01
5.857618203645497124e-01 1.476461927272252478e-02 2.418809584245553423e-01 -2.246378921889484181e-01 6.153541853173769699e-02 1.306637170908168666e-01 9.636795124391933642e-01
5.969231179952662059e-01 1.265535221458146710e-02 2.475268282864672986e-01 -2.205418285462084904e-01 6.132629492333232374e-02 1.214928311543726491e-01 9.658363626363248855e-01
6.092171476267188579e-01 1.133918638794944971e-02 2.533183653986691986e-01 -2.158542119156576788e-01 6.128948118960873825e-02 1.126895074986185852e-01 9.679626199360684691e-01
6.228650741442540717e-01 9.041405273388453123e-03 2.581549626151883881e-01 -2.096632551825526602e-01 6.083979253509318869e-02 1.043090082108267952e-01 9.702883436775978643e-01
6.374838013347545740e-01 8.985068588907277679e-03 2.639705175636422596e-01 -2.031864997370221859e-01 6.089847206915977029e-02 9.659508316006708284e-02 9.724587458260420814e-01
6.531422141594790398e-01 6.409745259945354851e-03 2.697624694208694551e-01 -1.961591394464437532e-01 6.080221054168646888e-02 9.004904072170777374e-02 9.745336594853845069e-01
6.696455105825622756e-01 3.030571023010947447e-03 2.764061249839017687e-01 -1.892455701130998091e-01 6.092497659586301045e-02 8.500576269212188618e-02 9.763443458782828932e-01
6.879409380890547654e-01 2.981999510666303015e-03 2.828566861466640381e-01 -1.823671227662864713e-01 6.130800213536788390e-02 8.143911537487028007e-02 9.779321202900917998e-01
7.074859709257306228e-01 2.936136111885878815e-04 2.893896735570640755e-01 -1.757234942036160208e-01 6.131883407747719394e-02 8.019458866886677861e-02 9.792497547206645558e-01
7.284706398904553515e-01 -1.317841880938232235e-03 2.965967693637099889e-01 -1.698021296663984048e-01 6.204691027714432511e-02 8.083191738712446062e-02 9.801957043454825325e-01
7.509936154385882245e-01 -3.490418204121617084e-03 3.039731426193407193e-01 -1.644291593951395236e-01 6.309366900417344437e-02 8.474933196202903696e-02 9.807139191447163951e-01
7.745916117201596673e-01 -4.651751305959550206e-03 3.133786270655408157e-01 -1.609418887699162193e-01 6.516441918329320127e-02 9.154409075660116524e-02 9.805462693617386094e-01
7.996334635702945226e-01 -7.709114997124781599e-03 3.232713397958912882e-01 -1.574810249602646706e-01 5.990433490512281356e-02 1.021455980855644902e-01 9.803965902780270580e-01
8.258161506954221354e-01 -1.031376299791412349e-02 3.350945846392913152e-01 -1.555185595502652784e-01 5.439289810647495588e-02 1.154854166148894246e-01 9.795501563576387571e-01
8.543062954664181197e-01 -1.216975098544518553e-02 3.458460152708209279e-01 -1.549309147430508460e-01 4.827119139166462930e-02 1.310837162097445718e-01 9.779996743778363033e-01
8.850225462912584273e-01 -1.125951218606924785e-02 3.553192933422474331e-01 -1.547676921664764282e-01 4.130101170756603907e-02 1.498825267206865264e-01 9.756415407705930631e-01
9.171731026452100144e-01 -1.126205871290828983e-02 3.650868508356931996e-01 -1.552048561060162257e-01 3.421305647779372683e-02 1.707475086311249501e-01 9.724125707249068329e-01
9.509229258550326858e-01 -1.258502906219606532e-02 3.753110528255666489e-01 -1.556244969230584918e-01 2.692800510532078473e-02 1.930759142481448254e-01 9.683891727171137775e-01
9.789022135410913039e-01 -1.341340911257092941e-02 3.839417328733059076e-01 -1.565433545633270751e-01 1.938281704505114000e-02 2.165794321711325132e-01 9.634375091856702822e-01
1.000671286054676701e+00 -1.292122208058828735e-02 3.914035673484496103e-01 -1.589814451181848221e-01 1.211890333746754554e-02 2.409292008236736948e-01 9.573563351649669873e-01
1.017569690060547760e+00 -1.217136995512467512e-02 3.940595734468061440e-01 -1.599478472242772120e-01 4.522419274953119045e-03 2.646198503298212712e-01 9.509850517771790690e-01
1.029068170031935514e+00 -9.513066486738913641e-03 3.968449908649030466e-01 -1.612771603715093538e-01 -1.752949797221692481e-03 2.881650673772557236e-01 9.439001529044120931e-01
1.035304421302112754e+00 -2.304471905247847813e-03 3.982718123075634775e-01 -1.625775642266147070e-01 -7.911592720154366973e-03 3.099485342616965511e-01 9.367165251130126213e-01
1.044397609714459829e+00 3.014327867544366879e-05 4.013585305282882931e-01 -1.638258476574198097e-01 -1.355731440353608215e-02 3.338898421006432082e-01 9.281674763788586580e-01
1.051821156118128986e+00 5.862617209447562247e-03 4.053850186725946880e-01 -1.654924032213927476e-01 -1.723490494186368654e-02 3.566063516173577086e-01 9.193188415962169069e-01
1.058996102376058568e+00 1.388980911388904352e-02 4.062074872198219722e-01 -1.662087240161429502e-01 -2.140878082454897996e-02 3.772199531579872867e-01 9.108355675444487209e-01
1.068072692116610156e+00 2.067965137326095715e-02 4.078461940354403681e-01 -1.674233480935333473e-01 -2.483069534892037161e-02 3.977494202708379833e-01 9.017473358739981348e-01
1.074398166388230047e+00 3.112169026580718229e-02 4.067237723643297165e-01 -1.680217145695256098e-01 -2.762276618120362501e-02 4.151734045403532303e-01 8.936647751724288158e-01
1.082363978697447049e+00 4.157069718588397855e-02 4.072588265969493415e-01 -1.688764360178702795e-01 -2.897048363410643923e-02 4.315011992129238472e-01 8.856907900129236122e-01
1.086304728097454042e+00 5.264448539936256166e-02 3.992272757485860746e-01 -1.694193326879078199e-01 -2.989097870641918217e-02 4.449853538713122170e-01 8.788581534830175457e-01
1.098405860709134041e+00 5.922826547985919621e-02 3.987231453704654927e-01 -1.700464959674374832e-01 -2.946161237382391787e-02 4.559657676604505494e-01 8.731044733176819284e-01
1.111776740748259940e+00 6.194140696169552623e-02 4.025363860304997932e-01 -1.708521406120039055e-01 -2.679514271692968672e-02 4.637850637833513257e-01 8.689044717266380946e-01
