2.616429710388183594e+01 -2.226403045654296875e+01 -9.312875270843505859e-01 -9.828075766563415527e-02 1.950348913669586182e-01 7.394629120826721191e-01 6.367863416671752930e-01
2.616370773315429688e+01 -2.217281341552734375e+01 -9.335825443267822266e-01 -1.150439381599426270e-01 1.832592487335205078e-01 7.594122290611267090e-01 6.135743260383605957e-01
2.616244506835937500e+01 -2.208923721313476562e+01 -9.352810382843017578e-01 -1.317148506641387939e-01 1.714168787002563477e-01 7.774053812026977539e-01 5.906835794448852539e-01
2.616055488586425781e+01 -2.201338577270507812e+01 -9.366380572319030762e-01 -1.481145620346069336e-01 1.596852988004684448e-01 7.933976054191589355e-01 5.684017539024353027e-01
2.615814590454101562e+01 -2.194535064697265625e+01 -9.377252459526062012e-01 -1.640755385160446167e-01 1.482434421777725220e-01 8.073757886886596680e-01 5.470314621925354004e-01
2.615538215637207031e+01 -2.188516998291015625e+01 -9.385690689086914062e-01 -1.794417053461074829e-01 1.372693479061126709e-01 8.193556666374206543e-01 5.268852710723876953e-01
2.615238761901855469e+01 -2.183289909362792969e+01 -9.391964077949523926e-01 -1.940705031156539917e-01 1.269402205944061279e-01 8.293762803077697754e-01 5.082818865776062012e-01
2.614932632446289062e+01 -2.178856658935546875e+01 -9.396288990974426270e-01 -2.078239321708679199e-01 1.174262315034866333e-01 8.374947905540466309e-01 4.915423393249511719e-01
2.614634895324707031e+01 -2.175219917297363281e+01 -9.398770332336425781e-01 -2.205972075462341309e-01 1.089066565036773682e-01 8.437737226486206055e-01 4.769821763038635254e-01
2.614359474182128906e+01 -2.172379493713378906e+01 -9.399461150169372559e-01 -2.322057485580444336e-01 1.015075221657752991e-01 8.482972979545593262e-01 4.649264812469482422e-01
2.614119911193847656e+01 -2.170342826843261719e+01 -9.398355484008789062e-01 -2.427953481674194336e-01 9.553115069866180420e-02 8.510637283325195312e-01 4.556334018707275391e-01
2.613931655883789062e+01 -2.169102668762207031e+01 -9.394803643226623535e-01 -2.468530386686325073e-01 8.807579427957534790e-02 8.535133004188537598e-01 4.503414332866668701e-01
2.613789749145507812e+01 -2.168678283691406250e+01 -9.388688206672668457e-01 -2.498853802680969238e-01 8.211389183998107910e-02 8.544831871986389160e-01 4.479488730430603027e-01
2.613691139221191406e+01 -2.168218612670898438e+01 -9.385274052619934082e-01 -2.523157298564910889e-01 7.769202440977096558e-02 8.541026711463928223e-01 4.480999410152435303e-01
2.613631248474121094e+01 -2.167675018310546875e+01 -9.384627342224121094e-01 -2.541519701480865479e-01 7.464532554149627686e-02 8.525698781013488770e-01 4.504914879798889160e-01
2.613604927062988281e+01 -2.167056465148925781e+01 -9.386484026908874512e-01 -2.554751336574554443e-01 7.286866009235382080e-02 8.500396609306335449e-01 4.547934830188751221e-01
2.613607597351074219e+01 -2.166349029541015625e+01 -9.390755891799926758e-01 -2.563170194625854492e-01 7.224494963884353638e-02 8.466643691062927246e-01 4.606757760047912598e-01
2.613632392883300781e+01 -2.165550804138183594e+01 -9.397339224815368652e-01 -2.567004263401031494e-01 7.266470044851303101e-02 8.425918221473693848e-01 4.678063392639160156e-01
2.613673400878906250e+01 -2.164653968811035156e+01 -9.406157732009887695e-01 -2.566357851028442383e-01 7.401978224515914917e-02 8.379728198051452637e-01 4.758556783199310303e-01
2.613724899291992188e+01 -2.163653182983398438e+01 -9.417139887809753418e-01 -2.561274468898773193e-01 7.620420306921005249e-02 8.329638838768005371e-01 4.844993948936462402e-01
2.613781929016113281e+01 -2.162542343139648438e+01 -9.430218935012817383e-01 -2.551786899566650391e-01 7.911213487386703491e-02 8.277302384376525879e-01 4.934197068214416504e-01
2.613838958740234375e+01 -2.161314964294433594e+01 -9.445389509201049805e-01 -2.537954747676849365e-01 8.263924717903137207e-02 8.224465250968933105e-01 5.023087859153747559e-01
2.613892745971679688e+01 -2.159964370727539062e+01 -9.462531208992004395e-01 -2.519906759262084961e-01 8.668021857738494873e-02 8.172971606254577637e-01 5.108671188354492188e-01
2.613938331604003906e+01 -2.158481979370117188e+01 -9.481663703918457031e-01 -2.497866004705429077e-01 9.113004803657531738e-02 8.124744296073913574e-01 5.188056230545043945e-01
2.613976287841796875e+01 -2.156861305236816406e+01 -9.502021074295043945e-01 -2.472181916236877441e-01 9.588410705327987671e-02 8.081763982772827148e-01 5.258435606956481934e-01
2.614001083374023438e+01 -2.155094528198242188e+01 -9.524047374725341797e-01 -2.443351000547409058e-01 1.008373722434043884e-01 8.046045899391174316e-01 5.317086577415466309e-01
2.614010047912597656e+01 -2.153174018859863281e+01 -9.547694921493530273e-01 -2.412055432796478271e-01 1.058856621384620667e-01 8.019591569900512695e-01 5.361337661743164062e-01
2.614002037048339844e+01 -2.151090812683105469e+01 -9.572777152061462402e-01 -2.379086166620254517e-01 1.109193041920661926e-01 8.004367947578430176e-01 5.388567447662353516e-01
2.613973999023437500e+01 -2.148838233947753906e+01 -9.599092006683349609e-01 -2.345678657293319702e-01 1.158420518040657043e-01 8.002173304557800293e-01 5.396107435226440430e-01
2.613924217224121094e+01 -2.146407699584960938e+01 -9.626412987709045410e-01 -2.312303185462951660e-01 1.204884648323059082e-01 8.014883995056152344e-01 5.381456017494201660e-01
2.613848876953125000e+01 -2.143791961669921875e+01 -9.654457569122314453e-01 -2.283162474632263184e-01 1.249200701713562012e-01 8.043243288993835449e-01 5.341336131095886230e-01
2.613745307922363281e+01 -2.140989303588867188e+01 -9.682543277740478516e-01 -2.197892665863037109e-01 1.249002814292907715e-01 8.103653192520141602e-01 5.285555720329284668e-01
2.613609123229980469e+01 -2.137991333007812500e+01 -9.710832834243774414e-01 -2.106177657842636108e-01 1.238917186856269836e-01 8.181637525558471680e-01 5.204513669013977051e-01
2.613440132141113281e+01 -2.134809494018554688e+01 -9.738960266113281250e-01 -2.011679112911224365e-01 1.221821606159210205e-01 8.273470401763916016e-01 5.099716782569885254e-01
2.613238334655761719e+01 -2.131446838378906250e+01 -9.766588211059570312e-01 -1.914408206939697266e-01 1.198079064488410950e-01 8.376262784004211426e-01 4.973437786102294922e-01
2.613005256652832031e+01 -2.127926254272460938e+01 -9.793288707733154297e-01 -1.815386712551116943e-01 1.168734431266784668e-01 8.486925959587097168e-01 4.827812612056732178e-01
2.612740898132324219e+01 -2.124224472045898438e+01 -9.818943142890930176e-01 -1.715419292449951172e-01 1.134684458374977112e-01 8.602535128593444824e-01 4.665139913558959961e-01
2.612447929382324219e+01 -2.121141433715820312e+01 -9.838383793830871582e-01 -1.615432351827621460e-01 1.096903085708618164e-01 8.720309734344482422e-01 4.487839937210083008e-01
2.612129020690917969e+01 -2.118724250793457031e+01 -9.851193428039550781e-01 -1.516391783952713013e-01 1.056387647986412048e-01 8.837695717811584473e-01 4.298496246337890625e-01
2.611789703369140625e+01 -2.116972351074218750e+01 -9.857333302497863770e-01 -1.419329345226287842e-01 1.014177203178405762e-01 8.952394723892211914e-01 4.099860489368438721e-01
2.611436843872070312e+01 -2.115889930725097656e+01 -9.856770634651184082e-01 -1.325340420007705688e-01 9.713485836982727051e-02 9.062412381172180176e-01 3.894855678081512451e-01
2.611078071594238281e+01 -2.115507125854492188e+01 -9.849408268928527832e-01 -1.235572919249534607e-01 9.290085732936859131e-02 9.166080355644226074e-01 3.686537444591522217e-01
2.610724449157714844e+01 -2.115229606628417969e+01 -9.839105010032653809e-01 -1.151218041777610779e-01 8.882953226566314697e-02 9.262052178382873535e-01 3.478119969367980957e-01
2.610385322570800781e+01 -2.115033340454101562e+01 -9.826233983039855957e-01 -1.073512956500053406e-01 8.503715693950653076e-02 9.349316954612731934e-01 3.272923529148101807e-01
2.610072326660156250e+01 -2.114933967590332031e+01 -9.810999631881713867e-01 -1.003722772002220154e-01 8.164168894290924072e-02 9.427175521850585938e-01 3.074359297752380371e-01
2.609797096252441406e+01 -2.114929199218750000e+01 -9.793772101402282715e-01 -9.431378543376922607e-02 7.876240462064743042e-02 9.495216012001037598e-01 2.885888814926147461e-01
2.609572219848632812e+01 -2.115026664733886719e+01 -9.774829149246215820e-01 -8.930690586566925049e-02 7.651946693658828735e-02 9.553256034851074219e-01 2.711001634597778320e-01
2.609409713745117188e+01 -2.115219879150390625e+01 -9.754587411880493164e-01 -8.548321574926376343e-02 7.503353804349899292e-02 9.601289629936218262e-01 2.553195059299468994e-01
2.609322929382324219e+01 -2.115527915954589844e+01 -9.733296036720275879e-01 -8.297483623027801514e-02 7.442538440227508545e-02 9.639405608177185059e-01 2.415942549705505371e-01
2.609323501586914062e+01 -2.115524482727050781e+01 -9.713925719261169434e-01 -8.191380649805068970e-02 7.481588423252105713e-02 9.667690992355346680e-01 2.302670925855636597e-01
2.609424781799316406e+01 -2.115190124511718750e+01 -9.696875214576721191e-01 -8.243170380592346191e-02 7.632605731487274170e-02 9.686134457588195801e-01 2.216748446226119995e-01
