0.000000000000000000e+00 0.000000000000000000e+00 0.000000000000000000e+00 0.000000000000000000e+00 0.000000000000000000e+00 0.000000000000000000e+00 1.000000000000000000e+00
8.743817359209060669e-02 4.479836206883192062e-03 2.569533698260784149e-02 -2.314017784494832447e-02 5.469067732869275014e-03 1.953478160609650738e-02 9.995263947365469193e-01
1.663567831630068383e-01 3.566584985832404672e-03 5.286341628383274538e-02 -4.750030118016685537e-02 1.237698214490209718e-02 4.049871972272941351e-02 9.979731386172665530e-01
2.371894366038032054e-01 4.331997705958336685e-03 7.931922897164428443e-02 -7.180590322002178283e-02 1.982017360079855670e-02 5.883376925146543979e-02 9.954846360325488863e-01
2.999222929248951952e-01 2.003087718300682139e-03 1.046275058411506309e-01 -9.584711097021444970e-02 2.847031460012940107e-02 7.806515997983273780e-02 9.919216719593115794e-01
3.551085780716017881e-01 8.865661712363138471e-04 1.274020943884641432e-01 -1.178739781448628759e-01 3.630877144464132733e-02 9.457462154120349629e-02 9.878476802386202404e-01
4.027917721242139093e-01 -1.938672354563977362e-03 1.471671214846057563e-01 -1.374890269935452602e-01 4.326927986964589079e-02 1.088005268723860330e-01 9.835583268053916806e-01
4.431304032978377050e-01 -3.886471687559418537e-03 1.637482628788128891e-01 -1.549990658969378488e-01 4.983833893658508318e-02 1.201093022321949866e-01 9.793187351727801193e-01
4.759173976692397390e-01 -4.795236045084730683e-03 1.775868813675270663e-01 -1.708900365951663280e-01 5.619968148510522815e-02 1.288196077077610191e-01 9.752146942409625208e-01
5.016804918204093022e-01 -5.140300556415159164e-03 1.874611645894363188e-01 -1.844497575445497306e-01 6.185371434809346786e-02 1.345420407371196170e-01 9.716227890685729118e-01
5.198583104500698049e-01 -5.571946068885263309e-03 1.947613060760347292e-01 -1.958844088601137123e-01 6.743220454381346207e-02 1.384068377337714095e-01 9.684656645562724764e-01
5.310533165943426281e-01 -6.659502097378230782e-03 1.988619896665470288e-01 -2.038875057474275887e-01 6.599425996464586275e-02 1.404876735058478154e-01 9.666115332669715787e-01
5.360632767278981081e-01 -4.182067555595666078e-03 2.003517595523679751e-01 -2.093949394853862611e-01 6.489157894732774934e-02 1.401247135204836680e-01 9.655609286629387444e-01
5.413830227620405333e-01 -9.685745995047130574e-04 2.020034870255641435e-01 -2.127965311072909094e-01 6.397587280906331941e-02 1.367496113343038278e-01 9.653622469554831165e-01
5.478476753740942895e-01 1.772575643422970911e-03 2.040845655083196042e-01 -2.145321652602923956e-01 6.315843467883532070e-02 1.320374407015074136e-01 9.656878773447690190e-01
5.540855426947906004e-01 6.619611002807942318e-03 2.061363748743875457e-01 -2.143542934754431306e-01 6.225913834906738470e-02 1.249582718351710808e-01 9.667271936077120875e-01
5.625310051740439743e-01 7.812963737390189733e-03 2.092046009678111274e-01 -2.134555064919891609e-01 6.151209763613470910e-02 1.169737241197253974e-01 9.679721878536663437e-01
5.718327872046710114e-01 6.400976325555320610e-03 2.124273469894243094e-01 -2.108005495439339017e-01 6.092163592726734800e-02 1.082411473826644377e-01 9.696058666289130157e-01
5.818297743928381172e-01 6.737425865919552219e-03 2.166159851632879496e-01 -2.076968655931367147e-01 6.075165910994623913e-02 9.853270983739687017e-02 9.713200054720765309e-01
5.921402692299094772e-01 5.293337760516863416e-03 2.220695468537352835e-01 -2.037699506330176435e-01 6.057474111474800416e-02 8.869136799940292859e-02 9.731096285621128050e-01
6.029674113924387013e-01 1.969813136355459855e-03 2.277815152564436341e-01 -1.994563630515320540e-01 6.032631103163462599e-02 7.875854921871798531e-02 9.748717794461653208e-01
6.150848927894873031e-01 -6.895074744254769961e-04 2.334834458709091343e-01 -1.945331058998086005e-01 6.016244181336452557e-02 6.919055719504448032e-02 9.766012584975849453e-01
6.283289736842844198e-01 -4.480553823289997774e-03 2.384994851603280119e-01 -1.881997740993352763e-01 5.958220892214147885e-02 6.004242112446828150e-02 9.784813299570050971e-01
6.427728710906004395e-01 -6.121032215645966570e-03 2.445172658662052301e-01 -1.815583596624586737e-01 5.943930422557996279e-02 5.154036098730481463e-02 9.802280970973820118e-01
6.579083060910021485e-01 -1.075179084332804173e-02 2.504197695862810935e-01 -1.743489561803003018e-01 5.906755569820189983e-02 4.419469650934018667e-02 9.819166431745246504e-01
6.737650794706144808e-01 -1.632969831102354039e-02 2.571551577933444688e-01 -1.672816858482929214e-01 5.898495250036065590e-02 3.838944328747038309e-02 9.833940530643662248e-01
6.918815919228169520e-01 -1.878158086408956984e-02 2.636447649570565210e-01 -1.602119199602443644e-01 5.908837572415741313e-02 3.396594548043080364e-02 9.847268753845167533e-01
7.108496470940849354e-01 -2.421361361688614822e-02 2.701732799561100129e-01 -1.534805049834696566e-01 5.886275746439476042e-02 3.190451930592615171e-02 9.858808305376287606e-01
7.313886858548900305e-01 -2.870200283122611301e-02 2.774463514429121869e-01 -1.474530711144250439e-01 5.926535951556469867e-02 3.168314869707512110e-02 9.867833536643462189e-01
7.534292932508784846e-01 -3.387317633031294156e-02 2.847870656454273841e-01 -1.419719715431304041e-01 6.009661756613118161e-02 3.462097100066795219e-02 9.874379698088573409e-01
7.766381346460645707e-01 -3.809015473707700467e-02 2.942867516524692584e-01 -1.383814113073971730e-01 6.206180512207032374e-02 4.031690728998849060e-02 9.876099758184571087e-01
8.009829230916065690e-01 -4.473118431923221727e-02 3.041627591916693518e-01 -1.352863249165766890e-01 5.676527292430503385e-02 4.919883484834958187e-02 9.879548515645643070e-01
8.265046275133530740e-01 -5.134832113280356908e-02 3.158658574406364439e-01 -1.336988795307702815e-01 5.131718254721107098e-02 6.069817041109621530e-02 9.878293822803502211e-01
8.543609467358160847e-01 -5.774272736622933222e-02 3.265365402773580117e-01 -1.334093933057124148e-01 4.533882698949649043e-02 7.414852268012837866e-02 9.872427873270955834e-01
8.847644190538243025e-01 -6.214592652156543384e-02 3.360391918171742875e-01 -1.336501914724862461e-01 3.863570769982035275e-02 9.044729508830763598e-02 9.861359922551810042e-01
9.164553381606367344e-01 -6.764465182839454749e-02 3.457609758834396252e-01 -1.344692911723427420e-01 3.187767615160112117e-02 1.087684743811866972e-01 9.844141620657285152e-01
9.494927712445505597e-01 -7.474033410250709164e-02 3.559351783774824529e-01 -1.352507694380479797e-01 2.487746835965675557e-02 1.284478397219573631e-01 9.821351706385392788e-01
9.769212569436526161e-01 -8.048450126865322463e-02 3.644614987994867494e-01 -1.365120585721856239e-01 1.758687449501967690e-02 1.492676180673482011e-01 9.791702292790467332e-01
9.983798955137255238e-01 -8.396153008471676782e-02 3.720279329294832182e-01 -1.392880527588499229e-01 1.081671905518215120e-02 1.708257087821168363e-01 9.753463047382793238e-01
1.015189883582217956e+00 -8.632581250522455840e-02 3.742656184057532309e-01 -1.404446924068283586e-01 3.246027588461610457e-03 1.915930190024223712e-01 9.713685535105529567e-01
1.025901148707574873e+00 -8.064680975890706205e-02 3.745062154708758140e-01 -1.413148436613678449e-01 -3.633083394045821205e-03 2.094938957199056206e-01 9.675377115762012759e-01
1.033255254264240808e+00 -7.448688204103834365e-02 3.754351532461024932e-01 -1.428554840687892291e-01 -9.825908884586204151e-03 2.285262041440705161e-01 9.629493944157014873e-01
1.042958608869898329e+00 -7.406669401445978296e-02 3.772607198734894696e-01 -1.443677415985352985e-01 -1.562642924466999331e-02 2.496630541595363240e-01 9.573829585294133526e-01
1.051655240964647353e+00 -6.995197547003439986e-02 3.808352231540818589e-01 -1.460826031942505099e-01 -1.922714130151976369e-02 2.701856958422760302e-01 9.514672247868486421e-01
1.060325760683715535e+00 -6.351865310129729825e-02 3.809982033634483067e-01 -1.471320423513786668e-01 -2.338910855569034317e-02 2.886317169037800889e-01 9.457784326741959235e-01
1.070537531039240875e+00 -5.833326177687672698e-02 3.810553310101751912e-01 -1.484072006323517989e-01 -2.689388789936253757e-02 3.070623098052766564e-01 9.396620453605508683e-01
1.078705660322335502e+00 -4.937999548370356623e-02 3.792037631262449304e-01 -1.492727637446174815e-01 -2.977049677039508152e-02 3.227604612610427415e-01 9.341611446493834903e-01
1.088742426101325211e+00 -4.088944709262444521e-02 3.788937205559116950e-01 -1.501527010324222866e-01 -3.118830938238370890e-02 3.375555019903915266e-01 9.287290987185400359e-01
1.094820775019189174e+00 -3.094043243349833480e-02 3.707245788048439961e-01 -1.508703224632175766e-01 -3.212182110720279704e-02 3.499350348520314791e-01 9.239869078031944793e-01
1.108173113638789120e+00 -2.753568840198895168e-02 3.703239447646570759e-01 -1.514908230171740644e-01 -3.156430941779463789e-02 3.600714474381470631e-01 9.200015095924324315e-01
1.121833052132246378e+00 -2.850572882975753453e-02 3.739498903914066363e-01 -1.519933042570020820e-01 -2.887438669678981523e-02 3.675490771652484279e-01 9.170452448646668753e-01
