0.000000000000000000e+00 0.000000000000000000e+00 0.000000000000000000e+00 0.000000000000000000e+00 0.000000000000000000e+00 0.000000000000000000e+00 1.000000000000000000e+00
6.605645269155502319e-02 -4.739009961485862732e-02 4.169240593910217285e-02 -7.467398339815238539e-02 5.623952145386943574e-02 1.096733608872271087e-01 9.895618557431324902e-01
1.374995526495564890e-01 -7.163098125949568518e-02 7.822269640016438208e-02 -1.525912368041390244e-01 1.125439519672108007e-01 2.198191808534771530e-01 9.569374593227562009e-01
2.093597294663480379e-01 -7.045812000674676889e-02 1.035567065445958945e-01 -2.307533194153806866e-01 1.661796619548212006e-01 3.219524610444760571e-01 9.030414377860905839e-01
2.739509442347746737e-01 -5.214719283824707785e-02 1.171796229773005155e-01 -3.044343146245727660e-01 2.173083835854956181e-01 4.194183168321072297e-01 8.271548162274386939e-01
3.270992939524714482e-01 -2.277188411826946285e-02 1.190752383645815593e-01 -3.655124866168050213e-01 2.579937564011456352e-01 4.985234294055929660e-01 7.425053764915866550e-01
3.669835673608883297e-01 1.129247555698335154e-02 1.117677968494808355e-01 -4.162677702859882700e-01 2.916599989190893361e-01 5.633212145111754499e-01 6.514021781766642372e-01
3.938378308365146352e-01 4.482118868003446416e-02 9.795881976215679854e-02 -4.563895809216127475e-01 3.167261418360415859e-01 6.112028829817504061e-01 5.637589354845271572e-01
4.097444432733815534e-01 7.393962358050931716e-02 8.102123923997973931e-02 -4.891826730825060143e-01 3.346351066186825096e-01 6.455266064944438220e-01 4.816794142185488736e-01
4.174380888161414171e-01 9.662487493588747811e-02 6.402917393881091268e-02 -5.140295333767923580e-01 3.463704251955321833e-01 6.672918903231552790e-01 4.129439435023273264e-01
4.206832895321173105e-01 1.124623874489248943e-01 4.992886205578082187e-02 -5.319903094962249446e-01 3.534505792562165905e-01 6.809124336752855333e-01 3.583535353417842684e-01
4.207808408124814603e-01 1.213619615251988609e-01 3.983908913081116165e-02 -5.443659856420530740e-01 3.540134489123621941e-01 6.902367242487900123e-01 3.192388074207620496e-01
4.199324972142016166e-01 1.243184580220086932e-01 3.508021499646447189e-02 -5.535622994144220321e-01 3.463050046112595703e-01 6.933954333203596887e-01 3.047037864856357858e-01
4.194899889382244784e-01 1.286907259264667425e-01 3.060188968187971953e-02 -5.611121590418715055e-01 3.402457496820921468e-01 6.958957177653685156e-01 2.917449653283896160e-01
4.191602725854309819e-01 1.340485790805912569e-01 2.607447050731111562e-02 -5.683393351024982332e-01 3.348979046717162067e-01 6.968631539378041806e-01 2.814525507178795571e-01
4.187652465310603977e-01 1.402808795205608694e-01 2.127611166109856164e-02 -5.755174820255410939e-01 3.302923387679387868e-01 6.966607324612988927e-01 2.726727391593681826e-01
4.182046468743410572e-01 1.472993099425397023e-01 1.594838151550316552e-02 -5.823800976969389920e-01 3.258436684234197189e-01 6.960837743533220268e-01 2.648144721062384299e-01
4.173887848704994630e-01 1.551080702117314525e-01 1.000584358170735627e-02 -5.890844405759566582e-01 3.217958516709424344e-01 6.949174448506536539e-01 2.579083103758461615e-01
4.164393337798810157e-01 1.637941540316536493e-01 3.427259580122060841e-03 -5.961379285056059851e-01 3.189783415370570641e-01 6.941546261421841502e-01 2.470257938611233328e-01
4.153953248340409021e-01 1.733867174355747665e-01 -3.862641002666155482e-03 -6.030484367440489546e-01 3.169405819962025084e-01 6.934438501552171452e-01 2.345567673429522493e-01
4.141448101342096177e-01 1.838251328892899772e-01 -1.203575072770640166e-02 -6.100749231148617779e-01 3.157182893887690023e-01 6.926669818050987804e-01 2.198704214960254810e-01
4.125770722992249673e-01 1.950909938148807643e-01 -2.120989341072512455e-02 -6.170013217706757924e-01 3.153036162693984568e-01 6.917218355058886159e-01 2.035040559424879936e-01
4.107508717902790818e-01 2.072301728948131583e-01 -3.144356444505722742e-02 -6.224845052923190236e-01 3.167298795338177042e-01 6.909116421001016972e-01 1.866449219561336637e-01
4.083376814542630795e-01 2.200223844238603510e-01 -4.305435463632979742e-02 -6.279999194337620994e-01 3.197328835168737338e-01 6.900251731678449518e-01 1.650825393064302982e-01
4.056500678413100802e-01 2.335213908490896551e-01 -5.611379004553035399e-02 -6.320432835419046436e-01 3.258890475732019176e-01 6.895523172297470804e-01 1.372414594956099243e-01
4.023214664096882998e-01 2.473633880351219227e-01 -7.100041889132070738e-02 -6.341161188114737834e-01 3.354522664438580604e-01 6.890595033516682122e-01 1.027887427781074003e-01
3.985342301858328939e-01 2.615520136310217625e-01 -8.778718129398600800e-02 -6.329436763759761497e-01 3.486930980383790568e-01 6.883746838636020104e-01 6.273532124526846887e-02
3.938569870967626452e-01 2.755579719394475879e-01 -1.068346080717758884e-01 -6.281687503072624912e-01 3.656276430219164153e-01 6.866933324024205865e-01 1.314210902819184026e-02
3.875613169131357783e-01 2.883962157218699640e-01 -1.285231610273285252e-01 -6.199507236767989315e-01 3.842063490762270273e-01 6.827782742296057972e-01 -4.313246784234477105e-02
3.790943565641400337e-01 2.988929606733759514e-01 -1.529913701856140951e-01 -6.074787274713461249e-01 4.040159885326004563e-01 6.747107492381969607e-01 -1.118305930515012953e-01
3.678945667274626796e-01 3.059386434758485929e-01 -1.798902287974893377e-01 -5.896095108787769989e-01 4.219230033514700939e-01 6.622280522079662113e-01 -1.891972800888213069e-01
3.536684069632774485e-01 3.084727914535900228e-01 -2.084446813910905971e-01 -5.597923391115381397e-01 4.379255933930603639e-01 6.485484128723029151e-01 -2.724677373271660041e-01
3.358536971126878101e-01 3.050082228938439943e-01 -2.372673912028364085e-01 -5.219454194925177148e-01 4.508237993317193437e-01 6.273520534322183373e-01 -3.616079120833399219e-01
3.147819052047532429e-01 2.948838940519492025e-01 -2.646795895561703804e-01 -4.780740658218492478e-01 4.599042095382187556e-01 6.001822037991894065e-01 -4.468944258774554812e-01
2.910975584297658680e-01 2.783015594907302104e-01 -2.891820399032479783e-01 -4.320419308359420563e-01 4.647237535703696021e-01 5.699306813438455022e-01 -5.220638096343757084e-01
2.659371910474653267e-01 2.559397526022086922e-01 -3.101608251270547845e-01 3.832985776510532405e-01 -4.668077394187477025e-01 -5.368730256383313915e-01 5.890162044726626744e-01
2.398945149800384702e-01 2.278422782979343808e-01 -3.256641776748313566e-01 3.255441909065888706e-01 -4.626366621489342301e-01 -4.939989575766173258e-01 6.602676188606274588e-01
2.196198390763212660e-01 1.997389573801462981e-01 -3.302362464319988367e-01 2.791179503357820724e-01 -4.574798718983763002e-01 -4.582067489949639416e-01 7.091205199284978944e-01
2.123211377858732207e-01 1.760406363254285733e-01 -3.161893962972912586e-01 2.639587376517310013e-01 -4.606986395999931316e-01 -4.461681869837498260e-01 7.204279958550015017e-01
2.131491549309304789e-01 1.621677776019378181e-01 -2.991543950385103789e-01 2.583229745569528002e-01 -4.649077802554995587e-01 -4.436096836985183312e-01 7.213462727448257672e-01
2.139697907216181749e-01 1.529398775750916428e-01 -2.867577857856755119e-01 2.516297357541955049e-01 -4.687834674585196759e-01 -4.403404999607873904e-01 7.232045221209036923e-01
2.143274985934455201e-01 1.476697691428983106e-01 -2.792736319576558102e-01 2.447147825246922259e-01 -4.728120526322376338e-01 -4.359187873119542700e-01 7.256295535382072392e-01
2.146989260205604544e-01 1.428795441400196320e-01 -2.722307502672015600e-01 2.377074137693923894e-01 -4.764772703667089493e-01 -4.313769105463959308e-01 7.282709367470349138e-01
2.150085403592134625e-01 1.386037545873167742e-01 -2.656849559976828257e-01 2.311493884898341844e-01 -4.800622638994962998e-01 -4.267477841227227953e-01 7.307506494877799019e-01
2.153526409508645378e-01 1.348531082189925179e-01 -2.596947681949491882e-01 2.249782587337830764e-01 -4.831949933418751564e-01 -4.224045399985931759e-01 7.331314930454405632e-01
2.156386920784147676e-01 1.315647611700732911e-01 -2.543589130417017175e-01 2.189932381186207588e-01 -4.859194406880775197e-01 -4.180156569247586162e-01 7.356542458148865871e-01
2.159343752589375776e-01 1.288210280268644037e-01 -2.496944519706381371e-01 2.137340966439319478e-01 -4.883983977214119143e-01 -4.140851942854265055e-01 7.377792304670555135e-01
2.161695047689946581e-01 1.265730223931592346e-01 -2.457578454490388087e-01 2.095061215869942484e-01 -4.903227886972198468e-01 -4.106626065161765871e-01 7.396262377113840270e-01
2.163847318399120534e-01 1.248008491474765919e-01 -2.425983253103018711e-01 2.061748988850856112e-01 -4.916877671707348130e-01 -4.078802570634199598e-01 7.411941355557668532e-01
2.167868039482059861e-01 1.217889698703737561e-01 -2.376179998812711913e-01 2.048523793842571550e-01 -4.928198059109599183e-01 -4.065434104525896264e-01 7.415433884676401188e-01
2.172444622502760214e-01 1.169648294780113451e-01 -2.302561498131892315e-01 2.057213456688967435e-01 -4.935367588748267864e-01 -4.071185509694249527e-01 7.405097440493711991e-01
1.362703501540400985e-01 -3.121123114781618191e-02 -1.835975464542356494e-01 5.379771517149635474e-02 -3.886446327468123796e-01 -3.030452460297271000e-01 8.684611298948297087e-01
1.065127403755115887e-01 -1.536411899071249143e-01 -8.493938626436228767e-02 -8.725258582881142977e-02 -2.739925375691487641e-01 -2.000208524933339560e-01 9.366465364215278422e-01
1.316054005377628733e-01 -2.351925374084171960e-01 3.193660310555937465e-02 -2.391017431827769102e-01 -1.367563846570873098e-01 -8.319469855686603688e-02 9.577090841140186717e-01
1.996212912778279613e-01 -2.705583844994307041e-01 1.360088292802449916e-01 -3.851493021266607086e-01 1.855677530314539525e-02 4.682516966207718456e-02 9.214787380335004441e-01
2.918164275898329496e-01 -2.663516309711556618e-01 2.024381495392411634e-01 -5.015229214516266909e-01 1.688990330749601254e-01 1.698508593084894491e-01 8.313233796045534918e-01
3.841468850949819602e-01 -2.399661558011716989e-01 2.223977452481087358e-01 -5.802582967180388573e-01 2.901197042348435673e-01 2.660030308041910763e-01 7.130029830986347461e-01
4.589718274797631725e-01 -2.090495590884123567e-01 2.072023709422330939e-01 6.306424537431775112e-01 -3.850099235369949802e-01 -3.381569485957647836e-01 -5.828441750856080406e-01
5.104356870107338295e-01 -1.844134734316175694e-01 1.728093617245601288e-01 6.581673729426034125e-01 -4.522085340919702046e-01 -3.858767292285034678e-01 -4.619765153426477200e-01
5.414488171434169717e-01 -1.690993690426722262e-01 1.355771497617761223e-01 6.715781602449767407e-01 -4.973441754240007784e-01 -4.159916761878243441e-01 -3.585839806743148506e-01
5.569957721639473558e-01 -1.622188313972682261e-01 1.050982336817212343e-01 6.778855730645474420e-01 -5.252262371395154394e-01 -4.372993863179195917e-01 -2.708833630498309053e-01
5.618256334419395870e-01 -1.613689378762560578e-01 8.665665761764226871e-02 6.832717988732704972e-01 -5.341666747744511223e-01 -4.500278312712278073e-01 -2.127923013320878187e-01
5.636810714721030013e-01 -1.613325572589050239e-01 7.487949920845568541e-02 6.908937571777403752e-01 -5.296549016449155767e-01 -4.576328142875418226e-01 -1.808416676090013053e-01
5.662825579200747583e-01 -1.592478331063484354e-01 6.201926296958788776e-02 6.983130399451007442e-01 -5.238522418577015172e-01 -4.617911197341298957e-01 -1.571199817909570418e-01
5.692041982257215471e-01 -1.558405320598295896e-01 4.782084135351379051e-02 7.071214330319707253e-01 -5.161111629917189969e-01 -4.631946038785775266e-01 -1.380554429202822120e-01
5.724511460806448460e-01 -1.514943569146397773e-01 3.202567967387914133e-02 7.158646984465357743e-01 -5.086766112839165022e-01 -4.630145680328971447e-01 -1.200139510226682082e-01
5.755370335881673238e-01 -1.468431142409154233e-01 1.420554812860280389e-02 7.248645617213833603e-01 -5.011366283188989357e-01 -4.613174909774401811e-01 -1.030515377658775683e-01
5.789498048911992933e-01 -1.416929210862752642e-01 -5.637681972794215263e-03 7.331277987691414699e-01 -4.950951550546298652e-01 -4.590093117742282125e-01 -8.194430924655229931e-02
5.825099369680395434e-01 -1.361911672060125422e-01 -2.771558171989553510e-02 7.397001533088252145e-01 -4.916810623696171723e-01 -4.558347624236474549e-01 -5.751595837819418328e-02
5.859496574934794921e-01 -1.309646300549151821e-01 -5.234208184356707594e-02 7.450102619118472713e-01 -4.901244109093259027e-01 -4.515327871764646117e-01 -2.925600077728268689e-02
5.891094197570883040e-01 -1.264534908016780590e-01 -7.972227403964249337e-02 7.488048378198021160e-01 -4.905130764734089155e-01 -4.457271305159293262e-01 3.944843252544039461e-03
5.921282667125664645e-01 -1.227500132026782542e-01 -1.099410974125281937e-01 7.500487253350066608e-01 -4.931892459878462476e-01 -4.389921492011976123e-01 3.843397201675716190e-02
5.947767981700232687e-01 -1.207940770746201986e-01 -1.432031265066925074e-01 7.468153847700964576e-01 -5.011718826402140614e-01 -4.295405902266623555e-01 8.116899943504912729e-02
5.968814251598670850e-01 -1.215624048030741200e-01 -1.795505802583950983e-01 7.380920513187454457e-01 -5.140255834765513621e-01 -4.169579363365326641e-01 1.309347266299414059e-01
5.982218745680046856e-01 -1.263247753690840136e-01 -2.188111960150564972e-01 7.208449986641760621e-01 -5.331632584258569896e-01 -3.998873490329585279e-01 1.902880339090184392e-01
5.986775692401228310e-01 -1.365934930601613306e-01 -2.604629388147232660e-01 6.925423745582227619e-01 -5.586602469292115680e-01 -3.781293638113719102e-01 2.555425055951703883e-01
5.978845412093631850e-01 -1.542161511495762916e-01 -3.033828857470917684e-01 6.473448619745731936e-01 -5.911088755179070287e-01 -3.487006714298301890e-01 3.315761883843015845e-01
5.944839931527686749e-01 -1.818362510388809583e-01 -3.450165909090085470e-01 -5.850244905269121887e-01 6.245934026071207068e-01 3.104073057685339254e-01 -4.138559307644459340e-01
5.871799984645561521e-01 -2.209576909365690289e-01 -3.813905980573412124e-01 -5.021430056112737850e-01 6.537586923379452575e-01 2.624541329681955859e-01 -5.015673456238639583e-01
5.747607393466028780e-01 -2.713582633777290587e-01 -4.070746501023909669e-01 -3.951279591371794631e-01 6.710500969969201979e-01 2.051686116862273535e-01 -5.928503217568980022e-01
5.566676478581368270e-01 -3.298958036571092989e-01 -4.164214647602346164e-01 2.600465418985459798e-01 -6.753513934743949898e-01 -1.416111314287387124e-01 6.754425059427879852e-01
5.331535204150112950e-01 -3.905295460625960446e-01 -4.048093628381287945e-01 1.061151946909102001e-01 -6.646978851739498984e-01 -7.411787243817505311e-02 7.358143977160456206e-01
5.054204502955360612e-01 -4.438635435615823077e-01 -3.687745066331692412e-01 -5.788608088529812595e-02 -6.311860248037116650e-01 -6.106630286118996378e-04 7.734681834586957239e-01
4.769369817938297618e-01 -4.799789064601456268e-01 -3.109018574169555849e-01 -2.181861902737867731e-01 -5.770195682757487399e-01 7.167210916286349820e-02 7.837769535836239809e-01
4.516623013319351343e-01 -4.927575954596913888e-01 -2.386962143774988276e-01 -3.573319976035194134e-01 -5.133084167128142417e-01 1.373071730079902797e-01 7.680983355411050706e-01
4.324826799280836465e-01 -4.809663002213319660e-01 -1.608970382912923158e-01 -4.944853341297814064e-01 -4.291130091828749271e-01 2.029540020191252792e-01 7.281180898350193553e-01
4.248370657994438582e-01 -4.435994961294898453e-01 -9.484009871444748496e-02 -6.022302133557735360e-01 -3.454176344221475681e-01 2.558673806269352036e-01 6.727089351887473034e-01
4.327467575007746259e-01 -3.896123198598098192e-01 -6.246663916220356744e-02 6.595288226535371834e-01 2.906697631875489463e-01 -2.880919015043300058e-01 -6.305044624309590340e-01
4.518744289180963714e-01 -3.445128042470589902e-01 -7.460116595769014647e-02 6.669658878716943073e-01 2.823511640023647074e-01 -3.020956350910453669e-01 -6.198165469402782124e-01
4.661121918691403243e-01 -3.135090720802263253e-01 -8.998408367871808811e-02 6.707107846365549797e-01 2.783614778079516183e-01 -3.139578763727055577e-01 -6.116309204972645297e-01
4.746002185040810728e-01 -2.933794449709544727e-01 -1.010903496745838570e-01 6.744467884183260598e-01 2.723813703911630024e-01 -3.283124885210614297e-01 -6.026116730840396229e-01
4.802485512205000862e-01 -2.790217378194147502e-01 -1.097216616756630514e-01 6.785098968038780765e-01 2.649807051413642367e-01 -3.433826128593208127e-01 -5.928726060697036004e-01
4.851838156715810868e-01 -2.659458784626033689e-01 -1.181920473696521229e-01 6.828043252306320587e-01 2.572050233721839274e-01 -3.579694360117189889e-01 -5.826505919330275951e-01
4.893470747424651934e-01 -2.542698093374578527e-01 -1.264462788373769964e-01 6.864128517798883111e-01 2.497189841158623524e-01 -3.714365460860282742e-01 -5.731602900718301141e-01
4.929008737935854367e-01 -2.439747837867296543e-01 -1.341522727661596248e-01 6.905603397546892230e-01 2.420320880142222131e-01 -3.838750730040548786e-01 -5.631934071484641091e-01
4.958482486117403720e-01 -2.351482518371161845e-01 -1.412185068279038502e-01 6.941434626529762175e-01 2.347149245348680302e-01 -3.952334639942057803e-01 -5.539533070538239512e-01
4.981933238535598552e-01 -2.277919521674044434e-01 -1.474897690926825211e-01 6.971434847456993156e-01 2.281778640132045843e-01 -4.045540590085659471e-01 -5.461335343949208498e-01
5.000426042637790003e-01 -2.218573909514331421e-01 -1.527626202289620039e-01 6.998026467498645875e-01 2.221330226749400616e-01 -4.122059992622199576e-01 -5.394621302847990574e-01
5.021459325916791672e-01 -2.153024546392154626e-01 -1.587158971116703066e-01 7.017844346594581673e-01 2.173012135827908087e-01 -4.176879843298431649e-01 -5.346171878939394162e-01
5.059884869593456180e-01 -2.045634171360465048e-01 -1.677504266023119583e-01 7.021905951638278687e-01 2.149101200470686091e-01 -4.196214041713255405e-01 -5.335352711172045570e-01
