0.000000000000000000e+00 0.000000000000000000e+00 0.000000000000000000e+00 1.142417757615810103e-12 -4.605496539689113433e-12 5.022839782986565638e-13 1.000000000000000000e+00
8.525421470403671265e-02 -1.853344775736331940e-02 2.719251997768878937e-02 -6.746743340045213699e-03 4.656971897929906845e-03 7.854074239730834961e-03 9.999355673789978027e-01
1.626890003681182861e-01 -3.929506242275238037e-02 5.169113725423812866e-02 -1.363154873251914978e-02 7.868225686252117157e-03 1.438261009752750397e-02 9.997727870941162109e-01
2.340030968189239502e-01 -5.666831508278846741e-02 7.216413319110870361e-02 -2.206282503902912140e-02 1.100783143192529678e-02 2.014347352087497711e-02 9.994931221008300781e-01
2.986930608749389648e-01 -7.143480330705642700e-02 8.922753483057022095e-02 -3.094756975769996643e-02 1.456173323094844818e-02 2.705651521682739258e-02 9.990486502647399902e-01
3.566375970840454102e-01 -8.289674669504165649e-02 1.033943146467208862e-01 -4.021553695201873779e-02 1.848145201802253723e-02 3.292357176542282104e-02 9.984773993492126465e-01
4.077087044715881348e-01 -9.009124338626861572e-02 1.155346184968948364e-01 -4.935097321867942810e-02 2.292050793766975403e-02 3.752716258168220520e-02 9.978129863739013672e-01
4.513840377330780029e-01 -9.579344838857650757e-02 1.252869814634323120e-01 -5.861875042319297791e-02 2.735521830618381500e-02 4.095622524619102478e-02 9.970647692680358887e-01
4.876406788825988770e-01 -9.923308342695236206e-02 1.331622451543807983e-01 -6.766139715909957886e-02 3.213812783360481262e-02 4.279560223221778870e-02 9.962719082832336426e-01
5.163164734840393066e-01 -1.012519076466560364e-01 1.391193419694900513e-01 -7.564261555671691895e-02 3.644375130534172058e-02 4.283649101853370667e-02 9.955476522445678711e-01
5.374118089675903320e-01 -1.025244817137718201e-01 1.429501920938491821e-01 -8.311612904071807861e-02 4.040410742163658142e-02 4.237406700849533081e-02 9.948184490203857422e-01
5.505627393722534180e-01 -1.022492572665214539e-01 1.456274390220642090e-01 -9.031509608030319214e-02 4.201508313417434692e-02 4.093760997056961060e-02 9.941841363906860352e-01
5.562088489532470703e-01 -1.017022058367729187e-01 1.461620926856994629e-01 -9.699326753616333008e-02 4.195673018693923950e-02 3.830007836222648621e-02 9.936624765396118164e-01
5.622965097427368164e-01 -1.021340340375900269e-01 1.476252079010009766e-01 -1.000776961445808411e-01 4.147597402334213257e-02 3.374024853110313416e-02 9.935420751571655273e-01
5.688697695732116699e-01 -1.039220616221427917e-01 1.494459956884384155e-01 -1.003311797976493835e-01 4.087423160672187805e-02 2.820432931184768677e-02 9.937139749526977539e-01
5.760486721992492676e-01 -1.065479367971420288e-01 1.512766033411026001e-01 -9.827578067779541016e-02 4.041416570544242859e-02 2.105439454317092896e-02 9.941153526306152344e-01
5.840163826942443848e-01 -1.097317412495613098e-01 1.533818244934082031e-01 -9.518759697675704956e-02 3.994251787662506104e-02 1.287538278847932816e-02 9.945743680000305176e-01
5.928841829299926758e-01 -1.133453026413917542e-01 1.556531041860580444e-01 -9.105832129716873169e-02 3.961913660168647766e-02 3.574931761249899864e-03 9.950506687164306641e-01
6.025989055633544922e-01 -1.175584867596626282e-01 1.584030985832214355e-01 -8.593815565109252930e-02 3.946508094668388367e-02 -6.422201171517372131e-03 9.954978227615356445e-01
6.132534146308898926e-01 -1.225004196166992188e-01 1.612804830074310303e-01 -7.927203923463821411e-02 3.911601752042770386e-02 -1.728189177811145782e-02 9.959354400634765625e-01
6.250405907630920410e-01 -1.279467940330505371e-01 1.642348170280456543e-01 -7.153377681970596313e-02 3.912850096821784973e-02 -2.887398377060890198e-02 9.962520599365234375e-01
6.378244161605834961e-01 -1.342418491840362549e-01 1.674696803092956543e-01 -6.294367462396621704e-02 3.922146186232566833e-02 -4.066373407840728760e-02 9.964166879653930664e-01
6.516396999359130859e-01 -1.415513008832931519e-01 1.708061546087265015e-01 -5.286576598882675171e-02 3.899388387799263000e-02 -5.193729326128959656e-02 9.964873790740966797e-01
6.667194366455078125e-01 -1.495474129915237427e-01 1.743997186422348022e-01 -4.265726730227470398e-02 3.904177993535995483e-02 -6.281700730323791504e-02 9.963484406471252441e-01
6.829596757888793945e-01 -1.586107909679412842e-01 1.781534850597381592e-01 -3.148180618882179260e-02 3.875849395990371704e-02 -7.251749187707901001e-02 9.961164593696594238e-01
7.004011273384094238e-01 -1.687139421701431274e-01 1.824162304401397705e-01 -2.063353545963764191e-02 3.875222802162170410e-02 -8.023731410503387451e-02 9.958085417747497559e-01
7.185962796211242676e-01 -1.808342188596725464e-01 1.868562847375869751e-01 -9.817509911954402924e-03 3.852558881044387817e-02 -8.437834680080413818e-02 9.956403970718383789e-01
7.382852435111999512e-01 -1.937910318374633789e-01 1.918769329786300659e-01 6.293824408203363419e-04 3.853510320186614990e-02 -8.621840178966522217e-02 9.955305457115173340e-01
7.594186663627624512e-01 -2.079664319753646851e-01 1.971010565757751465e-01 9.859572164714336395e-03 3.809748589992523193e-02 -8.638291060924530029e-02 9.954845309257507324e-01
7.824677228927612305e-01 -2.225821912288665771e-01 2.030944079160690308e-01 1.660126633942127228e-02 3.843767568469047546e-02 -8.447364717721939087e-02 9.955456852912902832e-01
8.078417181968688965e-01 -2.369196861982345581e-01 2.101403176784515381e-01 1.961988769471645355e-02 3.897606208920478821e-02 -8.125243335962295532e-02 9.957379102706909180e-01
8.353783488273620605e-01 -2.507786154747009277e-01 2.187742292881011963e-01 1.991600170731544495e-02 3.699798882007598877e-02 -7.799340784549713135e-02 9.960681200027465820e-01
8.650968074798583984e-01 -2.647423446178436279e-01 2.278224378824234009e-01 2.057398483157157898e-02 3.537205979228019714e-02 -7.353103160858154297e-02 9.964530467987060547e-01
8.973628878593444824e-01 -2.777747213840484619e-01 2.372041195631027222e-01 2.116195484995841980e-02 3.328684717416763306e-02 -6.928536295890808105e-02 9.968167543411254883e-01
9.310339093208312988e-01 -2.922549247741699219e-01 2.468061596155166626e-01 2.177306823432445526e-02 3.130853921175003052e-02 -6.455796957015991211e-02 9.971851110458374023e-01
9.662572145462036133e-01 -3.075225949287414551e-01 2.568159401416778564e-01 2.220574207603931427e-02 2.879668772220611572e-02 -5.958019196987152100e-02 9.975609183311462402e-01
1.003219008445739746e+00 -3.225339651107788086e-01 2.675352692604064941e-01 2.194419503211975098e-02 2.657002955675125122e-02 -5.365202575922012329e-02 9.979649186134338379e-01
1.035695075988769531e+00 -3.320502936840057373e-01 2.766739726066589355e-01 2.194258384406566620e-02 2.466239780187606812e-02 -4.888487234711647034e-02 9.982587099075317383e-01
1.062918066978454590e+00 -3.349799811840057373e-01 2.847822308540344238e-01 2.248832769691944122e-02 2.243945933878421783e-02 -4.460168629884719849e-02 9.984995722770690918e-01
1.083991765975952148e+00 -3.344527482986450195e-01 2.911040186882019043e-01 2.239868976175785065e-02 2.073099277913570404e-02 -4.068364575505256653e-02 9.987058043479919434e-01
1.098816037178039551e+00 -3.334574997425079346e-01 2.952490150928497314e-01 2.153556235134601593e-02 1.778645999729633331e-02 -3.455907106399536133e-02 9.990122914314270020e-01
1.107459187507629395e+00 -3.326462209224700928e-01 2.980888783931732178e-01 2.117400988936424255e-02 1.412858627736568451e-02 -2.595935575664043427e-02 9.993388652801513672e-01
1.115558385848999023e+00 -3.318958878517150879e-01 3.006651103496551514e-01 2.051569521427154541e-02 1.100719813257455826e-02 -1.704701222479343414e-02 9.995836019515991211e-01
1.122933387756347656e+00 -3.309962153434753418e-01 3.031032681465148926e-01 2.003834582865238190e-02 7.980290800333023071e-03 -8.354127407073974609e-03 9.997324943542480469e-01
1.129586815834045410e+00 -3.300843834877014160e-01 3.053190410137176514e-01 1.945389248430728912e-02 5.448255222290754318e-03 9.499095904175192118e-05 9.997959136962890625e-01
1.135485768318176270e+00 -3.293535411357879639e-01 3.073306679725646973e-01 1.885883696377277374e-02 3.184274071827530861e-03 8.531799539923667908e-03 9.997806549072265625e-01
1.140560626983642578e+00 -3.286278247833251953e-01 3.090367019176483154e-01 1.825510524213314056e-02 1.227945671416819096e-03 1.656813360750675201e-02 9.996953606605529785e-01
1.144818902015686035e+00 -3.279806971549987793e-01 3.105467259883880615e-01 1.804694347083568573e-02 1.191551564261317253e-05 2.326728776097297668e-02 9.995664358139038086e-01
1.148122549057006836e+00 -3.274088501930236816e-01 3.116695880889892578e-01 1.764008775353431702e-02 -7.898395997472107410e-04 2.943515777587890625e-02 9.994107484817504883e-01
1.153558969497680664e+00 -3.265437483787536621e-01 3.131911456584930420e-01 1.779477857053279877e-02 -8.571944199502468109e-04 3.228567540645599365e-02 9.993198513984680176e-01
1.162073731422424316e+00 -3.258204758167266846e-01 3.154092729091644287e-01 1.933079585433006287e-02 -2.322254003956913948e-04 3.197951614856719971e-02 9.993014931678771973e-01
1.324361681938171387e+00 -3.624172806739807129e-01 3.664596080780029297e-01 7.626357488334178925e-03 6.063964217901229858e-03 3.717474639415740967e-02 9.992613196372985840e-01
1.474848389625549316e+00 -3.947527706623077393e-01 4.102347791194915771e-01 -5.880783312022686005e-03 1.099651772528886795e-02 4.744968563318252563e-02 9.987958073616027832e-01
1.612774014472961426e+00 -4.189856946468353271e-01 4.466978311538696289e-01 -2.172281965613365173e-02 1.596385240554809570e-02 5.943501740694046021e-02 9.978680610656738281e-01
1.737308979034423828e+00 -4.372697770595550537e-01 4.761023223400115967e-01 -3.878872096538543701e-02 2.193871140480041504e-02 7.126409560441970825e-02 9.964615702629089355e-01
1.847989797592163086e+00 -4.451209902763366699e-01 5.009742379188537598e-01 -5.554210022091865540e-02 2.900947630405426025e-02 8.026279509067535400e-02 9.948022365570068359e-01
1.944045901298522949e+00 -4.489794075489044189e-01 5.204122066497802734e-01 -7.339587062597274780e-02 3.633078560233116150e-02 8.762151747941970825e-02 9.927818179130554199e-01
2.024940967559814453e+00 -4.493319094181060791e-01 5.359477400779724121e-01 -9.098895639181137085e-02 4.403098672628402710e-02 9.222411364316940308e-02 9.905942678451538086e-01
2.090538740158081055e+00 -4.469004273414611816e-01 5.473217368125915527e-01 -1.073154732584953308e-01 5.183888971805572510e-02 9.328173100948333740e-02 9.884809851646423340e-01
2.140697240829467773e+00 -4.441939294338226318e-01 5.550269484519958496e-01 -1.226268187165260315e-01 5.881622061133384705e-02 9.258590638637542725e-02 9.863727688789367676e-01
2.175195217132568359e+00 -4.417752623558044434e-01 5.597237944602966309e-01 -1.375128626823425293e-01 6.346455961465835571e-02 9.151192009449005127e-02 9.842195510864257812e-01
2.193943023681640625e+00 -4.388482570648193359e-01 5.617481470108032227e-01 -1.513658463954925537e-01 6.428391486406326294e-02 8.827308565378189087e-02 9.824275374412536621e-01
2.205686092376708984e+00 -4.372032880783081055e-01 5.629873871803283691e-01 -1.612385064363479614e-01 6.289654970169067383e-02 8.140402287244796753e-02 9.815393686294555664e-01
2.218609333038330078e+00 -4.379898905754089355e-01 5.659671425819396973e-01 -1.648364663124084473e-01 6.127938628196716309e-02 7.188147306442260742e-02 9.817875623703002930e-01
2.232840299606323242e+00 -4.406060576438903809e-01 5.694836974143981934e-01 -1.632988005876541138e-01 5.981399118900299072e-02 5.949224904179573059e-02 9.829631447792053223e-01
2.248426437377929688e+00 -4.450691342353820801e-01 5.734927058219909668e-01 -1.587890684604644775e-01 5.812874808907508850e-02 4.454032331705093384e-02 9.845929145812988281e-01
2.265810489654541016e+00 -4.502449929714202881e-01 5.779335498809814453e-01 -1.521918475627899170e-01 5.658247694373130798e-02 2.728394977748394012e-02 9.863527417182922363e-01
2.284733295440673828e+00 -4.570376574993133545e-01 5.831982493400573730e-01 -1.438258588314056396e-01 5.526618286967277527e-02 8.368896320462226868e-03 9.880231618881225586e-01
2.305388689041137695e+00 -4.653556048870086670e-01 5.890755653381347656e-01 -1.326158344745635986e-01 5.387097969651222229e-02 -1.238878536969423294e-02 9.896249175071716309e-01
2.327953338623046875e+00 -4.753522872924804688e-01 5.951181650161743164e-01 -1.186256185173988342e-01 5.258932709693908691e-02 -3.494434058666229248e-02 9.909294843673706055e-01
2.352413654327392578e+00 -4.871979653835296631e-01 6.015515923500061035e-01 -1.029500141739845276e-01 5.195935443043708801e-02 -5.836945772171020508e-02 9.916120767593383789e-01
2.378360748291015625e+00 -5.018537044525146484e-01 6.084767580032348633e-01 -8.513052761554718018e-02 5.088633298873901367e-02 -8.125793188810348511e-02 9.917462468147277832e-01
2.406088113784790039e+00 -5.190272331237792969e-01 6.157892942428588867e-01 -6.619610637426376343e-02 5.014595016837120056e-02 -1.026172116398811340e-01 9.912482500076293945e-01
2.435650825500488281e+00 -5.389834046363830566e-01 6.231338977813720703e-01 -4.565728083252906799e-02 4.884688556194305420e-02 -1.227841675281524658e-01 9.901785254478454590e-01
2.467051029205322266e+00 -5.617486238479614258e-01 6.309858560562133789e-01 -2.447338402271270752e-02 4.752189293503761292e-02 -1.398460865020751953e-01 9.887294173240661621e-01
2.499460458755493164e+00 -5.886452198028564453e-01 6.391544342041015625e-01 -3.463938832283020020e-03 4.604369401931762695e-02 -1.516731530427932739e-01 9.873516559600830078e-01
2.533292293548583984e+00 -6.192995905876159668e-01 6.474622488021850586e-01 1.736068539321422577e-02 4.453546553850173950e-02 -1.569259315729141235e-01 9.864529371261596680e-01
2.569699525833129883e+00 -6.525822877883911133e-01 6.560989022254943848e-01 3.690738230943679810e-02 4.286096245050430298e-02 -1.591675728559494019e-01 9.856300354003906250e-01
2.609121322631835938e+00 -6.882764101028442383e-01 6.649716496467590332e-01 5.257036536931991577e-02 4.166144505143165588e-02 -1.572717726230621338e-01 9.852747321128845215e-01
2.652866840362548828e+00 -7.248036265373229980e-01 6.752785444259643555e-01 6.224785745143890381e-02 4.220290109515190125e-02 -1.521566659212112427e-01 9.854909777641296387e-01
2.701473474502563477e+00 -7.610738873481750488e-01 6.880534887313842773e-01 6.479083001613616943e-02 4.028992354869842529e-02 -1.460457742214202881e-01 9.863313436508178711e-01
2.754200935363769531e+00 -7.979085445404052734e-01 7.031281590461730957e-01 6.581381708383560181e-02 3.641028329730033875e-02 -1.386794596910476685e-01 9.874770045280456543e-01
2.812176465988159180e+00 -8.339203596115112305e-01 7.190712094306945801e-01 6.686628609895706177e-02 3.232670202851295471e-02 -1.305795758962631226e-01 9.886519908905029297e-01
2.874243736267089844e+00 -8.703630566596984863e-01 7.359358072280883789e-01 6.800988316535949707e-02 2.784750983119010925e-02 -1.221247911453247070e-01 9.897902607917785645e-01
2.939089536666870117e+00 -9.091411232948303223e-01 7.534580826759338379e-01 6.890511512756347656e-02 2.291806973516941071e-02 -1.132898330688476562e-01 9.909047484397888184e-01
3.007321834564208984e+00 -9.483193755149841309e-01 7.726687788963317871e-01 6.902619451284408569e-02 1.763385161757469177e-02 -1.030482500791549683e-01 9.921216964721679688e-01
3.073855400085449219e+00 -9.803191423416137695e-01 7.918403744697570801e-01 6.853704154491424561e-02 1.312168315052986145e-02 -9.375270456075668335e-02 9.931470155715942383e-01
3.131807088851928711e+00 -9.992715716361999512e-01 8.093806505203247070e-01 6.900720298290252686e-02 8.370040915906429291e-03 -8.486484736204147339e-02 9.939647912979125977e-01
3.179221153259277344e+00 -1.006400108337402344e+00 8.251328468322753906e-01 6.931041926145553589e-02 4.216046072542667389e-03 -7.702457904815673828e-02 9.946082234382629395e-01
3.214676856994628906e+00 -1.008319377899169922e+00 8.369562029838562012e-01 6.792204827070236206e-02 -8.078418322838842869e-04 -6.716241687536239624e-02 9.954270720481872559e-01
3.237720489501953125e+00 -1.008450388908386230e+00 8.452972769737243652e-01 6.677410006523132324e-02 -8.417922072112560272e-03 -5.281025916337966919e-02 9.963340163230895996e-01
3.254217863082885742e+00 -1.008031606674194336e+00 8.516378998756408691e-01 6.545297056436538696e-02 -1.606725901365280151e-02 -3.518316894769668579e-02 9.971057772636413574e-01
3.269340276718139648e+00 -1.007205486297607422e+00 8.577799201011657715e-01 6.403332948684692383e-02 -2.324533835053443909e-02 -1.758177764713764191e-02 9.975220561027526855e-01
3.283035039901733398e+00 -1.005839824676513672e+00 8.634703755378723145e-01 6.257385015487670898e-02 -2.975743077695369720e-02 -2.355135075049474835e-04 9.975965619087219238e-01
3.295192003250122070e+00 -1.004502296447753906e+00 8.688013553619384766e-01 6.086746603250503540e-02 -3.554639220237731934e-02 1.700160279870033264e-02 9.973677992820739746e-01
3.305802822113037109e+00 -1.003080964088439941e+00 8.734831809997558594e-01 5.923859775066375732e-02 -4.080593958497047424e-02 3.395457565784454346e-02 9.968313574790954590e-01
3.314726829528808594e+00 -1.001670598983764648e+00 8.776439428329467773e-01 5.791989341378211975e-02 -4.475377872586250305e-02 4.908283799886703491e-02 9.961090683937072754e-01
3.322010517120361328e+00 -1.000319957733154297e+00 8.810443282127380371e-01 5.685491114854812622e-02 -4.741811379790306091e-02 6.244018673896789551e-02 9.952990412712097168e-01
3.330169439315795898e+00 -9.985212087631225586e-01 8.846542835235595703e-01 5.621119588613510132e-02 -4.885019734501838684e-02 7.208997011184692383e-02 9.946139454841613770e-01
3.343557119369506836e+00 -9.960110187530517578e-01 8.897713422775268555e-01 5.739582702517509460e-02 -4.824655503034591675e-02 7.495756447315216064e-02 9.943637847900390625e-01
