0.000000000000000000e+00 0.000000000000000000e+00 0.000000000000000000e+00 3.340658912692751059e-13 -1.746683526981929191e-12 5.352842735034668564e-13 1.000000119209289551e+00
8.734081685543060303e-02 -4.825525684282183647e-04 2.659100480377674103e-02 -2.180939167737960815e-02 4.561729263514280319e-03 1.687400974333286285e-02 9.996093511581420898e-01
1.653233468532562256e-01 -4.259215667843818665e-03 5.765571817755699158e-02 -4.326713457703590393e-02 1.102456171065568924e-02 3.253539279103279114e-02 9.984728097915649414e-01
2.353996187448501587e-01 -1.090127229690551758e-02 8.601849526166915894e-02 -6.421314924955368042e-02 1.818782277405261993e-02 4.770151525735855103e-02 9.966295957565307617e-01
2.978090047836303711e-01 -2.496380172669887543e-02 1.109464243054389954e-01 -8.577236533164978027e-02 2.535040304064750671e-02 6.589248776435852051e-02 9.938101768493652344e-01
3.528465330600738525e-01 -3.315671160817146301e-02 1.351908594369888306e-01 -1.061287447810173035e-01 3.265048190951347351e-02 8.103252947330474854e-02 9.905071854591369629e-01
4.005273282527923584e-01 -4.062562808394432068e-02 1.570228487253189087e-01 -1.247743666172027588e-01 3.959761187434196472e-02 9.466559439897537231e-02 9.868646860122680664e-01
4.413605928421020508e-01 -4.437243193387985229e-02 1.759188771247863770e-01 -1.417887359857559204e-01 4.635825380682945251e-02 1.052744984626770020e-01 9.831907749176025391e-01
4.750824868679046631e-01 -4.512455686926841736e-02 1.916785091161727905e-01 -1.568139791488647461e-01 5.330939590930938721e-02 1.131012663245201111e-01 9.796813726425170898e-01
5.022543668746948242e-01 -4.514423012733459473e-02 2.027735412120819092e-01 -1.695228964090347290e-01 5.868138745427131653e-02 1.175789088010787964e-01 9.767259955406188965e-01
5.219400525093078613e-01 -4.572269693017005920e-02 2.112575769424438477e-01 -1.804877817630767822e-01 6.391611695289611816e-02 1.209658607840538025e-01 9.740154743194580078e-01
5.345727801322937012e-01 -4.693752527236938477e-02 2.157938629388809204e-01 -1.887855231761932373e-01 6.237168237566947937e-02 1.225647330284118652e-01 9.723412990570068359e-01
5.399153828620910645e-01 -4.552127793431282043e-02 2.173393219709396362e-01 -1.946561634540557861e-01 6.110057234764099121e-02 1.217416971921920776e-01 9.713674187660217285e-01
5.452346205711364746e-01 -4.274968802928924561e-02 2.192018032073974609e-01 -1.981556862592697144e-01 5.994468927383422852e-02 1.180311068892478943e-01 9.711897969245910645e-01
5.516190528869628906e-01 -4.113499447703361511e-02 2.217376381158828735e-01 -2.002596706151962280e-01 5.904400721192359924e-02 1.130401343107223511e-01 9.714071154594421387e-01
5.584170818328857422e-01 -3.834531456232070923e-02 2.244963198900222778e-01 -2.003801912069320679e-01 5.802188068628311157e-02 1.059053912758827209e-01 9.722475409507751465e-01
5.666197538375854492e-01 -3.731474280357360840e-02 2.278166711330413818e-01 -1.994801014661788940e-01 5.711330845952033997e-02 9.755380451679229736e-02 9.733596444129943848e-01
5.756918787956237793e-01 -3.844325989484786987e-02 2.315486520528793335e-01 -1.967783570289611816e-01 5.656175315380096436e-02 8.848653733730316162e-02 9.748073816299438477e-01
5.854716897010803223e-01 -3.923878818750381470e-02 2.363274693489074707e-01 -1.935826987028121948e-01 5.643311142921447754e-02 7.873235642910003662e-02 9.762901067733764648e-01
5.955930352210998535e-01 -4.165902361273765564e-02 2.426093369722366333e-01 -1.892767995595932007e-01 5.633720755577087402e-02 6.869950890541076660e-02 9.778960943222045898e-01
6.067737936973571777e-01 -4.529265314340591431e-02 2.487922012805938721e-01 -1.846080273389816284e-01 5.613557994365692139e-02 5.824588611721992493e-02 9.794775843620300293e-01
6.192427277565002441e-01 -4.898340255022048950e-02 2.555089294910430908e-01 -1.794089376926422119e-01 5.594249814748764038e-02 4.818890616297721863e-02 9.809998869895935059e-01
6.328790187835693359e-01 -5.389850586652755737e-02 2.621995508670806885e-01 -1.731642633676528931e-01 5.545485019683837891e-02 3.873803094029426575e-02 9.825672507286071777e-01
6.483185887336730957e-01 -5.696034803986549377e-02 2.698856890201568604e-01 -1.668530553579330444e-01 5.536894500255584717e-02 3.007495403289794922e-02 9.839664101600646973e-01
6.647402048110961914e-01 -6.330528110265731812e-02 2.770205736160278320e-01 -1.597946286201477051e-01 5.503561720252037048e-02 2.282743901014328003e-02 9.853506088256835938e-01
6.823196411132812500e-01 -7.046151161193847656e-02 2.850168645381927490e-01 -1.528652161359786987e-01 5.479554831981658936e-02 1.705922931432723999e-02 9.865794181823730469e-01
7.027819156646728516e-01 -7.443051040172576904e-02 2.932806313037872314e-01 -1.461746096611022949e-01 5.490010976791381836e-02 1.268826145678758621e-02 9.876527786254882812e-01
7.241201996803283691e-01 -8.190536499023437500e-02 3.015776574611663818e-01 -1.394659727811813354e-01 5.454892665147781372e-02 1.053321640938520432e-02 9.886671304702758789e-01
7.473227381706237793e-01 -8.862830698490142822e-02 3.111621737480163574e-01 -1.335528045892715454e-01 5.499405041337013245e-02 1.013172976672649384e-02 9.894628524780273438e-01
7.727045416831970215e-01 -9.514144808053970337e-02 3.208371102809906006e-01 -1.282540559768676758e-01 5.605835095047950745e-02 1.250133570283651352e-02 9.900768399238586426e-01
7.992485761642456055e-01 -1.014383360743522644e-01 3.332999348640441895e-01 -1.245571747422218323e-01 5.784139037132263184e-02 1.752609200775623322e-02 9.903700351715087891e-01
8.274218440055847168e-01 -1.105309724807739258e-01 3.455392420291900635e-01 -1.219996362924575806e-01 5.265173688530921936e-02 2.512777969241142273e-02 9.908140897750854492e-01
8.569557070732116699e-01 -1.202657967805862427e-01 3.592557609081268311e-01 -1.207960918545722961e-01 4.752787202596664429e-02 3.500881791114807129e-02 9.909206628799438477e-01
8.885983228683471680e-01 -1.306056529283523560e-01 3.731182217597961426e-01 -1.206057220697402954e-01 4.206402599811553955e-02 4.684116318821907043e-02 9.907021522521972656e-01
9.234102368354797363e-01 -1.386429965496063232e-01 3.857214152812957764e-01 -1.210033372044563293e-01 3.565314412117004395e-02 6.118868291378021240e-02 9.901228547096252441e-01
9.598813056945800781e-01 -1.479840725660324097e-01 3.981791734695434570e-01 -1.216758787631988525e-01 2.911199070513248444e-02 7.727958261966705322e-02 9.891285300254821777e-01
9.977930784225463867e-01 -1.583560407161712646e-01 4.109944999217987061e-01 -1.224519535899162292e-01 2.242557518184185028e-02 9.416743367910385132e-02 9.877423644065856934e-01
1.029690265655517578e+00 -1.666098535060882568e-01 4.225669503211975098e-01 -1.241514682769775391e-01 1.556549035012722015e-02 1.119768843054771423e-01 9.858019351959228516e-01
1.055689930915832520e+00 -1.736681908369064331e-01 4.320923984050750732e-01 -1.269731819629669189e-01 8.628270588815212250e-03 1.316576004028320312e-01 9.830918312072753906e-01
1.077347755432128906e+00 -1.767756789922714233e-01 4.349091649055480957e-01 -1.282919794321060181e-01 9.630340500734746456e-04 1.501792967319488525e-01 9.802991747856140137e-01
1.092744588851928711e+00 -1.743379235267639160e-01 4.362796247005462646e-01 -1.297971755266189575e-01 -6.343495100736618042e-03 1.676190644502639771e-01 9.772493839263916016e-01
1.100866556167602539e+00 -1.704359203577041626e-01 4.379040300846099854e-01 -1.321289241313934326e-01 -1.210976392030715942e-02 1.867712736129760742e-01 9.734022021293640137e-01
1.109290480613708496e+00 -1.702821552753448486e-01 4.400104880332946777e-01 -1.340907514095306396e-01 -1.779566146433353424e-02 2.071442306041717529e-01 9.689140319824218750e-01
1.116267442703247070e+00 -1.672728657722473145e-01 4.421758949756622314e-01 -1.360784918069839478e-01 -2.206681668758392334e-02 2.260805517435073853e-01 9.643045663833618164e-01
1.122579932212829590e+00 -1.645103096961975098e-01 4.432314336299896240e-01 -1.382152438163757324e-01 -2.622530795633792877e-02 2.438662946224212646e-01 9.595508575439453125e-01
1.128697395324707031e+00 -1.626821756362915039e-01 4.436791241168975830e-01 -1.400897651910781860e-01 -3.044576197862625122e-02 2.613302469253540039e-01 9.545440673828125000e-01
1.133447885513305664e+00 -1.604994535446166992e-01 4.425904750823974609e-01 -1.414674371480941772e-01 -3.412812948226928711e-02 2.770716845989227295e-01 9.497649669647216797e-01
1.137667775154113770e+00 -1.584514230489730835e-01 4.425276815891265869e-01 -1.427457630634307861e-01 -3.600463643670082092e-02 2.914896905422210693e-01 9.451777338981628418e-01
1.140247941017150879e+00 -1.564248204231262207e-01 4.416256248950958252e-01 -1.437255591154098511e-01 -3.683188557624816895e-02 3.035324513912200928e-01 9.411984086036682129e-01
1.145881295204162598e+00 -1.547833234071731567e-01 4.420406818389892578e-01 -1.444365382194519043e-01 -3.608163073658943176e-02 3.127501308917999268e-01 9.380956888198852539e-01
1.154356837272644043e+00 -1.559921801090240479e-01 4.446381926536560059e-01 -1.449842453002929688e-01 -3.309298306703567505e-02 3.201573789119720459e-01 9.356194138526916504e-01
1.276268124580383301e+00 -4.265593737363815308e-02 4.970324337482452393e-01 -1.902770996093750000e-01 -3.361239284276962280e-02 3.555477857589721680e-01 9.144673943519592285e-01
1.383687973022460938e+00 6.346804648637771606e-02 5.500108599662780762e-01 -2.333421558141708374e-01 -2.969911694526672363e-02 3.767196536064147949e-01 8.959641456604003906e-01
1.491306781768798828e+00 1.476834267377853394e-01 5.976158976554870605e-01 -2.759091258049011230e-01 -2.511984854936599731e-02 4.025492072105407715e-01 8.724662065505981445e-01
1.582288622856140137e+00 2.295051813125610352e-01 6.392745375633239746e-01 -3.181166052818298340e-01 -2.063413523137569427e-02 4.257343709468841553e-01 8.468331098556518555e-01
1.656953930854797363e+00 3.079047203063964844e-01 6.740465760231018066e-01 -3.571681082248687744e-01 -1.518489141017198563e-02 4.450144469738006592e-01 8.210740089416503906e-01
1.716123580932617188e+00 3.811976611614227295e-01 7.013701796531677246e-01 -3.927417099475860596e-01 -1.061260234564542770e-02 4.592391252517700195e-01 7.967061996459960938e-01
1.761693477630615234e+00 4.473367333412170410e-01 7.196601629257202148e-01 -4.246068894863128662e-01 -5.625755060464143753e-03 4.683744609355926514e-01 7.747920751571655273e-01
1.795301914215087891e+00 5.039728283882141113e-01 7.297186851501464844e-01 -4.518716037273406982e-01 -2.008065581321716309e-03 4.718933403491973877e-01 7.570499777793884277e-01
1.822054862976074219e+00 5.467361807823181152e-01 7.358947396278381348e-01 -4.746842384338378906e-01 -2.092008362524211407e-04 4.727952182292938232e-01 7.423877120018005371e-01
1.840710401535034180e+00 5.759425163269042969e-01 7.400147318840026855e-01 -4.913875758647918701e-01 -2.936425385996699333e-03 4.737448394298553467e-01 7.308183312416076660e-01
1.850884914398193359e+00 5.920615792274475098e-01 7.409077286720275879e-01 -5.018258690834045410e-01 -1.085020788013935089e-02 4.738349616527557373e-01 7.235562205314636230e-01
1.854174256324768066e+00 6.033549904823303223e-01 7.389627695083618164e-01 -5.081377029418945312e-01 -1.819238252937793732e-02 4.698741734027862549e-01 7.215840220451354980e-01
1.857622861862182617e+00 6.161093115806579590e-01 7.375717163085937500e-01 -5.119802951812744141e-01 -2.504607848823070526e-02 4.630155265331268311e-01 7.230943441390991211e-01
1.862460255622863770e+00 6.301880478858947754e-01 7.372140884399414062e-01 -5.131538510322570801e-01 -3.154852613806724548e-02 4.535395503044128418e-01 7.279970645904541016e-01
1.868335247039794922e+00 6.458186507225036621e-01 7.369191050529479980e-01 -5.118563175201416016e-01 -3.809857740998268127e-02 4.417745769023895264e-01 7.357899546623229980e-01
1.878049612045288086e+00 6.615244150161743164e-01 7.396897673606872559e-01 -5.080723762512207031e-01 -4.360403865575790405e-02 4.282963871955871582e-01 7.460049390792846680e-01
1.889812827110290527e+00 6.779054403305053711e-01 7.447112798690795898e-01 -5.028814673423767090e-01 -4.809959977865219116e-02 4.136442244052886963e-01 7.574266791343688965e-01
1.902638792991638184e+00 6.951662898063659668e-01 7.529535293579101562e-01 -4.959987103939056396e-01 -5.173638835549354553e-02 3.981328010559082031e-01 7.699344158172607422e-01
1.917717218399047852e+00 7.126621007919311523e-01 7.635434865951538086e-01 -4.878261089324951172e-01 -5.532897263765335083e-02 3.818994462490081787e-01 7.830179929733276367e-01
1.935606002807617188e+00 7.307552099227905273e-01 7.750604152679443359e-01 -4.784897267818450928e-01 -5.862592905759811401e-02 3.654744923114776611e-01 7.962656617164611816e-01
1.955651402473449707e+00 7.493543624877929688e-01 7.887814044952392578e-01 -4.677793085575103760e-01 -6.125797703862190247e-02 3.501548767089843750e-01 8.092104792594909668e-01
1.977429389953613281e+00 7.705158591270446777e-01 8.027495741844177246e-01 -4.562987983226776123e-01 -6.290047615766525269e-02 3.359147608280181885e-01 8.215815424919128418e-01
2.002576589584350586e+00 7.919614315032958984e-01 8.180423378944396973e-01 -4.440154731273651123e-01 -6.357092410326004028e-02 3.236409723758697510e-01 8.331059813499450684e-01
2.031934022903442383e+00 8.117874860763549805e-01 8.356754779815673828e-01 -4.311159253120422363e-01 -6.320751458406448364e-02 3.140186965465545654e-01 8.435260057449340820e-01
2.062859058380126953e+00 8.358414769172668457e-01 8.531563282012939453e-01 -4.188427031040191650e-01 -6.204558163881301880e-02 3.066433370113372803e-01 8.524617552757263184e-01
2.096780061721801758e+00 8.620189428329467773e-01 8.709725737571716309e-01 -4.069226980209350586e-01 -5.960232764482498169e-02 3.023376464843750000e-01 8.599148392677307129e-01
2.134611845016479492e+00 8.873570561408996582e-01 8.918178081512451172e-01 -3.955640494823455811e-01 -5.653640627861022949e-02 3.015239536762237549e-01 8.656882047653198242e-01
2.174490928649902344e+00 9.168479442596435547e-01 9.129564166069030762e-01 -3.866077363491058350e-01 -5.083403736352920532e-02 3.040192723274230957e-01 8.692080378532409668e-01
2.216271638870239258e+00 9.499981403350830078e-01 9.355301260948181152e-01 -3.798594176769256592e-01 -4.366139322519302368e-02 3.107520341873168945e-01 8.701917529106140137e-01
2.261215686798095703e+00 9.835090637207031250e-01 9.619577527046203613e-01 -3.738404810428619385e-01 -4.161475598812103271e-02 3.237324357032775879e-01 8.681641221046447754e-01
2.310524225234985352e+00 1.018054246902465820e+00 9.891514778137207031e-01 -3.682486116886138916e-01 -4.583899304270744324e-02 3.421991169452667236e-01 8.632447719573974609e-01
2.362391471862792969e+00 1.054336786270141602e+00 1.019243240356445312e+00 -3.644181787967681885e-01 -4.972073808312416077e-02 3.644522428512573242e-01 8.555126786231994629e-01
2.416248559951782227e+00 1.096642613410949707e+00 1.047072887420654297e+00 -3.615948557853698730e-01 -5.433063209056854248e-02 3.903855085372924805e-01 8.449239134788513184e-01
2.472267150878906250e+00 1.143631935119628906e+00 1.072951197624206543e+00 -3.589396178722381592e-01 -5.879274755716323853e-02 4.196856915950775146e-01 8.316067457199096680e-01
2.530264854431152344e+00 1.194137811660766602e+00 1.098349452018737793e+00 -3.561535179615020752e-01 -6.337033957242965698e-02 4.507463574409484863e-01 8.160677552223205566e-01
2.582853078842163086e+00 1.243789672851562500e+00 1.122586131095886230e+00 -3.540216684341430664e-01 -6.785467267036437988e-02 4.823665916919708252e-01 7.983651757240295410e-01
2.624612808227539062e+00 1.286882519721984863e+00 1.143185615539550781e+00 -3.534308373928070068e-01 -7.313235104084014893e-02 5.156410336494445801e-01 7.770795226097106934e-01
2.658622741699218750e+00 1.322624921798706055e+00 1.153810858726501465e+00 -3.512035310268402100e-01 -7.799255102872848511e-02 5.499060153961181641e-01 7.537749409675598145e-01
2.678419828414916992e+00 1.354371309280395508e+00 1.152914404869079590e+00 -3.472551107406616211e-01 -8.399692177772521973e-02 5.802067518234252930e-01 7.319280505180358887e-01
2.685331821441650391e+00 1.377634286880493164e+00 1.149498939514160156e+00 -3.447402715682983398e-01 -8.806093782186508179e-02 6.105919480323791504e-01 7.075145840644836426e-01
2.689075946807861328e+00 1.394891977310180664e+00 1.150331377983093262e+00 -3.440923690795898438e-01 -8.914037048816680908e-02 6.418938636779785156e-01 6.794312596321105957e-01
2.692574501037597656e+00 1.410805225372314453e+00 1.149061203002929688e+00 -3.415888547897338867e-01 -9.038593620061874390e-02 6.718807220458984375e-01 6.509405970573425293e-01
2.692020654678344727e+00 1.425645112991333008e+00 1.147935748100280762e+00 -3.410094380378723145e-01 -8.973798900842666626e-02 6.982666850090026855e-01 6.229633092880249023e-01
2.693067789077758789e+00 1.438663363456726074e+00 1.145209908485412598e+00 -3.392334282398223877e-01 -9.021728485822677612e-02 7.230373024940490723e-01 5.949777960777282715e-01
2.693751096725463867e+00 1.449655055999755859e+00 1.141306042671203613e+00 -3.369760215282440186e-01 -8.970491588115692139e-02 7.456545233726501465e-01 5.678023695945739746e-01
2.693683147430419922e+00 1.458527684211730957e+00 1.136809706687927246e+00 -3.351264595985412598e-01 -8.798555284738540649e-02 7.652269005775451660e-01 5.425649285316467285e-01
2.692663192749023438e+00 1.465708374977111816e+00 1.133089900016784668e+00 -3.347238302230834961e-01 -8.441174030303955078e-02 7.813107967376708984e-01 5.199885368347167969e-01
2.691246747970581055e+00 1.474100232124328613e+00 1.129864454269409180e+00 -3.355303406715393066e-01 -7.965111732482910156e-02 7.931000590324401855e-01 5.020631551742553711e-01
2.694022655487060547e+00 1.488364934921264648e+00 1.129138231277465820e+00 -3.381261229515075684e-01 -7.297383993864059448e-02 8.015257120132446289e-01 4.877521395683288574e-01
