0.000000000000000000e+00 0.000000000000000000e+00 0.000000000000000000e+00 0.000000000000000000e+00 0.000000000000000000e+00 0.000000000000000000e+00 1.000000000000000000e+00
3.655790910124778748e-02 -8.274380862712860107e-02 1.282630115747451782e-02 -1.135302155173250199e-01 6.449743322528175837e-02 2.495604661622955189e-01 9.595157867387059669e-01
1.020503958158165414e-01 -1.311308762629637970e-01 3.271661072090373268e-02 -2.197908400095118786e-01 1.198306653869982696e-01 4.812301457907720570e-01 8.400893673074399937e-01
1.770956335854595443e-01 -1.290631661173893274e-01 4.579369004379582608e-02 -3.118545858351479128e-01 1.646338817514062802e-01 6.682907577726968640e-01 6.550037139960711574e-01
2.354223658023407162e-01 -9.314227538658351180e-02 4.503155819070282784e-02 -3.800154063756593370e-01 1.970931502845138517e-01 8.043154283271900518e-01 4.120913403396354591e-01
2.659730918056767424e-01 -4.279124263034210507e-02 3.010923516612121556e-02 -4.137285822418765857e-01 2.103239004493374920e-01 8.702880739429695867e-01 1.648974999463008184e-01
2.695466016049589686e-01 4.163098865327653775e-03 5.880027119102824301e-03 -4.203829289253113166e-01 2.100786509444688421e-01 8.796006620428177269e-01 -7.380940874553501563e-02
2.545445600262619124e-01 3.699167324300807469e-02 -2.119833963800125953e-02 -4.076458814703887157e-01 1.983205926844590905e-01 8.469786590191710207e-01 -2.777065519637619828e-01
2.316515623167364479e-01 5.310320770588490558e-02 -4.577707380545446847e-02 -3.839900466660128298e-01 1.784455123240982766e-01 7.918034853620488089e-01 -4.401773321757213031e-01
2.092533337021926232e-01 5.604161356751016787e-02 -6.454481800740283215e-02 -3.578946850641782640e-01 1.553165181375169290e-01 7.312378561206440697e-01 -5.595349599198743418e-01
1.922042349566614461e-01 5.319352209636836470e-02 -7.724889506812346318e-02 -3.330215223852305284e-01 1.347571352401661648e-01 6.776917038305539931e-01 -6.416160336909666473e-01
1.820310470905700806e-01 4.714610029498792626e-02 -8.364814410938815892e-02 3.115826530742525913e-01 -1.159561410951483740e-01 -6.428818473767221597e-01 6.900531529954956333e-01
1.788300083454655298e-01 4.278457558036484476e-02 -8.533274762208158115e-02 2.986891522659869125e-01 -9.764812219925672609e-02 -6.284075920563122475e-01 7.115852252510395104e-01
1.736311264644778418e-01 4.014444067818164624e-02 -8.764991380737453819e-02 2.841249652858313657e-01 -8.487145312261935859e-02 -6.084531711947225308e-01 7.361077224219738646e-01
1.675823241442092326e-01 3.763415831501783909e-02 -9.018433656219360106e-02 2.686020607569387098e-01 -7.430667933874711417e-02 -5.840718433125559050e-01 7.623591884487570525e-01
1.608719391966699219e-01 3.457973254236115790e-02 -9.295256440398572129e-02 2.490589811247218011e-01 -6.553581442954517500e-02 -5.487422600460289956e-01 7.953342775133912523e-01
1.536056943602481240e-01 3.044586683134591076e-02 -9.579337084313570283e-02 2.274623044725716248e-01 -5.766474956356435616e-02 -5.067134346512920384e-01 8.295644470718892549e-01
1.459787031376730826e-01 2.486550385542407246e-02 -9.855827419475857165e-02 2.029107912273791503e-01 -4.977772032405169272e-02 -4.560465896764573923e-01 8.650843296507527702e-01
1.383087267305514734e-01 1.749195104766899933e-02 -1.010939101725253364e-01 1.729057303689660041e-01 -3.997405208390385212e-02 -3.909060049359839861e-01 9.031601069968470119e-01
1.310848674070663189e-01 8.012518966983772292e-03 -1.031447904016999512e-01 1.389634346675224785e-01 -2.928788721777405082e-02 -3.153132429912815504e-01 9.383010936165667726e-01
1.249639242006723022e-01 -3.744791384708739609e-03 -1.044190494033473693e-01 1.012355919549652594e-01 -1.699177659324961967e-02 -2.293145247741835147e-01 9.679243168643523187e-01
1.207205772329802557e-01 -1.772698319040633824e-02 -1.046051512313945914e-01 6.036041902083051636e-02 -3.313884305665449996e-03 -1.345452052953978739e-01 9.890617906473071486e-01
1.191283835200353386e-01 -3.359046256999503877e-02 -1.034926450462855668e-01 1.889061187878143810e-02 1.027390004869064774e-02 -3.419651720038235920e-02 9.991837618636517648e-01
1.210863619727089446e-01 -5.072811161645086886e-02 -1.008961369581136275e-01 -2.548136559444310473e-02 2.481698361470336192e-02 7.590249773378734965e-02 9.964806210707172207e-01
1.272035859447934181e-01 -6.822897995642859814e-02 -9.685949114446312791e-02 -7.116452815479697158e-02 3.972654896179831502e-02 1.938535586271591671e-01 9.776390995902718428e-01
1.382518997696365326e-01 -8.470374801272234633e-02 -9.130890245676387407e-02 -1.152458271572257553e-01 5.428530072270962292e-02 3.129064945455641289e-01 9.412019077326070349e-01
1.542483274847338270e-01 -9.870436181533802367e-02 -8.455962093503199828e-02 -1.565573082857716625e-01 6.835654821173689499e-02 4.307254391499559798e-01 8.861674715356956389e-01
1.749990990174285221e-01 -1.084851178205359923e-01 -7.717110576129454502e-02 -1.961596654022239594e-01 8.286577695642281804e-02 5.490864915832994742e-01 8.081823268541815652e-01
1.996573869536631407e-01 -1.117281040004368259e-01 -6.966769214789243769e-02 -2.317979510824427491e-01 9.655425469454560761e-02 6.582998376056341527e-01 7.096395631465017839e-01
2.263238783768318496e-01 -1.066843050746278110e-01 -6.303273279724230793e-02 -2.643462527560820896e-01 1.091913773853229186e-01 7.571508998109514055e-01 5.872995970320259440e-01
2.522009762383730647e-01 -9.230574774886310396e-02 -5.831485884789879698e-02 -2.919255580777720405e-01 1.185468474328309624e-01 8.383731469647508483e-01 4.448107237389167801e-01
2.751901652360486672e-01 -7.019525448809232904e-02 -5.570997498390083125e-02 -3.051782167501510545e-01 1.211160002665059854e-01 9.012770071096604108e-01 2.826604446258704773e-01
2.902634531645124083e-01 -3.968553228447745107e-02 -5.714831814948301975e-02 -3.099026578811341359e-01 1.196531925386059153e-01 9.376373377290813105e-01 1.023703035545396184e-01
2.940647013536214494e-01 -4.291248159497482173e-03 -6.269323494429693278e-02 -3.035475442283693259e-01 1.142296523241813910e-01 9.428379301103296806e-01 -7.659707871774178167e-02
2.853711750459774210e-01 3.145008628929676919e-02 -7.181857326069268632e-02 -2.865068552593654228e-01 1.058614787901935861e-01 9.205019082856024104e-01 -2.436871068405275509e-01
2.651194479261992365e-01 6.339719816703123789e-02 -8.375396284001117297e-02 -2.606647498678697494e-01 9.582056286312053139e-02 8.731154228745686696e-01 -4.006766355148237424e-01
2.335547210052907885e-01 8.594553608970498249e-02 -9.801172412716270543e-02 -2.263345959596847479e-01 7.898497028813357412e-02 7.900804985914047229e-01 -5.641868758540086182e-01
2.009974211291689072e-01 9.116960578551035199e-02 -1.096088869309292113e-01 -1.951933940565723780e-01 6.478889739113866120e-02 7.109863020663930167e-01 -6.724584864253493333e-01
1.774530776614794414e-01 7.550579340420611463e-02 -1.131450704072588243e-01 1.762321950947362270e-01 -5.472697375947498111e-02 -6.616493011358114407e-01 7.267512463434191439e-01
1.716670935373251772e-01 5.446608457217498589e-02 -1.104643608801919308e-01 1.685831362361341901e-01 -5.150763859771095854e-02 -6.441227771172486349e-01 7.443336196502479130e-01
1.723328074966342383e-01 3.937652024378701654e-02 -1.070931007155126180e-01 1.638896550014609377e-01 -5.144821373136285181e-02 -6.372550226593712841e-01 7.512651318827184843e-01
1.729459572865662820e-01 3.053774017177522671e-02 -1.047661758657855297e-01 1.600189035787593639e-01 -5.229389036277557606e-02 -6.310793695546286219e-01 7.572305651852083708e-01
1.736751344042353207e-01 2.233000546688268528e-02 -1.025780780265418274e-01 1.560963690838613749e-01 -5.271735794100732009e-02 -6.246613319900551353e-01 7.633171189269667423e-01
1.743434670799936248e-01 1.482704616494189692e-02 -1.004603935722650360e-01 1.525254800510639774e-01 -5.304630207716229395e-02 -6.183051110539861117e-01 7.691689394506572297e-01
1.753372586784490705e-01 8.093613425059292821e-03 -9.852613271704444009e-02 1.494017231732653328e-01 -5.362401040954018622e-02 -6.127954749892147168e-01 7.741351926202548750e-01
1.761584525094589126e-01 2.110430414443927906e-03 -9.682508615775975436e-02 1.463034336530405766e-01 -5.338546875092253091e-02 -6.068513981895888865e-01 7.794079018992017271e-01
1.770195051972480449e-01 -3.022737696271500692e-03 -9.531450140483804789e-02 1.437188320435670297e-01 -5.338092668009722375e-02 -6.019428291187853830e-01 7.836837400733026593e-01
1.777543669003514848e-01 -7.302852208687907534e-03 -9.399303084371680994e-02 1.417829069276014542e-01 -5.311081592026074133e-02 -5.977718951847034168e-01 7.872392329290577306e-01
1.784199973258175365e-01 -1.071432300952126007e-02 -9.294981766717409777e-02 1.402366630195054364e-01 -5.242654430641369850e-02 -5.945156489842328140e-01 7.900229610018292270e-01
1.794530524902387403e-01 -1.624237258528649780e-02 -9.139734285734274488e-02 1.393292932565370346e-01 -5.191385336064478079e-02 -5.931649694644175463e-01 7.912317099751248195e-01
1.800043527591970172e-01 -2.488509957410568393e-02 -8.976089209340662456e-02 1.387111053630758206e-01 -5.144256059207433229e-02 -5.926535101362089275e-01 7.917541974198273325e-01
7.187737991667796089e-02 -1.619901581668377333e-01 -1.039288706545903607e-01 4.483901399215142053e-03 1.430865896256337255e-01 -1.224920977877407002e-01 9.820905296748901891e-01
1.299471417195433576e-01 -3.108686641469258216e-01 -9.549448998011375589e-02 -1.309878811542276311e-01 2.890836369507632786e-01 3.614299012059769556e-01 8.767218785637113099e-01
2.708729603544542952e-01 -3.326520500050013096e-01 -1.201046168240196832e-01 -2.370993975187455638e-01 3.441446770963387247e-01 7.431812368240435784e-01 5.225226943924918821e-01
3.370513387123674764e-01 -2.429202828277114423e-01 -1.855000655470926962e-01 -2.750258298030767157e-01 3.002069630095411390e-01 9.132398297328067072e-01 1.515208537829680277e-02
2.852186251642336856e-01 -1.674023020397903405e-01 -2.528862672476318574e-01 -2.370919836707850170e-01 1.823793680753341973e-01 8.306253135885645067e-01 -4.696666326293498783e-01
1.952879845120773228e-01 -1.761080913150769867e-01 -2.910462172327132890e-01 1.534097450148120823e-01 -4.130301550615920331e-02 -5.868510139551987859e-01 7.939555393498702873e-01
1.442433989383612725e-01 -2.400432840337704821e-01 -3.006507906907643357e-01 5.313617047309848046e-02 9.186334334128422319e-02 -2.787275195839537534e-01 9.544886816323133738e-01
1.464501798593758619e-01 -3.065896981264732979e-01 -2.984036115084519603e-01 -3.584301943196168544e-02 1.911693965563843467e-01 1.142361596674321220e-03 9.809017457361620673e-01
1.749567504288244424e-01 -3.486111450099910747e-01 -2.963671456470567400e-01 -1.062577678741765813e-01 2.560504438552909101e-01 2.184638099927904142e-01 9.356393646546409260e-01
2.052816271605543141e-01 -3.658482737906088023e-01 -2.975059803562596916e-01 -1.604977312689434277e-01 2.914765173615135319e-01 3.688024115079844845e-01 8.679093842966675298e-01
2.241380895618030333e-01 -3.663111246199681759e-01 -3.003975442983318755e-01 -2.020242790263524213e-01 3.046137877050568710e-01 4.478105302775156615e-01 8.160038970473310060e-01
2.359160987839666879e-01 -3.649350330349642735e-01 -3.016346044244586633e-01 -2.337427197952556268e-01 3.092151007992594014e-01 4.942543610269197751e-01 7.781150229794381312e-01
2.491873107422696021e-01 -3.653692666609726358e-01 -3.012034930223941864e-01 -2.571455757806039855e-01 3.120178288104747399e-01 5.458188238348552490e-01 7.338956594151475610e-01
2.640669480101985322e-01 -3.649907491434832840e-01 -3.007630508266673219e-01 -2.749604957640066072e-01 3.154733284887341616e-01 6.078192265519610782e-01 6.748548678162044068e-01
2.804891599358898535e-01 -3.619815171712051916e-01 -3.011808233408748703e-01 -2.896998854064306572e-01 3.192764515160693151e-01 6.824200329396721276e-01 5.902875761401598087e-01
2.976275905792450938e-01 -3.548410840639174557e-01 -3.031814022453909185e-01 -2.993836779749721178e-01 3.209147999703410026e-01 7.555227041315698555e-01 4.863831288849300716e-01
3.139257584230617515e-01 -3.426729300472294293e-01 -3.074511874036199854e-01 -3.046263931634600186e-01 3.179191383533524484e-01 8.250795880376118330e-01 3.540817073227136569e-01
3.270353431545063305e-01 -3.251077530878149213e-01 -3.145209075509957097e-01 -3.017078293315916815e-01 3.082699473027182835e-01 8.799365186521715954e-01 1.991324896954161927e-01
3.337281579442293866e-01 -3.027968116351567596e-01 -3.246718196606349638e-01 -2.887381732170276050e-01 2.891369543323467073e-01 9.125007657683734674e-01 1.929874189785713706e-02
3.307237201774619328e-01 -2.781522362114628444e-01 -3.374635223656801131e-01 -2.648924019263106944e-01 2.586574379909021282e-01 9.121119902974540450e-01 -1.760115403299163939e-01
3.159199471299252160e-01 -2.553103334113500100e-01 -3.514314220188174409e-01 -2.287793278903592076e-01 2.179142584323418563e-01 8.725205989611999335e-01 -3.726676796964112359e-01
2.894432933388884632e-01 -2.397673419388611782e-01 -3.646452497070818421e-01 -1.781772649063460279e-01 1.654544531037797916e-01 7.840295602577362910e-01 -5.711176191124588408e-01
2.543490531669905241e-01 -2.378065978657866453e-01 -3.741692699754057272e-01 1.147984799384128562e-01 -1.011306598027823384e-01 -6.413641866542554304e-01 7.518283572259089054e-01
2.181995038445641022e-01 -2.535997789334618058e-01 -3.772770911311411624e-01 4.243944601934696026e-02 -2.938062418028263012e-02 -4.470059275363693629e-01 8.930405215283896414e-01
1.916160636685157737e-01 -2.869204834755416100e-01 -3.724218526443637822e-01 -3.177929954492274278e-02 4.258987612992087834e-02 -2.151742425999094988e-01 9.751288242551480190e-01
1.847317494368869717e-01 -3.313372294137049145e-01 -3.608863615709873574e-01 -1.047286909036130864e-01 1.139740984524937467e-01 5.204719630235352112e-02 9.865763505885497553e-01
2.051215223636020657e-01 -3.746265515844845462e-01 -3.461184731126930036e-01 -1.668843615529979618e-01 1.771739720911337801e-01 3.210813157576328236e-01 9.152408328706963525e-01
2.508607742688072073e-01 -4.006350789306795668e-01 -3.343549366251338251e-01 -2.165314676570100905e-01 2.277461651164638112e-01 5.732827409523729711e-01 7.566985573629568806e-01
3.085117369475914861e-01 -3.953696711241933559e-01 -3.326910163469489756e-01 -2.501912014704718579e-01 2.577991005071492148e-01 7.797321510385217813e-01 5.127979710581023198e-01
3.558284348800354602e-01 -3.572578119523072138e-01 -3.449377746071308759e-01 -2.517343254489181614e-01 2.562320279548705448e-01 9.117157434940728056e-01 1.993724662684463189e-01
3.709789573023227205e-01 -2.980166229376072229e-01 -3.699407452845848154e-01 -2.136611960186768355e-01 2.216735253121006055e-01 9.393460015510892713e-01 -1.511252158362562659e-01
3.373331360886948627e-01 -2.443077297594119235e-01 -3.998650348174526137e-01 -1.488210032501014746e-01 1.575531145930195998e-01 8.450715287487130523e-01 -4.887570320435145610e-01
2.679761429905878622e-01 -2.287073829399151603e-01 -4.201408468540335783e-01 6.594438810684621899e-02 -7.241242149338231182e-02 -6.429223750013414174e-01 7.596437313723537477e-01
1.974884488836946561e-01 -2.609513906816939288e-01 -4.228918885224574598e-01 -2.149914270494924715e-02 1.042488895761338810e-02 -3.801253100020120512e-01 9.246263338500845252e-01
1.597003467658953957e-01 -3.310074700264999947e-01 -4.079316708132971203e-01 -1.108975714265090645e-01 1.013790628814458805e-01 -5.125811744592687763e-02 9.873178918954531591e-01
1.785552499676230087e-01 -4.014713652398093080e-01 -3.856250428659929730e-01 -1.803397451504752669e-01 1.729309810518683543e-01 2.511328502524185491e-01 9.351495835616868701e-01
2.355146393560334506e-01 -4.265821365792488717e-01 -3.733654836767183460e-01 -2.192851258929995328e-01 2.110690978471774781e-01 4.382487295346574330e-01 8.457552367897751555e-01
2.813935374637620557e-01 -4.058128513243711710e-01 -3.766585773606158094e-01 -2.390316843041788153e-01 2.280200141827805060e-01 5.322073735278591844e-01 7.795037130080713084e-01
2.992257694364830467e-01 -3.742479518204224198e-01 -3.859455716654909829e-01 -2.425966453243324217e-01 2.304574305803518686e-01 5.590321044451305177e-01 7.586299140999719359e-01
3.064154063397480088e-01 -3.517648527384760193e-01 -3.925347284054184205e-01 -2.415233357479158183e-01 2.299952996235767599e-01 5.758846983651965123e-01 7.464083698814524270e-01
3.106701699876628364e-01 -3.352458634568001306e-01 -3.971787517581538696e-01 -2.395194671761506078e-01 2.296239112569364582e-01 5.929784369086491536e-01 7.336755806104593436e-01
3.139931210809419060e-01 -3.198467795609153952e-01 -4.015271503970592182e-01 -2.379990153485607163e-01 2.294099154925498540e-01 6.104542801468634261e-01 7.197729719968593010e-01
3.161149141979262001e-01 -3.056316674381067133e-01 -4.054289772322282048e-01 -2.358745207128087884e-01 2.290372819984920205e-01 6.253079115473649807e-01 7.077394645556503994e-01
3.174676135335454674e-01 -2.929022166415989892e-01 -4.091880530020973183e-01 -2.348446729414783163e-01 2.289630860211158969e-01 6.403972249805266470e-01 6.944892217075351315e-01
3.181334222000780643e-01 -2.817070927177801609e-01 -4.124671141976593569e-01 -2.334037945063210939e-01 2.288487687057876585e-01 6.532234047046908687e-01 6.829715172083734576e-01
3.183572585501757146e-01 -2.721436538459195975e-01 -4.151936088433169081e-01 -2.323431775334952598e-01 2.288714482864645239e-01 6.639319510250535350e-01 6.729256068994260431e-01
3.183136734589658290e-01 -2.643033534671791474e-01 -4.174228710661035957e-01 -2.316152106083688988e-01 2.291736205193861675e-01 6.728974050885725422e-01 6.641106294119546449e-01
3.181446667523920024e-01 -2.555936559011933173e-01 -4.200582647518509849e-01 -2.315486639891442544e-01 2.296627633976579819e-01 6.793783869193614766e-01 6.573319090841702739e-01
3.192837353636587827e-01 -2.418001613573780573e-01 -4.245479057720341065e-01 -2.331940582724705835e-01 2.306245970068537821e-01 6.829478324786205645e-01 6.526983105191829226e-01
