-4.452462308108806610e-03 9.506114125251770020e-01 -2.659993059933185577e-02
-1.801149174571037292e-02 8.746417164802551270e-01 -2.779437042772769928e-02
-2.669783681631088257e-02 7.979730963706970215e-01 -2.699751593172550201e-02
-3.418289870023727417e-02 7.206392884254455566e-01 -2.737457677721977234e-02
-4.124691337347030640e-02 6.427044272422790527e-01 -2.551723644137382507e-02
-4.741919413208961487e-02 5.642292499542236328e-01 -2.308840118348598480e-02
-5.204329267144203186e-02 4.855336248874664307e-01 -2.030198648571968079e-02
-5.410481244325637817e-02 4.060380756855010986e-01 -1.769517548382282257e-02
-5.315230414271354675e-02 3.279401063919067383e-01 -1.500173099339008331e-02
-4.979869723320007324e-02 2.469814270734786987e-01 -1.178098563104867935e-02
-4.432216286659240723e-02 1.728087067604064941e-01 -8.205158635973930359e-03
-3.881736099720001221e-02 8.129351586103439331e-02 -2.861647401005029678e-03
-3.429963067173957825e-02 4.027704149484634399e-02 -8.537329267710447311e-04
-2.985363826155662537e-02 6.383310258388519287e-02 -2.709519118070602417e-03
-2.571894787251949310e-02 6.665751338005065918e-02 -3.225144930183887482e-03
-2.135706134140491486e-02 7.950258255004882812e-02 -4.317672923207283020e-03
-1.725122891366481781e-02 8.914848417043685913e-02 -5.084074102342128754e-03
-1.383933238685131073e-02 1.008812263607978821e-01 -5.771543364971876144e-03
-1.090491283684968948e-02 1.124968007206916809e-01 -6.511835381388664246e-03
-8.712934330105781555e-03 1.248605623841285706e-01 -7.663086056709289551e-03
-7.273791357874870300e-03 1.376692801713943481e-01 -9.206119924783706665e-03
-6.468508858233690262e-03 1.510600596666336060e-01 -1.105681527405977249e-02
-6.301122251898050308e-03 1.651240289211273193e-01 -1.354144141077995300e-02
-5.954279564321041107e-03 1.799058616161346436e-01 -1.594140380620956421e-02
-6.165653467178344727e-03 1.953055113554000854e-01 -1.827876269817352295e-02
-7.149038836359977722e-03 2.114459872245788574e-01 -2.131265215575695038e-02
-7.641590200364589691e-03 2.282698601484298706e-01 -2.414188347756862640e-02
-8.326995186507701874e-03 2.458846867084503174e-01 -2.691479399800300598e-02
-8.990274742245674133e-03 2.639699280261993408e-01 -2.946998551487922668e-02
-9.373406879603862762e-03 2.829860448837280273e-01 -3.215681388974189758e-02
-9.548217989504337311e-03 3.017016053199768066e-01 -3.491554409265518188e-02
-1.084605697542428970e-02 3.214008212089538574e-01 -3.784165903925895691e-02
-1.377641875296831131e-02 3.393858075141906738e-01 -4.105102643370628357e-02
-1.787612214684486389e-02 3.589831292629241943e-01 -4.380924254655838013e-02
-2.255146950483322144e-02 3.701517581939697266e-01 -4.527718573808670044e-02
-2.788350358605384827e-02 3.968540430068969727e-01 -4.668820649385452271e-02
-3.409660607576370239e-02 3.758903145790100098e-01 -4.432037100195884705e-02
-4.145774245262145996e-02 2.944788634777069092e-01 -3.798215091228485107e-02
-4.992034658789634705e-02 2.292078882455825806e-01 -3.255785256624221802e-02
-5.627074465155601501e-02 1.620808839797973633e-01 -2.591652236878871918e-02
-5.834971740841865540e-02 8.815345168113708496e-02 -1.829916425049304962e-02
-5.868465080857276917e-02 4.694100096821784973e-02 -1.331880223006010056e-02
-5.835830420255661011e-02 5.087768286466598511e-02 -1.160518359392881393e-02
-5.697441846132278442e-02 3.792819380760192871e-02 -9.593451395630836487e-03
-5.422319471836090088e-02 3.224551677703857422e-02 -8.456890471279621124e-03
-5.020098388195037842e-02 2.173370867967605591e-02 -7.037910632789134979e-03
-4.491852968931198120e-02 1.621955074369907379e-02 -6.097878795117139816e-03
-3.846031427383422852e-02 8.553268853574991226e-04 -4.872322082519531250e-03
-3.064271807670593262e-02 1.009142305701971054e-02 -5.414233542978763580e-03
-2.140244655311107635e-02 5.097272619605064392e-02 -8.102108724415302277e-03
-1.075339410454034805e-02 8.021441102027893066e-02 -1.033938396722078323e-02
