0.000000000000000000e+00 0.000000000000000000e+00 0.000000000000000000e+00 5.710267328429274869e-13 -3.363958417379464549e-13 1.517700461833859649e-12 1.000000000000000000e+00
8.698981255292892456e-02 -2.534016966819763184e-04 2.806103602051734924e-02 -2.277929149568080902e-02 4.195019602775573730e-03 1.678354479372501373e-02 9.995908141136169434e-01
1.645707488059997559e-01 -2.588991075754165649e-03 5.987371504306793213e-02 -4.566862434148788452e-02 1.012142468243837357e-02 3.236422687768936157e-02 9.983808994293212891e-01
2.346527129411697388e-01 -7.768560200929641724e-03 8.924399316310882568e-02 -6.794828176498413086e-02 1.679883152246475220e-02 4.767830669879913330e-02 9.964074492454528809e-01
2.971785664558410645e-01 -1.535655558109283447e-02 1.162691488862037659e-01 -9.096099436283111572e-02 2.366665191948413849e-02 6.496512889862060547e-02 9.934512972831726074e-01
3.525210618972778320e-01 -1.955706439912319183e-02 1.409884691238403320e-01 -1.124596595764160156e-01 3.037824109196662903e-02 7.966324687004089355e-02 9.899917840957641602e-01
4.004032313823699951e-01 -2.405633218586444855e-02 1.631611734628677368e-01 -1.319821923971176147e-01 3.685935959219932556e-02 9.267416596412658691e-02 9.862219095230102539e-01
4.412832260131835938e-01 -2.681881003081798553e-02 1.820726990699768066e-01 -1.495264470577239990e-01 4.288728162646293640e-02 1.028489619493484497e-01 9.824584126472473145e-01
4.749085307121276855e-01 -2.770168893039226532e-02 1.980994939804077148e-01 -1.649743467569351196e-01 4.908756911754608154e-02 1.104874610900878906e-01 9.788596630096435547e-01
5.019210577011108398e-01 -2.757584117352962494e-02 2.096323817968368530e-01 -1.779260635375976562e-01 5.389010161161422729e-02 1.147312223911285400e-01 9.758457541465759277e-01
5.215950012207031250e-01 -2.748017199337482452e-02 2.181809097528457642e-01 -1.892287135124206543e-01 5.869046226143836975e-02 1.178601309657096863e-01 9.730657339096069336e-01
5.341356992721557617e-01 -2.713620476424694061e-02 2.230393290519714355e-01 -1.978439986705780029e-01 5.704813450574874878e-02 1.194198802113533020e-01 9.712581038475036621e-01
5.394244194030761719e-01 -2.602877281606197357e-02 2.248022556304931641e-01 -2.041373699903488159e-01 5.597565323114395142e-02 1.186729669570922852e-01 9.701089859008789062e-01
5.449816584587097168e-01 -2.437384985387325287e-02 2.271767109632492065e-01 -2.081745415925979614e-01 5.502873659133911133e-02 1.152809411287307739e-01 9.697140455245971680e-01
5.512954592704772949e-01 -2.302917279303073883e-02 2.299461513757705688e-01 -2.106574475765228271e-01 5.422857403755187988e-02 1.103510186076164246e-01 9.697965979576110840e-01
5.582487583160400391e-01 -2.105092070996761322e-02 2.330636829137802124e-01 -2.112709432840347290e-01 5.372919514775276184e-02 1.032765507698059082e-01 9.704698324203491211e-01
5.662069320678710938e-01 -1.899115182459354401e-02 2.362862825393676758e-01 -2.104860246181488037e-01 5.312811955809593201e-02 9.498772025108337402e-02 9.715196490287780762e-01
5.753147006034851074e-01 -1.735107786953449249e-02 2.396604567766189575e-01 -2.080739289522171021e-01 5.283113196492195129e-02 8.558885753154754639e-02 9.729278683662414551e-01
5.854178071022033691e-01 -1.626319251954555511e-02 2.437427788972854614e-01 -2.049028128385543823e-01 5.275695770978927612e-02 7.574743032455444336e-02 9.744198918342590332e-01
5.961492061614990234e-01 -1.600048132240772247e-02 2.493361234664916992e-01 -2.007901221513748169e-01 5.292572453618049622e-02 6.562160700559616089e-02 9.759999513626098633e-01
6.082020998001098633e-01 -1.643374748528003693e-02 2.549756765365600586e-01 -1.961988806724548340e-01 5.295992642641067505e-02 5.523931980133056641e-02 9.775734543800354004e-01
6.214559078216552734e-01 -1.690248586237430573e-02 2.611139714717864990e-01 -1.908228546380996704e-01 5.310226604342460632e-02 4.515955224633216858e-02 9.791463017463684082e-01
6.360895037651062012e-01 -1.753338985145092010e-02 2.675018906593322754e-01 -1.844800561666488647e-01 5.313573405146598816e-02 3.588581457734107971e-02 9.807425737380981445e-01
6.520191431045532227e-01 -1.734821312129497528e-02 2.746408283710479736e-01 -1.780648380517959595e-01 5.354684591293334961e-02 2.749255299568176270e-02 9.821761250495910645e-01
6.695002913475036621e-01 -1.893187128007411957e-02 2.818750739097595215e-01 -1.711964756250381470e-01 5.384748429059982300e-02 2.042453736066818237e-02 9.835522770881652832e-01
6.881132125854492188e-01 -2.164290286600589752e-02 2.903062105178833008e-01 -1.645294278860092163e-01 5.452018976211547852e-02 1.476276945322751999e-02 9.847537279129028320e-01
7.088379263877868652e-01 -2.204703725874423981e-02 2.986277639865875244e-01 -1.580678075551986694e-01 5.545348674058914185e-02 1.033002790063619614e-02 9.858157634735107422e-01
7.310218811035156250e-01 -2.423614822328090668e-02 3.077873587608337402e-01 -1.516246497631072998e-01 5.622831732034683228e-02 8.192191831767559052e-03 9.868035316467285156e-01
7.549743056297302246e-01 -2.625633962452411652e-02 3.176366090774536133e-01 -1.459368169307708740e-01 5.775004252791404724e-02 7.891042158007621765e-03 9.875754117965698242e-01
7.809520959854125977e-01 -2.901376225054264069e-02 3.275638222694396973e-01 -1.409730017185211182e-01 5.951559916138648987e-02 1.017747726291418076e-02 9.881705641746520996e-01
8.082783222198486328e-01 -3.203404694795608521e-02 3.395149409770965576e-01 -1.375203728675842285e-01 6.178013607859611511e-02 1.545636262744665146e-02 9.884496331214904785e-01
8.374942541122436523e-01 -3.742529451847076416e-02 3.514802753925323486e-01 -1.355218738317489624e-01 5.742568150162696838e-02 2.375808544456958771e-02 9.888234138488769531e-01
8.682933449745178223e-01 -4.460912942886352539e-02 3.641081154346466064e-01 -1.345886141061782837e-01 5.262553691864013672e-02 3.447966277599334717e-02 9.889022111892700195e-01
9.012078046798706055e-01 -5.097884684801101685e-02 3.773200809955596924e-01 -1.349664628505706787e-01 4.752073064446449280e-02 4.694910719990730286e-02 9.885957837104797363e-01
9.367748498916625977e-01 -5.599932372570037842e-02 3.894594013690948486e-01 -1.356196403503417969e-01 4.158151149749755859e-02 6.193018332123756409e-02 9.879488945007324219e-01
9.742580056190490723e-01 -6.203584372997283936e-02 4.009382426738739014e-01 -1.363472938537597656e-01 3.512148186564445496e-02 7.904173433780670166e-02 9.868780374526977539e-01
1.013290762901306152e+00 -6.810808181762695312e-02 4.130502343177795410e-01 -1.373881399631500244e-01 2.858992293477058411e-02 9.687283635139465332e-02 9.853541254997253418e-01
1.046531200408935547e+00 -7.208219915628433228e-02 4.230656325817108154e-01 -1.394261717796325684e-01 2.168407663702964783e-02 1.153877377510070801e-01 9.832476377487182617e-01
1.073479056358337402e+00 -7.589522004127502441e-02 4.316705465316772461e-01 -1.422871500253677368e-01 1.519901584833860397e-02 1.356068700551986694e-01 9.803743362426757812e-01
1.096031904220581055e+00 -7.435794174671173096e-02 4.321256577968597412e-01 -1.436432301998138428e-01 7.291816174983978271e-03 1.548401415348052979e-01 9.774138331413269043e-01
1.108219146728515625e+00 -6.423956900835037231e-02 4.330206215381622314e-01 -1.453253030776977539e-01 3.752803895622491837e-04 1.694929003715515137e-01 9.747577309608459473e-01
1.115984559059143066e+00 -6.013796478509902954e-02 4.353361129760742188e-01 -1.487152278423309326e-01 -4.327778704464435577e-03 1.891293972730636597e-01 9.706159830093383789e-01
1.122830152511596680e+00 -5.550720542669296265e-02 4.375259578227996826e-01 -1.512445360422134399e-01 -8.848155848681926727e-03 2.080240845680236816e-01 9.663191437721252441e-01
1.128866314888000488e+00 -5.089255422353744507e-02 4.393586814403533936e-01 -1.541202962398529053e-01 -1.220752578228712082e-02 2.265547513961791992e-01 9.616500735282897949e-01
1.133995413780212402e+00 -4.626896977424621582e-02 4.408963620662689209e-01 -1.567736119031906128e-01 -1.538956537842750549e-02 2.438082993030548096e-01 9.569445252418518066e-01
1.138880014419555664e+00 -4.259823262691497803e-02 4.424053430557250977e-01 -1.596139520406723022e-01 -1.776220835745334625e-02 2.604666352272033691e-01 9.520319104194641113e-01
1.142247200012207031e+00 -3.843223303556442261e-02 4.433728456497192383e-01 -1.618870198726654053e-01 -1.961213350296020508e-02 2.754748463630676270e-01 9.473760724067687988e-01
1.145442724227905273e+00 -3.531175106763839722e-02 4.441961348056793213e-01 -1.640688627958297729e-01 -2.020454779267311096e-02 2.896485924720764160e-01 9.427496194839477539e-01
1.147402524948120117e+00 -3.235831111669540405e-02 4.449203610420227051e-01 -1.659838855266571045e-01 -1.942867785692214966e-02 3.016066849231719971e-01 9.386720657348632812e-01
1.152375340461730957e+00 -2.956976182758808136e-02 4.460644721984863281e-01 -1.672740578651428223e-01 -1.779583841562271118e-02 3.108164966106414795e-01 9.354655742645263672e-01
1.161005854606628418e+00 -2.897512353956699371e-02 4.483030140399932861e-01 -1.681521683931350708e-01 -1.462500356137752533e-02 3.181708157062530518e-01 9.328871369361877441e-01
1.279696226119995117e+00 8.988767862319946289e-02 4.921220242977142334e-01 -2.187445610761642456e-01 -1.258659549057483673e-02 3.570455312728881836e-01 9.080258607864379883e-01
1.387855529785156250e+00 2.000514119863510132e-01 5.342353582382202148e-01 -2.629217207431793213e-01 -1.020885445177555084e-02 3.794468939304351807e-01 8.870106935501098633e-01
1.487088322639465332e+00 2.979523837566375732e-01 5.730749368667602539e-01 -3.073900640010833740e-01 -6.745656952261924744e-03 4.043593406677246094e-01 8.613706231117248535e-01
1.570583343505859375e+00 3.915192186832427979e-01 6.044080853462219238e-01 -3.508562445640563965e-01 -3.534533083438873291e-03 4.266788661479949951e-01 8.335661888122558594e-01
1.640078544616699219e+00 4.779579043388366699e-01 6.294932961463928223e-01 -3.904711306095123291e-01 4.463603836484253407e-04 4.450462162494659424e-01 8.058945536613464355e-01
1.697529077529907227e+00 5.549440383911132812e-01 6.492934226989746094e-01 -4.256632030010223389e-01 3.542030230164527893e-03 4.586840271949768066e-01 7.800046205520629883e-01
1.742905378341674805e+00 6.223733425140380859e-01 6.627021431922912598e-01 -4.567783474922180176e-01 6.866291165351867676e-03 4.675722420215606689e-01 7.567580342292785645e-01
1.777378082275390625e+00 6.788908243179321289e-01 6.701689362525939941e-01 -4.831327795982360840e-01 8.963397704064846039e-03 4.712027907371520996e-01 7.378823161125183105e-01
1.803465008735656738e+00 7.223428487777709961e-01 6.739061474800109863e-01 -5.053595900535583496e-01 9.580763056874275208e-03 4.718627929687500000e-01 7.224025130271911621e-01
1.821068525314331055e+00 7.524471879005432129e-01 6.752702593803405762e-01 -5.218745470046997070e-01 5.939471535384654999e-03 4.728458523750305176e-01 7.099496722221374512e-01
1.829955101013183594e+00 7.693185210227966309e-01 6.745436787605285645e-01 -5.324580073356628418e-01 -2.194058150053024292e-03 4.731562137603759766e-01 7.018595933914184570e-01
1.834091186523437500e+00 7.804030179977416992e-01 6.730701923370361328e-01 -5.394934415817260742e-01 -9.471928700804710388e-03 4.696067869663238525e-01 6.988037228584289551e-01
1.838461279869079590e+00 7.929063439369201660e-01 6.720362901687622070e-01 -5.440714955329895020e-01 -1.669993996620178223e-02 4.631185829639434814e-01 6.994487047195434570e-01
1.843244194984436035e+00 8.069752454757690430e-01 6.710719466209411621e-01 -5.461205840110778809e-01 -2.330819889903068542e-02 4.535857439041137695e-01 7.038955688476562500e-01
1.848591327667236328e+00 8.227248787879943848e-01 6.695634722709655762e-01 -5.456985831260681152e-01 -2.982336841523647308e-02 4.418641626834869385e-01 7.113928198814392090e-01
1.855879068374633789e+00 8.398696184158325195e-01 6.682742834091186523e-01 -5.428839325904846191e-01 -3.565032035112380981e-02 4.281720817089080811e-01 7.215780019760131836e-01
1.865160465240478516e+00 8.584637045860290527e-01 6.680672168731689453e-01 -5.384449362754821777e-01 -4.072424024343490601e-02 4.131601750850677490e-01 7.332920432090759277e-01
1.876094937324523926e+00 8.785927295684814453e-01 6.704416871070861816e-01 -5.322530865669250488e-01 -4.485811293125152588e-02 3.975274562835693359e-01 7.461007833480834961e-01
1.889218926429748535e+00 8.998374938964843750e-01 6.751357913017272949e-01 -5.248927474021911621e-01 -4.868657514452934265e-02 3.814008831977844238e-01 7.593751549720764160e-01
1.904894471168518066e+00 9.223521947860717773e-01 6.803676486015319824e-01 -5.160710811614990234e-01 -5.201353505253791809e-02 3.651315569877624512e-01 7.730744481086730957e-01
1.922282814979553223e+00 9.467049837112426758e-01 6.867389678955078125e-01 -5.058029890060424805e-01 -5.445399135351181030e-02 3.499201834201812744e-01 7.866091728210449219e-01
1.941434144973754883e+00 9.732455015182495117e-01 6.935232281684875488e-01 -4.947600364685058594e-01 -5.555775389075279236e-02 3.359369635581970215e-01 7.995450496673583984e-01
1.963527321815490723e+00 1.001043200492858887e+00 7.016068696975708008e-01 -4.831891357898712158e-01 -5.571160465478897095e-02 3.237083256244659424e-01 8.115648031234741211e-01
1.989164710044860840e+00 1.029098391532897949e+00 7.126294970512390137e-01 -4.715999364852905273e-01 -5.445934087038040161e-02 3.136530220508575439e-01 8.223438858985900879e-01
2.016666412353515625e+00 1.060055732727050781e+00 7.238470911979675293e-01 -4.605010151863098145e-01 -5.222487449645996094e-02 3.057109415531158447e-01 8.317164182662963867e-01
2.046725511550903320e+00 1.093431949615478516e+00 7.354996800422668457e-01 -4.497546553611755371e-01 -4.844031855463981628e-02 3.007557392120361328e-01 8.395953178405761719e-01
2.079993486404418945e+00 1.128317832946777344e+00 7.490655779838562012e-01 -4.397608339786529541e-01 -4.338059201836585999e-02 2.992673218250274658e-01 8.456758856773376465e-01
2.116761207580566406e+00 1.165016531944274902e+00 7.634949684143066406e-01 -4.318452775478363037e-01 -3.641956672072410583e-02 3.010893464088439941e-01 8.494282960891723633e-01
2.156352043151855469e+00 1.204209804534912109e+00 7.793244719505310059e-01 -4.259254634380340576e-01 -2.818501926958560944e-02 3.073303103446960449e-01 8.504946827888488770e-01
2.199505567550659180e+00 1.244594693183898926e+00 7.979852557182312012e-01 -4.208355545997619629e-01 -2.452246472239494324e-02 3.207401633262634277e-01 8.481874465942382812e-01
2.246807336807250977e+00 1.286096692085266113e+00 8.180937170982360840e-01 -4.162260591983795166e-01 -2.678723633289337158e-02 3.399430215358734131e-01 8.428980708122253418e-01
2.296750783920288086e+00 1.330449223518371582e+00 8.393214941024780273e-01 -4.131284654140472412e-01 -2.891539037227630615e-02 3.632435798645019531e-01 8.345914483070373535e-01
2.347647905349731445e+00 1.380814552307128906e+00 8.576984405517578125e-01 -4.107711911201477051e-01 -3.187268227338790894e-02 3.896489739418029785e-01 8.236655592918395996e-01
2.401164531707763672e+00 1.434728503227233887e+00 8.733512759208679199e-01 -4.080304205417633057e-01 -3.435524553060531616e-02 4.203574061393737793e-01 8.097101449966430664e-01
2.455914497375488281e+00 1.492602229118347168e+00 8.879349231719970703e-01 -4.048088788986206055e-01 -3.705748915672302246e-02 4.529018402099609375e-01 7.934963107109069824e-01
2.504790067672729492e+00 1.549965023994445801e+00 8.997216820716857910e-01 -4.021483659744262695e-01 -4.011682793498039246e-02 4.858281016349792480e-01 7.750086188316345215e-01
2.543759584426879883e+00 1.599101781845092773e+00 9.093230962753295898e-01 -4.008423984050750732e-01 -4.344339668750762939e-02 5.198766589164733887e-01 7.531044483184814453e-01
2.574190378189086914e+00 1.639363527297973633e+00 9.091912508010864258e-01 -3.971338570117950439e-01 -4.643383994698524475e-02 5.549147725105285645e-01 7.295190691947937012e-01
2.585358142852783203e+00 1.672852277755737305e+00 8.967666625976562500e-01 -3.921466469764709473e-01 -5.137663707137107849e-02 5.845462083816528320e-01 7.084400057792663574e-01
2.585236787796020508e+00 1.696241617202758789e+00 8.894511461257934570e-01 -3.901576399803161621e-01 -5.392361432313919067e-02 6.132230758666992188e-01 6.847091913223266602e-01
2.584660530090332031e+00 1.713613629341125488e+00 8.862214684486389160e-01 -3.895973861217498779e-01 -5.315520614385604858e-02 6.430791020393371582e-01 6.571436524391174316e-01
2.581980705261230469e+00 1.729180932044982910e+00 8.820307850837707520e-01 -3.882264792919158936e-01 -5.208253487944602966e-02 6.707204580307006836e-01 6.298426389694213867e-01
2.578327655792236328e+00 1.742942690849304199e+00 8.776643872261047363e-01 -3.876565396785736084e-01 -5.023108422756195068e-02 6.959940195083618164e-01 6.023218631744384766e-01
2.574667453765869141e+00 1.755162715911865234e+00 8.737562298774719238e-01 -3.869864046573638916e-01 -4.832477122545242310e-02 7.188956141471862793e-01 5.754088163375854492e-01
2.570428848266601562e+00 1.765311479568481445e+00 8.698111772537231445e-01 -3.864621520042419434e-01 -4.545016214251518250e-02 7.395188212394714355e-01 5.492660999298095703e-01
2.565826892852783203e+00 1.773367762565612793e+00 8.662253618240356445e-01 -3.865329325199127197e-01 -4.162828996777534485e-02 7.572199702262878418e-01 5.248593688011169434e-01
2.561891555786132812e+00 1.779675722122192383e+00 8.628834486007690430e-01 -3.872328698635101318e-01 -3.645250201225280762e-02 7.722892165184020996e-01 5.022860169410705566e-01
2.558207750320434570e+00 1.787393569946289062e+00 8.597699403762817383e-01 -3.891723155975341797e-01 -3.013176843523979187e-02 7.832831740379333496e-01 4.838434159755706787e-01
2.558333635330200195e+00 1.801540017127990723e+00 8.563674092292785645e-01 -3.919879496097564697e-01 -2.291434817016124725e-02 7.909170389175415039e-01 4.693299829959869385e-01
