-4.452462308108806610e-03 9.506114125251770020e-01 -2.659993059933185577e-02
-7.447783835232257843e-03 8.735176920890808105e-01 -1.689057983458042145e-02
-9.272267110645771027e-03 7.954392433166503906e-01 -7.472938857972621918e-03
-1.096695102751255035e-02 7.165452837944030762e-01 -9.202347137033939362e-04
-1.106523256748914719e-02 6.370230317115783691e-01 5.815217737108469009e-03
-9.913496673107147217e-03 5.570031404495239258e-01 1.181607786566019058e-02
-7.465438451617956161e-03 4.768317341804504395e-01 1.758961938321590424e-02
-3.588926512748003006e-03 3.958185613155364990e-01 2.303931117057800293e-02
1.642365707084536552e-03 3.159712255001068115e-01 2.829717844724655151e-02
7.887879386544227600e-03 2.329886406660079956e-01 3.343022987246513367e-02
1.579604111611843109e-02 1.566942036151885986e-01 3.844108060002326965e-02
2.406129054725170135e-02 6.310233473777770996e-02 4.494392499327659607e-02
3.151214122772216797e-02 1.997222006320953369e-02 4.793842136859893799e-02
3.859257698059082031e-02 4.123266041278839111e-02 4.706444218754768372e-02
4.491706192493438721e-02 4.162057489156723022e-02 4.758786410093307495e-02
5.069179460406303406e-02 5.176429823040962219e-02 4.758981615304946899e-02
5.573377385735511780e-02 5.870884284377098083e-02 4.782938212156295776e-02
5.997831746935844421e-02 6.785894185304641724e-02 4.794559627771377563e-02
6.354644894599914551e-02 7.699904590845108032e-02 4.806617274880409241e-02
6.639558821916580200e-02 8.702506870031356812e-02 4.812596365809440613e-02
6.865499168634414673e-02 9.762106090784072876e-02 4.811164364218711853e-02
7.037214189767837524e-02 1.089217513799667358e-01 4.813006520271301270e-02
7.145100086927413940e-02 1.210000365972518921e-01 4.790261015295982361e-02
7.229935377836227417e-02 1.338925361633300781e-01 4.816663265228271484e-02
7.282353192567825317e-02 1.475123614072799683e-01 4.858191683888435364e-02
7.277096062898635864e-02 1.619784981012344360e-01 4.837613180279731750e-02
7.245647162199020386e-02 1.772175133228302002e-01 4.843825474381446838e-02
7.178960740566253662e-02 1.933736950159072876e-01 4.847576469182968140e-02
7.088725268840789795e-02 2.101691961288452148e-01 4.873533174395561218e-02
6.951089948415756226e-02 2.280787378549575806e-01 4.902581870555877686e-02
6.782726198434829712e-02 2.459710538387298584e-01 4.987631365656852722e-02
6.563352793455123901e-02 2.651911377906799316e-01 5.089212954044342041e-02
6.308209151029586792e-02 2.830481529235839844e-01 5.181125551462173462e-02
6.057618558406829834e-02 3.028913438320159912e-01 5.300821363925933838e-02
5.805697292089462280e-02 3.146923780441284180e-01 5.486325174570083618e-02
5.554133653640747070e-02 3.424828052520751953e-01 5.593929439783096313e-02
5.316111817955970764e-02 3.231163322925567627e-01 6.008554622530937195e-02
5.093142017722129822e-02 2.439320832490921021e-01 6.803936511278152466e-02
4.910517856478691101e-02 1.817289143800735474e-01 7.496025413274765015e-02
4.790357127785682678e-02 1.156125590205192566e-01 8.208772540092468262e-02
4.727556183934211731e-02 3.951038420200347900e-02 8.971511572599411011e-02
4.759288206696510315e-02 -3.990354016423225403e-03 9.513387084007263184e-02
4.889326170086860657e-02 -1.657103304751217365e-03 9.745662659406661987e-02
5.120914429426193237e-02 -1.587605476379394531e-02 1.005044579505920410e-01
5.462696403264999390e-02 -2.304683253169059753e-02 1.027613952755928040e-01
5.924702808260917664e-02 -3.507992997765541077e-02 1.049209386110305786e-01
6.504922360181808472e-02 -4.216913133859634399e-02 1.063683927059173584e-01
7.200790941715240479e-02 -5.893069878220558167e-02 1.080129593610763550e-01
8.021610230207443237e-02 -5.077876523137092590e-02 1.077198907732963562e-01
8.955378085374832153e-02 -1.042719557881355286e-02 1.050905808806419373e-01
1.002027615904808044e-01 1.881448365747928619e-02 1.028533130884170532e-01
