9.077864140272140503e-02 8.596737869083881378e-03 5.732889752835035324e-03 -1.428075321018695831e-02 2.229311969131231308e-03 4.320121835917234421e-03 9.998862147331237793e-01
8.366575837135314941e-02 4.844615235924720764e-03 1.664131996221840382e-03 -1.549255754798650742e-02 1.132753328420221806e-03 3.601217875257134438e-03 9.998728632926940918e-01
6.981008499860763550e-02 1.908982545137405396e-02 -2.385797351598739624e-02 -1.422828901559114456e-02 -7.198235951364040375e-03 -4.299253225326538086e-03 9.998636245727539062e-01
6.364797055721282959e-02 1.374074630439281464e-02 -2.128442935645580292e-02 -1.605176553130149841e-02 -6.881288718432188034e-03 -2.842465881258249283e-03 9.998434185981750488e-01
5.684552341699600220e-02 1.159864570945501328e-02 -1.803628355264663696e-02 -1.661483943462371826e-02 -5.412085913121700287e-03 -2.509106416255235672e-03 9.998441934585571289e-01
5.107102915644645691e-02 7.129319477826356888e-03 -1.206057239323854446e-02 -1.609278097748756409e-02 -3.096438944339752197e-03 -1.482635736465454102e-03 9.998646378517150879e-01
4.398180916905403137e-02 7.102971896529197693e-03 -7.152788806706666946e-03 -1.487069483846426010e-02 -9.191381395794451237e-04 -2.484485739842057228e-03 9.998859167098999023e-01
3.628996387124061584e-02 6.192649248987436295e-03 -5.698654800653457642e-03 -1.403365749865770340e-02 -3.107172378804534674e-04 -3.062529722228646278e-03 9.998967647552490234e-01
2.876342274248600006e-02 5.345802754163742065e-03 -2.575071295723319054e-03 -1.112529076635837555e-02 1.019478659145534039e-03 -4.058117046952247620e-03 9.999293684959411621e-01
2.093953453004360199e-02 4.462922457605600357e-03 -1.339822076261043549e-03 -9.412509389221668243e-03 1.875649555586278439e-03 -4.126999527215957642e-03 9.999454021453857422e-01
1.320272032171487808e-02 2.405823906883597374e-03 9.568922687321901321e-04 -8.340774103999137878e-03 -1.602467964403331280e-04 -2.845228184014558792e-03 9.999611377716064453e-01
5.495707038789987564e-03 1.363869989290833473e-03 -2.109541383106261492e-04 -6.386445369571447372e-03 -4.195061337668448687e-04 -2.468252088874578476e-03 9.999764561653137207e-01
5.803801119327545166e-03 2.134273294359445572e-03 1.062401221133768559e-03 -3.058901755139231682e-03 -3.182060027029365301e-04 -5.392275750637054443e-03 9.999807476997375488e-01
6.570274475961923599e-03 1.214704709127545357e-03 2.160742180421948433e-03 -1.784299820428714156e-04 -3.039721341338008642e-04 -6.828433834016323090e-03 9.999766349792480469e-01
7.452947553247213364e-03 -1.688654534518718719e-03 1.903649768792092800e-03 1.621037255972623825e-03 -8.085690205916762352e-05 -8.427931927144527435e-03 9.999631643295288086e-01
8.179541677236557007e-03 -2.324630506336688995e-03 2.376666758209466934e-03 2.671289257705211639e-03 7.930058200145140290e-05 -9.324048645794391632e-03 9.999529719352722168e-01
9.125569835305213928e-03 -2.864843700081110001e-03 2.339394064620137215e-03 3.758992766961455345e-03 3.424524329602718353e-04 -1.039690151810646057e-02 9.999388456344604492e-01
1.004936080425977707e-02 -3.253342350944876671e-03 2.837847918272018433e-03 4.608456976711750031e-03 7.405955111607909203e-04 -1.090832427144050598e-02 9.999296069145202637e-01
1.091663725674152374e-02 -4.334894474595785141e-03 2.878475235775113106e-03 5.687397439032793045e-03 5.296888411976397038e-04 -1.123779173940420151e-02 9.999205470085144043e-01
1.210714224725961685e-02 -4.773749504238367081e-03 2.820011228322982788e-03 7.143094670027494431e-03 6.267515127547085285e-04 -1.199007406830787659e-02 9.999024271965026855e-01
1.329609286040067673e-02 -5.278682801872491837e-03 2.981900703161954880e-03 8.195211179554462433e-03 6.419685087166726589e-04 -1.221708953380584717e-02 9.998915791511535645e-01
1.470889430493116379e-02 -5.699530243873596191e-03 2.566416282206773758e-03 1.041152421385049820e-02 2.199808477598708123e-05 -1.204875204712152481e-02 9.998732209205627441e-01
1.626904681324958801e-02 -5.489577073603868484e-03 3.075265325605869293e-03 1.067164726555347443e-02 3.311781911179423332e-04 -1.199044939130544662e-02 9.998711347579956055e-01
1.769052259624004364e-02 -5.834281444549560547e-03 3.605808829888701439e-03 1.116717420518398285e-02 3.027931088581681252e-04 -1.068937499076128006e-02 9.998804330825805664e-01
1.907919161021709442e-02 -6.536448840051889420e-03 4.189461469650268555e-03 1.095439959317445755e-02 2.684407227206975222e-04 -8.382230997085571289e-03 9.999048113822937012e-01
2.030634693801403046e-02 -8.054803125560283661e-03 4.497558344155550003e-03 1.076366472989320755e-02 9.411798237124457955e-05 -5.421905312687158585e-03 9.999273419380187988e-01
2.186362445354461670e-02 -8.623383939266204834e-03 5.335448309779167175e-03 9.971415624022483826e-03 2.772246079985052347e-04 -2.817975590005517006e-03 9.999462962150573730e-01
2.340642362833023071e-02 -9.810468181967735291e-03 5.544662941247224808e-03 9.305849671363830566e-03 -3.622517397161573172e-04 -8.453599293716251850e-04 9.999562501907348633e-01
2.496637031435966492e-02 -1.045782677829265594e-02 6.919432897120714188e-03 7.640919182449579239e-03 -3.955621505156159401e-04 1.033845939673483372e-03 9.999701976776123047e-01
2.679228223860263824e-02 -1.026892289519309998e-02 8.680332452058792114e-03 5.322228651493787766e-03 -2.896205696742981672e-04 2.627220703288912773e-03 9.999823570251464844e-01
2.840865403413772583e-02 -9.418740868568420410e-03 1.133128069341182709e-02 1.579911331646144390e-03 -2.779953880235552788e-03 2.296950202435255051e-03 9.999922513961791992e-01
3.057386539876461029e-02 -8.898655883967876434e-03 1.209001522511243820e-02 7.975213811732828617e-04 -2.415615832433104515e-03 3.594478825107216835e-03 9.999902844429016113e-01
3.301239758729934692e-02 -7.551099173724651337e-03 1.229281723499298096e-02 5.778561462648212910e-04 -3.143902169540524483e-03 3.793348325416445732e-03 9.999877214431762695e-01
3.475112840533256531e-02 -9.043449535965919495e-03 1.211889274418354034e-02 2.719476178754121065e-04 -2.941055921837687492e-03 4.204335156828165054e-03 9.999868273735046387e-01
3.661475330591201782e-02 -8.646345697343349457e-03 1.256202906370162964e-02 -7.742938032606616616e-05 -3.171264426782727242e-03 3.967832773923873901e-03 9.999871253967285156e-01
3.817801550030708313e-02 -9.130148217082023621e-03 1.292759459465742111e-02 -5.499333492480218410e-04 -3.330321749672293663e-03 4.981340374797582626e-03 9.999818801879882812e-01
3.313245996832847595e-02 1.065449789166450500e-03 1.108457800000905991e-02 -4.870487318839877844e-04 -2.409798093140125275e-03 3.461377462372183800e-03 9.999909996986389160e-01
2.696904167532920837e-02 6.471354048699140549e-03 6.556527223438024521e-03 -3.020424446731340140e-05 -4.227782133966684341e-03 3.539761761203408241e-03 9.999848008155822754e-01
2.057490684092044830e-02 7.147921714931726456e-03 2.985579427331686020e-03 -1.937497057951986790e-03 -6.299773696810007095e-03 6.883819587528705597e-03 9.999545812606811523e-01
1.426367461681365967e-02 5.716993473470211029e-03 1.834964263252913952e-03 -3.258644370362162590e-03 -6.815164349973201752e-03 1.132559124380350113e-02 9.999073147773742676e-01
8.363216184079647064e-03 3.486886620521545410e-03 1.346401986666023731e-03 -3.581482218578457832e-03 -5.939258728176355362e-03 1.420753635466098785e-02 9.998750090599060059e-01
7.749270182102918625e-03 3.306660335510969162e-03 1.304300152696669102e-03 -3.868497442454099655e-03 -5.482815671712160110e-03 1.503848843276500702e-02 9.998643994331359863e-01
7.066741120070219040e-03 3.173149656504392624e-03 1.103605609387159348e-03 -3.575924551114439964e-03 -4.920491483062505722e-03 1.446388009935617447e-02 9.998769164085388184e-01
6.478870287537574768e-03 2.631856361404061317e-03 1.079668872989714146e-03 -3.070864360779523849e-03 -4.341602325439453125e-03 1.401772163808345795e-02 9.998875856399536133e-01
5.781480111181735992e-03 2.230353653430938721e-03 9.830598719418048859e-04 -2.943412167951464653e-03 -3.750152885913848877e-03 1.360673643648624420e-02 9.998960494995117188e-01
4.998140037059783936e-03 1.904449658468365669e-03 8.742749341763556004e-04 -2.596907317638397217e-03 -2.865234389901161194e-03 1.267914101481437683e-02 9.999121427536010742e-01
4.166828934103250504e-03 1.605277648195624352e-03 8.162760059349238873e-04 -1.803900580853223801e-03 -1.809641951695084572e-03 1.079233270138502121e-02 9.999384880065917969e-01
3.393640974536538124e-03 1.191573101095855236e-03 4.825374053325504065e-04 -1.637402689084410667e-03 -1.039224793203175068e-03 9.736896492540836334e-03 9.999507069587707520e-01
5.722216330468654633e-03 8.753439178690314293e-04 7.257633842527866364e-04 -3.503662883304059505e-04 -3.433135861996561289e-04 5.844728089869022369e-03 9.999827742576599121e-01
8.719085715711116791e-03 9.307742584496736526e-04 8.887217845767736435e-04 9.652847074903547764e-04 3.272513276897370815e-04 8.895676583051681519e-04 9.999991059303283691e-01
1.750015318393707275e-01 7.990566082298755646e-03 7.658854592591524124e-04 -1.905130967497825623e-02 6.110409158281981945e-04 6.666808389127254486e-03 9.997960925102233887e-01
1.557490527629852295e-01 3.274753317236900330e-02 -1.666959002614021301e-02 -1.641486398875713348e-02 -3.289571497589349747e-03 -3.984368406236171722e-03 9.998519420623779297e-01
1.355648189783096313e-01 3.505380824208259583e-02 -3.651949018239974976e-02 -2.237532660365104675e-02 -8.603850379586219788e-03 -5.564279388636350632e-03 9.996971487998962402e-01
1.194029375910758972e-01 2.451762557029724121e-02 -4.300880059599876404e-02 -2.754900045692920685e-02 -1.003766432404518127e-02 -5.734732374548912048e-03 9.995536208152770996e-01
1.090269833803176880e-01 1.388637442141771317e-02 -2.916817180812358856e-02 -2.750389091670513153e-02 -5.751072894781827927e-03 -4.083072766661643982e-03 9.995968341827392578e-01
9.477540105581283569e-02 1.281256880611181259e-02 -2.174750715494155884e-02 -2.646635845303535461e-02 -3.384949406608939171e-03 -5.701944697648286819e-03 9.996277093887329102e-01
8.014545589685440063e-02 1.273395773023366928e-02 -1.414421573281288147e-02 -2.468279749155044556e-02 -1.051547355018556118e-03 -7.353755179792642593e-03 9.996677041053771973e-01
6.521724164485931396e-02 1.095314882695674896e-02 -8.067516610026359558e-03 -2.170666679739952087e-02 1.358049688860774040e-03 -7.901804521679878235e-03 9.997322559356689453e-01
4.978764057159423828e-02 9.394261986017227173e-03 -3.938558977097272873e-03 -1.843253336846828461e-02 2.938643563538789749e-03 -7.935804314911365509e-03 9.997943043708801270e-01
3.403677046298980713e-02 6.860452704131603241e-03 -3.527913475409150124e-03 -1.700918190181255341e-02 6.834967061877250671e-04 -6.271539255976676941e-03 9.998354315757751465e-01
1.864621415734291077e-02 3.820674959570169449e-03 -1.364808762446045876e-03 -1.497752312570810318e-02 -1.591867185197770596e-03 -4.696999210864305496e-03 9.998755455017089844e-01
1.137245167046785355e-02 3.555277828127145767e-03 4.156659997534006834e-04 -8.959857746958732605e-03 -6.889972137287259102e-04 -7.337223738431930542e-03 9.999327063560485840e-01
1.249184552580118179e-02 3.317905124276876450e-03 3.073237836360931396e-03 -4.026081413030624390e-03 -2.751412976067513227e-04 -1.146058458834886551e-02 9.999262094497680664e-01
1.430531684309244156e-02 -4.393957788124680519e-04 4.111656919121742249e-03 7.553834439022466540e-05 -1.088371645892038941e-04 -1.463899482041597366e-02 9.998928308486938477e-01
1.560423895716667175e-02 -4.055879544466733932e-03 4.356218967586755753e-03 3.578653559088706970e-03 3.648519923444837332e-04 -1.632247678935527802e-02 9.998602867126464844e-01
1.727479882538318634e-02 -5.352057050913572311e-03 4.653024021536111832e-03 5.540376063436269760e-03 7.822551415301859379e-04 -1.842494308948516846e-02 9.998145699501037598e-01
1.897828839719295502e-02 -6.688832305371761322e-03 5.197049584239721298e-03 7.341048680245876312e-03 1.044796663336455822e-03 -2.040893584489822388e-02 9.997642040252685547e-01
2.086441405117511749e-02 -7.936767302453517914e-03 5.662287585437297821e-03 9.583637118339538574e-03 8.581429137848317623e-04 -2.183768525719642639e-02 9.997152090072631836e-01
2.310567349195480347e-02 -9.097702801227569580e-03 5.382622592151165009e-03 1.171083841472864151e-02 7.067800033837556839e-04 -2.314784377813339233e-02 9.996632337570190430e-01
2.564339898526668549e-02 -9.544806554913520813e-03 5.596612114459276199e-03 1.305049657821655273e-02 1.315663917921483517e-03 -2.402023412287235260e-02 9.996254444122314453e-01
2.793746441602706909e-02 -1.102232839912176132e-02 5.832036491483449936e-03 1.549069769680500031e-02 5.295343580655753613e-04 -2.323489263653755188e-02 9.996098875999450684e-01
3.079732507467269897e-02 -1.157543621957302094e-02 5.893813911825418472e-03 1.712297834455966949e-02 8.373819873668253422e-04 -2.190112695097923279e-02 9.996131658554077148e-01
3.386431559920310974e-02 -1.159777771681547165e-02 6.697532720863819122e-03 1.872257702052593231e-02 5.152471712790429592e-04 -2.065063640475273132e-02 9.996113181114196777e-01
3.692121431231498718e-02 -1.185437384992837906e-02 7.884834893047809601e-03 2.004206553101539612e-02 4.759137518703937531e-04 -1.806367561221122742e-02 9.996358156204223633e-01
3.955253213644027710e-02 -1.439015660434961319e-02 8.309167809784412384e-03 2.075476944446563721e-02 -4.030554264318197966e-04 -1.311209890991449356e-02 9.996985197067260742e-01
4.226036742329597473e-02 -1.735003106296062469e-02 8.145348168909549713e-03 2.081597968935966492e-02 -7.378176669590175152e-04 -7.443503011018037796e-03 9.997553229331970215e-01
4.533333703875541687e-02 -1.910216175019741058e-02 9.369906038045883179e-03 1.947432756423950195e-02 -9.057292481884360313e-04 -3.577730618417263031e-03 9.998035430908203125e-01
4.843449965119361877e-02 -2.119605801999568939e-02 1.057024765759706497e-02 1.649540849030017853e-02 -7.635843358002603054e-04 6.201923824846744537e-04 9.998634457588195801e-01
5.201169475913047791e-02 -2.034677751362323761e-02 1.532706245779991150e-02 1.176395639777183533e-02 4.882109351456165314e-04 3.597338451072573662e-03 9.999241828918457031e-01
5.524327233433723450e-02 -1.938661932945251465e-02 2.033978514373302460e-02 5.187803879380226135e-03 -2.439669566228985786e-03 4.994205664843320847e-03 9.999710917472839355e-01
5.886142700910568237e-02 -1.848174445331096649e-02 2.362126111984252930e-02 2.043352462351322174e-03 -5.104128271341323853e-03 5.541871301829814911e-03 9.999695420265197754e-01
6.367691606283187866e-02 -1.636066101491451263e-02 2.428434789180755615e-02 1.625768141821026802e-03 -5.064120050519704819e-03 6.526327691972255707e-03 9.999645352363586426e-01
6.797292828559875488e-02 -1.587557233870029449e-02 2.434169314801692963e-02 1.639597117900848389e-03 -5.417478736490011215e-03 7.225426379591226578e-03 9.999578595161437988e-01
7.131657004356384277e-02 -1.744319684803485870e-02 2.500880882143974304e-02 1.075880136340856552e-03 -5.546750035136938095e-03 6.765540689229965210e-03 9.999611377716064453e-01
7.490215450525283813e-02 -1.781941391527652740e-02 2.513442933559417725e-02 3.245954576414078474e-04 -6.650257855653762817e-03 7.806121371686458588e-03 9.999473690986633301e-01
7.182915508747100830e-02 -7.868671789765357971e-03 2.443173527717590332e-02 -1.564480626257136464e-04 -5.956770386546850204e-03 6.759318057447671890e-03 9.999594092369079590e-01
6.055328622460365295e-02 6.973509676754474640e-03 1.760365813970565796e-02 1.827706364565528929e-05 -6.323865149170160294e-03 7.535483222454786301e-03 9.999516010284423828e-01
4.816733673214912415e-02 1.209578104317188263e-02 8.982234634459018707e-03 -1.497152377851307392e-03 -1.066133100539445877e-02 1.178683526813983917e-02 9.998725652694702148e-01
3.500718250870704651e-02 1.240284461528062820e-02 4.609342664480209351e-03 -3.253899980336427689e-03 -1.358116418123245239e-02 1.683707907795906067e-02 9.997606873512268066e-01
2.211223728954792023e-02 9.912113659083843231e-03 3.660124493762850761e-03 -2.826869487762451172e-03 -1.276888232678174973e-02 2.319662272930145264e-02 9.996453523635864258e-01
1.582553051412105560e-02 7.328799925744533539e-03 2.896254882216453552e-03 -1.983050955459475517e-03 -1.099169161170721054e-02 2.651218697428703308e-02 9.995861053466796875e-01
1.478067412972450256e-02 6.435635965317487717e-03 2.682652557268738747e-03 -2.241051290184259415e-03 -1.047807931900024414e-02 2.671875245869159698e-02 9.995855689048767090e-01
1.341356895864009857e-02 6.032950710505247116e-03 2.339944941923022270e-03 -1.637548790313303471e-03 -9.163243696093559265e-03 2.629772014915943146e-02 9.996108412742614746e-01
1.219606213271617889e-02 4.907086491584777832e-03 2.275071106851100922e-03 -2.410068642348051071e-03 -8.584131486713886261e-03 2.674565650522708893e-02 9.996024966239929199e-01
1.071250531822443008e-02 4.278445150703191757e-03 1.861046184785664082e-03 -2.351040486246347427e-03 -7.478428073227405548e-03 2.628687769174575806e-02 9.996237158775329590e-01
9.129702113568782806e-03 3.561724210157990456e-03 1.704677706584334373e-03 -2.827900927513837814e-03 -5.651758983731269836e-03 2.448093891143798828e-02 9.996803402900695801e-01
7.582814432680606842e-03 2.695302478969097137e-03 1.295408234000205994e-03 -2.462356351315975189e-03 -3.783222986385226250e-03 2.210730873048305511e-02 9.997454285621643066e-01
8.689282462000846863e-03 2.416663337498903275e-03 1.220160396769642830e-03 -1.657609827816486359e-03 -2.102967584505677223e-03 1.729126088321208954e-02 9.998469352722167969e-01
1.432015094906091690e-02 2.005123533308506012e-03 1.620992552489042282e-03 1.011195592582225800e-03 2.748032275121659040e-04 6.972011178731918335e-03 9.999751448631286621e-01
