5.044455081224441528e-02 -6.848390400409698486e-02 3.335917368531227112e-02 -1.129277050495147705e-01 8.624656498432159424e-02 1.796794086694717407e-01 9.734085202217102051e-01
4.392080381512641907e-02 -6.455052644014358521e-02 3.050230070948600769e-02 -1.188688129186630249e-01 8.699264377355575562e-02 1.844187378883361816e-01 9.717469811439514160e-01
4.495877027511596680e-02 -5.451633408665657043e-02 2.852631546556949615e-02 -1.258618980646133423e-01 9.056080877780914307e-02 1.828110814094543457e-01 9.708437919616699219e-01
4.023528844118118286e-02 -4.927533119916915894e-02 2.541578561067581177e-02 -1.269693076610565186e-01 9.113379567861557007e-02 1.858893334865570068e-01 9.700611233711242676e-01
3.457591682672500610e-02 -4.481789097189903259e-02 2.207061462104320526e-02 -1.125398203730583191e-01 7.860622555017471313e-02 1.622758209705352783e-01 9.771501421928405762e-01
2.974669449031352997e-02 -3.933675214648246765e-02 1.929477043449878693e-02 -1.026213392615318298e-01 7.183804363012313843e-02 1.486424952745437622e-01 9.809248447418212891e-01
2.524194307625293732e-02 -3.347932919859886169e-02 1.667311787605285645e-02 -8.933169394731521606e-02 6.243800371885299683e-02 1.261165887117385864e-01 9.860101342201232910e-01
2.132785506546497345e-02 -2.714016847312450409e-02 1.401138491928577423e-02 -7.853854447603225708e-02 5.457037687301635742e-02 1.047833412885665894e-01 9.898859858512878418e-01
1.715052127838134766e-02 -2.100516855716705322e-02 1.127765886485576630e-02 -6.356416642665863037e-02 4.484887421131134033e-02 8.142039924860000610e-02 9.936392307281494141e-01
1.205353438854217529e-02 -1.575553044676780701e-02 8.164093829691410065e-03 -4.824814572930335999e-02 3.336102142930030823e-02 6.009724363684654236e-02 9.964674711227416992e-01
8.139121346175670624e-03 -9.204141795635223389e-03 5.482148379087448120e-03 -3.428796678781509399e-02 1.852075010538101196e-02 3.449113294482231140e-02 9.986449480056762695e-01
4.888388328254222870e-03 -1.818396616727113724e-03 2.214617328718304634e-03 -1.907080598175525665e-02 7.038931362330913544e-03 2.288353396579623222e-03 9.997907280921936035e-01
2.413117559626698494e-03 -5.060384050011634827e-03 2.817322732880711555e-03 -2.019369229674339294e-02 9.301965124905109406e-03 1.285627670586109161e-02 9.996701478958129883e-01
1.769183902069926262e-03 -6.069453433156013489e-03 3.056884976103901863e-03 -1.976691931486129761e-02 1.056590117514133453e-02 1.551063545048236847e-02 9.996284842491149902e-01
1.722591347061097622e-03 -6.932181306183338165e-03 3.316533518955111504e-03 -2.135961689054965973e-02 1.263564918190240860e-02 2.134727314114570618e-02 9.994640350341796875e-01
1.781530329026281834e-03 -7.800549734383821487e-03 3.732950659468770027e-03 -2.199496328830718994e-02 1.342136412858963013e-02 2.373323403298854828e-02 9.993862509727478027e-01
1.930568134412169456e-03 -8.695592172443866730e-03 4.197108559310436249e-03 -2.313528023660182953e-02 1.473885308951139450e-02 2.688228897750377655e-02 9.992621541023254395e-01
2.201414201408624649e-03 -9.646256454288959503e-03 4.661626648157835007e-03 -2.798555605113506317e-02 1.827531121671199799e-02 3.545831516385078430e-02 9.988120794296264648e-01
2.365138381719589233e-03 -1.068793423473834991e-02 5.140435416251420975e-03 -3.070618957281112671e-02 2.009800262749195099e-02 4.025361686944961548e-02 9.985153079032897949e-01
2.614063210785388947e-03 -1.178055722266435623e-02 5.631090141832828522e-03 -3.340892493724822998e-02 2.226474508643150330e-02 4.488230496644973755e-02 9.981852173805236816e-01
2.907503396272659302e-03 -1.291274838149547577e-02 6.192709784954786301e-03 -3.534557297825813293e-02 2.380521409213542938e-02 4.855140298604965210e-02 9.979112148284912109e-01
3.151657758280634880e-03 -1.415045652538537979e-02 6.727134343236684799e-03 -3.473192453384399414e-02 2.345112711191177368e-02 5.082672461867332458e-02 9.978278279304504395e-01
3.679877845570445061e-03 -1.540899369865655899e-02 7.300411351025104523e-03 -3.762616217136383057e-02 2.567444369196891785e-02 5.789275467395782471e-02 9.972830414772033691e-01
3.914043307304382324e-03 -1.687163487076759338e-02 7.747486233711242676e-03 -3.926667571067810059e-02 2.636357396841049194e-02 6.534710526466369629e-02 9.967411160469055176e-01
4.361138679087162018e-03 -1.835682801902294159e-02 8.264356292784214020e-03 -4.012282565236091614e-02 2.691519632935523987e-02 7.185251265764236450e-02 9.962444305419921875e-01
4.508526530116796494e-03 -2.005612850189208984e-02 8.653357625007629395e-03 -4.006919264793395996e-02 2.647580020129680634e-02 7.845354080200195312e-02 9.957602620124816895e-01
4.833715036511421204e-03 -2.182471752166748047e-02 9.009145200252532959e-03 -4.227170720696449280e-02 2.726167812943458557e-02 8.953617513179779053e-02 9.947125911712646484e-01
5.403425078839063644e-03 -2.358179166913032532e-02 9.463153779506683350e-03 -4.291765391826629639e-02 2.766389958560466766e-02 9.426921606063842773e-02 9.942364692687988281e-01
6.321743596345186234e-03 -2.536959014832973480e-02 9.848035871982574463e-03 -4.708727821707725525e-02 3.073554672300815582e-02 1.040976867079734802e-01 9.929762482643127441e-01
7.196222897619009018e-03 -2.720084972679615021e-02 1.034183427691459656e-02 -5.123041942715644836e-02 3.301654756069183350e-02 1.105342954397201538e-01 9.920017719268798828e-01
6.647801958024501801e-03 -2.936167828738689423e-02 1.085637230426073074e-02 -5.553504452109336853e-02 2.789412811398506165e-02 1.160937100648880005e-01 9.912921190261840820e-01
7.893348112702369690e-03 -3.111798688769340515e-02 1.137900818139314651e-02 -6.046560406684875488e-02 3.080574981868267059e-02 1.260168999433517456e-01 9.897043108940124512e-01
8.297210559248924255e-03 -3.295906260609626770e-02 1.195021439343690872e-02 -5.934090539813041687e-02 2.938076481223106384e-02 1.245595142245292664e-01 9.900001883506774902e-01
8.015908300876617432e-03 -3.487969934940338135e-02 1.246772427111864090e-02 -5.456169322133064270e-02 2.546008676290512085e-02 1.155583485960960388e-01 9.914742112159729004e-01
7.884636521339416504e-03 -3.677833080291748047e-02 1.258535310626029968e-02 -5.232026800513267517e-02 2.322278171777725220e-02 1.111737489700317383e-01 9.921510219573974609e-01
9.946218691766262054e-03 -3.794189915060997009e-02 1.302030496299266815e-02 -6.115225702524185181e-02 2.969887852668762207e-02 1.274384260177612305e-01 9.895139336585998535e-01
1.035292726010084152e-02 -3.133827447891235352e-02 1.151052676141262054e-02 -4.713152721524238586e-02 2.212754450738430023e-02 9.955868124961853027e-02 9.936684966087341309e-01
1.962950080633163452e-02 -1.660391315817832947e-02 1.229586917906999588e-02 -2.204615809023380280e-02 8.727532811462879181e-03 5.034198239445686340e-02 9.984505176544189453e-01
2.014826051890850067e-02 5.152980331331491470e-03 7.129344623535871506e-03 -2.947278786450624466e-03 -3.031914122402667999e-03 7.461582776159048080e-03 9.999632239341735840e-01
1.389134954661130905e-02 5.042003467679023743e-03 4.594792611896991730e-03 -2.603607019409537315e-03 -3.364085685461759567e-03 6.542788352817296982e-03 9.999695420265197754e-01
8.163427002727985382e-03 3.007671330124139786e-03 2.868263050913810730e-03 -2.239093417301774025e-03 -2.981296041980385780e-03 7.592665031552314758e-03 9.999642372131347656e-01
7.611619308590888977e-03 2.793054096400737762e-03 2.635998651385307312e-03 -2.534099854528903961e-03 -2.597746672108769417e-03 7.839767262339591980e-03 9.999626874923706055e-01
6.986543070524930954e-03 2.513452665880322456e-03 2.469095634296536446e-03 -2.156589645892381668e-03 -2.395168645307421684e-03 7.594218011945486069e-03 9.999659657478332520e-01
6.316830404102802277e-03 2.348075387999415398e-03 2.156920032575726509e-03 -2.110583707690238953e-03 -2.168507780879735947e-03 6.953611038625240326e-03 9.999712705612182617e-01
5.629844963550567627e-03 1.993602840229868889e-03 1.922703580930829048e-03 -2.174265682697296143e-03 -1.615492510609328747e-03 6.924699526280164719e-03 9.999723434448242188e-01
4.854221362620592117e-03 1.764748361892998219e-03 1.641612849198281765e-03 -1.735362922772765160e-03 -1.563264289870858192e-03 5.796120967715978622e-03 9.999804496765136719e-01
4.062291234731674194e-03 1.459841267205774784e-03 1.404400332830846310e-03 -1.325887860730290413e-03 -1.025459147058427334e-03 4.620937164872884750e-03 9.999879002571105957e-01
3.254562150686979294e-03 1.178133185021579266e-03 1.090556848794221878e-03 -1.103806542232632637e-03 -6.997752934694290161e-04 3.578250762075185776e-03 9.999927282333374023e-01
5.333108361810445786e-03 1.746175228618085384e-03 1.595473848283290863e-03 -1.594852801645174623e-04 -9.912399109452962875e-04 1.397960004396736622e-03 9.999985098838806152e-01
8.281310088932514191e-03 1.747468486428260803e-03 2.458633622154593468e-03 -1.589591120136901736e-04 -7.123373216018080711e-04 6.094157579354941845e-04 9.999995231628417969e-01
1.097611114382743835e-01 -1.194710582494735718e-01 6.609942018985748291e-02 -2.102886736392974854e-01 1.663064956665039062e-01 3.161774575710296631e-01 9.100289344787597656e-01
9.676338732242584229e-02 -1.124895438551902771e-01 5.992490798234939575e-02 -1.964655220508575439e-01 1.498164087533950806e-01 2.831741869449615479e-01 9.266977310180664062e-01
9.270150959491729736e-02 -9.694694727659225464e-02 5.429530888795852661e-02 -2.183936238288879395e-01 1.573470979928970337e-01 2.958139479160308838e-01 9.165371060371398926e-01
8.543030172586441040e-02 -8.422558754682540894e-02 4.812115430831909180e-02 -2.327305674552917480e-01 1.695472151041030884e-01 3.156107962131500244e-01 9.041460156440734863e-01
7.504395395517349243e-02 -7.413290441036224365e-02 4.246426001191139221e-02 -2.214490324258804321e-01 1.643775850534439087e-01 3.044431507587432861e-01 9.117317199707031250e-01
6.431341171264648438e-02 -6.426491588354110718e-02 3.678719326853752136e-02 -1.913157850503921509e-01 1.406753361225128174e-01 2.573035657405853271e-01 9.366982579231262207e-01
5.349383875727653503e-02 -5.428475886583328247e-02 3.125827759504318237e-02 -1.694624871015548706e-01 1.239371076226234436e-01 2.225425392389297485e-01 9.520487785339355469e-01
4.347677901387214661e-02 -4.360124841332435608e-02 2.543708123266696930e-02 -1.370678246021270752e-01 1.011365875601768494e-01 1.755130141973495483e-01 9.696282744407653809e-01
3.251077607274055481e-02 -3.371839970350265503e-02 1.971528679132461548e-02 -1.073123142123222351e-01 7.920259237289428711e-02 1.336639374494552612e-01 9.820106625556945801e-01
2.220503985881805420e-02 -2.320429496467113495e-02 1.365688815712928772e-02 -8.629292994737625122e-02 5.871541053056716919e-02 9.909903258085250854e-02 9.895884990692138672e-01
1.352475862950086594e-02 -1.107713952660560608e-02 7.649802137166261673e-03 -5.742960795760154724e-02 3.424981236457824707e-02 5.124349892139434814e-02 9.964451193809509277e-01
7.501407526433467865e-03 -7.457135245203971863e-03 5.501404404640197754e-03 -3.952170163393020630e-02 1.983852498233318329e-02 2.224204130470752716e-02 9.987741112709045410e-01
4.596795421093702316e-03 -1.091546285897493362e-02 6.018441636115312576e-03 -3.609793260693550110e-02 1.929067075252532959e-02 2.723070606589317322e-02 9.987909197807312012e-01
3.784455126151442528e-03 -1.287480350583791733e-02 6.454313173890113831e-03 -3.565736114978790283e-02 2.098106406629085541e-02 3.150729462504386902e-02 9.986469149589538574e-01
3.861495293676853180e-03 -1.455155573785305023e-02 7.229115348309278488e-03 -4.128525033593177795e-02 2.639471553266048431e-02 4.263165593147277832e-02 9.978884458541870117e-01
4.356783349066972733e-03 -1.621200330555438995e-02 8.179440163075923920e-03 -4.453323408961296082e-02 3.005332686007022858e-02 4.861536249518394470e-02 9.973716139793395996e-01
4.811265040189027786e-03 -1.805784739553928375e-02 9.093466214835643768e-03 -5.170137062668800354e-02 3.591024130582809448e-02 5.965645238757133484e-02 9.962321519851684570e-01
5.149697419255971909e-03 -2.009414322674274445e-02 1.000417768955230713e-02 -5.597228556871414185e-02 3.964472562074661255e-02 6.861440092325210571e-02 9.952825903892517090e-01
5.929633975028991699e-03 -2.210452966392040253e-02 1.103820931166410446e-02 -6.203526258468627930e-02 4.439489543437957764e-02 7.845300436019897461e-02 9.939948916435241699e-01
6.887355819344520569e-03 -2.417919784784317017e-02 1.216306164860725403e-02 -6.676664203405380249e-02 4.910960793495178223e-02 8.702448755502700806e-02 9.927523136138916016e-01
7.493022829294204712e-03 -2.652596496045589447e-02 1.327532343566417694e-02 -6.744359433650970459e-02 5.043743550777435303e-02 9.264741092920303345e-02 9.921309947967529297e-01
8.660162799060344696e-03 -2.892295457422733307e-02 1.434110291302204132e-02 -7.221285998821258545e-02 5.513412505388259888e-02 1.080444827675819397e-01 9.899858236312866211e-01
9.867348708212375641e-03 -3.144097328186035156e-02 1.550025492906570435e-02 -7.649153470993041992e-02 5.919180810451507568e-02 1.216635927557945251e-01 9.878478646278381348e-01
1.092903129756450653e-02 -3.421578928828239441e-02 1.660448871552944183e-02 -8.008704334497451782e-02 6.224226951599121094e-02 1.368358284235000610e-01 9.853872060775756836e-01
1.200275402516126633e-02 -3.723717108368873596e-02 1.760252378880977631e-02 -7.986365258693695068e-02 6.188531219959259033e-02 1.487545520067214966e-01 9.836992025375366211e-01
1.355995517224073410e-02 -4.048489034175872803e-02 1.817718334496021271e-02 -8.323462307453155518e-02 6.556514650583267212e-02 1.722699999809265137e-01 9.793345928192138672e-01
1.549020875245332718e-02 -4.369641840457916260e-02 1.893346197903156281e-02 -8.477593958377838135e-02 6.856787204742431641e-02 1.867529600858688354e-01 9.763374328613281250e-01
1.783414743840694427e-02 -4.683476686477661133e-02 1.988345012068748474e-02 -9.105271100997924805e-02 7.330638170242309570e-02 2.025408148765563965e-01 9.722719788551330566e-01
2.051405236124992371e-02 -4.993938654661178589e-02 2.096087113022804260e-02 -1.013971939682960510e-01 8.062505722045898438e-02 2.195232212543487549e-01 9.669683575630187988e-01
2.108717150986194611e-02 -5.400298908352851868e-02 2.191747538745403290e-02 -1.110331490635871887e-01 7.562007755041122437e-02 2.339849174022674561e-01 9.629144668579101562e-01
1.999394595623016357e-02 -5.882417038083076477e-02 2.245360240340232849e-02 -1.166006922721862793e-01 6.692450493574142456e-02 2.413178533315658569e-01 9.610884785652160645e-01
2.309791184961795807e-02 -6.171423941850662231e-02 2.387445420026779175e-02 -1.198529452085494995e-01 7.012449204921722412e-02 2.509554624557495117e-01 9.579870700836181641e-01
2.548245713114738464e-02 -6.455904245376586914e-02 2.544888481497764587e-02 -1.186116933822631836e-01 6.926001608371734619e-02 2.482714653015136719e-01 9.589033126831054688e-01
2.489910461008548737e-02 -6.863802671432495117e-02 2.616515941917896271e-02 -1.063267663121223450e-01 5.771161243319511414e-02 2.262725532054901123e-01 9.665219783782958984e-01
2.728745900094509125e-02 -7.135315984487533569e-02 2.690213546156883240e-02 -1.143354102969169617e-01 6.585889309644699097e-02 2.435748577117919922e-01 9.608649015426635742e-01
2.739709988236427307e-02 -6.651483476161956787e-02 2.536588534712791443e-02 -1.022901833057403564e-01 5.702083185315132141e-02 2.164803147315979004e-01 9.692376255989074707e-01
3.428700566291809082e-02 -4.726716876029968262e-02 2.480796724557876587e-02 -6.801707297563552856e-02 3.654469177126884460e-02 1.450601816177368164e-01 9.864054322242736816e-01
4.539221152663230896e-02 -9.456261061131954193e-03 1.993006467819213867e-02 -2.253962680697441101e-02 7.869950495660305023e-03 5.134773626923561096e-02 9.983954429626464844e-01
3.399122133851051331e-02 1.094292569905519485e-02 1.119949109852313995e-02 -4.702742677181959152e-03 -4.735506139695644379e-03 1.382211595773696899e-02 9.998822212219238281e-01
2.194530889391899109e-02 7.763094734400510788e-03 7.663891650736331940e-03 -3.704308532178401947e-03 -5.697393324226140976e-03 1.602384820580482483e-02 9.998485445976257324e-01
1.577763631939888000e-02 5.689150188118219376e-03 5.589880980551242828e-03 -3.961688373237848282e-03 -5.481541622430086136e-03 1.806544885039329529e-02 9.998139142990112305e-01
1.460834406316280365e-02 5.243979394435882568e-03 5.116576794534921646e-03 -4.587636329233646393e-03 -4.898486193269491196e-03 1.838448084890842438e-02 9.998084902763366699e-01
1.325917150825262070e-02 4.925999790430068970e-03 4.660960286855697632e-03 -3.650956554338335991e-03 -4.681859631091356277e-03 1.655456051230430603e-02 9.998453259468078613e-01
1.193689554929733276e-02 4.354439210146665573e-03 4.068017471581697464e-03 -4.559920635074377060e-03 -3.602633951231837273e-03 1.653046719729900360e-02 9.998464584350585938e-01
1.045533269643783569e-02 3.832118120044469833e-03 3.539385274052619934e-03 -3.721577813848853111e-03 -3.355389460921287537e-03 1.488796807825565338e-02 9.998766183853149414e-01
8.891004137694835663e-03 3.256664844229817390e-03 3.047529840841889381e-03 -3.192492993548512459e-03 -2.224420895799994469e-03 1.261164899915456772e-02 9.999129176139831543e-01
7.308982778340578079e-03 2.618871163576841354e-03 2.482357434928417206e-03 -2.516350476071238518e-03 -1.556088100187480450e-03 1.090869866311550140e-02 9.999361038208007812e-01
8.240057155489921570e-03 2.779097994789481163e-03 2.685285639017820358e-03 -1.654383842833340168e-03 -7.436586311087012291e-04 8.046831935644149780e-03 9.999659657478332520e-01
1.354506984353065491e-02 3.487174864858388901e-03 4.010676406323909760e-03 -5.350383435143157840e-05 3.020440053660422564e-04 3.037324408069252968e-03 9.999953508377075195e-01
