0.000000000000000000e+00 0.000000000000000000e+00 0.000000000000000000e+00 0.000000000000000000e+00 0.000000000000000000e+00 0.000000000000000000e+00 1.000000000000000000e+00
8.295879513025283813e-02 -1.013390254229307175e-02 3.661825507879257202e-02 -2.579441074928303171e-02 7.431308018032658017e-03 2.577256696637620498e-02 9.993073595381963825e-01
1.585546356804550250e-01 -1.903300872605418262e-02 7.086967885130085465e-02 -5.095165314819736363e-02 1.510833297388724898e-02 5.013221091162250315e-02 9.973276436283757818e-01
2.269811282009575049e-01 -2.629680222798478489e-02 1.022195174644548316e-01 -7.564645260376337554e-02 2.273856003342859117e-02 7.241928134278362295e-02 9.942414293248232893e-01
2.880634795067759657e-01 -3.232834303499616119e-02 1.307486383873662505e-01 -9.936459482095162665e-02 3.036789697810565736e-02 9.328540649132671669e-02 9.902031615102747653e-01
3.417001085265541915e-01 -3.702809397427753169e-02 1.565648962168197378e-01 -1.219106853352898839e-01 3.767163940683613405e-02 1.118443976456595518e-01 9.854996007613401332e-01
3.877889036600413730e-01 -4.117867399499883230e-02 1.796066106138389240e-01 -1.428564919470857730e-01 4.452965478052659659e-02 1.283121229425483456e-01 9.803800955036141573e-01
4.263298762332486391e-01 -4.421225216635280009e-02 1.998877383495026583e-01 -1.620226560537818550e-01 5.108934279139012991e-02 1.423668688767399382e-01 9.751257419557002315e-01
4.570722226810282063e-01 -4.675913370268974800e-02 2.176568618624005746e-01 -1.793549894117783261e-01 5.741108140891558465e-02 1.540741034494598760e-01 9.699468676947231582e-01
4.801431621758014412e-01 -4.864849408224934668e-02 2.326741705971362706e-01 -1.945777015478355743e-01 6.329982685642690510e-02 1.627406434307409333e-01 9.652192149745343341e-01
4.955931141518982730e-01 -5.025721832117793775e-02 2.446166357366538202e-01 -2.073410384754424685e-01 6.918622784326335096e-02 1.688959169430508112e-01 9.610916339666636388e-01
5.038592444546732274e-01 -5.128890034813549104e-02 2.532150805727678144e-01 -2.164936381370635154e-01 6.826313957279731004e-02 1.729905900313081779e-01 9.584074833714847363e-01
5.053211061194081699e-01 -5.119641774587184446e-02 2.588107222008718122e-01 -2.232171724092955889e-01 6.704355185050148158e-02 1.741992822588120937e-01 9.567308222051711386e-01
5.076137126773490049e-01 -5.181104134497641761e-02 2.647873957751720742e-01 -2.280579652105073352e-01 6.606867404595839766e-02 1.728794305829239597e-01 9.558960180350035696e-01
5.109416160584019373e-01 -5.301467742863999466e-02 2.711993253714038987e-01 -2.309830057114176660e-01 6.531400593168755486e-02 1.696946196230612047e-01 9.558162311724253124e-01
5.147637379977560990e-01 -5.537028112974404920e-02 2.780152759417439667e-01 -2.317470886686222586e-01 6.473679809188184753e-02 1.644259008031712932e-01 9.565911127600414954e-01
5.190520336409945035e-01 -5.759534987563127290e-02 2.856849250761971937e-01 -2.317697742106396841e-01 6.442278260006537027e-02 1.579604015280503815e-01 9.576956658529425237e-01
5.235959253203577024e-01 -6.131955835381176084e-02 2.937090303909010158e-01 -2.299355816563259380e-01 6.413934226857574694e-02 1.503581902496634315e-01 9.593790636065431254e-01
5.295608175979311660e-01 -6.405404802771701156e-02 3.023427010479666777e-01 -2.273921239428809415e-01 6.421656045975111804e-02 1.418518953839765506e-01 9.612736837693196534e-01
5.354544599306084729e-01 -6.749615551795394575e-02 3.119108717463114355e-01 -2.237307974873674332e-01 6.391296344512678584e-02 1.326312991512382800e-01 9.634669697736312211e-01
5.422911438923542216e-01 -7.122126854387213213e-02 3.219249968440559551e-01 -2.193184967472152080e-01 6.406049052563690671e-02 1.231013635779643345e-01 9.657337649804952351e-01
5.505152401114989935e-01 -7.493331401701594507e-02 3.321720598781259248e-01 -2.143868879910766079e-01 6.421203090062713170e-02 1.138536238651671056e-01 9.679630311524751729e-01
5.596858453065830519e-01 -7.966161059447497694e-02 3.425875084823647443e-01 -2.082085391446056866e-01 6.426010573530029080e-02 1.049898301311879556e-01 9.703076721366173940e-01
5.701623204065817685e-01 -8.319324869019642521e-02 3.537813478382952348e-01 -2.018740262933767793e-01 6.445528950204890140e-02 9.692321698097759730e-02 9.724701965476199028e-01
5.816355217983523174e-01 -8.776491416284845637e-02 3.653065568154166831e-01 -1.951814363911216210e-01 6.465028464343049175e-02 9.003465730196955064e-02 9.744836109798558077e-01
5.941309273824156856e-01 -9.279868633270320355e-02 3.774078668955300198e-01 -1.883986603984513508e-01 6.493941107736521390e-02 8.436887052637373485e-02 9.763046201545386715e-01
6.083107524713124992e-01 -9.729905568017718775e-02 3.898583277462600027e-01 -1.818326709533884811e-01 6.534379724524098931e-02 8.056446353251030257e-02 9.778427456146762120e-01
6.237798536784594505e-01 -1.020262539626677900e-01 4.029073204155934063e-01 -1.755202697830087755e-01 6.573155688763041016e-02 7.878772180258783453e-02 9.791141364609061704e-01
6.408627044544293883e-01 -1.065687861648784984e-01 4.164142440053809069e-01 -1.696471125034594851e-01 6.627947770034556263e-02 7.908462821166581391e-02 9.800880111681963269e-01
6.596163130415304554e-01 -1.109844212406601999e-01 4.303863525586260619e-01 -1.643023236029811096e-01 6.714731690110438411e-02 8.234215078657182441e-02 9.806710735488660680e-01
6.800567303151220377e-01 -1.151341047643078402e-01 4.449344362797540420e-01 -1.602576534268004560e-01 6.834486988829592546e-02 8.823165061062535064e-02 9.807454507203241523e-01
7.014610671755606708e-01 -1.196308189472895800e-01 4.609326103859521240e-01 -1.564578483982384527e-01 6.271314898547990235e-02 9.816346225307528983e-02 9.807914851268886292e-01
7.241624116481720774e-01 -1.242761836827862981e-01 4.781132944126598172e-01 -1.536346381368373371e-01 5.633699706105345373e-02 1.110897239013522997e-01 9.802456906154839444e-01
7.487432350796361380e-01 -1.283945311942850387e-01 4.957072921364975571e-01 -1.518323837743011662e-01 4.935960540887640580e-02 1.262096394825343026e-01 9.790718479728554025e-01
7.750534410274334540e-01 -1.317710706127944720e-01 5.138850715980355366e-01 -1.506071266006001608e-01 4.215692965812062321e-02 1.437756064501014841e-01 9.771739157840924062e-01
8.026308311165235576e-01 -1.345779453520322411e-01 5.328764535338866848e-01 -1.502201505473306220e-01 3.501235194587688088e-02 1.633642624107958241e-01 9.744332503295092263e-01
8.311698309703121623e-01 -1.390971213093973036e-01 5.531357143739112914e-01 -1.500889849269447796e-01 2.760393257788926885e-02 1.845468488797415152e-01 9.709035894868205396e-01
8.536592630940166293e-01 -1.427184509399774814e-01 5.715511109605669882e-01 -1.504729893262271301e-01 2.003284638206730139e-02 2.069103295185989455e-01 9.665116037004244376e-01
8.706896042409787428e-01 -1.437239131194690822e-01 5.870033038504640643e-01 -1.520168810382716285e-01 1.274461113444521482e-02 2.300814618162010938e-01 9.611404495155470018e-01
8.822808096683563139e-01 -1.449411147477066009e-01 5.995466324005555014e-01 -1.534160844184855321e-01 5.674355826678867572e-03 2.537148154419788804e-01 9.550183763430393213e-01
8.874447104096858663e-01 -1.443093792864167391e-01 6.104999516007337812e-01 -1.556422419949016200e-01 -9.170249793066105300e-04 2.775703599459156123e-01 9.480133684982943176e-01
8.863540245844907517e-01 -1.412660662915622700e-01 6.195795514266463355e-01 -1.572810605810408269e-01 -7.188946361456174765e-03 3.004178441310171310e-01 9.407231824295535505e-01
8.856076316186889397e-01 -1.394243690281342096e-01 6.292602213225065855e-01 -1.589071534378510842e-01 -1.306400415783487944e-02 3.234609061052036716e-01 9.327115795374495422e-01
8.848704901830843905e-01 -1.367383555357787883e-01 6.391385479763012079e-01 -1.607123936525793884e-01 -1.795107362252263902e-02 3.454836539846899979e-01 9.243864615579591160e-01
8.830633444957185496e-01 -1.329465698417848507e-01 6.490858451040116828e-01 -1.622609152420356193e-01 -2.205138446802356808e-02 3.661450891950934206e-01 9.160365197338898868e-01
8.826281687463486403e-01 -1.287059757957628725e-01 6.597159802969765341e-01 -1.639647414002639303e-01 -2.521311648784212156e-02 3.855535109602080124e-01 9.076499063630051323e-01
8.798589216644339128e-01 -1.234090851024364360e-01 6.704202719372140962e-01 -1.650760550909834423e-01 -2.754215974699346370e-02 4.030966043823452361e-01 8.997246539955948696e-01
8.752756219258454040e-01 -1.184463299179232265e-01 6.817024096958100854e-01 -1.660613828140538317e-01 -2.891145128382526658e-02 4.186052212936927641e-01 8.923886002343406343e-01
8.678797281529823104e-01 -1.157596650195946569e-01 6.935660804352382636e-01 -1.668493000228351009e-01 -2.864712950420771412e-02 4.317967368306429021e-01 8.859414377460101964e-01
8.701138501083952592e-01 -1.065111103036839035e-01 7.035415837068726974e-01 -1.674290489540165017e-01 -2.743245009091277789e-02 4.416005569977807799e-01 8.810243596561975199e-01
8.774573325199893636e-01 -1.048154410692084537e-01 7.155365981032293377e-01 -1.681287714846799175e-01 -2.471700544380367806e-02 4.490555893316843239e-01 8.771948834386329441e-01
