-4.452462308108806610e-03 9.506114125251770020e-01 -2.659993059933185577e-02
-1.053845975548028946e-02 8.746847510337829590e-01 -1.796376891434192657e-02
-1.537334080785512924e-02 7.977507114410400391e-01 -9.590528905391693115e-03
-1.999768242239952087e-02 7.199791073799133301e-01 -4.054308868944644928e-03
-2.294432744383811951e-02 6.415578722953796387e-01 1.692925812676548958e-03
-2.456113696098327637e-02 5.626180171966552734e-01 6.733704358339309692e-03
-2.480385266244411469e-02 4.835063517093658447e-01 1.157476566731929779e-02
-2.354013174772262573e-02 4.035329818725585938e-01 1.611919887363910675e-02
-2.084220014512538910e-02 3.247061371803283691e-01 2.049965038895606995e-02
-1.705183833837509155e-02 2.427247911691665649e-01 2.478411234915256500e-02
-1.152349449694156647e-02 1.674118041992187500e-01 2.897576615214347839e-02
-5.564569495618343353e-03 7.477998733520507812e-02 3.468930348753929138e-02
-3.462918102741241455e-04 3.258427232503890991e-02 3.692345693707466125e-02
4.576157312840223312e-03 5.475125461816787720e-02 3.531752154231071472e-02
8.817494846880435944e-03 5.601741746068000793e-02 3.513695672154426575e-02
1.258404739201068878e-02 6.701079756021499634e-02 3.446275740861892700e-02
1.569215767085552216e-02 7.477593421936035156e-02 3.405481949448585510e-02
1.807693205773830414e-02 8.471608906984329224e-02 3.355178609490394592e-02
1.985942572355270386e-02 9.461580961942672729e-02 3.308121487498283386e-02
2.099580690264701843e-02 1.053713038563728333e-01 3.257715702056884766e-02
2.161436341702938080e-02 1.166680157184600830e-01 3.202513605356216431e-02
2.176074497401714325e-02 1.286420077085494995e-01 3.153109923005104065e-02
2.133786864578723907e-02 1.413665115833282471e-01 3.081632405519485474e-02
2.075430564582347870e-02 1.548790335655212402e-01 3.061814978718757629e-02
1.991637423634529114e-02 1.690929830074310303e-01 3.059547953307628632e-02
1.857035607099533081e-02 1.841280758380889893e-01 2.997550368309020996e-02
1.703114621341228485e-02 1.999118775129318237e-01 2.964651584625244141e-02
1.520721055567264557e-02 2.165896147489547729e-01 2.931509725749492645e-02
1.321324706077575684e-02 2.338848263025283813e-01 2.922668494284152985e-02
1.080832630395889282e-02 2.522737085819244385e-01 2.918882481753826141e-02
8.157419040799140930e-03 2.706258893013000488e-01 2.972985617816448212e-02
5.057610571384429932e-03 2.902868092060089111e-01 3.045441769063472748e-02
1.660278998315334320e-03 3.085664808750152588e-01 3.109869919717311859e-02
-1.633479725569486618e-03 3.288153111934661865e-01 3.203582763671875000e-02
-4.885402042418718338e-03 3.410062789916992188e-01 3.364542871713638306e-02
-8.082355372607707977e-03 3.691721856594085693e-01 3.448908403515815735e-02
-1.109509170055389404e-02 3.501670360565185547e-01 3.841556236147880554e-02
-1.391047611832618713e-02 2.713299989700317383e-01 4.616410285234451294e-02
-1.627774164080619812e-02 2.094590216875076294e-01 5.289826169610023499e-02
-1.797724142670631409e-02 1.436557918787002563e-01 5.986311286687850952e-02
-1.906337030231952667e-02 6.783976405858993530e-02 6.735009700059890747e-02
-1.916353404521942139e-02 2.458767779171466827e-02 7.264771312475204468e-02
-1.824018731713294983e-02 2.712935023009777069e-02 7.486721128225326538e-02
-1.625723391771316528e-02 1.307970657944679260e-02 7.782774418592453003e-02
-1.312191039323806763e-02 6.041651591658592224e-03 8.001250773668289185e-02
-8.730568923056125641e-03 -5.891542416065931320e-03 8.211587369441986084e-02
-3.096123691648244858e-03 -1.291523035615682602e-02 8.351960778236389160e-02
3.766941372305154800e-03 -2.964717522263526917e-02 8.513160794973373413e-02
1.195131614804267883e-02 -2.149578556418418884e-02 8.481826633214950562e-02
2.129462547600269318e-02 1.884892582893371582e-02 8.218655735254287720e-02
3.194349259138107300e-02 4.809068888425827026e-02 7.994926720857620239e-02
