0.000000000000000000e+00 0.000000000000000000e+00 0.000000000000000000e+00 0.000000000000000000e+00 0.000000000000000000e+00 0.000000000000000000e+00 1.000000000000000000e+00
8.424497395753860474e-02 -6.600222084671258926e-03 3.442346677184104919e-02 -2.662579603683808485e-02 6.723198453787635614e-03 2.557081244558628841e-02 9.992957515865001916e-01
1.602464903489958514e-01 -1.498986856703385211e-02 6.789684694774746065e-02 -5.279903906800211683e-02 1.425328367358699895e-02 5.062123363825233452e-02 9.972194322630085761e-01
2.296352248210907776e-01 -1.943172940827718118e-02 9.761609868052109618e-02 -7.797858317026751251e-02 2.162070327395025984e-02 7.294427755410447245e-02 9.940477946903797379e-01
2.913445528591153133e-01 -2.435688043671149772e-02 1.249847967726690212e-01 -1.023218053745433287e-01 2.953132654952485281e-02 9.496394607221098072e-02 9.897676484122490681e-01
3.455647315204052328e-01 -2.815597320622729299e-02 1.497071348170335436e-01 -1.251619164803490780e-01 3.682994475086115438e-02 1.142639705145925139e-01 9.848460767423785622e-01
3.925640937546019948e-01 -3.148490326113902865e-02 1.709745656160112648e-01 -1.458645416020880048e-01 4.337288307877797122e-02 1.310535938713210669e-01 9.796260940022261110e-01
4.322829561809337084e-01 -3.312101969979922012e-02 1.890208562904224232e-01 -1.647297874828898001e-01 4.957728751287313051e-02 1.450745588888290305e-01 9.743508413512658173e-01
4.643291818115835579e-01 -3.359789093109660091e-02 2.045170558344890366e-01 -1.819303256995988272e-01 5.578120420863434681e-02 1.564864058445138983e-01 9.691758450527636626e-01
4.892861166743200929e-01 -3.340945840520188892e-02 2.162845311678523452e-01 -1.969997946722074345e-01 6.145332468011614757e-02 1.644082678198131586e-01 9.645644049296847600e-01
5.068034308565414481e-01 -3.335310578241533486e-02 2.250624603332244678e-01 -2.098622227206307922e-01 6.698137968421724597e-02 1.698571694785140918e-01 9.605310428232407549e-01
5.177290711187843009e-01 -3.371801503112371867e-02 2.299434185938280251e-01 -2.188806418344882987e-01 6.547402606562778560e-02 1.735120639389882702e-01 9.579655422866274472e-01
5.227455497006661123e-01 -3.196235847959456172e-02 2.322258315397343897e-01 -2.250677986205023851e-01 6.431351760208249557e-02 1.745027668398300980e-01 9.564293187909974625e-01
5.283147855846316299e-01 -3.040451216111204891e-02 2.350385108309577809e-01 -2.293701707413660917e-01 6.341412588019591789e-02 1.726142797613254842e-01 9.558097529505577006e-01
5.348813716080662584e-01 -2.911225434570636691e-02 2.380128237194792384e-01 -2.317616191339060827e-01 6.256704881068989033e-02 1.690489070560415585e-01 9.559259298307106745e-01
5.423167858928502616e-01 -2.820046508640468297e-02 2.412528718679823880e-01 -2.321350199074138088e-01 6.200108749121457929e-02 1.636314021989932754e-01 9.568144866675476479e-01
5.505814413557238440e-01 -2.799230476418781977e-02 2.449698698343504288e-01 -2.318989518762022695e-01 6.153319973164315254e-02 1.569796527683677279e-01 9.580156209928036848e-01
5.596724308294314110e-01 -2.906604332871904825e-02 2.488562497403534191e-01 -2.297749850928863802e-01 6.113562815783447901e-02 1.493225407656372239e-01 9.597753226743254151e-01
5.694032821651439091e-01 -2.912918168744958042e-02 2.536420806827493490e-01 -2.271735984089924276e-01 6.127629233107392825e-02 1.408479499858804884e-01 9.616648205943906236e-01
5.797103440074171665e-01 -3.023935140525323487e-02 2.591796806262832709e-01 -2.236294247507085442e-01 6.109380855055321358e-02 1.318811282985872801e-01 9.637763199732326536e-01
5.907393434085879136e-01 -3.227116549496881343e-02 2.651069328334202391e-01 -2.195227414288745682e-01 6.094240926108285272e-02 1.224963929820624270e-01 9.659660565751729822e-01
6.028679476884745148e-01 -3.391132052280605713e-02 2.711587273082909921e-01 -2.147528464021482286e-01 6.095278406020016027e-02 1.134741765482583931e-01 9.681371722716676231e-01
6.163496900601725947e-01 -3.628559091384651880e-02 2.764069502436393155e-01 -2.084881966414630639e-01 6.065948763083138517e-02 1.047617322561257835e-01 9.705040329005600874e-01
6.308330509311295131e-01 -3.703781906737889373e-02 2.825059228479146478e-01 -2.020700712622654216e-01 6.067289514959967045e-02 9.673405090579029197e-02 9.726916312427000832e-01
6.463069440015299927e-01 -3.880113818339985671e-02 2.890491789310417614e-01 -1.953742205270422583e-01 6.088748053572698438e-02 8.978527334227193180e-02 9.747103330519870656e-01
6.627046327759857913e-01 -4.126515868601925846e-02 2.963265564968567412e-01 -1.885910736170098578e-01 6.115406195031051345e-02 8.446764000368796321e-02 9.765033566000520526e-01
6.807113296777769218e-01 -4.179999911905785126e-02 3.035243010902894945e-01 -1.820454880688703592e-01 6.158539953276216672e-02 8.090590563174132610e-02 9.780188716339089927e-01
7.000116324931803247e-01 -4.354252666583213055e-02 3.110327979092510908e-01 -1.756487432601895882e-01 6.170836626340536063e-02 7.943165210774678908e-02 9.793008777529259579e-01
7.207044085883865803e-01 -4.484485400052968390e-02 3.190955712880521045e-01 -1.698578266854035013e-01 6.230151517979728992e-02 7.997316832792635000e-02 9.802403441338283230e-01
7.428602114794287115e-01 -4.633638855104084409e-02 3.276577640797295743e-01 -1.645313903175796011e-01 6.317675476131882906e-02 8.384837834888081431e-02 9.807688660975406592e-01
7.661278857414847154e-01 -4.712469981147035525e-02 3.378886595266592519e-01 -1.607489751894148888e-01 6.471446337170455587e-02 9.062130897344124192e-02 9.806934197627744654e-01
7.906458013037662713e-01 -4.814371001863892302e-02 3.493839192283448303e-01 -1.568660215165215976e-01 5.882919237581418770e-02 1.009518551982585971e-01 9.806838942034367124e-01
8.164116409801500662e-01 -4.890464776863421431e-02 3.623318499036093931e-01 -1.543173089075295934e-01 5.243325125248833596e-02 1.140268997049230515e-01 9.800177490629008448e-01
8.441001380558004197e-01 -4.852134876210625891e-02 3.751352357855238795e-01 -1.531024045995994232e-01 4.558963358045289849e-02 1.293293319339790248e-01 9.786496630139568387e-01
8.739647471609270912e-01 -4.719624353714150372e-02 3.869846675084960275e-01 -1.521796019998548355e-01 3.837233500283485088e-02 1.481472810159413234e-01 9.764329550814945247e-01
9.050589991698300141e-01 -4.599621305836965740e-02 3.996642130377805469e-01 -1.519095120904709328e-01 3.113944455412597304e-02 1.689254001884035183e-01 9.733540179710993279e-01
9.376769313148093365e-01 -4.608614060649893901e-02 4.131325968780160673e-01 -1.518628990049140648e-01 2.364370924304276880e-02 1.909025158560073709e-01 9.695023797592765558e-01
9.648565177686199146e-01 -4.564065091693695481e-02 4.240452960738566590e-01 -1.522434660033524512e-01 1.563286480817894716e-02 2.142113751020138790e-01 9.647232905730428465e-01
9.859371511883158190e-01 -4.409063085777651519e-02 4.331567228654587542e-01 -1.539234830153249911e-01 7.898897680889985229e-03 2.386279463293591308e-01 9.588023112313038832e-01
1.002205427531302817e+00 -4.246807313576683035e-02 4.382442753187125173e-01 -1.552434187042613933e-01 4.891786127334328375e-04 2.629399196223624058e-01 9.522404319930359851e-01
1.012839129522465909e+00 -3.940547725894370801e-02 4.432026105830590978e-01 -1.573034333872202484e-01 -5.656984355906996033e-03 2.878258267495684697e-01 9.446586271391992362e-01
1.018924482057536496e+00 -3.234431632303716442e-02 4.456518944054720377e-01 -1.589779051791631870e-01 -1.199119213693988426e-02 3.108548463502145975e-01 9.369906624276276297e-01
1.026875815787335222e+00 -2.834158058291764981e-02 4.499435990218900172e-01 -1.602337034260964410e-01 -1.774996946414470964e-02 3.356898638309788740e-01 9.280745736154603076e-01
1.033379852537518406e+00 -2.188816529496673963e-02 4.545685649487758995e-01 -1.619674286215234127e-01 -2.184111840785328204e-02 3.592167947849208565e-01 9.188323089426458923e-01
1.039135250891754625e+00 -1.312804490750790060e-02 4.571623684835632306e-01 -1.627782221638376658e-01 -2.584822224358801143e-02 3.801887490089629340e-01 9.101052878228024223e-01
1.046538324298865064e+00 -5.250656554092989620e-03 4.609456282849211939e-01 -1.640995089429335418e-01 -2.895496440403427796e-02 4.007486439885252216e-01 9.009070349056040872e-01
1.050831466998927599e+00 6.020133805222349296e-03 4.631469523561893564e-01 -1.648573160011111149e-01 -3.147561567295149160e-02 4.181932315148983448e-01 8.927181929892797907e-01
1.056016159128933651e+00 1.788926774555124610e-02 4.654195847732209290e-01 -1.656875505461313236e-01 -3.281822092988763429e-02 4.343139344271017555e-01 8.847835929375450492e-01
1.058691487806441955e+00 3.158006392366295711e-02 4.682601434624798498e-01 -1.667517713250114830e-01 -3.271837085566149661e-02 4.475590586721768238e-01 8.779602747100790916e-01
1.068352263253075973e+00 4.070249214938510829e-02 4.719328076600966537e-01 -1.675323868012146278e-01 -3.166398009358246945e-02 4.579800578682373668e-01 8.724589149824347745e-01
1.080979209817395148e+00 4.384403159670708511e-02 4.775339976457456115e-01 -1.684725697521565757e-01 -2.883436757588054428e-02 4.658754640710538464e-01 8.681852477807855406e-01
