8.772316575050354004e-02 4.803922493010759354e-03 2.508189342916011810e-02 -2.274706028401851654e-02 5.426657851785421371e-03 1.904824934899806976e-02 9.995450377464294434e-01
7.906815409660339355e-02 -4.951399285346269608e-03 2.738446742296218872e-02 -2.400125749409198761e-02 6.862734444439411163e-03 2.053325809538364410e-02 9.994775056838989258e-01
7.067070156335830688e-02 -7.225360721349716187e-03 2.757750637829303741e-02 -2.394388429820537567e-02 7.516499143093824387e-03 1.795424520969390869e-02 9.995238184928894043e-01
6.177318096160888672e-02 -1.312256325036287308e-02 2.654753811657428741e-02 -2.369494922459125519e-02 8.700452744960784912e-03 1.895360276103019714e-02 9.995017051696777344e-01
5.382339656352996826e-02 -1.398737356066703796e-02 2.446720749139785767e-02 -2.175395563244819641e-02 7.987022399902343750e-03 1.631245017051696777e-02 9.995983839035034180e-01
4.568089544773101807e-02 -1.654064469039440155e-02 2.107597887516021729e-02 -1.944354549050331116e-02 7.206970825791358948e-03 1.412591151893138885e-02 9.996851682662963867e-01
3.837580978870391846e-02 -1.549171376973390579e-02 1.798104681074619293e-02 -1.730716787278652191e-02 6.986538413912057877e-03 1.131857838481664658e-02 9.997617602348327637e-01
3.116068989038467407e-02 -1.354022696614265442e-02 1.527935359627008438e-02 -1.565279066562652588e-02 6.981989368796348572e-03 8.887339383363723755e-03 9.998136162757873535e-01
2.479130774736404419e-02 -1.097734086215496063e-02 1.128858514130115509e-02 -1.323183439671993256e-02 6.454259157180786133e-03 5.980350542813539505e-03 9.998737573623657227e-01
1.768702082335948944e-02 -8.711122907698154449e-03 8.453551679849624634e-03 -1.102437172085046768e-02 6.418698001652956009e-03 4.305877257138490677e-03 9.999093413352966309e-01
1.094423420727252960e-02 -6.359295453876256943e-03 4.560540895909070969e-03 -8.341603912413120270e-03 -6.117091397754848003e-04 1.250913948751986027e-03 9.999642372131347656e-01
5.011512432247400284e-03 9.862906154012307525e-05 2.642433391883969307e-03 -5.625173915177583694e-03 -1.160914325737394392e-04 -8.986578322947025299e-04 9.999837875366210938e-01
5.413394887000322342e-03 6.143124192021787167e-04 3.112187376245856285e-03 -3.205776913091540337e-03 3.157419851049780846e-04 -3.716798732057213783e-03 9.999879002571105957e-01
6.195829715579748154e-03 -2.355816832277923822e-04 3.296819748356938362e-03 -1.385450363159179688e-03 4.456629394553601742e-04 -4.971783608198165894e-03 9.999865889549255371e-01
6.411735899746417999e-03 2.010690746828913689e-03 4.107142798602581024e-03 7.425263756886124611e-04 5.442261463031172752e-04 -7.295149844139814377e-03 9.999729394912719727e-01
7.698709610849618912e-03 -2.188080456107854843e-03 3.728206967934966087e-03 1.586445490829646587e-03 7.739894208498299122e-04 -8.108421228826045990e-03 9.999655485153198242e-01
8.221103809773921967e-03 -4.538925830274820328e-03 2.961036516353487968e-03 3.427617251873016357e-03 8.744197548367083073e-04 -8.761920034885406494e-03 9.999553561210632324e-01
9.232903830707073212e-03 -3.539743134751915932e-03 4.674503114074468613e-03 4.009920172393321991e-03 1.433185534551739693e-03 -9.611161425709724426e-03 9.999447464942932129e-01
9.275975637137889862e-03 -5.668002646416425705e-03 5.299048032611608505e-03 4.844342358410358429e-03 1.396674662828445435e-03 -9.687223471701145172e-03 9.999403953552246094e-01
9.759478271007537842e-03 -7.550263311713933945e-03 5.007006227970123291e-03 5.179444327950477600e-03 1.336641958914697170e-03 -9.730176068842411041e-03 9.999383687973022461e-01
1.155794225633144379e-02 -7.012724876403808594e-03 5.547789856791496277e-03 5.802351981401443481e-03 1.271213986910879612e-03 -9.328889660537242889e-03 9.999388456344604492e-01
1.305692642927169800e-02 -7.921919226646423340e-03 4.709839820861816406e-03 7.143417838960886002e-03 6.715644267387688160e-04 -8.936635218560695648e-03 9.999343156814575195e-01
1.479073055088520050e-02 -6.068762391805648804e-03 6.977033801376819611e-03 7.421252317726612091e-03 9.874757379293441772e-04 -8.208374492824077606e-03 9.999383091926574707e-01
1.558624673634767532e-02 -8.980442769825458527e-03 6.034553982317447662e-03 7.851256988942623138e-03 5.692202830687165260e-04 -7.068616803735494614e-03 9.999440312385559082e-01
1.651689037680625916e-02 -1.024970505386590958e-02 6.813821382820606232e-03 7.592780515551567078e-03 5.870930035598576069e-04 -5.489483475685119629e-03 9.999559521675109863e-01
1.958017610013484955e-02 -6.757259368896484375e-03 8.271146565675735474e-03 7.495766971260309219e-03 5.528758629225194454e-04 -4.125976469367742538e-03 9.999632239341735840e-01
2.063394710421562195e-02 -9.936779737472534180e-03 7.506567053496837616e-03 6.979650817811489105e-03 -1.281961885979399085e-04 -1.842142431996762753e-03 9.999739527702331543e-01
2.255846187472343445e-02 -9.122047573328018188e-03 9.096886031329631805e-03 6.149128079414367676e-03 2.764846140053123236e-04 1.966777017514687032e-05 9.999810457229614258e-01
2.438160404562950134e-02 -9.988620877265930176e-03 9.291352704167366028e-03 5.408978089690208435e-03 2.493766660336405039e-04 3.161935834214091301e-03 9.999803304672241211e-01
2.543318271636962891e-02 -9.898307733237743378e-03 1.240169722586870193e-02 3.322544740512967110e-03 1.094636972993612289e-03 5.953409243375062943e-03 9.999761581420898438e-01
2.643443644046783447e-02 -1.312450133264064789e-02 1.237457990646362305e-02 2.400602214038372040e-03 -6.496713031083345413e-03 7.992138154804706573e-03 9.999440908432006836e-01
2.747016586363315582e-02 -1.416972279548645020e-02 1.430821046233177185e-02 7.296069525182247162e-04 -6.868871860206127167e-03 1.046651881188154221e-02 9.999213814735412598e-01
3.024183213710784912e-02 -1.456569228321313858e-02 1.308523770421743393e-02 -7.419413886964321136e-04 -7.520838174968957901e-03 1.225478481501340866e-02 9.998963475227355957e-01
3.343553841114044189e-02 -1.327155623584985733e-02 1.192573178559541702e-02 -1.487584086135029793e-03 -8.618770167231559753e-03 1.497479528188705444e-02 9.998496174812316895e-01
3.451848775148391724e-02 -1.597866043448448181e-02 1.124100387096405029e-02 -2.201909897848963737e-03 -8.885824121534824371e-03 1.697494462132453918e-02 9.998140335083007812e-01
3.495834767818450928e-02 -1.939936168491840363e-02 1.047004386782646179e-02 -2.270510187372565269e-03 -9.278978221118450165e-03 1.833998784422874451e-02 9.997861981391906738e-01
2.915914170444011688e-02 -1.735888235270977020e-02 8.377141319215297699e-03 -2.878780476748943329e-03 -9.640182368457317352e-03 1.947479508817195892e-02 9.997597336769104004e-01
2.350279688835144043e-02 -1.419095136225223541e-02 7.644014433026313782e-03 -4.392142407596111298e-03 -8.995883166790008545e-03 2.032925374805927277e-02 9.997432231903076172e-01
1.919578760862350464e-02 -1.064334902912378311e-02 1.254615606740117073e-03 -2.992536406964063644e-03 -9.957457892596721649e-03 1.950360462069511414e-02 9.997557401657104492e-01
1.524472609162330627e-02 2.217640168964862823e-03 1.477805664762854576e-03 -2.525757299736142159e-03 -8.886157535016536713e-03 1.646319031715393066e-02 9.998217821121215820e-01
8.713251911103725433e-03 2.080461010336875916e-03 1.914544729515910149e-03 -3.199285361915826797e-03 -8.295679464936256409e-03 1.822016574442386627e-02 9.997944831848144531e-01
7.680384442210197449e-03 -3.631863044574856758e-03 7.124939002096652985e-04 -3.155468497425317764e-03 -8.249053731560707092e-03 2.043610066175460815e-02 9.997521638870239258e-01
7.229101844131946564e-03 -1.249923137947916985e-03 2.720927121117711067e-03 -2.900420455262064934e-03 -5.991804413497447968e-03 2.029597572982311249e-02 9.997718334197998047e-01
7.039952557533979416e-03 4.950896254740655422e-04 5.119172274135053158e-04 -2.448218874633312225e-03 -6.407457869499921799e-03 1.822599023580551147e-02 9.998103380203247070e-01
6.236188579350709915e-03 -6.901723681949079037e-04 3.705544258991722018e-06 -2.524815732613205910e-03 -5.728789605200290680e-03 1.838276349008083344e-02 9.998114109039306641e-01
5.280459765344858170e-03 1.177230966277420521e-03 -3.218130732420831919e-04 -1.954833511263132095e-03 -4.862927831709384918e-03 1.582862623035907745e-02 9.998610019683837891e-01
4.535560030490159988e-03 1.672402577241882682e-04 8.008562872419133782e-05 -1.521315425634384155e-03 -3.349034115672111511e-03 1.516770757734775543e-02 9.998781681060791016e-01
2.901572966948151588e-03 1.455633551813662052e-03 -1.622187322936952114e-03 -1.181778497993946075e-03 -2.595929661765694618e-03 1.279798895120620728e-02 9.999140501022338867e-01
5.234534386545419693e-03 -2.468923805281519890e-03 -7.353785331360995770e-04 -5.820306250825524330e-04 -8.702496998012065887e-04 1.068715751171112061e-02 9.999423623085021973e-01
5.792110227048397064e-03 -6.619277410209178925e-03 5.614688852801918983e-04 3.571326087694615126e-04 1.481480663642287254e-03 8.252061903476715088e-03 9.999647736549377441e-01
1.673610359430313110e-01 -4.296776838600635529e-03 5.159254372119903564e-02 -4.026519134640693665e-02 1.070978306233882904e-02 3.101003915071487427e-02 9.986503124237060547e-01
1.483290791511535645e-01 -1.241324096918106079e-02 5.875746905803680420e-02 -3.892184421420097351e-02 1.478835102170705795e-02 2.721215039491653442e-02 9.987621903419494629e-01
1.311708092689514160e-01 -4.127351194620132446e-02 4.506632685661315918e-02 -3.990400582551956177e-02 1.330150943249464035e-02 3.532525897026062012e-02 9.984902739524841309e-01
1.158699989318847656e-01 -3.846086561679840088e-02 4.245985671877861023e-02 -4.073685035109519958e-02 1.353881601244211197e-02 3.365277498960494995e-02 9.985112547874450684e-01
1.009139716625213623e-01 -3.477004542946815491e-02 3.921618685126304626e-02 -3.802946582436561584e-02 1.413208246231079102e-02 3.071980178356170654e-02 9.987043142318725586e-01
8.611294627189636230e-02 -2.721623331308364868e-02 3.825347498059272766e-02 -3.569455444812774658e-02 1.413403172045946121e-02 2.465423196554183960e-02 9.989585876464843750e-01
7.293555885553359985e-02 -2.022784017026424408e-02 3.250762447714805603e-02 -3.148395195603370667e-02 1.493737567216157913e-02 1.931965537369251251e-02 9.992058873176574707e-01
6.005525961518287659e-02 -1.357285957783460617e-02 2.544577978551387787e-02 -2.663346379995346069e-02 1.411445066332817078e-02 1.192512270063161850e-02 9.994744658470153809e-01
4.594358429312705994e-02 -1.239517331123352051e-02 1.783593371510505676e-02 -2.293880842626094818e-02 1.201673224568367004e-02 8.022767491638660431e-03 9.996324777603149414e-01
3.044232539832592010e-02 -1.014870591461658478e-02 1.372160110622644424e-02 -1.886122114956378937e-02 6.020713131874799728e-03 4.667512606829404831e-03 9.997931122779846191e-01
1.668045856058597565e-02 -5.344148259609937668e-03 7.572580128908157349e-03 -1.458606589585542679e-02 -3.675183106679469347e-04 -2.933861978817731142e-04 9.998934864997863770e-01
1.060541998594999313e-02 -2.335834433324635029e-04 5.442052148282527924e-03 -8.734348230063915253e-03 -8.709099347470328212e-05 -5.327019374817609787e-03 9.999476671218872070e-01
1.137040369212627411e-02 -1.121501991292461753e-04 6.870287936180830002e-03 -5.056706257164478302e-03 6.780545809306204319e-04 -9.071520529687404633e-03 9.999458193778991699e-01
1.289926469326019287e-02 -2.616083482280373573e-03 6.964622531086206436e-03 -1.488342299126088619e-03 8.733564172871410847e-04 -1.214680541306734085e-02 9.999247193336486816e-01
1.462511532008647919e-02 -3.122902009636163712e-03 7.434549275785684586e-03 1.686200965195894241e-03 1.001813448965549469e-03 -1.511236187070608139e-02 9.998838901519775391e-01
1.613343507051467896e-02 -6.630418822169303894e-03 6.668109912425279617e-03 5.192935932427644730e-03 1.509651076048612595e-03 -1.738092303276062012e-02 9.998342990875244141e-01
1.745305396616458893e-02 -8.653780445456504822e-03 7.240738719701766968e-03 7.282536011189222336e-03 2.202207688242197037e-03 -1.833495870232582092e-02 9.998029470443725586e-01
1.817641779780387878e-02 -1.095648203045129776e-02 8.941521868109703064e-03 9.479273110628128052e-03 2.555854152888059616e-03 -1.922326348721981049e-02 9.997670054435729980e-01
1.971725374460220337e-02 -1.236736588180065155e-02 1.019269600510597229e-02 1.068847998976707458e-02 2.579348394647240639e-03 -2.008931711316108704e-02 9.997377395629882812e-01
2.235852181911468506e-02 -1.320069562643766403e-02 1.028822083026170731e-02 1.198634412139654160e-02 2.440684475004673004e-03 -2.034404501318931580e-02 9.997181892395019531e-01
2.383436635136604309e-02 -1.480830367654561996e-02 1.219194289296865463e-02 1.308077201247215271e-02 2.144436351954936981e-03 -1.904235780239105225e-02 9.997308254241943359e-01
2.713506482541561127e-02 -1.347675919532775879e-02 1.411623787134885788e-02 1.380132138729095459e-02 2.196950605139136314e-03 -1.754976622760295868e-02 9.997483491897583008e-01
3.022859245538711548e-02 -1.480462588369846344e-02 1.390008348971605301e-02 1.456064730882644653e-02 1.731178839690983295e-03 -1.518961321562528610e-02 9.997770786285400391e-01
3.291798010468482971e-02 -1.777679473161697388e-02 1.289439480751752853e-02 1.499732676893472672e-02 1.311728847213089466e-03 -1.232078392058610916e-02 9.998107552528381348e-01
3.706449270248413086e-02 -1.454751100391149521e-02 1.597232557833194733e-02 1.421139389276504517e-02 1.130171469412744045e-03 -9.696249850094318390e-03 9.998513460159301758e-01
4.084296151995658875e-02 -1.382961869239807129e-02 1.714358851313591003e-02 1.388075575232505798e-02 1.015279325656592846e-03 -5.975261796265840530e-03 9.998852610588073730e-01
4.328064993023872375e-02 -1.845363900065422058e-02 1.714782044291496277e-02 1.319115515798330307e-02 -3.807652683462947607e-05 -2.125575905665755272e-03 9.999107122421264648e-01
4.737624898552894592e-02 -1.595694944262504578e-02 2.019332721829414368e-02 1.130137965083122253e-02 1.621285104192793369e-03 2.499082591384649277e-03 9.999316930770874023e-01
5.060164630413055420e-02 -1.567144133150577545e-02 2.340953052043914795e-02 9.089231491088867188e-03 1.518750446848571301e-03 7.772198878228664398e-03 9.999273419380187988e-01
5.220314115285873413e-02 -2.244205400347709656e-02 2.474981918931007385e-02 5.950673948973417282e-03 -5.663779564201831818e-03 1.286816410720348358e-02 9.998834729194641113e-01
5.590078607201576233e-02 -2.754057943820953369e-02 2.192771993577480316e-02 3.195534693077206612e-03 -1.366023533046245575e-02 1.674187928438186646e-02 9.997614026069641113e-01
5.799451842904090881e-02 -3.253545612096786499e-02 2.214113995432853699e-02 8.478368399664759636e-04 -1.480023749172687531e-02 2.155761234462261200e-02 9.996576905250549316e-01
6.333938986063003540e-02 -3.189317137002944946e-02 2.087625302374362946e-02 -1.162563101388514042e-03 -1.647043786942958832e-02 2.576747350394725800e-02 9.995315670967102051e-01
6.673315912485122681e-02 -3.365535289049148560e-02 2.073071897029876709e-02 -2.033628989011049271e-03 -1.661996357142925262e-02 2.914175204932689667e-02 9.994350671768188477e-01
6.935254484415054321e-02 -3.704545274376869202e-02 1.942840404808521271e-02 -2.618480473756790161e-03 -1.756031438708305359e-02 3.133271262049674988e-02 9.993513226509094238e-01
6.356604397296905518e-02 -3.745460510253906250e-02 1.935880631208419800e-02 -4.012315534055233002e-03 -1.744039356708526611e-02 3.282703831791877747e-02 9.993008375167846680e-01
5.158181488513946533e-02 -3.308720141649246216e-02 1.642474159598350525e-02 -6.906304508447647095e-03 -1.783397980034351349e-02 3.649595379829406738e-02 9.991508126258850098e-01
4.170843213796615601e-02 -2.703799307346343994e-02 8.742677979171276093e-03 -6.052964832633733749e-03 -1.858029142022132874e-02 3.746772557497024536e-02 9.991067647933959961e-01
2.836481109261512756e-02 2.440921403467655182e-02 -4.549656296148896217e-04 -4.249148070812225342e-03 -1.992516964673995972e-02 1.980740576982498169e-02 9.995962381362915039e-01
2.347575686872005463e-02 5.013808142393827438e-03 4.934379830956459045e-03 -4.821243230253458023e-03 -1.652307249605655670e-02 3.235566988587379456e-02 9.993281960487365723e-01
1.656722836196422577e-02 -1.070222700946033001e-03 6.076886318624019623e-03 -5.777363665401935577e-03 -1.432138495147228241e-02 3.888222575187683105e-02 9.991244673728942871e-01
1.618056930601596832e-02 6.101786857470870018e-04 2.213423373177647591e-03 -5.417938809841871262e-03 -1.547714415937662125e-02 3.634200990200042725e-02 9.992048740386962891e-01
1.363721676170825958e-02 2.433898858726024628e-03 5.467914044857025146e-03 -5.079996772110462189e-03 -1.122573763132095337e-02 3.576388582587242126e-02 9.992843270301818848e-01
1.227565947920084000e-02 5.131945013999938965e-03 -9.852554649114608765e-04 -5.556324962526559830e-03 -1.310920715332031250e-02 3.298950195312500000e-02 9.993543028831481934e-01
1.160870678722858429e-02 1.267742482014000416e-03 3.963802882935851812e-04 -4.566999152302742004e-03 -1.054666191339492798e-02 3.220696002244949341e-02 9.994151592254638672e-01
8.850804530084133148e-03 4.527460783720016479e-03 -3.295755595900118351e-04 -3.513550618663430214e-03 -8.370088413357734680e-03 2.887946553528308868e-02 9.995416998863220215e-01
8.044396527111530304e-03 1.081900671124458313e-03 7.476547616533935070e-04 -2.465910511091351509e-03 -4.634106997400522232e-03 2.683011256158351898e-02 9.996262192726135254e-01
9.087225422263145447e-03 3.565695078577846289e-04 3.576109593268483877e-04 -1.280249794945120811e-03 -2.226599492132663727e-03 2.103673666715621948e-02 9.997754096984863281e-01
1.100129727274179459e-02 -9.441936388611793518e-03 1.239408506080508232e-03 6.596736784558743238e-05 1.823431812226772308e-03 1.923271268606185913e-02 9.998133778572082520e-01
