0.000000000000000000e+00 0.000000000000000000e+00 0.000000000000000000e+00 0.000000000000000000e+00 0.000000000000000000e+00 0.000000000000000000e+00 1.000000000000000000e+00
8.886589109897613525e-02 1.608678326010704041e-02 1.384200621396303177e-02 -1.237599996634975927e-02 2.747969721513494196e-03 3.755764792689992183e-03 9.999125849383357911e-01
1.714586421617869116e-01 2.697978282328682836e-02 2.311446045717101966e-02 -2.663597883553417422e-02 4.365064213747933512e-03 7.540272017356020040e-03 9.996072304379290951e-01
2.429038684697948924e-01 4.781490950383471966e-02 6.726956970911839723e-03 -4.054244075312370826e-02 -1.116783825749488850e-03 5.142400030360228316e-03 9.991639600253773290e-01
3.094530339047764089e-01 6.066589177465217531e-02 -3.220898432462079852e-03 -5.653647993891865176e-02 -4.454096364383213109e-03 5.077480518665401961e-03 9.983776873775151994e-01
3.683647484271292960e-01 7.275089776437013156e-02 -1.185869272518137556e-02 -7.282695517448013744e-02 -6.980225169310136715e-03 4.553733874863644115e-03 9.973097686097318615e-01
4.206765053032814894e-01 8.039243511783233931e-02 -1.496054308125477003e-02 -8.817368868605852950e-02 -7.383187029598527011e-03 4.873515709571200547e-03 9.960658301625492372e-01
4.647217340180229694e-01 9.017039724059607020e-02 -1.561117515403018241e-02 -1.019252416710681175e-01 -6.309295957426688632e-03 3.180721593149670508e-03 9.947669681412640852e-01
5.009450532646377852e-01 9.881058197281111788e-02 -1.661271963929573936e-02 -1.149357619036489725e-01 -4.994945289642653379e-03 8.560576838904288997e-04 9.933599993569415254e-01
5.291696728934502936e-01 1.068775074445979245e-01 -1.752853970290366159e-02 -1.251476614657973385e-01 -3.592326770070567495e-03 -3.113975926226202669e-03 9.921267364464834149e-01
5.494878168629055981e-01 1.137152408099355028e-01 -1.830008490560167123e-02 -1.337047181301799781e-01 -1.661768266538231256e-03 -7.430749526108186911e-03 9.909919630539076874e-01
5.623325982882702023e-01 1.176124275925846951e-01 -1.738412873640178893e-02 -1.411386357439766148e-01 -2.054320730561507227e-03 -1.007230565419723646e-02 9.899364696410944964e-01
5.674968679709729846e-01 1.199336618872487575e-01 -1.760689844125117379e-02 -1.468454781369236684e-01 -2.781061769230082879e-03 -1.217999502162712619e-02 9.890805422044491868e-01
5.728821145599772846e-01 1.231238293110787779e-01 -1.717114099970694363e-02 -1.495507819655429727e-01 -3.910652235000664466e-03 -1.709603884429130097e-02 9.885985008426959597e-01
5.790229212964819183e-01 1.262338153369104154e-01 -1.578142951331107380e-02 -1.496510202059059269e-01 -5.436628938810451894e-03 -2.351763775501220302e-02 9.884441997055459783e-01
5.865931613559828284e-01 1.270340006797583132e-01 -1.376325359252974015e-02 -1.483549551955644641e-01 -7.139546153827026724e-03 -3.174407240011607040e-02 9.883987798541111758e-01
5.949674488809069128e-01 1.279351931166529954e-01 -1.111438272497245264e-02 -1.461150448704905402e-01 -8.901581915689864635e-03 -4.095175893608266754e-02 9.883795368895157418e-01
6.043155099608761294e-01 1.282321614287234846e-01 -8.035146888687812530e-03 -1.428921969640534750e-01 -1.068685343838714566e-02 -5.131142924781934012e-02 9.883495072285505278e-01
6.143241916999190311e-01 1.271906131064652057e-01 -3.749268410604764644e-03 -1.389305453860921469e-01 -1.210081559322590677e-02 -6.209176455979704273e-02 9.882795589278129400e-01
6.250123491008361398e-01 1.246207067644681671e-01 1.291441567284041733e-03 -1.340876974525043730e-01 -1.364742135265116160e-02 -7.295069732645603766e-02 9.881864363782234539e-01
6.368134870659625246e-01 1.212767267188669118e-01 6.475547469448343814e-03 -1.279427790754779359e-01 -1.536555091801443222e-02 -8.444758538522376123e-02 9.880602969708046635e-01
6.496130695855675263e-01 1.169411615901168044e-01 1.203574975620717510e-02 -1.209142397439651462e-01 -1.736366663817997744e-02 -9.615700034163165988e-02 9.878421336394376251e-01
6.638072636901480861e-01 1.115195426451111166e-01 1.699091062982913819e-02 -1.116740031303197073e-01 -2.014516358985788541e-02 -1.076571445181346287e-01 9.876907555723040133e-01
6.792617459533674129e-01 1.056432609025983044e-01 2.254994866350762753e-02 -1.021780229231937370e-01 -2.261165935134719709e-02 -1.189427494320008799e-01 9.873707443764182523e-01
6.957678705423078203e-01 9.884107842956532664e-02 2.897438820970027820e-02 -9.213100236990337533e-02 -2.494936310523604081e-02 -1.290148858145015176e-01 9.870382803727679732e-01
7.131000464996292143e-01 9.061098646632083364e-02 3.646795315104030960e-02 -8.215040762879913250e-02 -2.692286835715854490e-02 -1.368861124341127222e-01 9.868073073850439636e-01
7.312504102184272936e-01 8.063521382854903219e-02 4.474466035647326617e-02 -7.215247449952538750e-02 -2.887322764210339954e-02 -1.422087911667897775e-01 9.867811392928033110e-01
7.506478389604097634e-01 6.976581640139407903e-02 5.404218193759473265e-02 -6.298352861768317934e-02 -3.029376684786079521e-02 -1.453066821783602636e-01 9.869150576049338097e-01
7.711058328268844964e-01 5.700932658860075053e-02 6.371646265869063130e-02 -5.418504021778942914e-02 -3.209772308398934487e-02 -1.464147024972993483e-01 9.872165175289802086e-01
7.926911557503498740e-01 4.316608138225799807e-02 7.480712172454642706e-02 -4.685478126935344739e-02 -3.360218452742517320e-02 -1.458689079046150416e-01 9.876222883136553943e-01
8.157721649883579174e-01 2.924757567030733876e-02 8.792838402527809738e-02 -4.159847475729638172e-02 -3.454602537717599287e-02 -1.439468319371937644e-01 9.881070026083973445e-01
8.399731718393229629e-01 1.566078672663153218e-02 1.038617628950192634e-01 -4.053312827277200797e-02 -3.733251261819846983e-02 -1.420415543027888361e-01 9.883256274453693369e-01
8.661479915219379988e-01 1.875862721358026106e-03 1.207428404055787691e-01 -4.008496726852298769e-02 -3.969267831309519073e-02 -1.390160611611540586e-01 9.886820628628057994e-01
8.950054972601177994e-01 -1.098860964227213639e-02 1.380547068660581966e-01 -4.005497004548366768e-02 -4.270327617914047857e-02 -1.356985703376629715e-01 9.890186689777589191e-01
9.253610490244509323e-01 -2.527073682357629247e-02 1.556857430615584126e-01 -4.023603751373548004e-02 -4.548796219123059370e-02 -1.320705525453951812e-01 9.893782268330127971e-01
9.579441136988332550e-01 -3.805495023077153094e-02 1.743434922732878811e-01 -4.073858346011846598e-02 -4.841946029812419644e-02 -1.289263406407418489e-01 9.896332261858877821e-01
9.921509373727434022e-01 -5.086441511405832838e-02 1.936787985202884088e-01 -4.165574453743475791e-02 -5.129843652506019258e-02 -1.252006728314749295e-01 9.899283109799730251e-01
1.023967008263456213e+00 -5.208449621462409723e-02 2.081014118999374996e-01 -4.195230853947937849e-02 -5.301814606643397154e-02 -1.233859089728324143e-01 9.900530276014686271e-01
1.051084950448329502e+00 -4.933170811226386676e-02 2.164221731104359892e-01 -4.251927038299395389e-02 -5.754180589796666079e-02 -1.202525257573519024e-01 9.901617960056204870e-01
1.072594334092979995e+00 -4.626141465313034912e-02 2.197767082390240101e-01 -4.535610809821527534e-02 -6.440635498099961387e-02 -1.126272187522034673e-01 9.905098457321803718e-01
1.087627522990427087e+00 -4.324337786338666723e-02 2.218738939385114795e-01 -4.967939836697513045e-02 -7.139228091540403276e-02 -1.006611859709086315e-01 9.911117117875873905e-01
1.096333744386051023e+00 -4.091887998810220251e-02 2.235210077953895813e-01 -5.439988272650753132e-02 -7.727426518398547439e-02 -8.592430904516568102e-02 9.918096358751149477e-01
1.104313246631980050e+00 -3.839093121337428666e-02 2.251407019085611139e-01 -5.953838714153966011e-02 -8.258912223595139823e-02 -7.041878043399540932e-02 9.923081238743680643e-01
1.111518611908122400e+00 -3.561199990549446942e-02 2.264000301434260787e-01 -6.434257589781545994e-02 -8.732741185736545009e-02 -5.546825040032708071e-02 9.925508698614163849e-01
1.118053985684197782e+00 -3.328487999275848291e-02 2.277934091561953645e-01 -6.862796126838456579e-02 -9.150211185777570866e-02 -4.086535616859505310e-02 9.925963878248430516e-01
1.123800396431708704e+00 -3.113121989842218551e-02 2.290998939517111810e-01 -7.274887901486823405e-02 -9.510148315967555110e-02 -2.676025202473540643e-02 9.924450601491665580e-01
1.128714197762822780e+00 -2.914932939868123893e-02 2.302397890224650301e-01 -7.648567303278305807e-02 -9.772454566016720856e-02 -1.365729253609871720e-02 9.921760596571655988e-01
1.132767716687051784e+00 -2.738547075648649007e-02 2.312710372457731645e-01 -7.943260737551520456e-02 -9.933335628234810089e-02 -2.380092724856281653e-03 9.918758391925031059e-01
1.136111702042476468e+00 -2.608763668953012829e-02 2.318213798550505800e-01 -8.200617874539591068e-02 -1.002010669885553262e-01 7.618759945283528658e-03 9.915526649244755797e-01
1.141779534441703658e+00 -2.539452536775405056e-02 2.330180364174967711e-01 -8.290994127204565078e-02 -1.003627485536911779e-01 1.420197152661933568e-02 9.913887049718549394e-01
1.150254602543567373e+00 -2.408122129315334176e-02 2.350495553013723371e-01 -8.214395221058304331e-02 -1.000846406232519664e-01 1.557380924796439303e-02 9.914599801767330911e-01
1.313592852583449933e+00 -8.728292167205681934e-03 2.964895610972800855e-01 -9.918401242773398907e-02 -9.699847019432270012e-02 2.256589962673090019e-02 9.900730319692241377e-01
1.460978920967314965e+00 4.530244167921081144e-02 3.275712660175331692e-01 -1.137747349175243367e-01 -9.861811456045736779e-02 1.891965673980329846e-02 9.884188503685245042e-01
1.599844062387000054e+00 8.583773361805127622e-02 3.312621915920958560e-01 -1.342002716027072273e-01 -1.050264189265925491e-01 1.422503242005101511e-02 9.852702100854688894e-01
1.727544157868811769e+00 1.053520420210444508e-01 3.268110287231046351e-01 -1.592748415650644678e-01 -1.117142662197814912e-01 1.088785113840433361e-02 9.808327595798312926e-01
1.839941896208018290e+00 1.164573221031639100e-01 3.399987789526119908e-01 -1.841477483218341982e-01 -1.127225936624020874e-01 9.739002483027942372e-03 9.763648782584587460e-01
1.936510246807006785e+00 1.319684523920170438e-01 3.473098043802799739e-01 -2.076885208524314741e-01 -1.141345578645876074e-01 3.763116466514576913e-03 9.715063664030431090e-01
2.016524509497094719e+00 1.496467805757845382e-01 3.557182175344288377e-01 -2.291364286054401733e-01 -1.138831884458530175e-01 -4.916296589781572225e-03 9.666969258786289876e-01
2.080527136208649264e+00 1.664997410093562724e-01 3.633330847167828281e-01 -2.472883138401820169e-01 -1.122933621546055027e-01 -1.519655337522800125e-02 9.622929675621704204e-01
2.128844474617646476e+00 1.811763060213040510e-01 3.690433502059816684e-01 -2.624089910330322795e-01 -1.098754607438589687e-01 -2.593987033185522761e-02 9.583298115359436542e-01
2.162517019777458582e+00 1.901267326932365165e-01 3.710591548185554478e-01 -2.767488259220392544e-01 -1.098240940039636182e-01 -3.372602942261176961e-02 9.540499518716860639e-01
2.181043684095594237e+00 1.946108503690003322e-01 3.719518801514834494e-01 -2.896977650729341547e-01 -1.120806952161690212e-01 -3.894184824009521567e-02 9.497350446978634064e-01
2.191728525493825241e+00 1.998496702947415715e-01 3.726828818274648958e-01 -2.967711083280679674e-01 -1.144684880363884827e-01 -4.619683286634851394e-02 9.469370238519095873e-01
2.203139261985517461e+00 2.061751960348813806e-01 3.751893345916113010e-01 -2.991485323708146793e-01 -1.180619846047014782e-01 -5.691075931540669902e-02 9.451627843105814275e-01
2.216232301548504591e+00 2.110517291814429652e-01 3.803403146791349831e-01 -2.977882942552194656e-01 -1.227814321121102753e-01 -7.029741537925165984e-02 9.440895747353972300e-01
2.230147786275987976e+00 2.133226828627417804e-01 3.892913551985267562e-01 -2.932977920135947936e-01 -1.276998267624539218e-01 -8.524036582181492017e-02 9.436118055002027383e-01
2.245079177384237124e+00 2.142084503567953102e-01 4.004709268229759700e-01 -2.870432084694153896e-01 -1.329826162535715228e-01 -1.019371080318441092e-01 9.431493234117507285e-01
2.260893488277195829e+00 2.135185644251283710e-01 4.139378061096293249e-01 -2.790785869285986043e-01 -1.385036915648533984e-01 -1.200545781677960083e-01 9.426127349032565883e-01
2.277926876015770929e+00 2.115335018236055298e-01 4.293098840909476688e-01 -2.689657892436324582e-01 -1.448466650687751378e-01 -1.392303825265616690e-01 9.419616491219326981e-01
2.296401307986049911e+00 2.070957314725780651e-01 4.461804055701146243e-01 -2.566381877637514131e-01 -1.519639445029950797e-01 -1.593293972029187489e-01 9.410940140811557830e-01
2.316432754689070173e+00 2.007715026167277150e-01 4.645857000304607354e-01 -2.429087556858077757e-01 -1.591177069524719045e-01 -1.801720355080626002e-01 9.397951528744129535e-01
2.337179703764550087e+00 1.915125052607339617e-01 4.850757333136819782e-01 -2.272387844078894437e-01 -1.673280481183483659e-01 -1.997322488133899954e-01 9.383341025230163002e-01
2.359142491506660555e+00 1.790506764915526239e-01 5.069741762626391868e-01 -2.099486179089528892e-01 -1.754943299258391876e-01 -2.177992934213247300e-01 9.368493933323397416e-01
2.382624617653041010e+00 1.645232188179903965e-01 5.307165427562495763e-01 -1.910489188288267415e-01 -1.840958722367701528e-01 -2.343151248680278853e-01 9.352568859397932810e-01
2.407453712736159268e+00 1.482435909707892907e-01 5.568768692672569909e-01 -1.708733835762244468e-01 -1.920158038922614441e-01 -2.482577187144134057e-01 9.339701938175201112e-01
2.432226452779551629e+00 1.276690674752767596e-01 5.852233369726295154e-01 -1.503504667132083972e-01 -2.002045626805353251e-01 -2.572989363935158091e-01 9.333328064371151367e-01
2.456375956245682168e+00 1.015145045197375362e-01 6.149899168747979816e-01 -1.303909024380429382e-01 -2.081686132799316913e-01 -2.611301644867742855e-01 9.335282953406464079e-01
2.480845403916669412e+00 7.207381342561590409e-02 6.472744518179145423e-01 -1.120157963481210883e-01 -2.153707542034985767e-01 -2.615081597260075497e-01 9.341741711260429515e-01
2.504710914052911797e+00 3.857406589077355674e-02 6.821328558066626080e-01 -9.695692789938271938e-02 -2.208519777192597122e-01 -2.579231806885750045e-01 9.355743641920155618e-01
2.529546238373303613e+00 6.017970451773345386e-03 7.230893415100784205e-01 -8.643208752236536396e-02 -2.233171246589428782e-01 -2.528673684538015332e-01 9.373990879299155532e-01
2.555048038420694834e+00 -2.591468901172902517e-02 7.696868801725984532e-01 -8.300723264965148562e-02 -2.266068665689172645e-01 -2.474047689276220596e-01 9.383762612425431415e-01
2.583038791795623457e+00 -5.642872723869446494e-02 8.211613156747200604e-01 -8.297051448142887808e-02 -2.315262213026920701e-01 -2.425092996459276007e-01 9.384565744674739918e-01
2.615381547558691455e+00 -8.624526362769899257e-02 8.757238552228718831e-01 -8.378556056783824368e-02 -2.360769775373860180e-01 -2.366256242109157359e-01 9.387523392694901991e-01
2.650917264136202878e+00 -1.168842993058678559e-01 9.328494412376457934e-01 -8.492592302958325290e-02 -2.409496787631885406e-01 -2.299602976469121152e-01 9.390682091347960503e-01
2.688172140387744324e+00 -1.491089054959295335e-01 9.927611176670353421e-01 -8.659650674141268489e-02 -2.458918551865496294e-01 -2.237267377445877892e-01 9.391403448852922997e-01
2.728809073875642088e+00 -1.820967466434997850e-01 1.054567636276431353e+00 -8.923964583773393022e-02 -2.517001833524600829e-01 -2.167991425562978969e-01 9.389789321906790720e-01
2.774857972104030512e+00 -2.006833221424322022e-01 1.112466608443509752e+00 -9.123464072398965174e-02 -2.563637978225424274e-01 -2.121096329746161580e-01 9.385964772453286864e-01
2.817960730046881412e+00 -2.078880509858964387e-01 1.158460772064659805e+00 -9.388095651466794866e-02 -2.614892098357731731e-01 -2.050620343861180861e-01 9.384877842554907312e-01
2.858154962500449425e+00 -2.093555117365537566e-01 1.188946031329130237e+00 -1.007456392450606780e-01 -2.713982294236275683e-01 -1.926273074000603436e-01 9.375969484179366153e-01
2.889920141212481752e+00 -2.058241399021173146e-01 1.208416063309553534e+00 -1.107010646565674827e-01 -2.837378267309958457e-01 -1.758131134886316838e-01 9.361238534997959881e-01
2.909727843233602673e+00 -1.999478799938085583e-01 1.221596432445993363e+00 -1.211323760999883370e-01 -2.939762073019439037e-01 -1.526461266940639661e-01 9.357371944119968754e-01
2.923459770252758272e+00 -1.949671249120793481e-01 1.231555009491031472e+00 -1.310852594444971708e-01 -3.015739045514045924e-01 -1.261713537759900083e-01 9.359223388381767705e-01
2.935792205111257047e+00 -1.898940985796082892e-01 1.241002645569510898e+00 -1.410021700682262402e-01 -3.083959424295662499e-01 -9.939675525514425625e-02 9.354841611560185122e-01
2.946900541885487002e+00 -1.843799516758042323e-01 1.249248537236624212e+00 -1.500315119081967186e-01 -3.137351216223625561e-01 -7.290643097499546754e-02 9.347435323219038805e-01
2.956474266682038721e+00 -1.793165717431922934e-01 1.257039902614566440e+00 -1.598509441024692779e-01 -3.181813387151357642e-01 -4.609342082360832343e-02 9.333186529368043827e-01
2.964786400166398828e+00 -1.743216395004053010e-01 1.263557987428941320e+00 -1.693917800772363758e-01 -3.213852740273955289e-01 -1.994422550465996952e-02 9.314613026581514132e-01
2.971601283333856980e+00 -1.697233365960724716e-01 1.269157650094417056e+00 -1.788156361905385572e-01 -3.228923533293033277e-01 4.122857208700860150e-03 9.293807069568821300e-01
2.977216906626818371e+00 -1.658870596277433329e-01 1.273650930445923812e+00 -1.873640046626810496e-01 -3.228659113753570842e-01 2.554143161813439075e-02 9.273618324577623806e-01
2.983762954808037104e+00 -1.617024815730797871e-01 1.278391314386768451e+00 -1.941339213945175723e-01 -3.219921372690849881e-01 4.214459050698717707e-02 9.256656618843934758e-01
2.994775144579416626e+00 -1.570598346297985004e-01 1.286691454309610627e+00 -1.955839481527336665e-01 -3.205905289888824616e-01 4.990663844353182554e-02 9.254609442795972418e-01
