8.811493963003158569e-02 4.078860394656658173e-03 2.380447648465633392e-02 -2.240538410842418671e-02 4.882086534053087234e-03 1.873089000582695007e-02 9.995615482330322266e-01
7.940604537725448608e-02 -5.461812485009431839e-03 2.628776431083679199e-02 -2.372895181179046631e-02 6.384965032339096069e-03 2.032318711280822754e-02 9.994914531707763672e-01
7.117810100317001343e-02 -7.528924383223056793e-03 2.615466713905334473e-02 -2.367168106138706207e-02 7.030351087450981140e-03 1.770011149346828461e-02 9.995383620262145996e-01
6.215950101613998413e-02 -1.347753498703241348e-02 2.544505707919597626e-02 -2.334332652390003204e-02 8.285816758871078491e-03 1.862458512187004089e-02 9.995196461677551270e-01
5.421362444758415222e-02 -1.433891244232654572e-02 2.337793074548244476e-02 -2.146570198237895966e-02 7.538735400885343552e-03 1.592757739126682281e-02 9.996142983436584473e-01
4.597959294915199280e-02 -1.693486794829368591e-02 2.009033970534801483e-02 -1.916902884840965271e-02 6.780948955565690994e-03 1.377391908317804337e-02 9.996984004974365234e-01
3.860008716583251953e-02 -1.569126360118389130e-02 1.731564663350582123e-02 -1.713339239358901978e-02 6.565435323864221573e-03 1.106935366988182068e-02 9.997704029083251953e-01
3.137116134166717529e-02 -1.376637164503335953e-02 1.463291607797145844e-02 -1.554401032626628876e-02 6.665688939392566681e-03 8.734950795769691467e-03 9.998188018798828125e-01
2.498322539031505585e-02 -1.122763566672801971e-02 1.059820223599672318e-02 -1.312881056219339371e-02 6.110396236181259155e-03 5.842470563948154449e-03 9.998780488967895508e-01
1.788480021059513092e-02 -8.802440017461776733e-03 7.926403544843196869e-03 -1.095740497112274170e-02 6.142666563391685486e-03 4.242253955453634262e-03 9.999120831489562988e-01
1.113356463611125946e-02 -6.335955578833818436e-03 4.112768452614545822e-03 -8.383501321077346802e-03 -7.949126884341239929e-04 1.140852691605687141e-03 9.999638795852661133e-01
5.159484688192605972e-03 -5.427208961918950081e-04 2.278730273246765137e-03 -5.763352382928133011e-03 -1.105288974940776825e-04 -8.863970288075506687e-04 9.999830126762390137e-01
5.524808075278997421e-03 1.777827274054288864e-04 2.968640066683292389e-03 -3.340627765282988548e-03 3.296882496215403080e-04 -3.597059985622763634e-03 9.999879002571105957e-01
6.247525103390216827e-03 -9.011354413814842701e-04 3.077207831665873528e-03 -1.557577284984290600e-03 4.404445935506373644e-04 -4.917467478662729263e-03 9.999865889549255371e-01
6.957692094147205353e-03 -1.259326119907200336e-03 3.467920701950788498e-03 5.765536334365606308e-04 5.942432326264679432e-04 -7.004118524491786957e-03 9.999751448631286621e-01
7.756001316010951996e-03 -2.446806291118264198e-03 3.437285544350743294e-03 1.512975548394024372e-03 7.620912510901689529e-04 -8.119896054267883301e-03 9.999656081199645996e-01
8.324518799781799316e-03 -4.412254784256219864e-03 2.861910033971071243e-03 3.334609325975179672e-03 8.979837293736636639e-04 -8.784861303865909576e-03 9.999554753303527832e-01
9.273443371057510376e-03 -3.758912906050682068e-03 4.416002891957759857e-03 3.945928998291492462e-03 1.440154388546943665e-03 -9.598712436854839325e-03 9.999451041221618652e-01
9.424175135791301727e-03 -5.690152291208505630e-03 5.005695391446352005e-03 4.786399658769369125e-03 1.324423472397029400e-03 -9.735252708196640015e-03 9.999402761459350586e-01
9.993552230298519135e-03 -7.434449624270200729e-03 4.709764383733272552e-03 5.158484913408756256e-03 1.261842204257845879e-03 -9.786527603864669800e-03 9.999380111694335938e-01
1.174388919025659561e-02 -6.877381354570388794e-03 5.322124343365430832e-03 5.813433788716793060e-03 1.226427266374230385e-03 -9.391858242452144623e-03 9.999382495880126953e-01
1.324060186743736267e-02 -7.710230071097612381e-03 4.545496776700019836e-03 7.176715880632400513e-03 6.572341080754995346e-04 -8.999083191156387329e-03 9.999335408210754395e-01
1.494430471211671829e-02 -5.879441741853952408e-03 6.809884216636419296e-03 7.428535260260105133e-03 9.582515340298414230e-04 -8.266595192253589630e-03 9.999377727508544922e-01
1.584878563880920410e-02 -8.632413111627101898e-03 5.856003612279891968e-03 7.856675423681735992e-03 6.360671832226216793e-04 -7.097184192389249802e-03 9.999437332153320312e-01
1.677050441503524780e-02 -9.884824976325035095e-03 6.732955109328031540e-03 7.594586350023746490e-03 6.358140381053090096e-04 -5.522901657968759537e-03 9.999557137489318848e-01
1.975174434483051300e-02 -6.405871361494064331e-03 8.141804486513137817e-03 7.476908154785633087e-03 6.042314344085752964e-04 -4.182163625955581665e-03 9.999631047248840332e-01
2.092331647872924805e-02 -9.386728517711162567e-03 7.412961218506097794e-03 6.993270479142665863e-03 -8.969671034719794989e-05 -1.929128542542457581e-03 9.999736547470092773e-01
2.281389385461807251e-02 -8.557056076824665070e-03 9.008452296257019043e-03 6.152889225631952286e-03 3.565559163689613342e-04 -7.382978219538927078e-05 9.999809861183166504e-01
2.465237863361835480e-02 -9.427418932318687439e-03 9.162338450551033020e-03 5.424756556749343872e-03 3.003956226166337729e-04 3.024638397619128227e-03 9.999806880950927734e-01
2.569658868014812469e-02 -9.411582723259925842e-03 1.223654020577669144e-02 3.372155362740159035e-03 1.098816632293164730e-03 5.824698600918054581e-03 9.999767541885375977e-01
2.689551934599876404e-02 -1.261014863848686218e-02 1.190703269094228745e-02 2.438893774524331093e-03 -6.550992373377084732e-03 7.916866801679134369e-03 9.999442100524902344e-01
2.792903035879135132e-02 -1.381893362849950790e-02 1.375217176973819733e-02 7.875839946791529655e-04 -7.059186231344938278e-03 1.035896595567464828e-02 9.999211430549621582e-01
3.058293648064136505e-02 -1.424935180693864822e-02 1.263293810188770294e-02 -6.487244972959160805e-04 -7.678148336708545685e-03 1.215092185884714127e-02 9.998964667320251465e-01
3.375305607914924622e-02 -1.303816493600606918e-02 1.127074938267469406e-02 -1.315325265750288963e-03 -8.928511291742324829e-03 1.490094047039747238e-02 9.998482465744018555e-01
3.490470722317695618e-02 -1.557454466819763184e-02 1.059712655842304230e-02 -1.949912169948220253e-03 -9.282245300710201263e-03 1.685938984155654907e-02 9.998129010200500488e-01
3.548342734575271606e-02 -1.887508854269981384e-02 9.628122672438621521e-03 -2.093692542985081673e-03 -9.666224010288715363e-03 1.831960678100585938e-02 9.997832775115966797e-01
2.981468103826045990e-02 -1.651980169117450714e-02 7.742334622889757156e-03 -2.688444219529628754e-03 -1.002919208258390427e-02 1.936067640781402588e-02 9.997586607933044434e-01
2.401892282068729401e-02 -1.351815462112426758e-02 7.248893845826387405e-03 -4.220812115818262100e-03 -9.290219284594058990e-03 2.019841596484184265e-02 9.997439384460449219e-01
1.984263025224208832e-02 -9.441371075809001923e-03 6.809753831475973129e-04 -2.867854665964841843e-03 -1.025854796171188354e-02 1.912840642035007477e-02 9.997602701187133789e-01
1.356989424675703049e-02 7.190168835222721100e-03 1.913882675580680370e-03 -2.073192736133933067e-03 -8.691241964697837830e-03 1.358946133404970169e-02 9.998677372932434082e-01
8.744760416448116302e-03 2.124282065778970718e-03 1.712060417048633099e-03 -3.216056386008858681e-03 -8.426344022154808044e-03 1.818185299634933472e-02 9.997940063476562500e-01
8.223634213209152222e-03 -2.189888851717114449e-03 5.124586750753223896e-04 -2.993314526975154877e-03 -8.383569307625293732e-03 1.992678269743919373e-02 9.997618198394775391e-01
7.355582434684038162e-03 -7.534673204645514488e-04 2.559951739385724068e-03 -2.910777926445007324e-03 -6.043004803359508514e-03 1.980566047132015228e-02 9.997813701629638672e-01
7.031968329101800919e-03 6.444560131058096886e-04 4.518876958172768354e-04 -2.461767289787530899e-03 -6.466223392635583878e-03 1.812719739973545074e-02 9.998117685317993164e-01
6.267299875617027283e-03 -2.927460009232163429e-04 -4.057343176100403070e-05 -2.474445849657058716e-03 -5.791949573904275894e-03 1.805008016526699066e-02 9.998172521591186523e-01
5.286229308694601059e-03 1.190005801618099213e-03 -1.111630263039842248e-04 -1.974256942048668861e-03 -4.856845363974571228e-03 1.581077463924884796e-02 9.998612403869628906e-01
4.528715275228023529e-03 2.880342944990843534e-04 1.160105020971968770e-04 -1.553362235426902771e-03 -3.361466573551297188e-03 1.509980764240026474e-02 9.998791217803955078e-01
3.143414156511425972e-03 9.538408485241234303e-04 -1.542278681881725788e-03 -1.154033467173576355e-03 -2.630515489727258682e-03 1.293986197561025620e-02 9.999121427536010742e-01
5.383834708482027054e-03 -2.083464991301298141e-03 -8.427411667071282864e-04 -5.956495297141373158e-04 -1.056545879691839218e-03 1.043751090764999390e-02 9.999448060989379883e-01
5.950930062681436539e-03 -6.480972748249769211e-03 5.119011038914322853e-04 3.711181925609707832e-04 1.431729062460362911e-03 8.130935952067375183e-03 9.999658465385437012e-01
1.675731390714645386e-01 -5.188313312828540802e-03 5.081625282764434814e-02 -4.026401787996292114e-02 1.005583442747592926e-02 3.087351657450199127e-02 9.986613392829895020e-01
1.487308591604232788e-01 -1.351229194551706314e-02 5.748556926846504211e-02 -3.910233825445175171e-02 1.405958738178014755e-02 2.730390988290309906e-02 9.987631440162658691e-01
1.316022574901580811e-01 -4.055620357394218445e-02 4.445559903979301453e-02 -3.992138803005218506e-02 1.279168203473091125e-02 3.493680432438850403e-02 9.985099434852600098e-01
1.160614639520645142e-01 -3.825861215591430664e-02 4.211826249957084656e-02 -4.051946476101875305e-02 1.314869336783885956e-02 3.325815126299858093e-02 9.985384941101074219e-01
1.011320799589157104e-01 -3.481535241007804871e-02 3.860943764448165894e-02 -3.771927952766418457e-02 1.371352002024650574e-02 3.022924810647964478e-02 9.987369179725646973e-01
8.602239191532135010e-02 -2.824827097356319427e-02 3.770512342453002930e-02 -3.534436225891113281e-02 1.372164674103260040e-02 2.432657591998577118e-02 9.989848136901855469e-01
7.277037203311920166e-02 -2.139912359416484833e-02 3.212563320994377136e-02 -3.129903599619865417e-02 1.436515897512435913e-02 1.905205287039279938e-02 9.992251992225646973e-01
5.977568030357360840e-02 -1.516908034682273865e-02 2.520141936838626862e-02 -2.652906626462936401e-02 1.345196831971406937e-02 1.182326767593622208e-02 9.994875788688659668e-01
4.566796496510505676e-02 -1.365986932069063187e-02 1.761870086193084717e-02 -2.283928729593753815e-02 1.152702234685420990e-02 7.974191568791866302e-03 9.996408820152282715e-01
3.054061718285083771e-02 -1.097649428993463516e-02 1.283748634159564972e-02 -1.881255768239498138e-02 5.537996999919414520e-03 4.608178976923227310e-03 9.997970461845397949e-01
1.677186042070388794e-02 -5.980654619634151459e-03 6.861344445496797562e-03 -1.469772215932607651e-02 -6.328584859147667885e-04 -1.861517521319910884e-04 9.998917579650878906e-01
1.067820284515619278e-02 -8.396239718422293663e-04 5.236072931438684464e-03 -8.939079940319061279e-03 -7.028550317045301199e-05 -5.221563391387462616e-03 9.999464154243469238e-01
1.147229969501495361e-02 -1.168905990198254585e-03 6.596928928047418594e-03 -5.357681307941675186e-03 6.989845423959195614e-04 -8.778490126132965088e-03 9.999468922615051270e-01
1.289194449782371521e-02 -3.201442304998636246e-03 6.729741580784320831e-03 -1.658969791606068611e-03 9.761180845089256763e-04 -1.207339111715555191e-02 9.999252557754516602e-01
1.465652603656053543e-02 -3.602816490456461906e-03 7.150174584239721298e-03 1.542524667456746101e-03 1.017773873172700405e-03 -1.504084747284650803e-02 9.998852014541625977e-01
1.603455096483230591e-02 -7.331463042646646500e-03 6.152780726552009583e-03 5.045984406024217606e-03 1.523439306765794754e-03 -1.728174649178981781e-02 9.998367428779602051e-01
1.748255826532840729e-02 -8.943810127675533295e-03 6.803943309932947159e-03 7.171491626650094986e-03 2.143870806321501732e-03 -1.833206601440906525e-02 9.998039603233337402e-01
1.836839877068996429e-02 -1.098542660474777222e-02 8.502928540110588074e-03 9.419383481144905090e-03 2.532272366806864738e-03 -1.925876736640930176e-02 9.997669458389282227e-01
1.980944164097309113e-02 -1.251214463263750076e-02 9.830830618739128113e-03 1.060274057090282440e-02 2.548232907429337502e-03 -2.008167654275894165e-02 9.997388720512390137e-01
2.249920554459095001e-02 -1.336023863404989243e-02 9.762126021087169647e-03 1.192454714328050613e-02 2.391553251072764397e-03 -2.032921090722084045e-02 9.997193813323974609e-01
2.418310195207595825e-02 -1.474472880363464355e-02 1.156620308756828308e-02 1.308465003967285156e-02 2.081799320876598358e-03 -1.902677305042743683e-02 9.997311830520629883e-01
2.748085372149944305e-02 -1.336653809994459152e-02 1.354035735130310059e-02 1.380237285047769547e-02 2.162607619538903236e-03 -1.752115413546562195e-02 9.997488856315612793e-01
3.049675188958644867e-02 -1.470166537910699844e-02 1.341515406966209412e-02 1.453130692243576050e-02 1.706744078546762466e-03 -1.516324095427989960e-02 9.997779726982116699e-01
3.318924829363822937e-02 -1.747849211096763611e-02 1.260354742407798767e-02 1.497137080878019333e-02 1.369205419905483723e-03 -1.230953168123960495e-02 9.998112320899963379e-01
3.730920702219009399e-02 -1.438319124281406403e-02 1.554570347070693970e-02 1.417175959795713425e-02 1.176360761746764183e-03 -9.694421663880348206e-03 9.998518824577331543e-01
4.113873466849327087e-02 -1.339676696807146072e-02 1.677616499364376068e-02 1.387651171535253525e-02 1.034717774018645287e-03 -6.024542730301618576e-03 9.998850226402282715e-01
4.370294511318206787e-02 -1.752559840679168701e-02 1.705008372664451599e-02 1.318906899541616440e-02 8.442836406175047159e-05 -2.165818819776177406e-03 9.999106526374816895e-01
4.767038300633430481e-02 -1.552081294357776642e-02 1.983791030943393707e-02 1.132097747176885605e-02 1.664303243160247803e-03 2.401712583377957344e-03 9.999316334724426270e-01
5.098752304911613464e-02 -1.506304182112216949e-02 2.296744845807552338e-02 9.111668914556503296e-03 1.556276227347552776e-03 7.655446417629718781e-03 9.999279975891113281e-01
5.268569290637969971e-02 -2.148007974028587341e-02 2.458029426634311676e-02 6.022085435688495636e-03 -5.633913446217775345e-03 1.271943096071481705e-02 9.998850822448730469e-01
5.647072568535804749e-02 -2.644091285765171051e-02 2.182067558169364929e-02 3.211897332221269608e-03 -1.376317907124757767e-02 1.650515757501125336e-02 9.997639060020446777e-01
5.854653194546699524e-02 -3.176714852452278137e-02 2.180140838027000427e-02 9.235391626134514809e-04 -1.493682246655225754e-02 2.133786492049694061e-02 9.996603131294250488e-01
6.404864788055419922e-02 -3.089034743607044220e-02 2.020960859954357147e-02 -9.642497170716524124e-04 -1.685157045722007751e-02 2.544362656772136688e-02 9.995337724685668945e-01
6.763258576393127441e-02 -3.254853561520576477e-02 1.954955980181694031e-02 -1.709395786747336388e-03 -1.725997403264045715e-02 2.920842543244361877e-02 9.994228482246398926e-01
7.024376094341278076e-02 -3.591798990964889526e-02 1.831162348389625549e-02 -2.312104683369398117e-03 -1.823091506958007812e-02 3.146703168749809265e-02 9.993358254432678223e-01
6.489236652851104736e-02 -3.584620729088783264e-02 1.795222982764244080e-02 -3.728178562596440315e-03 -1.805827766656875610e-02 3.280693665146827698e-02 9.992915987968444824e-01
5.289297178387641907e-02 -3.172285109758377075e-02 1.487324293702840805e-02 -6.465658545494079590e-03 -1.859503611922264099e-02 3.629554063081741333e-02 9.991471767425537109e-01
4.307974874973297119e-02 -2.546218968927860260e-02 6.549271754920482635e-03 -5.460348445922136307e-03 -1.975452899932861328e-02 3.751828148961067200e-02 9.990857243537902832e-01
3.057597950100898743e-02 2.157824486494064331e-02 2.612000971566885710e-04 -3.892217762768268585e-03 -1.965814270079135895e-02 2.077764272689819336e-02 9.995832443237304688e-01
2.364926226437091827e-02 4.776265937834978104e-03 4.300840664654970169e-03 -4.753764253109693527e-03 -1.676295697689056396e-02 3.208250552415847778e-02 9.993333220481872559e-01
1.664052158594131470e-02 -6.392854847945272923e-04 5.935600027441978455e-03 -5.773098208010196686e-03 -1.429751142859458923e-02 3.835800662636756897e-02 9.991450905799865723e-01
1.609108410775661469e-02 2.416832649032585323e-05 2.856364473700523376e-03 -5.315509624779224396e-03 -1.510741468518972397e-02 3.666323423385620117e-02 9.991993308067321777e-01
1.368796359747648239e-02 2.360988873988389969e-03 5.372245330363512039e-03 -5.082265008240938187e-03 -1.117654517292976379e-02 3.514001891016960144e-02 9.993069767951965332e-01
1.326260715723037720e-02 1.419862615875899792e-03 2.943482541013509035e-04 -5.493552889674901962e-03 -1.279815379530191422e-02 3.354959934949874878e-02 9.993399977684020996e-01
1.162655465304851532e-02 9.080431773327291012e-04 7.245697197504341602e-04 -4.600184503942728043e-03 -1.049059163779020309e-02 3.219833970069885254e-02 9.994158744812011719e-01
9.589467197656631470e-03 2.633240539580583572e-03 2.267552481498569250e-04 -3.571685636416077614e-03 -8.098396472632884979e-03 2.931275777518749237e-02 9.995310902595520020e-01
8.027072064578533173e-03 1.138318213634192944e-03 8.438985096290707588e-04 -2.555517014116048813e-03 -4.641854669898748398e-03 2.676874026656150818e-02 9.996275901794433594e-01
9.082893840968608856e-03 4.246006428729742765e-04 3.917217254638671875e-04 -1.257102470844984055e-03 -2.194347325712442398e-03 2.096139825880527496e-02 9.997770786285400391e-01
1.165703404694795609e-02 -8.670530281960964203e-03 8.064151625148952007e-04 4.342391912359744310e-05 1.536683179438114166e-03 1.836700737476348877e-02 9.998301267623901367e-01
