8.355129510164260864e-02 -8.519011549651622772e-03 3.567017987370491028e-02 -2.609296701848506927e-02 6.522103678435087204e-03 2.537471801042556763e-02 9.993161559104919434e-01
7.462699711322784424e-02 -1.553761586546897888e-02 3.400702029466629028e-02 -2.517014555633068085e-02 7.163822650909423828e-03 2.457362227141857147e-02 9.993554353713989258e-01
6.689947098493576050e-02 -1.648445799946784973e-02 3.115257993340492249e-02 -2.443106658756732941e-02 7.387790828943252563e-03 2.193957753479480743e-02 9.994334578514099121e-01
5.816465243697166443e-02 -1.956009306013584137e-02 2.855906449258327484e-02 -2.372627519071102142e-02 7.686483673751354218e-03 2.172991819679737091e-02 9.994527697563171387e-01
4.999307170510292053e-02 -2.011318504810333252e-02 2.572172880172729492e-02 -2.258272841572761536e-02 7.311995606869459152e-03 1.921218261122703552e-02 9.995335936546325684e-01
4.219756275415420532e-02 -1.976681873202323914e-02 2.238220721483230591e-02 -2.085697464644908905e-02 6.832330487668514252e-03 1.700386032462120056e-02 9.996145367622375488e-01
3.499006852507591248e-02 -1.773471757769584656e-02 1.916006766259670258e-02 -1.900707557797431946e-02 6.686406675726175308e-03 1.440197601914405823e-02 9.996932744979858398e-01
2.758526243269443512e-02 -1.532852277159690857e-02 1.647452078759670258e-02 -1.720809005200862885e-02 6.913168821483850479e-03 1.199859753251075745e-02 9.997560381889343262e-01
2.109558880329132080e-02 -1.232158020138740540e-02 1.282623223960399628e-02 -1.504538580775260925e-02 6.737889721989631653e-03 8.631531149148941040e-03 9.998268485069274902e-01
1.431279070675373077e-02 -9.472021833062171936e-03 9.451790712773799896e-03 -1.266332436352968216e-02 6.752341054379940033e-03 6.280864588916301727e-03 9.998772740364074707e-01
8.748138323426246643e-03 -6.071106065064668655e-03 5.471588112413883209e-03 -9.809526614844799042e-03 -4.173273046035319567e-04 3.002473386004567146e-03 9.999473094940185547e-01
4.485864657908678055e-03 -1.284805010072886944e-03 3.418053966015577316e-03 -6.613006349653005600e-03 -2.364556712564080954e-04 5.162979941815137863e-04 9.999779462814331055e-01
4.800489172339439392e-03 -2.101361285895109177e-03 3.727467963472008705e-03 -4.484552890062332153e-03 2.750002604443579912e-04 -2.182983327656984329e-03 9.999875426292419434e-01
5.526885390281677246e-03 -2.972223097458481789e-03 3.775703953579068184e-03 -2.391683636233210564e-03 3.399995330255478621e-04 -3.778707701712846756e-03 9.999899268150329590e-01
6.129832938313484192e-03 -3.605715930461883545e-03 4.004824906587600708e-03 6.922230113559635356e-06 7.651194464415311813e-04 -5.360241979360580444e-03 9.999853372573852539e-01
6.644874811172485352e-03 -4.501097835600376129e-03 4.213038366287946701e-03 7.205479196272790432e-04 1.056138076819479465e-03 -6.568489130586385727e-03 9.999775886535644531e-01
7.134473882615566254e-03 -5.702657625079154968e-03 3.934708423912525177e-03 2.766970545053482056e-03 1.008286839351058006e-03 -7.544409483671188354e-03 9.999672174453735352e-01
7.868472486734390259e-03 -5.362246651202440262e-03 5.189517047256231308e-03 3.407704411074519157e-03 1.653556479141116142e-03 -8.171233348548412323e-03 9.999594688415527344e-01
8.035276085138320923e-03 -6.439853925257921219e-03 5.665301810950040817e-03 4.345248918980360031e-03 1.296319183893501759e-03 -8.773227222263813019e-03 9.999512434005737305e-01
8.510663174092769623e-03 -7.423829752951860428e-03 5.775360390543937683e-03 5.035186652094125748e-03 1.331917010247707367e-03 -9.197586216032505035e-03 9.999441504478454590e-01
9.666289202868938446e-03 -7.279892452061176300e-03 6.323240231722593307e-03 5.597292445600032806e-03 1.356985187157988548e-03 -8.705473504960536957e-03 9.999455213546752930e-01
1.106793433427810669e-02 -7.861096411943435669e-03 5.535551812499761581e-03 7.095087785273790359e-03 8.491769549436867237e-04 -8.451898582279682159e-03 9.999387264251708984e-01
1.227850187569856644e-02 -6.888533011078834534e-03 7.022645324468612671e-03 7.145549170672893524e-03 8.698470774106681347e-04 -7.687731646001338959e-03 9.999445676803588867e-01
1.314470265060663223e-02 -7.719419896602630615e-03 7.279574871063232422e-03 7.366705685853958130e-03 7.801894680596888065e-04 -6.575854495167732239e-03 9.999509453773498535e-01
1.387037150561809540e-02 -8.537076413631439209e-03 7.914976216852664948e-03 7.381920237094163895e-03 5.939222173765301704e-04 -5.003582220524549484e-03 9.999600648880004883e-01
1.569019630551338196e-02 -7.558489218354225159e-03 8.545273914933204651e-03 6.938828155398368835e-03 3.672705497592687607e-04 -3.164083696901798248e-03 9.999708533287048340e-01
1.687628775835037231e-02 -8.346261456608772278e-03 8.800367824733257294e-03 6.627982482314109802e-03 -1.866123348008841276e-04 -1.256753341294825077e-03 9.999772310256958008e-01
1.822835020720958710e-02 -8.496013469994068146e-03 9.510015137493610382e-03 5.961870308965444565e-03 -1.688955380814149976e-04 7.314236718229949474e-04 9.999819397926330566e-01
1.941731013357639313e-02 -9.097035974264144897e-03 1.032605767250061035e-02 5.223241634666919708e-03 -3.325810248497873545e-04 3.996460698544979095e-03 9.999783039093017578e-01
2.040033787488937378e-02 -9.362149983644485474e-03 1.195213943719863892e-02 3.579345764592289925e-03 -1.864920195657759905e-04 6.730965804308652878e-03 9.999709129333496094e-01
2.117020078003406525e-02 -1.043860334903001785e-02 1.331036165356636047e-02 2.776195062324404716e-03 -7.964851334691047668e-03 9.167011827230453491e-03 9.999223947525024414e-01
2.221727930009365082e-02 -1.117762550711631775e-02 1.461367867887020111e-02 1.163560780696570873e-03 -8.795425295829772949e-03 1.177290640771389008e-02 9.998913407325744629e-01
2.421349845826625824e-02 -1.146461907774209976e-02 1.459436025470495224e-02 -3.281877143308520317e-04 -9.374835528433322906e-03 1.399539969861507416e-02 9.998580813407897949e-01
2.658331207931041718e-02 -1.147805247455835342e-02 1.398719102144241333e-02 -9.843016741797327995e-04 -9.939752519130706787e-03 1.732007227838039398e-02 9.998000860214233398e-01
2.749517932534217834e-02 -1.279127411544322968e-02 1.447280403226613998e-02 -1.851541106589138508e-03 -1.000982429832220078e-02 1.938186213374137878e-02 9.997603297233581543e-01
2.825739048421382904e-02 -1.572040840983390808e-02 1.413236930966377258e-02 -2.314753131940960884e-03 -1.035228092223405838e-02 2.066362462937831879e-02 9.997302293777465820e-01
2.345823310315608978e-02 -1.347595732659101486e-02 1.123054604977369308e-02 -2.943633822724223137e-03 -1.094776112586259842e-02 2.205759659409523010e-02 9.996924400329589844e-01
1.843118295073509216e-02 -1.022891048341989517e-02 9.245252236723899841e-03 -4.387246910482645035e-03 -1.061034761369228363e-02 2.331331185996532440e-02 9.996622800827026367e-01
1.442151982337236404e-02 -7.624150719493627548e-03 5.202388390898704529e-03 -4.235515370965003967e-03 -1.026340667158365250e-02 2.366181649267673492e-02 9.996583461761474609e-01
9.961702860891819000e-03 -3.798946272581815720e-03 5.776906386017799377e-03 -4.837274551391601562e-03 -8.943790569901466370e-03 2.414915151894092560e-02 9.996566772460937500e-01
8.361013606190681458e-03 1.626272103749215603e-03 4.509898368269205093e-03 -4.306413233280181885e-03 -9.084349498152732849e-03 2.269035764038562775e-02 9.996919631958007812e-01
7.983247749507427216e-03 -2.292450517416000366e-03 5.355068016797304153e-03 -4.035973921418190002e-03 -9.006827138364315033e-03 2.469055168330669403e-02 9.996464252471923828e-01
8.338662795722484589e-03 -5.113504012115299702e-04 5.961930844932794571e-03 -3.974216058850288391e-03 -7.144960109144449234e-03 2.376243658363819122e-02 9.996842145919799805e-01
9.475086815655231476e-03 1.487944973632693291e-03 4.959929268807172775e-03 -3.078418551012873650e-03 -6.847501266747713089e-03 2.154199965298175812e-02 9.997397661209106445e-01
1.000662986189126968e-02 -6.597323808819055557e-04 5.532080307602882385e-03 -3.314919769763946533e-03 -5.793391726911067963e-03 2.117686718702316284e-02 9.997534751892089844e-01
1.056676637381315231e-02 2.976303920149803162e-03 5.458269268274307251e-03 -2.443156437948346138e-03 -5.005748942494392395e-03 1.850759238004684448e-02 9.998131990432739258e-01
1.183027587831020355e-02 3.082678187638521194e-03 4.843949805945158005e-03 -1.990242628380656242e-03 -3.696062136441469193e-03 1.716713048517704010e-02 9.998438358306884766e-01
1.213613990694284439e-02 3.935663495212793350e-03 6.315751932561397552e-03 -1.381381880491971970e-03 -1.994293415918946266e-03 1.453817635774612427e-02 9.998914003372192383e-01
1.235991623252630234e-02 -2.879868028685450554e-03 5.382988601922988892e-03 -6.964021595194935799e-04 -3.779302933253347874e-04 1.131501980125904083e-02 9.999356865882873535e-01
8.962001651525497437e-03 -9.905030950903892517e-03 4.717551637440919876e-03 5.253093149804044515e-06 1.463682274334132671e-03 8.974120952188968658e-03 9.999586343765258789e-01
1.595816910266876221e-01 -1.863639615476131439e-02 6.863703578710556030e-02 -5.136967077851295471e-02 1.468963548541069031e-02 4.627595096826553345e-02 9.974988102912902832e-01
1.431844979524612427e-01 -2.622891217470169067e-02 6.417155265808105469e-02 -5.003812909126281738e-02 1.806295476853847504e-02 4.207126051187515259e-02 9.976972937583923340e-01
1.273694038391113281e-01 -3.248531743884086609e-02 5.706874281167984009e-02 -4.803979769349098206e-02 1.496041007339954376e-02 4.309506341814994812e-02 9.978031516075134277e-01
1.107205227017402649e-01 -3.446512296795845032e-02 5.275316163897514343e-02 -4.666185006499290466e-02 1.455586310476064682e-02 3.959502652287483215e-02 9.980195760726928711e-01
9.478566050529479980e-02 -3.451884910464286804e-02 4.727704823017120361e-02 -4.308748617768287659e-02 1.473960932344198227e-02 3.569021821022033691e-02 9.983248114585876465e-01
7.898913323879241943e-02 -3.311850503087043762e-02 4.189664870500564575e-02 -3.987127542495727539e-02 1.414906326681375504e-02 3.056572191417217255e-02 9.986369609832763672e-01
6.507974117994308472e-02 -2.867997996509075165e-02 3.496937453746795654e-02 -3.518615290522575378e-02 1.429196074604988098e-02 2.556696161627769470e-02 9.989514350891113281e-01
5.163569375872612000e-02 -2.216523885726928711e-02 2.888284251093864441e-02 -3.018866665661334991e-02 1.443297881633043289e-02 1.868600212037563324e-02 9.992653131484985352e-01
3.742505237460136414e-02 -1.847010664641857147e-02 2.194764465093612671e-02 -2.599702589213848114e-02 1.297227758914232254e-02 1.371452398598194122e-02 9.994837641716003418e-01
2.428445033729076385e-02 -1.290172804147005081e-02 1.523541379719972610e-02 -2.167183347046375275e-02 6.421881727874279022e-03 8.954288437962532043e-03 9.997044205665588379e-01
1.291294489055871964e-02 -7.189060095697641373e-03 8.127740584313869476e-03 -1.681355945765972137e-02 -1.770119852153584361e-04 2.948757028207182884e-03 9.998542666435241699e-01
9.806054644286632538e-03 -3.666927339509129524e-03 6.267908029258251190e-03 -1.073463074862957001e-02 9.396824316354468465e-05 -2.870172495022416115e-03 9.999382495880126953e-01
1.035567931830883026e-02 -5.281460937112569809e-03 7.329996675252914429e-03 -7.329725194722414017e-03 7.044556550681591034e-04 -6.514138076454401016e-03 9.999516606330871582e-01
1.173703931272029877e-02 -6.845172028988599777e-03 7.415532134473323822e-03 -2.800168236717581749e-03 1.209613401442766190e-03 -1.001840643584728241e-02 9.999451637268066406e-01
1.331742666661739349e-02 -7.749187294393777847e-03 7.689205929636955261e-03 2.039675018750131130e-04 1.345428754575550556e-03 -1.276176143437623978e-02 9.999176263809204102e-01
1.415182836353778839e-02 -9.989511221647262573e-03 7.816502824425697327e-03 3.606074023991823196e-03 1.940712798386812210e-03 -1.489411387592554092e-02 9.998806715011596680e-01
1.512037031352519989e-02 -1.187149249017238617e-02 7.899750024080276489e-03 6.198208313435316086e-03 2.312859985977411270e-03 -1.617420651018619537e-02 9.998472929000854492e-01
1.596976257860660553e-02 -1.307444088160991669e-02 9.187301620841026306e-03 8.736478164792060852e-03 2.580655971542000771e-03 -1.716480217874050140e-02 9.998111724853515625e-01
1.733396202325820923e-02 -1.370241586118936539e-02 1.042486447840929031e-02 1.028076838701963425e-02 2.568294061347842216e-03 -1.829778775572776794e-02 9.997764229774475098e-01
1.933575049042701721e-02 -1.439358759671449661e-02 1.059762202203273773e-02 1.181898731738328934e-02 2.475460525602102280e-03 -1.854651980102062225e-02 9.997550845146179199e-01
2.073113992810249329e-02 -1.562231499701738358e-02 1.129048597067594528e-02 1.313053723424673080e-02 2.108955290168523788e-03 -1.747705228626728058e-02 9.997588396072387695e-01
2.334048412740230560e-02 -1.449976488947868347e-02 1.297412440180778503e-02 1.387719064950942993e-02 2.281836466863751411e-03 -1.614370569586753845e-02 9.997707605361938477e-01
2.563087083399295807e-02 -1.509851962327957153e-02 1.338338945060968399e-02 1.433163136243820190e-02 1.815801719203591347e-03 -1.408639736473560333e-02 9.997963905334472656e-01
2.786796726286411285e-02 -1.571803726255893707e-02 1.417397614568471909e-02 1.466467417776584625e-02 1.479211496189236641e-03 -1.131842471659183502e-02 9.998273253440856934e-01
3.012724779546260834e-02 -1.550668291747570038e-02 1.606836356222629547e-02 1.397791132330894470e-02 9.126733639277517796e-04 -8.464911952614784241e-03 9.998660683631896973e-01
3.279424086213111877e-02 -1.540625747293233871e-02 1.735551841557025909e-02 1.345962285995483398e-02 4.038357583340257406e-04 -4.674741998314857483e-03 9.998984336853027344e-01
3.517907857894897461e-02 -1.694167032837867737e-02 1.806442625820636749e-02 1.271844748407602310e-02 -4.362580366432666779e-04 -9.878295240923762321e-04 9.999185204505920410e-01
3.788093104958534241e-02 -1.738462224602699280e-02 1.955595239996910095e-02 1.094984076917171478e-02 7.954875763971358538e-05 4.414681810885667801e-03 9.999303221702575684e-01
4.021370038390159607e-02 -1.800322905182838440e-02 2.194674871861934662e-02 9.063041768968105316e-03 -4.695681564044207335e-04 9.451340883970260620e-03 9.999141693115234375e-01
4.172664508223533630e-02 -1.978807710111141205e-02 2.501845732331275940e-02 6.585802882909774780e-03 -7.750643417239189148e-03 1.486358791589736938e-02 9.998378157615661621e-01
4.535480588674545288e-02 -2.030944451689720154e-02 2.568283118307590485e-02 3.955575171858072281e-03 -1.620875298976898193e-02 1.956212706863880157e-02 9.996694326400756836e-01
4.769638553261756897e-02 -2.267529442906379700e-02 2.707883529365062714e-02 1.548460335470736027e-03 -1.745869033038616180e-02 2.487301081418991089e-02 9.995369315147399902e-01
5.130068212747573853e-02 -2.376138605177402496e-02 2.701907604932785034e-02 -8.539228583686053753e-04 -1.893807575106620789e-02 3.021448478102684021e-02 9.993636608123779297e-01
5.337122455239295959e-02 -2.537848055362701416e-02 2.883142977952957153e-02 -2.311653457581996918e-03 -1.904379576444625854e-02 3.456970304250717163e-02 9.992181658744812012e-01
5.570828542113304138e-02 -2.872377820312976837e-02 2.858491800725460052e-02 -3.657676978036761284e-03 -2.008230984210968018e-02 3.719620406627655029e-02 9.990994930267333984e-01
5.170856416225433350e-02 -2.838043496012687683e-02 2.623367495834827423e-02 -5.498410668224096298e-03 -2.020275592803955078e-02 3.931441530585289001e-02 9.990075230598449707e-01
4.175759851932525635e-02 -2.367185987532138824e-02 2.064712531864643097e-02 -7.313276175409555435e-03 -2.052824944257736206e-02 4.301717877388000488e-02 9.988366365432739258e-01
3.319440782070159912e-02 -1.776968128979206085e-02 1.353265345096588135e-02 -7.818640209734439850e-03 -2.026275359094142914e-02 4.469178244471549988e-02 9.987646937370300293e-01
2.505958639085292816e-02 -1.064728107303380966e-02 9.658950380980968475e-03 -7.745700888335704803e-03 -1.925747282803058624e-02 4.414695873856544495e-02 9.988093972206115723e-01
1.840260811150074005e-02 -9.864065796136856079e-04 9.496946819126605988e-03 -8.311976678669452667e-03 -1.762716658413410187e-02 4.480892792344093323e-02 9.988054633140563965e-01
1.669725403189659119e-02 1.373723847791552544e-03 9.956762194633483887e-03 -8.278459310531616211e-03 -1.738391257822513580e-02 4.702104255557060242e-02 9.987083077430725098e-01
1.722062565386295319e-02 3.117403248324990273e-03 9.945113211870193481e-03 -7.361280266195535660e-03 -1.641816832125186920e-02 4.552047699689865112e-02 9.988013505935668945e-01
1.776979677379131317e-02 4.301391076296567917e-03 1.041391771286725998e-02 -7.303072605282068253e-03 -1.449450757354497910e-02 4.359930753707885742e-02 9.989172220230102539e-01
1.868593506515026093e-02 5.227699410170316696e-03 1.085725892335176468e-02 -7.391245104372501373e-03 -1.283117663115262985e-02 4.044379293918609619e-02 9.990720748901367188e-01
2.008068934082984924e-02 5.679095629602670670e-03 1.122795697301626205e-02 -6.055670790374279022e-03 -1.025454141199588776e-02 3.858638182282447815e-02 9.991843104362487793e-01
2.179830148816108704e-02 7.543524261564016342e-03 1.063049864023923874e-02 -4.949189722537994385e-03 -8.541664108633995056e-03 3.503747656941413879e-02 9.993372559547424316e-01
2.365614660084247589e-02 8.190885186195373535e-03 1.106869801878929138e-02 -3.595592919737100601e-03 -5.001492798328399658e-03 3.132106363773345947e-02 9.994903802871704102e-01
2.522197552025318146e-02 6.078572943806648254e-03 1.009218208491802216e-02 -1.542581594549119473e-03 -2.250449731945991516e-03 2.394960820674896240e-02 9.997094273567199707e-01
2.123786509037017822e-02 -1.455445308238267899e-02 1.032288279384374619e-02 -6.297675427049398422e-04 2.236520173028111458e-03 2.040754444897174835e-02 9.997890591621398926e-01
