8.492171019315719604e-02 -5.869527813047170639e-03 3.318710997700691223e-02 -2.658086642622947693e-02 6.026979535818099976e-03 2.508090250194072723e-02 9.993138313293457031e-01
7.527033984661102295e-02 -1.389378495514392853e-02 3.416924178600311279e-02 -2.678782120347023010e-02 7.430939935147762299e-03 2.516296505928039551e-02 9.992967844009399414e-01
6.814125180244445801e-02 -1.462671626359224319e-02 3.082046471536159515e-02 -2.596566267311573029e-02 7.555094081908464432e-03 2.275572530925273895e-02 9.993752241134643555e-01
5.963323265314102173e-02 -1.850906386971473694e-02 2.818139642477035522e-02 -2.544474601745605469e-02 8.385483175516128540e-03 2.287088707089424133e-02 9.993793964385986328e-01
5.152493342757225037e-02 -1.993212103843688965e-02 2.528124116361141205e-02 -2.354103885591030121e-02 7.632894907146692276e-03 1.992577873170375824e-02 9.994951486587524414e-01
4.386521503329277039e-02 -2.056281082332134247e-02 2.139037288725376129e-02 -2.113105729222297668e-02 6.833766121417284012e-03 1.740883663296699524e-02 9.996017813682556152e-01
3.676857799291610718e-02 -1.887580752372741699e-02 1.810495555400848389e-02 -1.913546770811080933e-02 6.641098298132419586e-03 1.445977389812469482e-02 9.996902942657470703e-01
2.939268015325069427e-02 -1.656792126595973969e-02 1.579111628234386444e-02 -1.720029674470424652e-02 6.817460991442203522e-03 1.182852871716022491e-02 9.997588396072387695e-01
2.305817790329456329e-02 -1.381042134016752243e-02 1.183789595961570740e-02 -1.473726984113454819e-02 6.538650952279567719e-03 8.198516443371772766e-03 9.998363852500915527e-01
1.603968627750873566e-02 -1.106690522283315659e-02 8.968221023678779602e-03 -1.236202195286750793e-02 6.599341984838247299e-03 5.927044898271560669e-03 9.998842477798461914e-01
9.807985275983810425e-03 -7.874227128922939301e-03 4.776549525558948517e-03 -9.322454221546649933e-03 -6.325021968223154545e-04 2.650489564985036850e-03 9.999528527259826660e-01
4.404358565807342529e-03 -2.584794769063591957e-03 2.455177949741482735e-03 -6.233584135770797729e-03 -3.064219781663268805e-04 1.388234813930466771e-04 9.999805092811584473e-01
4.588876385241746902e-03 -2.860899548977613449e-03 3.182043787091970444e-03 -4.092917777597904205e-03 3.622983349487185478e-04 -2.542993286624550819e-03 9.999883174896240234e-01
5.232239607721567154e-03 -3.478002501651644707e-03 3.136875806376338005e-03 -1.861200318671762943e-03 4.726975457742810249e-04 -4.016799852252006531e-03 9.999901056289672852e-01
5.463143344968557358e-03 -5.239068064838647842e-03 2.174416789785027504e-03 4.502065421547740698e-04 7.461907807737588882e-04 -5.539507605135440826e-03 9.999842643737792969e-01
6.274079903960227966e-03 -5.298004485666751862e-03 3.244137624278664589e-03 1.018412876874208450e-03 1.104471040889620781e-03 -6.833395920693874359e-03 9.999755024909973145e-01
6.320196669548749924e-03 -7.165549788624048233e-03 2.380366437137126923e-03 3.136261133477091789e-03 1.003287849016487598e-03 -7.753247395157814026e-03 9.999645352363586426e-01
7.803556509315967560e-03 -6.584965623915195465e-03 3.920458722859621048e-03 3.693804377689957619e-03 1.687503652647137642e-03 -8.310489356517791748e-03 9.999572038650512695e-01
7.894138805568218231e-03 -8.099972270429134369e-03 4.280524794012308121e-03 4.639041610062122345e-03 1.178273814730346203e-03 -8.804536424577236176e-03 9.999498128890991211e-01
8.469928987324237823e-03 -9.305685758590698242e-03 4.357584286481142044e-03 5.225510336458683014e-03 1.187523012049496174e-03 -9.365479461848735809e-03 9.999417662620544434e-01
1.020239107310771942e-02 -9.194236248731613159e-03 4.991945810616016388e-03 5.774092860519886017e-03 1.208822010084986687e-03 -8.873445913195610046e-03 9.999432563781738281e-01
1.145366858690977097e-02 -1.032918319106101990e-02 4.188579041510820389e-03 7.169655058532953262e-03 7.121113594621419907e-04 -8.558373898267745972e-03 9.999374151229858398e-01
1.340614445507526398e-02 -9.338236413896083832e-03 6.111240480095148087e-03 7.339867763221263885e-03 9.689440485090017319e-04 -7.633542641997337341e-03 9.999434351921081543e-01
1.409715134650468826e-02 -1.136225089430809021e-02 5.671409890055656433e-03 7.877894677221775055e-03 4.989124718122184277e-04 -6.415332667529582977e-03 9.999482631683349609e-01
1.522783376276493073e-02 -1.205238047987222672e-02 6.866257637739181519e-03 7.673427928239107132e-03 4.075182660017162561e-04 -5.014734808355569839e-03 9.999579191207885742e-01
1.792949251830577850e-02 -1.089261658489704132e-02 7.572309114038944244e-03 7.353879977017641068e-03 2.067587483907118440e-04 -3.117969958111643791e-03 9.999680519104003906e-01
1.910369656980037689e-02 -1.253100298345088959e-02 7.672720588743686676e-03 7.028687745332717896e-03 -4.280005814507603645e-04 -1.097116619348526001e-03 9.999746084213256836e-01
2.110064029693603516e-02 -1.229924988001585007e-02 8.851035498082637787e-03 6.306894589215517044e-03 -2.907658927142620087e-04 9.416622342541813850e-04 9.999796152114868164e-01
2.278704941272735596e-02 -1.303626317530870438e-02 9.558791294693946838e-03 5.570663604885339737e-03 -5.368553684093058109e-04 4.244095180183649063e-03 9.999753236770629883e-01
2.405002526938915253e-02 -1.312789693474769592e-02 1.216059550642967224e-02 3.845540573820471764e-03 -5.588321437244303524e-05 6.967309396713972092e-03 9.999683499336242676e-01
2.452437207102775574e-02 -1.568797603249549866e-02 1.328926812857389450e-02 2.605137415230274200e-03 -7.854249328374862671e-03 9.334251284599304199e-03 9.999222159385681152e-01
2.571470849215984344e-02 -1.647394336760044098e-02 1.508240494877099991e-02 1.003011246211826801e-03 -8.479114621877670288e-03 1.204495318233966827e-02 9.998909831047058105e-01
2.834962122142314911e-02 -1.696545071899890900e-02 1.436745189130306244e-02 -4.753311804961413145e-04 -9.396066889166831970e-03 1.402149070054292679e-02 9.998574256896972656e-01
3.109809383749961853e-02 -1.638025976717472076e-02 1.417349465191364288e-02 -1.295818481594324112e-03 -9.691365063190460205e-03 1.691341586410999298e-02 9.998091459274291992e-01
3.225505352020263672e-02 -1.781342364847660065e-02 1.467983331531286240e-02 -2.310708863660693169e-03 -9.620778262615203857e-03 1.898073218762874603e-02 9.997708797454833984e-01
3.248547017574310303e-02 -2.133686468005180359e-02 1.405260805040597916e-02 -2.509496407583355904e-03 -1.048684492707252502e-02 2.025040984153747559e-02 9.997367858886718750e-01
2.688783779740333557e-02 -1.902159862220287323e-02 1.170409284532070160e-02 -3.396796993911266327e-03 -1.077024079859256744e-02 2.172723971307277679e-02 9.997001290321350098e-01
2.163987047970294952e-02 -1.572404615581035614e-02 9.831890463829040527e-03 -4.809134174138307571e-03 -1.053197681903839111e-02 2.282502129673957825e-02 9.996724128723144531e-01
1.722729206085205078e-02 -1.277196127921342850e-02 4.840519744902849197e-03 -4.281011875718832016e-03 -1.053332816809415817e-02 2.269470691680908203e-02 9.996777772903442383e-01
1.151922252029180527e-02 -9.026552550494670868e-03 5.033128429204225540e-03 -5.242612212896347046e-03 -9.132300503551959991e-03 2.361358888447284698e-02 9.996656775474548340e-01
7.729179225862026215e-03 -2.157220151275396347e-03 4.418227821588516235e-03 -4.466463346034288406e-03 -8.350502699613571167e-03 2.243331260979175568e-02 9.997034668922424316e-01
5.866990890353918076e-03 -5.494906567037105560e-03 2.840916626155376434e-03 -4.093970637768507004e-03 -8.964308537542819977e-03 2.371271885931491852e-02 9.996702671051025391e-01
5.616304464638233185e-03 -3.842373378574848175e-03 3.862504614517092705e-03 -3.907908219844102859e-03 -6.828250829130411148e-03 2.300222031772136688e-02 9.997044801712036133e-01
6.125032901763916016e-03 -2.280947985127568245e-03 2.710969885811209679e-03 -2.992870053276419640e-03 -6.750708911567926407e-03 2.168343774974346161e-02 9.997376203536987305e-01
4.904562607407569885e-03 -3.195999888703227043e-03 2.257708692923188210e-03 -3.037708578631281853e-03 -5.956762935966253281e-03 2.124202065169811249e-02 9.997519850730895996e-01
4.385883919894695282e-03 -1.750742900185286999e-03 2.659250283613801003e-03 -2.265065675601363182e-03 -4.613220691680908203e-03 1.866492442786693573e-02 9.998126029968261719e-01
3.997827414423227310e-03 -1.181987230665981770e-03 1.796096679754555225e-03 -1.587021397426724434e-03 -3.589700907468795776e-03 1.729994080960750580e-02 9.998426437377929688e-01
3.109644167125225067e-03 -1.680604415014386177e-03 8.216870483011007309e-04 -1.393876271322369576e-03 -2.353947376832365990e-03 1.445760019123554230e-02 9.998917579650878906e-01
4.179328680038452148e-03 -3.919064532965421677e-03 1.100391265936195850e-03 -8.534669177606701851e-04 -7.370257517322897911e-04 1.229953020811080933e-02 9.999237060546875000e-01
5.061960313469171524e-03 -7.048007100820541382e-03 1.542976824566721916e-03 1.675358944339677691e-04 1.152974204160273075e-03 9.278902783989906311e-03 9.999562501907348633e-01
1.601021885871887207e-01 -1.817389018833637238e-02 6.875294446945190430e-02 -4.994491115212440491e-02 1.344132423400878906e-02 4.268718883395195007e-02 9.977487921714782715e-01
1.434001922607421875e-01 -2.506168931722640991e-02 6.645553559064865112e-02 -4.810120165348052979e-02 1.747723482549190521e-02 3.818548098206520081e-02 9.979592561721801758e-01
1.283901929855346680e-01 -3.947586193680763245e-02 5.383192002773284912e-02 -4.727148264646530151e-02 1.441721711307764053e-02 4.347556084394454956e-02 9.978313446044921875e-01
1.125895529985427856e-01 -3.963765874505043030e-02 4.960224404931068420e-02 -4.744601622223854065e-02 1.449118927121162415e-02 4.111591354012489319e-02 9.979220032691955566e-01
9.760618954896926880e-02 -3.640275076031684875e-02 4.558912292122840881e-02 -4.429974034428596497e-02 1.493172161281108856e-02 3.737835958600044250e-02 9.982070922851562500e-01
8.278045058250427246e-02 -3.305258229374885559e-02 4.091963171958923340e-02 -4.068032652139663696e-02 1.376595906913280487e-02 3.135239705443382263e-02 9.985853433609008789e-01
6.934328377246856689e-02 -2.791458927094936371e-02 3.460911288857460022e-02 -3.573450073599815369e-02 1.456791162490844727e-02 2.599717862904071808e-02 9.989169239997863770e-01
5.635414272546768188e-02 -2.147244103252887726e-02 2.831057459115982056e-02 -2.997196093201637268e-02 1.442465558648109436e-02 1.800972223281860352e-02 9.992843866348266602e-01
4.219096526503562927e-02 -1.888277381658554077e-02 2.111721597611904144e-02 -2.541386149823665619e-02 1.244044303894042969e-02 1.270573958754539490e-02 9.995188713073730469e-01
2.798554487526416779e-02 -1.450141053646802902e-02 1.498439628630876541e-02 -2.114484459161758423e-02 5.906161386519670486e-03 8.113132789731025696e-03 9.997260570526123047e-01
1.489992253482341766e-02 -9.320637211203575134e-03 7.433681283146142960e-03 -1.610038429498672485e-02 -5.884546553716063499e-04 2.045533154159784317e-03 9.998680949211120605e-01
9.800356812775135040e-03 -4.377988632768392563e-03 5.189570598304271698e-03 -1.007108576595783234e-02 1.617730449652299285e-04 -3.603219985961914062e-03 9.999427795410156250e-01
1.020827051252126694e-02 -5.472765769809484482e-03 6.506883073598146439e-03 -6.791625171899795532e-03 8.284330833703279495e-04 -7.152443751692771912e-03 9.999510049819946289e-01
1.141504757106304169e-02 -7.392243482172489166e-03 6.065664812922477722e-03 -2.066214103251695633e-03 1.158642116934061050e-03 -1.062122918665409088e-02 9.999408125877380371e-01
1.274569053202867508e-02 -9.053071960806846619e-03 5.874378141015768051e-03 7.684671436436474323e-04 1.389873097650706768e-03 -1.323445327579975128e-02 9.999111890792846680e-01
1.302222162485122681e-02 -1.250908989459276199e-02 4.760068841278553009e-03 4.427262581884860992e-03 1.788990572094917297e-03 -1.519963797181844711e-02 9.998731017112731934e-01
1.423550769686698914e-02 -1.429116073995828629e-02 5.003824364393949509e-03 6.737934891134500504e-03 2.242350019514560699e-03 -1.638802513480186462e-02 9.998404979705810547e-01
1.552772149443626404e-02 -1.557290647178888321e-02 6.837543100118637085e-03 8.973523974418640137e-03 2.601486630737781525e-03 -1.732675917446613312e-02 9.998062252998352051e-01
1.712694391608238220e-02 -1.683810167014598846e-02 8.292108774185180664e-03 1.052723731845617294e-02 2.680670004338026047e-03 -1.856399327516555786e-02 9.997686743736267090e-01
1.939408294856548309e-02 -1.834043487906455994e-02 8.216292597353458405e-03 1.194109115749597549e-02 2.626739442348480225e-03 -1.878719031810760498e-02 9.997487664222717285e-01
2.110025845468044281e-02 -2.021695859730243683e-02 9.058700874447822571e-03 1.301871612668037415e-02 2.103824634104967117e-03 -1.784975826740264893e-02 9.997537136077880859e-01
2.491440996527671814e-02 -1.930003799498081207e-02 1.113479398190975189e-02 1.390584185719490051e-02 2.441260730847716331e-03 -1.647240854799747467e-02 9.997646212577819824e-01
2.768909372389316559e-02 -2.070133760571479797e-02 1.144228596240282059e-02 1.457094587385654449e-02 1.880964613519608974e-03 -1.425825431942939758e-02 9.997904300689697266e-01
3.048888966441154480e-02 -2.243087254464626312e-02 1.153934933245182037e-02 1.516998559236526489e-02 1.051519881002604961e-03 -1.138315908610820770e-02 9.998195767402648926e-01
3.437256813049316406e-02 -2.146247029304504395e-02 1.408583298325538635e-02 1.426776498556137085e-02 5.873235058970749378e-04 -8.366283960640430450e-03 9.998630285263061523e-01
3.798801824450492859e-02 -2.168328128755092621e-02 1.549369189888238907e-02 1.403462234884500504e-02 -1.200873794005019590e-05 -4.597104620188474655e-03 9.998909235000610352e-01
4.009078070521354675e-02 -2.546452730894088745e-02 1.587721519172191620e-02 1.349278166890144348e-02 -1.118481159210205078e-03 -9.854160016402602196e-04 9.999078512191772461e-01
4.421669989824295044e-02 -2.427598088979721069e-02 1.903848163783550262e-02 1.141779590398073196e-02 -3.489958544378168881e-05 4.988888278603553772e-03 9.999223947525024414e-01
4.757456108927726746e-02 -2.410943433642387390e-02 2.257261611521244049e-02 9.336714632809162140e-03 -1.755707053234800696e-04 1.001692935824394226e-02 9.999062418937683105e-01
4.940828680992126465e-02 -2.731484174728393555e-02 2.557513676583766937e-02 6.453887559473514557e-03 -7.256949320435523987e-03 1.498282235115766525e-02 9.998405575752258301e-01
5.331903696060180664e-02 -2.962632291018962860e-02 2.536862529814243317e-02 4.036931321024894714e-03 -1.583043672144412994e-02 1.960266008973121643e-02 9.996743798255920410e-01
5.566456541419029236e-02 -3.332352265715599060e-02 2.651695348322391510e-02 1.410463126376271248e-03 -1.729770749807357788e-02 2.466029487550258636e-02 9.995452165603637695e-01
5.973697826266288757e-02 -3.346652165055274963e-02 2.786317467689514160e-02 -1.017082133330404758e-03 -1.811460591852664948e-02 2.896099351346492767e-02 9.994158744812011719e-01
6.268473714590072632e-02 -3.537212684750556946e-02 2.889974601566791534e-02 -2.560619497671723366e-03 -1.829200983047485352e-02 3.272129222750663757e-02 9.992938041687011719e-01
6.460300832986831665e-02 -3.941490128636360168e-02 2.885343320667743683e-02 -3.529937937855720520e-03 -1.913918182253837585e-02 3.511147573590278625e-02 9.991939067840576172e-01
5.989891663193702698e-02 -3.901891782879829407e-02 2.660633437335491180e-02 -5.331847351044416428e-03 -1.952286250889301300e-02 3.733192756772041321e-02 9.990979433059692383e-01
4.848720878362655640e-02 -3.445588052272796631e-02 2.206811867654323578e-02 -7.545857224613428116e-03 -1.997023262083530426e-02 4.128444567322731018e-02 9.989193677902221680e-01
3.922798484563827515e-02 -2.793493308126926422e-02 1.509587839245796204e-02 -8.246781304478645325e-03 -2.000137232244014740e-02 4.230657964944839478e-02 9.988704323768615723e-01
2.963433600962162018e-02 -2.049643360078334808e-02 1.011344883590936661e-02 -8.358910679817199707e-03 -1.851949654519557953e-02 4.226913303136825562e-02 9.988996386528015137e-01
2.012829296290874481e-02 -1.118213497102260590e-02 8.391018956899642944e-03 -9.188833646476268768e-03 -1.654831692576408386e-02 4.295537248253822327e-02 9.988976716995239258e-01
1.390490867197513580e-02 -7.377125788480043411e-03 8.048507384955883026e-03 -8.098674006760120392e-03 -1.564791798591613770e-02 4.488959908485412598e-02 9.988365769386291504e-01
1.326476782560348511e-02 -7.579467725008726120e-03 5.803445819765329361e-03 -7.551525253802537918e-03 -1.618249900639057159e-02 4.471353814005851746e-02 9.988402128219604492e-01
1.240108907222747803e-02 -3.390409750863909721e-03 7.517560850828886032e-03 -7.109164260327816010e-03 -1.244369614869356155e-02 4.248369857668876648e-02 9.989943504333496094e-01
1.127298269420862198e-02 -5.675972439348697662e-03 4.324650857597589493e-03 -7.563396822661161423e-03 -1.334635168313980103e-02 4.071881622076034546e-02 9.990528821945190430e-01
9.828377515077590942e-03 -3.810759633779525757e-03 5.040579941123723984e-03 -5.769134964793920517e-03 -1.010264549404382706e-02 3.866719827055931091e-02 9.991844296455383301e-01
8.811655454337596893e-03 -2.373741241171956062e-03 3.957692999392747879e-03 -4.524307325482368469e-03 -8.606840856373310089e-03 3.479689732193946838e-02 9.993470907211303711e-01
7.093721535056829453e-03 -1.709739211946725845e-03 3.632866777479648590e-03 -3.049393882974982262e-03 -4.975127521902322769e-03 3.118780441582202911e-02 9.994965195655822754e-01
7.448272779583930969e-03 -3.552904585376381874e-03 3.838331671431660652e-03 -1.966833369806408882e-03 -1.588241313584148884e-03 2.550627849996089935e-02 9.996714591979980469e-01
9.306017309427261353e-03 -1.046486385166645050e-02 3.949621226638555527e-03 -7.208873867057263851e-04 2.006303519010543823e-03 2.204905077815055847e-02 9.997546076774597168e-01
