-4.452462308108806610e-03 9.506114125251770020e-01 -2.659993059933185577e-02
-1.075463928282260895e-02 8.762400150299072266e-01 -2.043139562010765076e-02
-1.577527076005935669e-02 8.008220195770263672e-01 -1.446107216179370880e-02
-2.056096121668815613e-02 7.245271205902099609e-01 -1.125654205679893494e-02
-2.365227229893207550e-02 6.475427746772766113e-01 -7.763413712382316589e-03
-2.539005689322948456e-02 5.699993371963500977e-01 -4.902996588498353958e-03
-2.572199888527393341e-02 4.922433197498321533e-01 -2.170821884647011757e-03
-2.451075054705142975e-02 4.135848283767700195e-01 3.352410567458719015e-04
-2.182551473379135132e-02 3.360322415828704834e-01 2.747344784438610077e-03
-1.800893619656562805e-02 2.552843689918518066e-01 5.135173909366130829e-03
-1.241955626755952835e-02 1.811635792255401611e-01 7.500414270907640457e-03
-6.368851289153099060e-03 8.968428522348403931e-02 1.145606860518455505e-02
-1.028665341436862946e-03 4.860608279705047607e-02 1.199997123330831528e-02
4.046905785799026489e-03 7.185827940702438354e-02 8.770199492573738098e-03
8.471798151731491089e-03 7.417820394039154053e-02 7.031368557363748550e-03
1.244961377233266830e-02 8.619448542594909668e-02 4.864557180553674698e-03
1.579377241432666779e-02 9.495189785957336426e-02 3.029005602002143860e-03
1.843548566102981567e-02 1.058536767959594727e-01 1.163604902103543282e-03
2.049485594034194946e-02 1.166834533214569092e-01 -6.055922131054103374e-04
2.192644774913787842e-02 1.283360868692398071e-01 -2.346157561987638474e-03
2.285565808415412903e-02 1.404963433742523193e-01 -4.073827993124723434e-03
2.332635782659053802e-02 1.532992273569107056e-01 -5.682968534529209137e-03
2.324083261191844940e-02 1.668166071176528931e-01 -7.452371995896100998e-03
2.300668321549892426e-02 1.810846626758575439e-01 -8.646255359053611755e-03
2.252510003745555878e-02 1.960161179304122925e-01 -9.605073370039463043e-03
2.154146879911422729e-02 2.117292135953903198e-01 -1.110240165144205093e-02
2.037187665700912476e-02 2.281498312950134277e-01 -1.225052867084741592e-02
1.891859062016010284e-02 2.454223930835723877e-01 -1.334282290190458298e-02
1.729441434144973755e-02 2.632690966129302979e-01 -1.413521077483892441e-02
1.526043005287647247e-02 2.821644842624664307e-01 -1.482336036860942841e-02
1.298040337860584259e-02 3.009766936302185059e-01 -1.488398853689432144e-02
1.024556532502174377e-02 3.210504353046417236e-01 -1.471338421106338501e-02
7.203541696071624756e-03 3.396953046321868896e-01 -1.457580272108316422e-02
4.255548119544982910e-03 3.602611124515533447e-01 -1.409828942269086838e-02
1.344086253084242344e-03 3.727204501628875732e-01 -1.290168799459934235e-02
-1.517732860520482063e-03 4.011060297489166260e-01 -1.242568809539079666e-02
-4.201658535748720169e-03 3.822730779647827148e-01 -8.822617121040821075e-03
-6.696843542158603668e-03 3.035629689693450928e-01 -1.357665285468101501e-03
-8.754499256610870361e-03 2.417765557765960693e-01 5.127442069351673126e-03
-1.015297695994377136e-02 1.760205328464508057e-01 1.187696494162082672e-02
-1.094661839306354523e-02 1.002197340130805969e-01 1.918157190084457397e-02
-1.076786220073699951e-02 5.696021765470504761e-02 2.432432770729064941e-02
-9.587353095412254333e-03 5.947726592421531677e-02 2.641537040472030640e-02
-7.369269151240587234e-03 4.539073258638381958e-02 2.927058376371860504e-02
-4.023293964564800262e-03 3.830828517675399780e-02 3.137226402759552002e-02
5.479452665895223618e-04 2.632809989154338837e-02 3.341410309076309204e-02
6.328163668513298035e-03 1.925966702401638031e-02 3.477535396814346313e-02
1.329634711146354675e-02 2.491220831871032715e-03 3.636080771684646606e-02
2.154141850769519806e-02 1.061740890145301819e-02 3.603567183017730713e-02
3.090218268334865570e-02 5.095072090625762939e-02 3.339964151382446289e-02
4.155116155743598938e-02 8.019254356622695923e-02 3.116230852901935577e-02
