8.772347867488861084e-02 4.794478416442871094e-03 2.508259378373622894e-02 -2.274752967059612274e-02 5.426291842013597488e-03 1.904778927564620972e-02 9.995450377464294434e-01
7.907190173864364624e-02 -4.925881512463092804e-03 2.737825363874435425e-02 -2.400170266628265381e-02 6.863018032163381577e-03 2.053242363035678864e-02 9.994775056838989258e-01
7.067137211561203003e-02 -7.227282505482435226e-03 2.757528424263000488e-02 -2.394205890595912933e-02 7.522296160459518433e-03 1.795372925698757172e-02 9.995238184928894043e-01
6.177096813917160034e-02 -1.311437226831912994e-02 2.655672095715999603e-02 -2.370014414191246033e-02 8.703812956809997559e-03 1.896724849939346313e-02 9.995012879371643066e-01
5.382207781076431274e-02 -1.398393139243125916e-02 2.447207644581794739e-02 -2.175335586071014404e-02 7.986245676875114441e-03 1.631365716457366943e-02 9.995983839035034180e-01
4.567841812968254089e-02 -1.654131151735782623e-02 2.108084037899971008e-02 -1.944338157773017883e-02 7.206269074231386185e-03 1.411985419690608978e-02 9.996852874755859375e-01
3.837898001074790955e-02 -1.549388747662305832e-02 1.797240599989891052e-02 -1.730947755277156830e-02 6.981541402637958527e-03 1.131927035748958588e-02 9.997617006301879883e-01
3.116152063012123108e-02 -1.353994011878967285e-02 1.527791004627943039e-02 -1.564949564635753632e-02 6.986740045249462128e-03 8.887356147170066833e-03 9.998136162757873535e-01
2.479122579097747803e-02 -1.097796950489282608e-02 1.128815300762653351e-02 -1.323180552572011948e-02 6.454388611018657684e-03 5.980692803859710693e-03 9.998737573623657227e-01
1.769010350108146667e-02 -8.710370399057865143e-03 8.447877131402492523e-03 -1.101878192275762558e-02 6.411595735698938370e-03 4.306132439523935318e-03 9.999094605445861816e-01
1.094488613307476044e-02 -6.357577163726091385e-03 4.561372101306915283e-03 -8.340823464095592499e-03 -6.123675848357379436e-04 1.247803214937448502e-03 9.999642372131347656e-01
5.010703578591346741e-03 1.025854362524114549e-04 2.643816173076629639e-03 -5.623417906463146210e-03 -1.173604468931443989e-04 -8.988693007268011570e-04 9.999837875366210938e-01
5.413394887000322342e-03 6.143124192021787167e-04 3.112187376245856285e-03 -3.205553162842988968e-03 3.154624428134411573e-04 -3.716675564646720886e-03 9.999879002571105957e-01
6.195072550326585770e-03 -2.277449966641142964e-04 3.298793453723192215e-03 -1.381722977384924889e-03 4.439885378815233707e-04 -4.973942413926124573e-03 9.999865889549255371e-01
6.412066984921693802e-03 2.006790833547711372e-03 4.108534194529056549e-03 7.407462107948958874e-04 5.432817270047962666e-04 -7.295802235603332520e-03 9.999729394912719727e-01
7.698709610849618912e-03 -2.188080456107854843e-03 3.728206967934966087e-03 1.586445490829646587e-03 7.739894208498299122e-04 -8.108421228826045990e-03 9.999655485153198242e-01
8.224086835980415344e-03 -4.531349521130323410e-03 2.964354353025555611e-03 3.427609801292419434e-03 8.742765639908611774e-04 -8.762280456721782684e-03 9.999553561210632324e-01
9.232992306351661682e-03 -3.540181322023272514e-03 4.673995543271303177e-03 4.009668715298175812e-03 1.435056678019464016e-03 -9.611925110220909119e-03 9.999447464942932129e-01
9.272947907447814941e-03 -5.669554229825735092e-03 5.302687641233205795e-03 4.844211973249912262e-03 1.396984211169183254e-03 -9.686499834060668945e-03 9.999403953552246094e-01
9.761866182088851929e-03 -7.552736904472112656e-03 4.998614545911550522e-03 5.185285583138465881e-03 1.330757630057632923e-03 -9.737401269376277924e-03 9.999382495880126953e-01
1.155717205256223679e-02 -7.014018949121236801e-03 5.547756329178810120e-03 5.803067702800035477e-03 1.271731685847043991e-03 -9.328455664217472076e-03 9.999388456344604492e-01
1.305711921304464340e-02 -7.921980693936347961e-03 4.709200933575630188e-03 7.141166832298040390e-03 6.761584081687033176e-04 -8.937783539295196533e-03 9.999343156814575195e-01
1.478910725563764572e-02 -6.069359369575977325e-03 6.979956291615962982e-03 7.416673004627227783e-03 9.888332569971680641e-04 -8.203292265534400940e-03 9.999383687973022461e-01
1.559079345315694809e-02 -8.978825062513351440e-03 6.025211885571479797e-03 7.851504720747470856e-03 5.685699288733303547e-04 -7.069569081068038940e-03 9.999440312385559082e-01
1.651568710803985596e-02 -1.025489531457424164e-02 6.808929610997438431e-03 7.595666218549013138e-03 5.881773540750145912e-04 -5.491240415722131729e-03 9.999558925628662109e-01
1.958196796476840973e-02 -6.756583694368600845e-03 8.267452009022235870e-03 7.496454287320375443e-03 5.523039144463837147e-04 -4.127013962715864182e-03 9.999632239341735840e-01
2.063194476068019867e-02 -9.943746030330657959e-03 7.502845022827386856e-03 6.981594488024711609e-03 -1.331907988060265779e-04 -1.843487960286438465e-03 9.999738931655883789e-01
2.255835942924022675e-02 -9.125502780079841614e-03 9.093672968447208405e-03 6.150089204311370850e-03 2.735311863943934441e-04 2.121147554134950042e-05 9.999810457229614258e-01
2.438104711472988129e-02 -9.989093057811260223e-03 9.292302653193473816e-03 5.407373420894145966e-03 2.498319663573056459e-04 3.162439912557601929e-03 9.999803304672241211e-01
2.543738484382629395e-02 -9.893109090626239777e-03 1.239722780883312225e-02 3.322683274745941162e-03 1.091676182113587856e-03 5.948086734861135483e-03 9.999762177467346191e-01
2.643371373414993286e-02 -1.312915701419115067e-02 1.237118896096944809e-02 2.401191275566816330e-03 -6.496267393231391907e-03 7.991501130163669586e-03 9.999440908432006836e-01
2.746632322669029236e-02 -1.416887249797582626e-02 1.431642193347215652e-02 7.267359760589897633e-04 -6.869755219668149948e-03 1.046915631741285324e-02 9.999213218688964844e-01
3.024226240813732147e-02 -1.457209885120391846e-02 1.307710539549589157e-02 -7.411698461510241032e-04 -7.521984633058309555e-03 1.225418411195278168e-02 9.998963475227355957e-01
3.343950957059860229e-02 -1.325546111911535263e-02 1.193249039351940155e-02 -1.487842295318841934e-03 -8.618979714810848236e-03 1.497469842433929443e-02 9.998496174812316895e-01
3.451802209019660950e-02 -1.597794890403747559e-02 1.124345604330301285e-02 -2.199608832597732544e-03 -8.881557732820510864e-03 1.697493158280849457e-02 9.998140335083007812e-01
3.495425358414649963e-02 -1.940588094294071198e-02 1.047164015471935272e-02 -2.277192659676074982e-03 -9.278704412281513214e-03 1.834492571651935577e-02 9.997860789299011230e-01
2.916360646486282349e-02 -1.735606789588928223e-02 8.367433212697505951e-03 -2.877214225009083748e-03 -9.646306745707988739e-03 1.946562156081199646e-02 9.997598528861999512e-01
2.350048534572124481e-02 -1.419310551136732101e-02 7.647132501006126404e-03 -4.394826479256153107e-03 -8.992820978164672852e-03 2.033631131052970886e-02 9.997431039810180664e-01
1.919638924300670624e-02 -1.064247079193592072e-02 1.252874033525586128e-03 -2.992203459143638611e-03 -9.958521462976932526e-03 1.950353384017944336e-02 9.997557401657104492e-01
1.521212048828601837e-02 2.422458725050091743e-03 1.492177019827067852e-03 -2.513568149879574776e-03 -8.881771937012672424e-03 1.639292947947978973e-02 9.998230338096618652e-01
8.713115938007831573e-03 2.079931553453207016e-03 1.915737171657383442e-03 -3.201271174475550652e-03 -8.296051993966102600e-03 1.822180300951004028e-02 9.997944235801696777e-01
7.695151492953300476e-03 -3.602334763854742050e-03 7.030094857327640057e-04 -3.153461730107665062e-03 -8.248046971857547760e-03 2.042309753596782684e-02 9.997524023056030273e-01
7.228438742458820343e-03 -1.244263490661978722e-03 2.725276863202452660e-03 -2.901922445744276047e-03 -5.991172976791858673e-03 2.029514685273170471e-02 9.997718930244445801e-01
7.039710413664579391e-03 5.012584733776748180e-04 5.092429928481578827e-04 -2.446714788675308228e-03 -6.403106730431318283e-03 1.821544021368026733e-02 9.998105764389038086e-01
6.236066110432147980e-03 -6.912840181030333042e-04 1.742116751302091870e-06 -2.524801064282655716e-03 -5.728724412620067596e-03 1.838293485343456268e-02 9.998114109039306641e-01
5.278550554066896439e-03 1.189896604046225548e-03 -3.061698516830801964e-04 -1.955786487087607384e-03 -4.855967126786708832e-03 1.582458242774009705e-02 9.998610615730285645e-01
4.535634536296129227e-03 1.659143745200708508e-04 7.859579636715352535e-05 -1.519778743386268616e-03 -3.348413156345486641e-03 1.516796927899122238e-02 9.998782277107238770e-01
2.903431886807084084e-03 1.455505727790296078e-03 -1.618972863070666790e-03 -1.182929845526814461e-03 -2.590700052678585052e-03 1.279681827872991562e-02 9.999140501022338867e-01
5.234187003225088120e-03 -2.469806466251611710e-03 -7.348868530243635178e-04 -5.784372333437204361e-04 -8.681016042828559875e-04 1.068670023232698441e-02 9.999423623085021973e-01
5.791439209133386612e-03 -6.619206164032220840e-03 5.691823316738009453e-04 3.542514459695667028e-04 1.484662760049104691e-03 8.248354308307170868e-03 9.999648332595825195e-01
1.673595607280731201e-01 -4.301967564970254898e-03 5.159689486026763916e-02 -4.025607928633689880e-02 1.070810854434967041e-02 3.100953809916973114e-02 9.986506700515747070e-01
1.483289748430252075e-01 -1.240233052521944046e-02 5.876000970602035522e-02 -3.892576694488525391e-02 1.479651406407356262e-02 2.722483314573764801e-02 9.987615346908569336e-01
1.311785727739334106e-01 -4.126327112317085266e-02 4.505314305424690247e-02 -3.991199284791946411e-02 1.329166255891323090e-02 3.532240539789199829e-02 9.984902143478393555e-01
1.158700585365295410e-01 -3.846258670091629028e-02 4.245810583233833313e-02 -4.073971509933471680e-02 1.353773474693298340e-02 3.365041688084602356e-02 9.985111951828002930e-01
1.009156107902526855e-01 -3.476060926914215088e-02 3.922034800052642822e-02 -3.802904859185218811e-02 1.413223613053560257e-02 3.072057664394378662e-02 9.987043142318725586e-01
8.612691611051559448e-02 -2.719248645007610321e-02 3.823892399668693542e-02 -3.569074720144271851e-02 1.412093080580234528e-02 2.465560846030712128e-02 9.989588856697082520e-01
7.293840497732162476e-02 -2.022752724587917328e-02 3.250142931938171387e-02 -3.148611634969711304e-02 1.493479125201702118e-02 1.931502111256122589e-02 9.992059469223022461e-01
6.005139648914337158e-02 -1.358435954898595810e-02 2.544877119362354279e-02 -2.664521150290966034e-02 1.411035750061273575e-02 1.193661894649267197e-02 9.994741082191467285e-01
4.594952240586280823e-02 -1.238371431827545166e-02 1.782859675586223602e-02 -2.293056808412075043e-02 1.202112250030040741e-02 8.017957210540771484e-03 9.996326565742492676e-01
3.044101595878601074e-02 -1.014862582087516785e-02 1.372457016259431839e-02 -1.886247470974922180e-02 6.018347106873989105e-03 4.665763117372989655e-03 9.997931122779846191e-01
1.667941175401210785e-02 -5.341248586773872375e-03 7.576928939670324326e-03 -1.458664704114198685e-02 -3.658524074126034975e-04 -2.961508289445191622e-04 9.998934864997863770e-01
1.060573011636734009e-02 -2.362468076171353459e-04 5.441333167254924774e-03 -8.736147545278072357e-03 -8.319177140947431326e-05 -5.330306477844715118e-03 9.999476075172424316e-01
1.137105748057365417e-02 -1.106319396058097482e-04 6.869228091090917587e-03 -5.060160998255014420e-03 6.740759708918631077e-04 -9.073957800865173340e-03 9.999458193778991699e-01
1.289853826165199280e-02 -2.618980593979358673e-03 6.964876782149076462e-03 -1.486973138526082039e-03 8.704923093318939209e-04 -1.214618422091007233e-02 9.999247193336486816e-01
1.462478842586278915e-02 -3.120185341686010361e-03 7.436331827193498611e-03 1.690025441348552704e-03 9.994428837671875954e-04 -1.510976161807775497e-02 9.998838901519775391e-01
1.613393798470497131e-02 -6.632354576140642166e-03 6.664965301752090454e-03 5.193019285798072815e-03 1.506745582446455956e-03 -1.737990230321884155e-02 9.998343586921691895e-01
1.745134592056274414e-02 -8.653169497847557068e-03 7.245582994073629379e-03 7.282942999154329300e-03 2.201920608058571815e-03 -1.833548769354820251e-02 9.998029470443725586e-01
1.817492581903934479e-02 -1.096897572278976440e-02 8.929233066737651825e-03 9.480525739490985870e-03 2.552241319790482521e-03 -1.921935565769672394e-02 9.997670650482177734e-01
1.971452683210372925e-02 -1.238278020173311234e-02 1.017925143241882324e-02 1.069301553070545197e-02 2.574095968157052994e-03 -2.008627168834209442e-02 9.997377395629882812e-01
2.236134186387062073e-02 -1.319108158349990845e-02 1.029442064464092255e-02 1.198236178606748581e-02 2.447165781632065773e-03 -2.033221907913684845e-02 9.997184872627258301e-01
2.383330836892127991e-02 -1.481688581407070160e-02 1.218358892947435379e-02 1.308215409517288208e-02 2.145222621038556099e-03 -1.903568767011165619e-02 9.997308850288391113e-01
2.713720127940177917e-02 -1.346854958683252335e-02 1.411996874958276749e-02 1.380780711770057678e-02 2.192898187786340714e-03 -1.755120605230331421e-02 9.997482299804687500e-01
3.022936545312404633e-02 -1.480893045663833618e-02 1.389382034540176392e-02 1.456090155988931656e-02 1.730851829051971436e-03 -1.519025489687919617e-02 9.997770786285400391e-01
3.292041644454002380e-02 -1.776571944355964661e-02 1.290342770516872406e-02 1.499695703387260437e-02 1.312287873588502407e-03 -1.232182048261165619e-02 9.998107552528381348e-01
3.706233948469161987e-02 -1.455078274011611938e-02 1.597433909773826599e-02 1.421170681715011597e-02 1.129882060922682285e-03 -9.695881046354770660e-03 9.998513460159301758e-01
4.083945974707603455e-02 -1.381661649793386459e-02 1.716240867972373962e-02 1.387371867895126343e-02 1.018401933833956718e-03 -5.978899076581001282e-03 9.998853802680969238e-01
4.327658191323280334e-02 -1.846186444163322449e-02 1.714921742677688599e-02 1.319062802940607071e-02 -3.880991062032990158e-05 -2.125568920746445656e-03 9.999107122421264648e-01
4.737588018178939819e-02 -1.595940068364143372e-02 2.019226178526878357e-02 1.130094658583402634e-02 1.623182906769216061e-03 2.500237198546528816e-03 9.999316930770874023e-01
5.060472339391708374e-02 -1.567944139242172241e-02 2.339750900864601135e-02 9.092335589230060577e-03 1.516106538474559784e-03 7.772777695208787918e-03 9.999272823333740234e-01
5.220834165811538696e-02 -2.244480326771736145e-02 2.473634481430053711e-02 5.947825498878955841e-03 -5.666234064847230911e-03 1.287036389112472534e-02 9.998834133148193359e-01
5.590831860899925232e-02 -2.753057144582271576e-02 2.192106842994689941e-02 3.201535670086741447e-03 -1.367051526904106140e-02 1.674411818385124207e-02 9.997612237930297852e-01
5.798487737774848938e-02 -3.254682198166847229e-02 2.214969135820865631e-02 8.511978667229413986e-04 -1.480052061378955841e-02 2.155226096510887146e-02 9.996578097343444824e-01
6.333174556493759155e-02 -3.190402686595916748e-02 2.088284678757190704e-02 -1.161145977675914764e-03 -1.646868884563446045e-02 2.576651237905025482e-02 9.995316267013549805e-01
6.673502177000045776e-02 -3.365248441696166992e-02 2.072938159108161926e-02 -2.033796859905123711e-03 -1.661990210413932800e-02 2.914242446422576904e-02 9.994350075721740723e-01
6.935287266969680786e-02 -3.704374656081199646e-02 1.943048462271690369e-02 -2.605012152343988419e-03 -1.757179759442806244e-02 3.133949264883995056e-02 9.993509054183959961e-01
6.356759369373321533e-02 -3.745181858539581299e-02 1.935910433530807495e-02 -4.005526658147573471e-03 -1.743174158036708832e-02 3.282761201262474060e-02 9.993009567260742188e-01
5.157566070556640625e-02 -3.309002891182899475e-02 1.643837057054042816e-02 -6.918539758771657944e-03 -1.781990379095077515e-02 3.648874908685684204e-02 9.991512298583984375e-01
4.171885922551155090e-02 -2.703421376645565033e-02 8.704542182385921478e-03 -6.033632904291152954e-03 -1.859579794108867645e-02 3.747688606381416321e-02 9.991062283515930176e-01
2.835188992321491241e-02 2.442436479032039642e-02 -4.472300934139639139e-04 -4.251743201166391373e-03 -1.991291157901287079e-02 1.979383081197738647e-02 9.995967149734497070e-01
2.348588593304157257e-02 4.963282961398363113e-03 4.937264136970043182e-03 -4.827901721000671387e-03 -1.651378534734249115e-02 3.237731382250785828e-02 9.993276000022888184e-01
1.657151244580745697e-02 -1.111634541302919388e-03 6.057738792151212692e-03 -5.775716155767440796e-03 -1.431958843022584915e-02 3.888778388500213623e-02 9.991242885589599609e-01
1.617692224681377411e-02 6.545073702000081539e-04 2.227369463071227074e-03 -5.416403524577617645e-03 -1.546371635049581528e-02 3.631570562720298767e-02 9.992060661315917969e-01
1.363509893417358398e-02 2.443509409204125404e-03 5.468910094350576401e-03 -5.083838943392038345e-03 -1.122082024812698364e-02 3.574257716536521912e-02 9.992851018905639648e-01
1.225468795746564865e-02 5.183296743780374527e-03 -9.774656500667333603e-04 -5.554366391152143478e-03 -1.311113033443689346e-02 3.298342227935791016e-02 9.993544816970825195e-01
1.160976383835077286e-02 1.259566284716129303e-03 3.914291155524551868e-04 -4.566807299852371216e-03 -1.054656878113746643e-02 3.220770135521888733e-02 9.994150996208190918e-01
8.853117935359477997e-03 4.522994160652160645e-03 -3.287749132141470909e-04 -3.514862386509776115e-03 -8.366778492927551270e-03 2.887966483831405640e-02 9.995416998863220215e-01
8.044300600886344910e-03 1.082972157746553421e-03 7.471378194168210030e-04 -2.462830161675810814e-03 -4.633524920791387558e-03 2.682678773999214172e-02 9.996263384819030762e-01
9.087915532290935516e-03 3.398796834517270327e-04 3.563240752555429935e-04 -1.283339923247694969e-03 -2.229884034022688866e-03 2.105016820132732391e-02 9.997751116752624512e-01
1.100082881748676300e-02 -9.443109855055809021e-03 1.234611263498663902e-03 6.427624612115323544e-05 1.821743557229638100e-03 1.923231035470962524e-02 9.998133778572082520e-01
