0.000000000000000000e+00 0.000000000000000000e+00 0.000000000000000000e+00 0.000000000000000000e+00 0.000000000000000000e+00 0.000000000000000000e+00 1.000000000000000000e+00
8.641906827688217163e-02 -1.731348037719726562e-02 2.407320402562618256e-02 -1.138427301955735084e-02 8.257259678873102998e-03 1.120710869433876045e-02 9.998382952783541056e-01
1.655864859480835893e-01 -3.494892684299666374e-02 4.523234098860456909e-02 -2.478025261759905784e-02 1.598518710118540520e-02 2.357928980776280437e-02 9.992869607703833701e-01
2.387616302992807693e-01 -4.698363321119102681e-02 6.277189059721846598e-02 -3.878806203712775041e-02 2.377694714480624305e-02 3.380590053582522431e-02 9.983923598049210257e-01
3.052989203155121456e-01 -5.510501836379413931e-02 7.690450816320998362e-02 -5.237342177135263094e-02 3.179323224359426742e-02 4.316040841632330649e-02 9.971877427148816420e-01
3.647518134133873602e-01 -6.068362366891850990e-02 8.810638748623592087e-02 -6.615746919352331890e-02 3.949666112623246433e-02 5.143266226179030870e-02 9.956996958332628989e-01
4.168775075859511015e-01 -6.307798782508645952e-02 9.714594643271895480e-02 -7.908576344235539179e-02 4.759377079601481708e-02 5.756516748580730453e-02 9.940656550220852150e-01
4.614461811477237885e-01 -6.320170599359772878e-02 1.041909320963351204e-01 -9.052195848130534239e-02 5.528079964988150824e-02 6.081848222538095011e-02 9.924973150807913091e-01
4.983350629712774427e-01 -6.283736505043018006e-02 1.093738511343583797e-01 -1.018008449935548926e-01 6.277240035405938501e-02 6.260145734596556100e-02 9.908467445829093334e-01
5.274678372532826121e-01 -6.209413042738128052e-02 1.130169565997723030e-01 -1.107779152097287112e-01 6.912321663073418831e-02 6.178823628548605479e-02 9.895112168546326137e-01
5.487972788062048801e-01 -6.116464778611398895e-02 1.151068797793748516e-01 -1.182737251033808973e-01 7.434581807988513424e-02 5.937749217745236924e-02 9.884120288153717127e-01
5.620133387364159017e-01 -5.918122472301234893e-02 1.166616210443679746e-01 -1.256587416035490901e-01 7.639877269501813006e-02 5.593859817509705401e-02 9.875444199748751872e-01
5.676070305991727238e-01 -5.835686542535187954e-02 1.170337552383527852e-01 -1.327727786450031977e-01 7.611364757335857545e-02 5.236908881834002882e-02 9.868310799930757327e-01
5.738048493156521213e-01 -5.785809737794031515e-02 1.178741173709981910e-01 -1.359583707082867854e-01 7.505644714728217093e-02 4.598087502170772334e-02 9.867966408071184858e-01
5.807100350946029499e-01 -5.839986797692530568e-02 1.190307159511605067e-01 -1.361993804272403075e-01 7.336942873467822146e-02 3.840282359107438648e-02 9.872142010924557232e-01
5.883719107875882148e-01 -5.978067013120890588e-02 1.202185289288974224e-01 -1.336855380429062823e-01 7.243933147410337725e-02 2.905664545548757027e-02 9.879455610146935518e-01
5.968948912768364812e-01 -6.156889138288190039e-02 1.216740084075132317e-01 -1.298805310814383773e-01 7.165185368874364691e-02 1.845136506872735449e-02 9.887651928724386918e-01
6.063780734583479326e-01 -6.368618693341328296e-02 1.232685152529712780e-01 -1.247547933654757496e-01 7.073067503929887645e-02 6.480768304597338270e-03 9.896420629616571318e-01
6.168397159592031720e-01 -6.617725389573372863e-02 1.252624734942003049e-01 -1.186687161644968541e-01 6.984691801150495760e-02 -6.227092345355486440e-03 9.904546265069827937e-01
6.282864675627046758e-01 -6.935058869164226203e-02 1.275322093043173566e-01 -1.116058362040752844e-01 6.863607384396357147e-02 -1.947114496294549690e-02 9.911882269308422977e-01
6.408187243995430160e-01 -7.315831812877049423e-02 1.299338254610952759e-01 -1.032764033479832561e-01 6.733248783891805644e-02 -3.341595615900696398e-02 9.918082952198504776e-01
6.544376874545957401e-01 -7.774661974669040687e-02 1.325821517176847264e-01 -9.360507849834920346e-02 6.589002826956706638e-02 -4.780251272902991816e-02 9.922759259554494449e-01
6.692195331183428131e-01 -8.317211485162097351e-02 1.353177939348197967e-01 -8.193972564435440809e-02 6.395257887592326052e-02 -6.242222679707900429e-02 9.926224935080509848e-01
6.852656895176437724e-01 -8.931540385898595336e-02 1.383270223262585696e-01 -6.998280639958931459e-02 6.228446465214129701e-02 -7.688167698159920072e-02 9.926289639215304383e-01
7.023948489254159266e-01 -9.674716167894054086e-02 1.416969162866746901e-01 -5.738077291524538992e-02 6.076372592827306712e-02 -8.964703602399347326e-02 9.924608936593298791e-01
7.206882002695101930e-01 -1.054657624182727127e-01 1.453890119389880664e-01 -4.500510147988134174e-02 5.971254334230032684e-02 -9.971352301532111773e-02 9.922026841005079367e-01
7.399292382874160801e-01 -1.160247228947829667e-01 1.493571819067709416e-01 -3.297518734682653579e-02 5.885751796805603620e-02 -1.060928920225801264e-01 9.920648808723988576e-01
7.604505630864333288e-01 -1.278741723490581239e-01 1.537519120991864274e-01 -2.180933121512020068e-02 5.832239058246296154e-02 -1.091924263849602256e-01 9.920684784070405993e-01
7.824211832226654062e-01 -1.409374722850130768e-01 1.583877708942540430e-01 -1.176919167861832129e-02 5.752012327714003947e-02 -1.099681984024337006e-01 9.921995348142114146e-01
8.062460859091573617e-01 -1.545726091552903358e-01 1.635859923788806625e-01 -4.105091802758965153e-03 5.741998905583837326e-02 -1.085781910581210402e-01 9.924197043109657113e-01
8.321208375926336664e-01 -1.685690904595268658e-01 1.693497767021072131e-01 -9.783019570070828708e-05 5.796989700262189515e-02 -1.050767435946957096e-01 9.927730654214450556e-01
8.604453637550343315e-01 -1.817330968308357164e-01 1.763206054049717142e-01 4.016895796764225271e-04 5.653995595142222164e-02 -1.014872517373863053e-01 9.932287801716607190e-01
8.909990510851613088e-01 -1.949227069744029484e-01 1.835747272191665669e-01 5.895413240218526016e-04 5.535028167579989639e-02 -9.663698102736785478e-02 9.937792977605002243e-01
9.238455374141961718e-01 -2.077181264486588075e-01 1.910135850034523353e-01 8.296361316411552484e-04 5.382674721909029569e-02 -9.198580616110550723e-02 9.943040804766882790e-01
9.580969965513075337e-01 -2.219657163675514966e-01 1.987683312538862102e-01 7.337098021615162799e-04 5.244303072818935069e-02 -8.571202223036068768e-02 9.949385103830037380e-01
9.940867114253444381e-01 -2.365098654925543720e-01 2.069176962270073417e-01 3.216538646296727955e-04 5.077218622456255992e-02 -7.886392736030627126e-02 9.955915641497159463e-01
1.031817062242185834e+00 -2.510714902341758537e-01 2.154278563149598924e-01 -7.218814380335909081e-04 4.941935303214404357e-02 -7.080182185435454634e-02 9.962651797865756942e-01
1.065135788004804018e+00 -2.587010607086692171e-01 2.227364046028881828e-01 -7.458372065436709008e-04 4.828119975800295588e-02 -6.626371628855680374e-02 9.966330766036308741e-01
1.092965036780230603e+00 -2.599092758478223075e-01 2.287587614719114870e-01 -4.127754973941018626e-04 4.640953459497392658e-02 -6.320296199307647023e-02 9.969209448649217764e-01
1.114389276439329501e+00 -2.587892336725810538e-01 2.335629943083536719e-01 -2.843891550497494787e-04 4.452421896679130409e-02 -5.985028448768955206e-02 9.972138469229899771e-01
1.129383251230575258e+00 -2.572248410222630066e-01 2.370611251130949892e-01 -8.384050057815927272e-04 4.275320294548912159e-02 -5.495759241886064017e-02 9.975726157781550363e-01
1.138180969796359188e+00 -2.560908103924127710e-01 2.393477548677833411e-01 -1.461668981932955037e-03 4.091425075630687053e-02 -4.857196176924697545e-02 9.979802864479458968e-01
1.146357746269573763e+00 -2.549508958661746982e-01 2.414755051100171968e-01 -2.162841188910131010e-03 3.935550191797151931e-02 -4.212854340913282924e-02 9.983344391620480041e-01
1.153838760255083251e+00 -2.538056220238359972e-01 2.434625724378179368e-01 -2.587010982932128316e-03 3.787764579581714974e-02 -3.584741771810498467e-02 9.986358465256915951e-01
1.160598250388464647e+00 -2.526955830909282108e-01 2.452360475058868450e-01 -3.166114730279226668e-03 3.688558995793597695e-02 -2.991102725914774121e-02 9.988667375677658944e-01
1.166600451047067555e+00 -2.517400448753290276e-01 2.467939087349703964e-01 -3.768995918341721055e-03 3.620463063653215491e-02 -2.411402386800988798e-02 9.990463118610333204e-01
1.171770972751758455e+00 -2.508120604395184250e-01 2.481270439159183050e-01 -4.247251510934350882e-03 3.554916064846357082e-02 -1.866003884626184911e-02 9.991846781161370927e-01
1.176094180833448410e+00 -2.500160947827461677e-01 2.492592971150969783e-01 -4.278010662827199002e-03 3.518141449929402392e-02 -1.414321544988867210e-02 9.992717028693125503e-01
1.179565920986732186e+00 -2.493935006808784549e-01 2.501130448043697996e-01 -4.288332564446379128e-03 3.517785568341703917e-02 -1.036583478656756888e-02 9.993181065819386477e-01
1.185230104633271164e+00 -2.487019545307252999e-01 2.513277473675398777e-01 -3.547520085223358072e-03 3.540655385221810891e-02 -8.935749846261713258e-03 9.993267450740223046e-01
1.193886858754294567e+00 -2.480477105575665808e-01 2.528480100292151422e-01 -1.165047775312349479e-03 3.575215822906831903e-02 -1.065878775215729247e-02 9.993031652553190369e-01
1.360834281565387549e+00 -2.881731689479551939e-01 2.876112017152570033e-01 -1.621041742383867029e-02 4.711487529323789974e-02 6.292018206886067222e-03 9.987381145224867307e-01
1.514175904825509678e+00 -3.242010386703814140e-01 3.158314359540352334e-01 -3.343563226928937537e-02 5.649626804495584687e-02 2.097402145715236699e-02 9.976223336592160429e-01
1.655289438258717771e+00 -3.480546605757793288e-01 3.372378455214911086e-01 -5.348480799103901701e-02 6.641192208815314968e-02 3.664872808260542791e-02 9.956835353909625486e-01
1.782713865127914188e+00 -3.638673670232863699e-01 3.521007572394127538e-01 -7.468290882676145714e-02 7.716993702406606259e-02 5.098226022425512288e-02 9.929088946581663411e-01
1.895746701941854795e+00 -3.703353018119859286e-01 3.626951102085846368e-01 -9.437605498006573779e-02 8.868386798573886509e-02 6.114177216919109564e-02 9.896918790722183390e-01
1.993600132537602709e+00 -3.720409250032045145e-01 3.691207903033668636e-01 -1.139916860949982264e-01 1.001408458758385189e-01 6.847725642612469132e-02 9.860469420067391466e-01
2.075874300286360885e+00 -3.706475901361649394e-01 3.729321909392481205e-01 -1.321853501303695555e-01 1.111591207529963599e-01 7.227539927279570675e-02 9.823171329791058337e-01
2.142415714706538576e+00 -3.677609054364472940e-01 3.744327514259234158e-01 -1.484105401206313180e-01 1.215508558184902888e-01 7.222419825182663233e-02 9.787662469751273742e-01
2.193171679357158510e+00 -3.652310226418584160e-01 3.743573937408457009e-01 -1.629583070060047212e-01 1.305716173162385085e-01 7.035947489267786736e-02 9.754205181469093322e-01
2.227924291430439130e+00 -3.620929064019901555e-01 3.737078025358243072e-01 -1.773954276373464478e-01 1.367034370141665678e-01 6.775704055518085023e-02 9.722407191725104258e-01
2.246779510565456661e+00 -3.592212314991987676e-01 3.730947765282687789e-01 -1.914821540280614576e-01 1.388608469979700777e-01 6.407223690252168702e-02 9.695086375675501245e-01
2.258606709234996845e+00 -3.577557801025876838e-01 3.727552797214548352e-01 -2.021502708333171860e-01 1.378677664590331475e-01 5.709528372560492698e-02 9.679193538461283719e-01
2.271883569885139398e+00 -3.575497326869159220e-01 3.731819398548523181e-01 -2.064758518173061275e-01 1.356686032733215030e-01 4.530228563654204593e-02 9.679408327053308225e-01
2.286607094957982422e+00 -3.595870146389898436e-01 3.740809253074391383e-01 -2.055575681535338206e-01 1.333317107137964586e-01 3.026396062939897338e-02 9.690473846928022716e-01
2.302952808106068616e+00 -3.628075239528850138e-01 3.752492849723956803e-01 -2.011651495933498845e-01 1.303587617719346170e-01 1.175329762831263218e-02 9.707734214600404199e-01
2.321119318835427769e+00 -3.668767766999248003e-01 3.767097540281991730e-01 -1.945555908204425200e-01 1.270497499483146386e-01 -8.925882564161652724e-03 9.725876884574625736e-01
2.341059210519112810e+00 -3.723178532267363838e-01 3.788824478515875338e-01 -1.861800892290212950e-01 1.237883181620704903e-01 -3.146775670528025731e-02 9.741782213482381714e-01
2.362843603801400683e+00 -3.792420888885972841e-01 3.816882823739369823e-01 -1.752158398820521379e-01 1.200023320820050865e-01 -5.605010203049960726e-02 9.755804609624353363e-01
2.386461342678491082e+00 -3.880630777886367455e-01 3.848514355041109947e-01 -1.610281697465699435e-01 1.159784879331681173e-01 -8.276070642748313555e-02 9.766112759723951653e-01
2.411882391453201269e+00 -3.990381911808797422e-01 3.885019961293499358e-01 -1.447204504721506801e-01 1.122634520785821682e-01 -1.105663441894850080e-01 9.768459408090459650e-01
2.438885609543734123e+00 -4.127706816628016195e-01 3.927741534645762811e-01 -1.259922954428494002e-01 1.078122744766332880e-01 -1.381970217050396132e-01 9.764241077283342118e-01
2.467566143487593955e+00 -4.292631017876955557e-01 3.975312561810242507e-01 -1.056622217760286586e-01 1.035400523967135583e-01 -1.647471964733094874e-01 9.751786060477454221e-01
2.497796822481176182e+00 -4.489108244595634845e-01 4.026527938899102654e-01 -8.364302115320454423e-02 9.870001550126787648e-02 -1.899227040270206057e-01 9.732376474671943223e-01
2.529339565316220284e+00 -4.721246520362721300e-01 4.083137883761848164e-01 -6.086966395360150772e-02 9.392153922920390419e-02 -2.114870966889771386e-01 9.709515108454489507e-01
2.561661226050103046e+00 -4.996639279674834344e-01 4.144310177376745452e-01 -3.837073837093712275e-02 8.952143061814618608e-02 -2.275386559872892289e-01 9.688858343109612026e-01
2.594768383265472877e+00 -5.315439139264284130e-01 4.208256600587551022e-01 -1.596192564024001559e-02 8.579943625988672995e-02 -2.364243418444725575e-01 9.677226897467833266e-01
2.629618898209053146e+00 -5.668788394263327701e-01 4.275102646921726257e-01 5.018724051243973923e-03 8.242934064963162999e-02 -2.408826801760532155e-01 9.670345136551051768e-01
2.666848776043675873e+00 -6.052906063699606820e-01 4.342464517079416275e-01 2.190470454033311212e-02 8.038865765187033774e-02 -2.403372879339771007e-01 9.671069411747967859e-01
2.707420540503433504e+00 -6.459812856741417031e-01 4.414802221163683371e-01 3.242942872183673247e-02 8.073045695354053031e-02 -2.351020727817834388e-01 9.680691818493949441e-01
2.752852489745432951e+00 -6.872633785183430710e-01 4.500296910629421054e-01 3.474970648976259679e-02 7.964293029394264867e-02 -2.276028589680105796e-01 9.698692696145483350e-01
2.802858399200720552e+00 -7.292445197518305777e-01 4.600894658158625194e-01 3.504452482167356303e-02 7.670960606054091913e-02 -2.183586916996473892e-01 9.722175679225705247e-01
2.858266230356954374e+00 -7.708640470810249612e-01 4.705745786556115307e-01 3.536413364996553177e-02 7.360550496357351480e-02 -2.089432110222941286e-01 9.745123612648214362e-01
2.917706999789311695e+00 -8.133788961874223178e-01 4.817169686020986163e-01 3.556620462974468405e-02 7.018368120583332037e-02 -1.988357051104939766e-01 9.768693148798592851e-01
2.979728731305442135e+00 -8.584672459900795083e-01 4.933833939421549131e-01 3.538736416354394676e-02 6.642103524701244155e-02 -1.871416996710521252e-01 9.794457436624559588e-01
3.045383075334273215e+00 -9.041549687547312253e-01 5.061011684152523227e-01 3.395322113083120569e-02 6.260283664398243186e-02 -1.733140371016999026e-01 9.822883019574641938e-01
3.110390940699638396e+00 -9.419682276374466978e-01 5.188443043724217940e-01 3.243871414457617092e-02 5.942563962985127762e-02 -1.616118096007238547e-01 9.845293018375882443e-01
3.169106021377323668e+00 -9.629468839293929827e-01 5.305769415464115513e-01 3.262949925890962222e-02 5.630213439986955087e-02 -1.537191403852538052e-01 9.859694778842551521e-01
3.217722932035637307e+00 -9.722786084776607884e-01 5.403950677914644007e-01 3.280149277369109190e-02 5.328778430069769367e-02 -1.473730981184730449e-01 9.870996120286456010e-01
3.254067737199003663e+00 -9.763419054049496948e-01 5.483401334137462113e-01 3.168955289079671001e-02 5.042258464654682942e-02 -1.389723090562914876e-01 9.885039365175567472e-01
3.277846897350233935e+00 -9.778272832360465072e-01 5.540797080085171356e-01 3.054779102369969968e-02 4.651902227519778832e-02 -1.274142682359306888e-01 9.902870378228902926e-01
3.294975184843836225e+00 -9.783160810428286336e-01 5.584305525143992144e-01 2.948003236815755976e-02 4.266143019068118630e-02 -1.136044654796472542e-01 9.921718376817302287e-01
3.310793054393130319e+00 -9.783520802539322769e-01 5.625385996158666080e-01 2.817386694856327881e-02 3.917316681711881937e-02 -9.964864407194276574e-02 9.938520231690962659e-01
3.325178466528978305e+00 -9.778049904306269635e-01 5.663538626730677539e-01 2.701959441172863477e-02 3.604423255453119423e-02 -8.618374679918813785e-02 9.952603260479310210e-01
3.338046452253502494e+00 -9.771560339838561982e-01 5.698169790780973631e-01 2.523050723902007728e-02 3.352878011641626660e-02 -7.270720463058658045e-02 9.964702227378260391e-01
3.349294005246708394e+00 -9.762206972710149033e-01 5.728408933707610506e-01 2.365298524272628836e-02 3.121971687041849228e-02 -5.965516847350594426e-02 9.974503127685288018e-01
3.358819281518368616e+00 -9.751453689162613570e-01 5.754972113735722372e-01 2.267283151750533812e-02 2.942601165720422005e-02 -4.823458026513061797e-02 9.981450184294743400e-01
3.366617530261473590e+00 -9.741621424069032420e-01 5.776564684916368764e-01 2.212266964663336943e-02 2.827550684926394969e-02 -3.813203474146914518e-02 9.986275737864434010e-01
3.375372338057737842e+00 -9.731399330468765152e-01 5.799238717216621541e-01 2.212984537665733942e-02 2.795357449429503385e-02 -3.068873324200017613e-02 9.988929218232546203e-01
3.389586518315994113e+00 -9.724791096856246764e-01 5.829628258303393151e-01 2.389477880062298998e-02 2.881490649727099992e-02 -2.850330380171714820e-02 9.988925379549143946e-01
