8.342863619327545166e-02 -1.010078564286231995e-02 3.554421290755271912e-02 -2.559243887662887573e-02 6.483352277427911758e-03 2.553721331059932709e-02 9.993252158164978027e-01
7.455020397901535034e-02 -1.635447517037391663e-02 3.379174321889877319e-02 -2.465978637337684631e-02 7.235347758978605270e-03 2.459578774869441986e-02 9.993671178817749023e-01
6.665298342704772949e-02 -1.727128028869628906e-02 3.125448524951934814e-02 -2.428241819143295288e-02 7.542958948761224747e-03 2.208431996405124664e-02 9.994327425956726074e-01
5.798713117837905884e-02 -2.018434740602970123e-02 2.848558686673641205e-02 -2.357886172831058502e-02 7.680031936615705490e-03 2.164081670343875885e-02 9.994581937789916992e-01
4.972963035106658936e-02 -2.069546096026897430e-02 2.577045746147632599e-02 -2.248209342360496521e-02 7.351833395659923553e-03 1.917654462158679962e-02 9.995362758636474609e-01
4.189716279506683350e-02 -2.023298852145671844e-02 2.252950891852378845e-02 -2.085358090698719025e-02 6.857344415038824081e-03 1.703278534114360809e-02 9.996139407157897949e-01
3.456049039959907532e-02 -1.842797920107841492e-02 1.928511075675487518e-02 -1.903213933110237122e-02 6.711413152515888214e-03 1.446250919252634048e-02 9.996917247772216797e-01
2.712592482566833496e-02 -1.616009883582592010e-02 1.644248887896537781e-02 -1.722049526870250702e-02 6.912160664796829224e-03 1.207646261900663376e-02 9.997549057006835938e-01
2.046602033078670502e-02 -1.315212249755859375e-02 1.302003115415573120e-02 -1.512452960014343262e-02 6.834139581769704819e-03 8.792560547590255737e-03 9.998236298561096191e-01
1.371145341545343399e-02 -1.017102599143981934e-02 9.615500457584857941e-03 -1.273578312247991562e-02 6.862285546958446503e-03 6.457265932112932205e-03 9.998744726181030273e-01
8.228586986660957336e-03 -6.563666742295026779e-03 5.703961476683616638e-03 -9.858914650976657867e-03 -3.202717343810945749e-04 3.001078963279724121e-03 9.999468326568603516e-01
4.140593577176332474e-03 -1.885221921838819981e-03 3.571864683181047440e-03 -6.704830098897218704e-03 -3.450118238106369972e-04 4.797654692083597183e-04 9.999773502349853516e-01
4.068381153047084808e-03 -3.147973679006099701e-03 3.859141143038868904e-03 -4.820347297936677933e-03 3.469960938673466444e-04 -2.157426672056317329e-03 9.999859929084777832e-01
4.875299055129289627e-03 -3.747951937839388847e-03 3.977540880441665649e-03 -2.657039323821663857e-03 4.868145915679633617e-04 -3.728895680978894234e-03 9.999893903732299805e-01
5.421078298240900040e-03 -4.483944736421108246e-03 4.137730225920677185e-03 -1.503894891357049346e-04 8.812287705950438976e-04 -5.213185213506221771e-03 9.999859929084777832e-01
5.954514257609844208e-03 -5.152984987944364548e-03 4.489369690418243408e-03 5.761526408605277538e-04 1.189669244922697544e-03 -6.505875848233699799e-03 9.999779462814331055e-01
6.320081185549497604e-03 -6.425404921174049377e-03 4.204008262604475021e-03 2.650293055921792984e-03 1.146992784924805164e-03 -7.458695676177740097e-03 9.999679923057556152e-01
7.267486304044723511e-03 -6.099398713558912277e-03 5.251535680145025253e-03 3.334226785227656364e-03 1.718020881526172161e-03 -8.197953924536705017e-03 9.999593496322631836e-01
6.836786400526762009e-03 -7.464037742465734482e-03 5.973233375698328018e-03 4.305277019739151001e-03 1.249103923328220844e-03 -8.855653926730155945e-03 9.999507665634155273e-01
7.131684571504592896e-03 -8.449204266071319580e-03 6.216866895556449890e-03 5.102180875837802887e-03 1.296547823585569859e-03 -9.345343336462974548e-03 9.999424815177917480e-01
8.689529262483119965e-03 -8.225471712648868561e-03 6.576551124453544617e-03 5.607245024293661118e-03 1.404471462592482567e-03 -8.870590478181838989e-03 9.999439716339111328e-01
9.906311519443988800e-03 -9.037211537361145020e-03 5.927237682044506073e-03 7.080713752657175064e-03 9.678064961917698383e-04 -8.534258231520652771e-03 9.999380707740783691e-01
1.124162971973419189e-02 -8.015609346330165863e-03 7.543660700321197510e-03 7.106658071279525757e-03 1.080326270312070847e-03 -7.701261434704065323e-03 9.999445080757141113e-01
1.192323304712772369e-02 -9.377741254866123199e-03 7.433661259710788727e-03 7.572331465780735016e-03 6.761016556993126869e-04 -6.654151715338230133e-03 9.999489784240722656e-01
1.264852657914161682e-02 -1.002782583236694336e-02 8.208118379116058350e-03 7.528834976255893707e-03 5.980003625154495239e-04 -5.222238134592771530e-03 9.999578595161437988e-01
1.472108811140060425e-02 -9.016512893140316010e-03 8.850242942571640015e-03 6.972406525164842606e-03 4.014910664409399033e-04 -3.232192248106002808e-03 9.999703764915466309e-01
1.586373895406723022e-02 -9.874747134745121002e-03 9.096525609493255615e-03 6.683293730020523071e-03 -9.063877951120957732e-05 -1.290599582716822624e-03 9.999768137931823730e-01
1.725625619292259216e-02 -9.896920062601566315e-03 9.958312846720218658e-03 6.068248301744461060e-03 -1.206891756737604737e-04 6.847799522802233696e-04 9.999813437461853027e-01
1.845025829970836639e-02 -1.039309799671173096e-02 1.086218003183603287e-02 5.297475494444370270e-03 -2.540526911616325378e-04 3.857664298266172409e-03 9.999784827232360840e-01
1.964862830936908722e-02 -1.068532746285200119e-02 1.210093032568693161e-02 3.679236397147178650e-03 -1.887453108793124557e-04 6.415353156626224518e-03 9.999726414680480957e-01
2.028475515544414520e-02 -1.186412107199430466e-02 1.349365990608930588e-02 2.657182514667510986e-03 -7.934427820146083832e-03 9.033696725964546204e-03 9.999241828918457031e-01
2.133011631667613983e-02 -1.252500340342521667e-02 1.484104990959167480e-02 1.215116935782134533e-03 -8.819814771413803101e-03 1.170017942786216736e-02 9.998919367790222168e-01
2.339013293385505676e-02 -1.298951450735330582e-02 1.465948577970266342e-02 -2.556236286181956530e-04 -9.599906392395496368e-03 1.398664619773626328e-02 9.998560547828674316e-01
2.547088079154491425e-02 -1.325336284935474396e-02 1.447902899235486984e-02 -8.839483489282429218e-04 -9.861216880381107330e-03 1.708033867180347443e-02 9.998050928115844727e-01
2.636728063225746155e-02 -1.443992927670478821e-02 1.501060929149389267e-02 -1.892212429083883762e-03 -9.825979359447956085e-03 1.918003894388675690e-02 9.997659921646118164e-01
2.685586735606193542e-02 -1.766312308609485626e-02 1.456404663622379303e-02 -2.284860936924815178e-03 -1.042477972805500031e-02 2.059403806924819946e-02 9.997309446334838867e-01
2.210982702672481537e-02 -1.507823914289474487e-02 1.190872304141521454e-02 -2.922867657616734505e-03 -1.096165180206298828e-02 2.201654948294162750e-02 9.996932148933410645e-01
1.741608045995235443e-02 -1.145153678953647614e-02 9.765052236616611481e-03 -4.341909661889076233e-03 -1.054791919887065887e-02 2.309944480657577515e-02 9.996681213378906250e-01
1.358292158693075180e-02 -8.653379976749420166e-03 5.813433788716793060e-03 -4.317494109272956848e-03 -1.010385621339082718e-02 2.351019904017448425e-02 9.996632337570190430e-01
9.198196232318878174e-03 -4.937218036502599716e-03 6.169056519865989685e-03 -5.179315339773893356e-03 -8.956536650657653809e-03 2.423847280442714691e-02 9.996526837348937988e-01
7.825472392141819000e-03 9.345444850623607635e-04 5.547891836613416672e-03 -4.354776348918676376e-03 -8.945006877183914185e-03 2.226213179528713226e-02 9.997026920318603516e-01
7.188024464994668961e-03 -3.147163428366184235e-03 6.007661577314138412e-03 -4.072708543390035629e-03 -8.897211402654647827e-03 2.423237450420856476e-02 9.996584653854370117e-01
7.742078974843025208e-03 -9.719228837639093399e-04 6.667456123977899551e-03 -3.947061486542224884e-03 -7.121051661670207977e-03 2.316728420555591583e-02 9.996984601020812988e-01
8.862119168043136597e-03 8.154336828738451004e-04 6.114740855991840363e-03 -3.070204984396696091e-03 -6.802111398428678513e-03 2.119274809956550598e-02 9.997475743293762207e-01
9.356941096484661102e-03 -1.060600625351071358e-03 6.518787238746881485e-03 -3.291228553280234337e-03 -5.744000896811485291e-03 2.064216136932373047e-02 9.997650384902954102e-01
9.944926947355270386e-03 2.148991450667381287e-03 6.840168498456478119e-03 -2.350309165194630623e-03 -4.916007164865732193e-03 1.816191151738166809e-02 9.998202323913574219e-01
1.138405501842498779e-02 2.626581583172082901e-03 6.035442464053630829e-03 -1.923388917930424213e-03 -3.670612350106239319e-03 1.675599068403244019e-02 9.998510479927062988e-01
1.250915415585041046e-02 3.249340225011110306e-03 5.968829616904258728e-03 -1.299278344959020615e-03 -2.225417410954833031e-03 1.424132939428091049e-02 9.998952746391296387e-01
1.171544846147298813e-02 -3.086403710767626762e-03 6.577243097126483917e-03 -7.460963097400963306e-04 -2.439675736241042614e-04 1.102832518517971039e-02 9.999389052391052246e-01
7.951139472424983978e-03 -1.024162396788597107e-02 5.707090254873037338e-03 -1.213570521940710023e-05 1.387261436320841312e-03 8.744421415030956268e-03 9.999607801437377930e-01
1.596634536981582642e-01 -1.865303516387939453e-02 6.844208389520645142e-02 -5.116004869341850281e-02 1.482096873223781586e-02 4.763286933302879333e-02 9.974437952041625977e-01
1.430786848068237305e-01 -2.622047066688537598e-02 6.441058963537216187e-02 -4.973167181015014648e-02 1.818655245006084442e-02 4.353956878185272217e-02 9.976474046707153320e-01
1.269753873348236084e-01 -3.092894144356250763e-02 5.878564342856407166e-02 -4.789614304900169373e-02 1.507174037396907806e-02 4.318319633603096008e-02 9.978045821189880371e-01
1.100347116589546204e-01 -3.483838587999343872e-02 5.392980575561523438e-02 -4.645327106118202209e-02 1.468348223716020584e-02 3.964414075016975403e-02 9.980254769325256348e-01
9.412954747676849365e-02 -3.529630228877067566e-02 4.800822585821151733e-02 -4.298359900712966919e-02 1.488580461591482162e-02 3.582315146923065186e-02 9.983223676681518555e-01
7.824150472879409790e-02 -3.427072241902351379e-02 4.237019643187522888e-02 -4.007306694984436035e-02 1.411158684641122818e-02 3.100492618978023529e-02 9.986159205436706543e-01
6.446902453899383545e-02 -2.956435456871986389e-02 3.536191210150718689e-02 -3.550061210989952087e-02 1.425487268716096878e-02 2.618377842009067535e-02 9.989248514175415039e-01
5.091140419244766235e-02 -2.347649447619915009e-02 2.913149446249008179e-02 -3.048165701329708099e-02 1.435838826000690460e-02 1.950709335505962372e-02 9.992418289184570312e-01
3.674047067761421204e-02 -1.928630098700523376e-02 2.239765413105487823e-02 -2.631372213363647461e-02 1.304991263896226883e-02 1.441049203276634216e-02 9.994646906852722168e-01
2.357855066657066345e-02 -1.364468224346637726e-02 1.569017954170703888e-02 -2.181677334010601044e-02 6.451786030083894730e-03 9.286636486649513245e-03 9.996980428695678711e-01
1.242845412343740463e-02 -7.765461225062608719e-03 8.349728770554065704e-03 -1.694764941930770874e-02 -2.360725047765299678e-04 3.025804879143834114e-03 9.998517632484436035e-01
9.092259220778942108e-03 -4.838124383240938187e-03 6.543324328958988190e-03 -1.108000706881284714e-02 1.009069183055544272e-05 -2.688571577891707420e-03 9.999349713325500488e-01
9.505191817879676819e-03 -6.502523552626371384e-03 7.498751394450664520e-03 -7.665313314646482468e-03 7.805695058777928352e-04 -6.358333397656679153e-03 9.999501109123229980e-01
1.075833849608898163e-02 -7.956122979521751404e-03 7.782217115163803101e-03 -2.978687640279531479e-03 1.290823100134730339e-03 -9.798051789402961731e-03 9.999467134475708008e-01
1.225237827748060226e-02 -9.015965275466442108e-03 8.069649338722229004e-03 -1.599698589416220784e-04 1.543660648167133331e-03 -1.257107593119144440e-02 9.999197721481323242e-01
1.293732970952987671e-02 -1.146779395639896393e-02 7.891609333455562592e-03 3.371033584699034691e-03 2.067825291305780411e-03 -1.470784004777669907e-02 9.998840093612670898e-01
1.391519140452146530e-02 -1.310579665005207062e-02 8.159015327692031860e-03 5.900930613279342651e-03 2.370289061218500137e-03 -1.606876961886882782e-02 9.998506903648376465e-01
1.458168681710958481e-02 -1.441608276218175888e-02 9.483236819505691528e-03 8.551025763154029846e-03 2.616698620840907097e-03 -1.709488965570926666e-02 9.998138546943664551e-01
1.577666401863098145e-02 -1.536886580288410187e-02 1.057331915944814682e-02 1.017720811069011688e-02 2.575179329141974449e-03 -1.830430887639522552e-02 9.997773766517639160e-01
1.764058694243431091e-02 -1.628912426531314850e-02 1.080881431698799133e-02 1.170803513377904892e-02 2.578928368166089058e-03 -1.844956353306770325e-02 9.997578859329223633e-01
1.869580522179603577e-02 -1.793730072677135468e-02 1.140315830707550049e-02 1.310979574918746948e-02 2.044467953965067863e-03 -1.746574975550174713e-02 9.997594356536865234e-01
2.147295698523521423e-02 -1.704652793705463409e-02 1.310256402939558029e-02 1.402380224317312241e-02 2.320084953680634499e-03 -1.615695841610431671e-02 9.997684359550476074e-01
2.356394752860069275e-02 -1.793175749480724335e-02 1.368263084441423416e-02 1.456972490996122360e-02 1.927327597513794899e-03 -1.414971426129341125e-02 9.997918605804443359e-01
2.570532076060771942e-02 -1.877998933196067810e-02 1.453032903373241425e-02 1.493431441485881805e-02 1.369941630400717258e-03 -1.148869749158620834e-02 9.998215436935424805e-01
2.800859697163105011e-02 -1.861714012920856476e-02 1.658979803323745728e-02 1.410594489425420761e-02 9.269038564525544643e-04 -8.427483960986137390e-03 9.998645782470703125e-01
3.088947013020515442e-02 -1.831495575606822968e-02 1.801200211048126221e-02 1.365000195801258087e-02 4.232469946146011353e-04 -4.669793881475925446e-03 9.998958110809326172e-01
3.300455957651138306e-02 -2.057830989360809326e-02 1.838867925107479095e-02 1.277988683432340622e-02 -4.129277658648788929e-04 -9.127380326390266418e-04 9.999178051948547363e-01
3.584591671824455261e-02 -2.058437466621398926e-02 2.027261443436145782e-02 1.087954081594944000e-02 -2.959732955787330866e-05 4.669316578656435013e-03 9.999299049377441406e-01
3.833986818790435791e-02 -2.098293043673038483e-02 2.264262177050113678e-02 9.044222533702850342e-03 -4.945262917317450047e-04 9.568018838763237000e-03 9.999132156372070312e-01
3.986396640539169312e-02 -2.244950272142887115e-02 2.579704858362674713e-02 6.409683264791965485e-03 -7.718643639236688614e-03 1.488120947033166885e-02 9.998389482498168945e-01
4.363240301609039307e-02 -2.300297096371650696e-02 2.638591080904006958e-02 3.761072643101215363e-03 -1.648841425776481628e-02 1.995736546814441681e-02 9.996578097343444824e-01
4.603269323706626892e-02 -2.517999149858951569e-02 2.773691341280937195e-02 1.431428478099405766e-03 -1.786083914339542389e-02 2.533846721053123474e-02 9.995183348655700684e-01
4.926688596606254578e-02 -2.670670673251152039e-02 2.803424373269081116e-02 -8.006821735762059689e-04 -1.909581199288368225e-02 3.049403429031372070e-02 9.993522167205810547e-01
5.115462839603424072e-02 -2.899234928190708160e-02 2.943558990955352783e-02 -2.452483633533120155e-03 -1.933905296027660370e-02 3.484717383980751038e-02 9.992024898529052734e-01
5.304672569036483765e-02 -3.242984786629676819e-02 2.966337464749813080e-02 -3.804689738899469376e-03 -2.029438130557537079e-02 3.760232031345367432e-02 9.990794658660888672e-01
4.928579926490783691e-02 -3.171205148100852966e-02 2.706817910075187683e-02 -5.414634943008422852e-03 -2.062755078077316284e-02 3.992911428213119507e-02 9.989749193191528320e-01
3.974639996886253357e-02 -2.613238245248794556e-02 2.162591181695461273e-02 -7.121652364730834961e-03 -2.064391225576400757e-02 4.356890171766281128e-02 9.988117218017578125e-01
3.160216286778450012e-02 -1.957755722105503082e-02 1.479139737784862518e-02 -7.845179177820682526e-03 -2.034343965351581573e-02 4.496423527598381042e-02 9.987506270408630371e-01
2.332798577845096588e-02 -1.323181577026844025e-02 1.074089668691158295e-02 -8.343207649886608124e-03 -1.908870600163936615e-02 4.478965327143669128e-02 9.987791776657104492e-01
1.727100275456905365e-02 -3.608669620007276535e-03 1.088627241551876068e-02 -8.687071502208709717e-03 -1.710803993046283722e-02 4.515689611434936523e-02 9.987956285476684570e-01
1.578621007502079010e-02 -3.469585499260574579e-04 1.142356079071760178e-02 -8.247577585279941559e-03 -1.747975312173366547e-02 4.682691767811775208e-02 9.987159967422485352e-01
1.651863195002079010e-02 1.194588490761816502e-03 1.144033204764127731e-02 -7.493990473449230194e-03 -1.634701713919639587e-02 4.564753174781799316e-02 9.987957477569580078e-01
1.715125888586044312e-02 2.849489683285355568e-03 1.185040455311536789e-02 -7.458372972905635834e-03 -1.452606171369552612e-02 4.339602589607238770e-02 9.989244937896728516e-01
1.818553544580936432e-02 3.050291910767555237e-03 1.242397073656320572e-02 -7.458939217031002045e-03 -1.265057455748319626e-02 4.072701930999755859e-02 9.990623593330383301e-01
1.944549009203910828e-02 4.094226751476526260e-03 1.290982309728860855e-02 -6.047970615327358246e-03 -1.013892330229282379e-02 3.843717277050018311e-02 9.991912841796875000e-01
2.146985195577144623e-02 5.421231035143136978e-03 1.243921555578708649e-02 -4.912309814244508743e-03 -8.601204492151737213e-03 3.499041870236396790e-02 9.993385672569274902e-01
2.325817011296749115e-02 6.300840526819229126e-03 1.298371888697147369e-02 -3.572843503206968307e-03 -5.062351934611797333e-03 3.112428262829780579e-02 9.994963407516479492e-01
2.476301789283752441e-02 4.904506728053092957e-03 1.173405814915895462e-02 -1.567629398778080940e-03 -1.992713660001754761e-03 2.357993833720684052e-02 9.997187256813049316e-01
2.069926261901855469e-02 -1.417636219412088394e-02 1.183267589658498764e-02 -7.193589117377996445e-04 2.345303539186716080e-03 2.018450200557708740e-02 9.997932910919189453e-01
