-4.452462308108806610e-03 9.506114125251770020e-01 -2.659993059933185577e-02
-7.527099922299385071e-03 8.735058307647705078e-01 -1.726396195590496063e-02
-9.419023990631103516e-03 7.954162955284118652e-01 -8.199037052690982819e-03
-1.116918027400970459e-02 7.165119647979736328e-01 -1.979688182473182678e-03
-1.131052523851394653e-02 6.369800567626953125e-01 4.441685508936643600e-03
-1.019021496176719666e-02 5.569511651992797852e-01 1.014779508113861084e-02
-7.762765046209096909e-03 4.767713844776153564e-01 1.564605534076690674e-02
-3.896389389410614967e-03 3.957503437995910645e-01 2.083983644843101501e-02
1.334080472588539124e-03 3.158955276012420654e-01 2.586129494011402130e-02
7.586545310914516449e-03 2.329056411981582642e-01 3.077694773674011230e-02
1.550923753529787064e-02 1.566038280725479126e-01 3.558822348713874817e-02
2.379597537219524384e-02 6.300465017557144165e-02 4.190751537680625916e-02
3.127383068203926086e-02 1.986785419285297394e-02 4.473295062780380249e-02
3.838624805212020874e-02 4.112253338098526001e-02 4.370384663343429565e-02
4.474743828177452087e-02 4.150550067424774170e-02 4.408571496605873108e-02
5.056332424283027649e-02 5.164517462253570557e-02 4.395912215113639832e-02
5.565039440989494324e-02 5.858657509088516235e-02 4.408278316259384155e-02
5.994381383061408997e-02 6.773427128791809082e-02 4.409527778625488281e-02
6.356412917375564575e-02 7.687257230281829834e-02 4.412392154335975647e-02
6.646839529275894165e-02 8.689717203378677368e-02 4.410321637988090515e-02
6.878572702407836914e-02 9.749194979667663574e-02 4.401923716068267822e-02
7.056328654289245605e-02 1.087916120886802673e-01 4.397822171449661255e-02
7.170429825782775879e-02 1.208691895008087158e-01 4.370095953345298767e-02
7.261595129966735840e-02 1.337613910436630249e-01 4.392400383949279785e-02
7.320456206798553467e-02 1.473812013864517212e-01 4.430637136101722717e-02
7.321727275848388672e-02 1.618475317955017090e-01 4.407482221722602844e-02
7.296837121248245239e-02 1.770870685577392578e-01 4.411751404404640198e-02
7.236705720424652100e-02 1.932441294193267822e-01 4.414103180170059204e-02
7.152982056140899658e-02 2.100408822298049927e-01 4.439118504524230957e-02
7.021787017583847046e-02 2.279519885778427124e-01 4.467616230249404907e-02
6.859780102968215942e-02 2.458460777997970581e-01 4.552462697029113770e-02
6.646738946437835693e-02 2.650678455829620361e-01 4.654148593544960022e-02
6.397919356822967529e-02 2.829263210296630859e-01 4.746396839618682861e-02
6.153592094779014587e-02 3.027707934379577637e-01 4.866614565253257751e-02
5.907807499170303345e-02 3.145730197429656982e-01 5.052819103002548218e-02
5.662231147289276123e-02 3.423645198345184326e-01 5.161270499229431152e-02
5.430053919553756714e-02 3.229987919330596924e-01 5.576899647712707520e-02
5.212699994444847107e-02 2.438149750232696533e-01 6.373405456542968750e-02
5.035364255309104919e-02 1.816119849681854248e-01 7.066658884286880493e-02
4.920133203268051147e-02 1.154953613877296448e-01 7.780560851097106934e-02
4.861785843968391418e-02 3.939092531800270081e-02 8.544459939002990723e-02
4.897476732730865479e-02 -4.113763105124235153e-03 9.087375551462173462e-02
5.030973255634307861e-02 -1.784444553777575493e-03 9.320507943630218506e-02
5.265539884567260742e-02 -1.600823737680912018e-02 9.625934064388275146e-02
5.609745159745216370e-02 -2.318444661796092987e-02 9.852117300033569336e-02
6.073570623993873596e-02 -3.522213548421859741e-02 1.006848886609077454e-01
6.655164062976837158e-02 -4.231532290577888489e-02 1.021353974938392639e-01
7.352199405431747437e-02 -5.908053368330001831e-02 1.037811189889907837e-01
8.173710107803344727e-02 -5.093073099851608276e-02 1.034895554184913635e-01
9.107550978660583496e-02 -1.057911850512027740e-02 1.008620411157608032e-01
1.017245128750801086e-01 1.866256073117256165e-02 9.862480312585830688e-02
