8.703227341175079346e-02 3.852743888273835182e-03 2.713473327457904816e-02 -2.404537051916122437e-02 5.506483372300863266e-03 2.089442685246467590e-02 9.994773268699645996e-01
7.800016552209854126e-02 -5.868239793926477432e-03 2.913113310933113098e-02 -2.526104822754859924e-02 6.926570553332567215e-03 2.238956280052661896e-02 9.994060993194580078e-01
6.931798905134201050e-02 -8.318619802594184875e-03 2.904441393911838531e-02 -2.516489848494529724e-02 7.690667174756526947e-03 1.990476064383983612e-02 9.994555711746215820e-01
6.021131575107574463e-02 -1.412220764905214310e-02 2.750461734831333160e-02 -2.493485435843467712e-02 8.753317408263683319e-03 2.096217870712280273e-02 9.994309544563293457e-01
5.208668857812881470e-02 -1.496049761772155762e-02 2.507220394909381866e-02 -2.293663658201694489e-02 8.108799345791339874e-03 1.818667165935039520e-02 9.995386004447937012e-01
4.390796273946762085e-02 -1.705790683627128601e-02 2.129421755671501160e-02 -2.045221067965030670e-02 7.215132936835289001e-03 1.580501906573772430e-02 9.996398687362670898e-01
3.649752214550971985e-02 -1.581326499581336975e-02 1.799458265304565430e-02 -1.820647902786731720e-02 6.972203962504863739e-03 1.288238819688558578e-02 9.997269511222839355e-01
2.922197431325912476e-02 -1.349700894206762314e-02 1.520615164190530777e-02 -1.640673168003559113e-02 6.993361283093690872e-03 1.016358006745576859e-02 9.997892975807189941e-01
2.286834456026554108e-02 -1.063207723200321198e-02 1.119621284306049347e-02 -1.390421018004417419e-02 6.551226601004600525e-03 6.961802951991558075e-03 9.998576045036315918e-01
1.576448790729045868e-02 -8.229770697653293610e-03 8.225768804550170898e-03 -1.159411109983921051e-02 6.514907814562320709e-03 5.047886632382869720e-03 9.998987913131713867e-01
9.505028836429119110e-03 -5.853204522281885147e-03 4.326772410422563553e-03 -8.729871362447738647e-03 -5.026306025683879852e-04 1.978624146431684494e-03 9.999598264694213867e-01
5.054802633821964264e-03 8.324027294293045998e-05 2.810486825183033943e-03 -5.797705147415399551e-03 -1.895831956062465906e-04 -4.760155279655009508e-04 9.999830722808837891e-01
5.529136396944522858e-03 4.896244499832391739e-04 3.247053362429141998e-03 -3.330274485051631927e-03 3.114805440418422222e-04 -3.412513295188546181e-03 9.999885559082031250e-01
6.377233192324638367e-03 -4.787585639860481024e-04 3.569062333554029465e-03 -1.494180760346353054e-03 4.358662408776581287e-04 -4.645913373678922653e-03 9.999880194664001465e-01
6.876156199723482132e-03 1.929895224748179317e-04 4.392709117382764816e-03 6.655946490354835987e-04 5.647036014124751091e-04 -6.725621875375509262e-03 9.999769926071166992e-01
7.708168122917413712e-03 -2.772343810647726059e-03 3.881003940477967262e-03 1.428497955203056335e-03 8.516554371453821659e-04 -7.656383328139781952e-03 9.999693036079406738e-01
7.912850007414817810e-03 -5.282389465719461441e-03 2.895878860726952553e-03 3.309531137347221375e-03 8.951370255090296268e-04 -8.240437135100364685e-03 9.999601840972900391e-01
8.889778517186641693e-03 -4.059440921992063522e-03 4.700045567005872726e-03 3.812352661043405533e-03 1.499456819146871567e-03 -9.045793674886226654e-03 9.999507069587707520e-01
8.768518455326557159e-03 -5.958185065537691116e-03 5.074064247310161591e-03 4.626864101737737656e-03 1.355090294964611530e-03 -9.155178442597389221e-03 9.999464750289916992e-01
9.078692644834518433e-03 -7.535936310887336731e-03 4.656867589801549911e-03 5.047054030001163483e-03 1.224176841787993908e-03 -9.296115487813949585e-03 9.999433159828186035e-01
1.047991961240768433e-02 -7.022509817034006119e-03 5.222353152930736542e-03 5.564008839428424835e-03 1.256550662219524384e-03 -8.845861069858074188e-03 9.999446272850036621e-01
1.168702542781829834e-02 -7.737054489552974701e-03 4.299975465983152390e-03 6.926204543560743332e-03 6.263043615035712719e-04 -8.456120267510414124e-03 9.999400377273559570e-01
1.308277063071727753e-02 -6.085027940571308136e-03 6.272525992244482040e-03 7.180525455623865128e-03 9.657794726081192493e-04 -7.654914632439613342e-03 9.999444484710693359e-01
1.363855879753828049e-02 -8.540887385606765747e-03 5.138854496181011200e-03 7.687724195420742035e-03 4.152382025495171547e-04 -6.559027358889579773e-03 9.999488592147827148e-01
1.433649007230997086e-02 -9.382181800901889801e-03 5.861359648406505585e-03 7.429118733853101730e-03 4.442275676410645247e-04 -5.030626431107521057e-03 9.999596476554870605e-01
1.685283146798610687e-02 -6.509527564048767090e-03 7.067022845149040222e-03 7.346764672547578812e-03 4.003605281468480825e-04 -3.569325665012001991e-03 9.999665617942810059e-01
1.757859624922275543e-02 -9.099539369344711304e-03 6.333009339869022369e-03 6.836644373834133148e-03 -2.986256149597465992e-04 -1.360759255476295948e-03 9.999756813049316406e-01
1.910348609089851379e-02 -8.602573536336421967e-03 7.479833904653787613e-03 6.027513183653354645e-03 5.725016308133490384e-05 5.472074262797832489e-04 9.999817013740539551e-01
2.056647092103958130e-02 -9.184548631310462952e-03 7.686339318752288818e-03 5.275444127619266510e-03 1.526105916127562523e-05 3.739911131560802460e-03 9.999790787696838379e-01
2.148911170661449432e-02 -9.067681618034839630e-03 1.013274025171995163e-02 3.227372886613011360e-03 8.180377772077918053e-04 6.559980101883411407e-03 9.999729394912719727e-01
2.230399847030639648e-02 -1.165432110428810120e-02 1.005067396908998489e-02 2.187857171520590782e-03 -6.841469090431928635e-03 8.828582242131233215e-03 9.999352097511291504e-01
2.318347431719303131e-02 -1.262517459690570831e-02 1.162917912006378174e-02 3.995188162662088871e-04 -7.312876172363758087e-03 1.138860173523426056e-02 9.999083280563354492e-01
2.551334165036678314e-02 -1.291517168283462524e-02 1.062986534088850021e-02 -1.108354073949158192e-03 -8.034086786210536957e-03 1.331417355686426163e-02 9.998784661293029785e-01
2.822730317711830139e-02 -1.174497418105602264e-02 9.966680780053138733e-03 -1.922511146403849125e-03 -9.008501656353473663e-03 1.612862758338451385e-02 9.998275041580200195e-01
2.910402603447437286e-02 -1.382204610854387283e-02 9.537833742797374725e-03 -2.734342124313116074e-03 -9.223340079188346863e-03 1.817872002720832825e-02 9.997884631156921387e-01
2.973971702158451080e-02 -1.672513037919998169e-02 9.008575230836868286e-03 -2.865953370928764343e-03 -9.686060249805450439e-03 1.955748163163661957e-02 9.997577071189880371e-01
2.425947785377502441e-02 -1.482340879738330841e-02 7.054057903587818146e-03 -3.547761123627424240e-03 -1.003882382065057755e-02 2.077783644199371338e-02 9.997274279594421387e-01
1.884170621633529663e-02 -1.165406126528978348e-02 6.243937183171510696e-03 -5.128427874296903610e-03 -9.382359683513641357e-03 2.173588797450065613e-02 9.997065663337707520e-01
1.479850616306066513e-02 -8.518027141690254211e-03 1.272858586162328720e-03 -3.702051937580108643e-03 -1.025158818811178207e-02 2.092143334448337555e-02 9.997217059135437012e-01
1.164624840021133423e-02 -3.130706259980797768e-03 1.266399398446083069e-03 -3.362747142091393471e-03 -9.274089708924293518e-03 1.981457881629467010e-02 9.997550249099731445e-01
9.143569506704807281e-03 1.988945994526147842e-03 2.308616414666175842e-03 -3.768706694245338440e-03 -8.568889461457729340e-03 1.936188153922557831e-02 9.997687339782714844e-01
8.561689406633377075e-03 -4.735578782856464386e-03 1.391434925608336926e-03 -3.843923332169651985e-03 -8.537602610886096954e-03 2.188413217663764954e-02 9.997166395187377930e-01
9.354528039693832397e-03 -1.859504263848066330e-03 3.791365539655089378e-03 -3.480968531221151352e-03 -6.310913711786270142e-03 2.157378755509853363e-02 9.997412562370300293e-01
1.070782076567411423e-02 7.303122547455132008e-04 1.183792250230908394e-03 -2.947524422779679298e-03 -6.676708348095417023e-03 1.930314861238002777e-02 9.997870326042175293e-01
1.130441296845674515e-02 -1.798513578251004219e-03 3.839520795736461878e-04 -3.075690940022468567e-03 -6.002171430736780167e-03 1.965556666254997253e-02 9.997840523719787598e-01
1.188935711979866028e-02 2.985380822792649269e-03 -1.957580680027604103e-04 -2.391695044934749603e-03 -5.073198582977056503e-03 1.668834127485752106e-02 9.998450279235839844e-01
1.312430948019027710e-02 3.753466298803687096e-04 7.306245388463139534e-04 -1.952711027115583420e-03 -3.574760863557457924e-03 1.606068387627601624e-02 9.998627305030822754e-01
1.155765354633331299e-02 6.027123890817165375e-03 -5.723504815250635147e-03 -1.568481326103210449e-03 -2.706629456952214241e-03 1.352035813033580780e-02 9.999036788940429688e-01
1.220547500997781754e-02 -6.223733536899089813e-03 -1.526188221760094166e-03 -8.412981405854225159e-04 -1.031714142300188541e-03 1.139636617153882980e-02 9.999341964721679688e-01
9.183024056255817413e-03 -1.074800454080104828e-02 9.137072484008967876e-04 1.708658237475901842e-04 1.297117094509303570e-03 8.720006793737411499e-03 9.999611377716064453e-01
1.654904484748840332e-01 -7.688085548579692841e-03 5.548407137393951416e-02 -4.244406521320343018e-02 1.085720770061016083e-02 3.410473465919494629e-02 9.984575510025024414e-01
1.461168974637985229e-01 -1.477610692381858826e-02 6.114951893687248230e-02 -4.075779765844345093e-02 1.501702517271041870e-02 2.987363561987876892e-02 9.986094832420349121e-01
1.279363483190536499e-01 -4.415276646614074707e-02 4.709483683109283447e-02 -4.197033494710922241e-02 1.321967598050832748e-02 3.855389729142189026e-02 9.982872009277343750e-01
1.122849807143211365e-01 -4.098008945584297180e-02 4.407371208071708679e-02 -4.276018217206001282e-02 1.352479681372642517e-02 3.678377717733383179e-02 9.983164072036743164e-01
9.702868014574050903e-02 -3.642011061310768127e-02 4.086566343903541565e-02 -3.990737348794937134e-02 1.424328796565532684e-02 3.354576602578163147e-02 9.985385537147521973e-01
8.199874311685562134e-02 -2.911572530865669250e-02 3.898627683520317078e-02 -3.733345121145248413e-02 1.405798457562923431e-02 2.751690149307250977e-02 9.988250136375427246e-01
6.871479749679565430e-02 -2.118968963623046875e-02 3.331732749938964844e-02 -3.294725716114044189e-02 1.505970302969217300e-02 2.199966646730899811e-02 9.991014599800109863e-01
5.590460076928138733e-02 -1.400147285312414169e-02 2.589198946952819824e-02 -2.783256396651268005e-02 1.430537551641464233e-02 1.415263116359710693e-02 9.994100332260131836e-01
4.178722947835922241e-02 -1.220280211418867111e-02 1.812173612415790558e-02 -2.384212426841259003e-02 1.220262609422206879e-02 9.642936289310455322e-03 9.995947480201721191e-01
2.686837501823902130e-02 -9.633263573050498962e-03 1.317565143108367920e-02 -1.963063329458236694e-02 6.127468310296535492e-03 5.985314492136240005e-03 9.997705817222595215e-01
1.450409181416034698e-02 -5.243342369794845581e-03 6.828288082033395767e-03 -1.511830464005470276e-02 -3.656230401247739792e-04 7.129799341782927513e-04 9.998853802680969238e-01
1.079099159687757492e-02 -4.300297005102038383e-04 5.679904483258724213e-03 -8.958322927355766296e-03 -8.140751015162095428e-05 -4.839867819100618362e-03 9.999481439590454102e-01
1.170902512967586517e-02 -6.934857810847461224e-04 7.161047775298357010e-03 -5.412708967924118042e-03 7.021290366537868977e-04 -8.483715355396270752e-03 9.999490976333618164e-01
1.321529690176248550e-02 -3.191640134900808334e-03 7.400941103696823120e-03 -1.651156693696975708e-03 9.676658664830029011e-04 -1.162497885525226593e-02 9.999306201934814453e-01
1.485697086900472641e-02 -3.825332736596465111e-03 7.820797152817249298e-03 1.417458639480173588e-03 1.120894914492964745e-03 -1.455682981759309769e-02 9.998924136161804199e-01
1.593307778239250183e-02 -7.915035821497440338e-03 6.682181730866432190e-03 4.879659973084926605e-03 1.608947291970252991e-03 -1.664509810507297516e-02 9.998482465744018555e-01
1.691968925297260284e-02 -9.859303012490272522e-03 6.962921470403671265e-03 6.952270865440368652e-03 2.245754934847354889e-03 -1.759312488138675690e-02 9.998185634613037109e-01
1.739794015884399414e-02 -1.146549731492996216e-02 8.731257170438766479e-03 9.131320752203464508e-03 2.610042225569486618e-03 -1.843338459730148315e-02 9.997850060462951660e-01
1.858694106340408325e-02 -1.253765076398849487e-02 9.707381017506122589e-03 1.039578113704919815e-02 2.563952701166272163e-03 -1.933521591126918793e-02 9.997557401657104492e-01
2.063337154686450958e-02 -1.321282796561717987e-02 9.645801968872547150e-03 1.165982149541378021e-02 2.449363702908158302e-03 -1.953122019767761230e-02 9.997382760047912598e-01
2.168710157275199890e-02 -1.467842049896717072e-02 1.074827834963798523e-02 1.275226660072803497e-02 2.099642530083656311e-03 -1.821742579340934753e-02 9.997504949569702148e-01
2.436958439648151398e-02 -1.314758043736219406e-02 1.251453720033168793e-02 1.350701320916414261e-02 2.102521015331149101e-03 -1.675863564014434814e-02 9.997661113739013672e-01
2.671174518764019012e-02 -1.434787362813949585e-02 1.202676072716712952e-02 1.428368594497442245e-02 1.611604588106274605e-03 -1.440634578466415405e-02 9.997928738594055176e-01
2.872555144131183624e-02 -1.691208034753799438e-02 1.064924150705337524e-02 1.486228033900260925e-02 9.369931649416685104e-04 -1.153382938355207443e-02 9.998226165771484375e-01
3.213838487863540649e-02 -1.356653496623039246e-02 1.376132480800151825e-02 1.400831714272499084e-02 8.336024475283920765e-04 -8.872415870428085327e-03 9.998621940612792969e-01
3.520192205905914307e-02 -1.282916124910116196e-02 1.450055837631225586e-02 1.376967318356037140e-02 6.235491600818932056e-04 -5.201089661568403244e-03 9.998914599418640137e-01
3.688284382224082947e-02 -1.697247847914695740e-02 1.423032395541667938e-02 1.298115774989128113e-02 -5.075384397059679031e-04 -1.419413369148969650e-03 9.999145865440368652e-01
4.025570675730705261e-02 -1.463345438241958618e-02 1.688091643154621124e-02 1.108477544039487839e-02 1.187256653793156147e-03 3.447373630478978157e-03 9.999319314956665039e-01
4.281028360128402710e-02 -1.450333185493946075e-02 1.948975212872028351e-02 8.870963007211685181e-03 1.106503419578075409e-03 8.707861416041851044e-03 9.999220967292785645e-01
4.412060603499412537e-02 -1.998793892562389374e-02 2.030906453728675842e-02 5.677616689354181290e-03 -6.257702130824327469e-03 1.391649153083562851e-02 9.998674392700195312e-01
4.736023768782615662e-02 -2.372107282280921936e-02 1.798494532704353333e-02 2.913275966420769691e-03 -1.439978647977113724e-02 1.811677217483520508e-02 9.997279047966003418e-01
4.904408752918243408e-02 -2.780920825898647308e-02 1.853921823203563690e-02 3.075244894716888666e-04 -1.551304757595062256e-02 2.322848141193389893e-02 9.996097683906555176e-01
5.355983972549438477e-02 -2.735183201730251312e-02 1.759585551917552948e-02 -1.896999077871441841e-03 -1.711311377584934235e-02 2.770343981683254242e-02 9.994679093360900879e-01
5.639122426509857178e-02 -2.885598875582218170e-02 1.763997413218021393e-02 -2.894947072491049767e-03 -1.723106764256954193e-02 3.101366572082042694e-02 9.993662238121032715e-01
5.880388244986534119e-02 -3.172208368778228760e-02 1.677434332668781281e-02 -3.590202424675226212e-03 -1.821065880358219147e-02 3.326893225312232971e-02 9.992740750312805176e-01
5.361969023942947388e-02 -3.185744211077690125e-02 1.665719784796237946e-02 -5.102737341076135635e-03 -1.809015125036239624e-02 3.488724306225776672e-02 9.992144703865051270e-01
4.219975695013999939e-02 -2.747670188546180725e-02 1.394879259169101715e-02 -8.147834800183773041e-03 -1.840297877788543701e-02 3.876693919301033020e-02 9.990455508232116699e-01
3.275833651423454285e-02 -2.174046821892261505e-02 7.416619453579187393e-03 -7.314208429306745529e-03 -1.916247047483921051e-02 3.966600820422172546e-02 9.990024566650390625e-01
2.287085913121700287e-02 1.765122450888156891e-02 -2.987888365169055760e-05 -5.513573531061410904e-03 -2.044391818344593048e-02 2.233068831264972687e-02 9.995263814926147461e-01
2.007023058831691742e-02 1.989545300602912903e-03 4.800884053111076355e-03 -6.208449602127075195e-03 -1.696404628455638885e-02 3.550184145569801331e-02 9.992063045501708984e-01
1.812024228274822235e-02 -1.448856550268828869e-03 7.027103099972009659e-03 -7.007278036326169968e-03 -1.493623852729797363e-02 4.122544825077056885e-02 9.990136623382568359e-01
1.981097832322120667e-02 -2.374902687733992934e-04 3.555584000423550606e-03 -6.602680776268243790e-03 -1.601054891943931580e-02 3.876462578773498535e-02 9.990983009338378906e-01
1.915570721030235291e-02 3.059988142922520638e-03 8.149403147399425507e-03 -6.215288769453763962e-03 -1.183875463902950287e-02 3.782128170132637024e-02 9.991950392723083496e-01
2.081311494112014771e-02 7.779181469231843948e-03 -8.195191621780395508e-04 -6.701998878270387650e-03 -1.368225179612636566e-02 3.510566428303718567e-02 9.992674589157104492e-01
2.357004769146442413e-02 1.844163518399000168e-03 1.614030450582504272e-03 -5.579047836363315582e-03 -1.098540611565113068e-02 3.416336700320243835e-02 9.993402957916259766e-01
2.272348478436470032e-02 1.134550664573907852e-02 -3.244358231313526630e-05 -4.320883657783269882e-03 -8.818803355097770691e-03 3.050494007766246796e-02 9.994863867759704590e-01
2.697028964757919312e-02 3.029491053894162178e-03 3.556058742105960846e-03 -3.214333206415176392e-03 -4.967877641320228577e-03 2.836688794195652008e-02 9.995800852775573730e-01
2.771789021790027618e-02 1.219665631651878357e-03 2.276015700772404671e-03 -1.797333243303000927e-03 -2.418584423139691353e-03 2.216999046504497528e-02 9.997496604919433594e-01
2.046236582100391388e-02 -1.845791377127170563e-02 3.168288618326187134e-03 -4.215340013615787029e-04 1.648187986575067043e-03 2.045008167624473572e-02 9.997894167900085449e-01
