8.471985906362533569e-02 -3.907368052750825882e-03 3.366054594516754150e-02 -2.689826302230358124e-02 6.372000556439161301e-03 2.498555928468704224e-02 9.993055462837219238e-01
7.508598268032073975e-02 -1.213843841105699539e-02 3.437788411974906921e-02 -2.752746455371379852e-02 7.476663682609796524e-03 2.562367357313632965e-02 9.992645978927612305e-01
6.746991723775863647e-02 -1.354720164090394974e-02 3.133757412433624268e-02 -2.692463435232639313e-02 7.774102501571178436e-03 2.365591004490852356e-02 9.993273019790649414e-01
5.882179737091064453e-02 -1.823757961392402649e-02 2.808436006307601929e-02 -2.618575841188430786e-02 8.525459095835685730e-03 2.400497160851955414e-02 9.993324875831604004e-01
5.062780901789665222e-02 -1.940405368804931641e-02 2.501525171101093292e-02 -2.424426563084125519e-02 7.817463018000125885e-03 2.084382064640522003e-02 9.994581937789916992e-01
4.283117502927780151e-02 -1.988655515015125275e-02 2.103188075125217438e-02 -2.170572802424430847e-02 6.917861290276050568e-03 1.816091127693653107e-02 9.995754957199096680e-01
3.549129143357276917e-02 -1.829298399388790131e-02 1.765412837266921997e-02 -1.944235153496265411e-02 6.697007454931735992e-03 1.505900267511606216e-02 9.996751546859741211e-01
2.809210866689682007e-02 -1.563448086380958557e-02 1.528779603540897369e-02 -1.754432916641235352e-02 6.766117177903652191e-03 1.228359807282686234e-02 9.997477531433105469e-01
2.185240201652050018e-02 -1.235471200197935104e-02 1.145386509597301483e-02 -1.499409321695566177e-02 6.569267250597476959e-03 8.490287698805332184e-03 9.998299479484558105e-01
1.487892586737871170e-02 -9.657217189669609070e-03 8.322695270180702209e-03 -1.260380540043115616e-02 6.500001531094312668e-03 6.096084602177143097e-03 9.998808503150939941e-01
9.060137905180454254e-03 -6.643659435212612152e-03 4.135481547564268112e-03 -9.357200935482978821e-03 -6.018128478899598122e-04 2.824774477630853653e-03 9.999520778656005859e-01
4.945606458932161331e-03 -1.562579069286584854e-03 2.560492139309644699e-03 -6.193586159497499466e-03 -1.824594801291823387e-04 2.078747347695752978e-04 9.999808073043823242e-01
5.190342664718627930e-03 -1.988335046917200089e-03 3.234393894672393799e-03 -3.999747335910797119e-03 4.110490845050662756e-04 -2.449646359309554100e-03 9.999889135360717773e-01
5.983071867376565933e-03 -2.598327584564685822e-03 3.329875878989696503e-03 -1.857634168118238449e-03 5.368147394619882107e-04 -3.961233887821435928e-03 9.999902844429016113e-01
6.301406770944595337e-03 -4.577535204589366913e-03 2.439897041767835617e-03 4.624387947842478752e-04 7.495484314858913422e-04 -5.610132589936256409e-03 9.999838471412658691e-01
6.990977097302675247e-03 -4.664933774620294571e-03 3.395374864339828491e-03 1.093998318538069725e-03 1.050425460562109947e-03 -6.804843433201313019e-03 9.999756813049316406e-01
7.090922910720109940e-03 -6.511666346341371536e-03 2.493984531611204147e-03 3.131296252831816673e-03 1.039047725498676300e-03 -7.654631976038217545e-03 9.999652504920959473e-01
8.199077099561691284e-03 -5.766299553215503693e-03 4.137943033128976822e-03 3.649823833256959915e-03 1.714134821668267250e-03 -8.257280103862285614e-03 9.999577999114990234e-01
8.280589245259761810e-03 -7.151133380830287933e-03 4.292567726224660873e-03 4.514259286224842072e-03 1.269628410227596760e-03 -8.676906116306781769e-03 9.999513626098632812e-01
8.618094958364963531e-03 -8.307268843054771423e-03 4.197279922664165497e-03 5.104193929582834244e-03 1.155883423052728176e-03 -9.112265892326831818e-03 9.999448060989379883e-01
9.954502806067466736e-03 -8.046223782002925873e-03 4.752210807055234909e-03 5.617966875433921814e-03 1.225431216880679131e-03 -8.597467094659805298e-03 9.999465346336364746e-01
1.103527285158634186e-02 -8.901651948690414429e-03 3.731182543560862541e-03 7.057663984596729279e-03 6.324776913970708847e-04 -8.297558873891830444e-03 9.999404549598693848e-01
1.261012163013219833e-02 -7.818993180990219116e-03 5.232514813542366028e-03 7.332187611609697342e-03 9.362697019241750240e-04 -7.395247928798198700e-03 9.999453425407409668e-01
1.317677460610866547e-02 -9.479031898081302643e-03 4.678189754486083984e-03 7.811036892235279083e-03 4.242682480253279209e-04 -6.190054584294557571e-03 9.999502301216125488e-01
1.396246254444122314e-02 -1.008794642984867096e-02 5.585585720837116241e-03 7.588529027998447418e-03 3.120098263025283813e-04 -4.760205280035734177e-03 9.999598264694213867e-01
1.628056727349758148e-02 -8.372209034860134125e-03 6.417471915483474731e-03 7.272961549460887909e-03 1.173059426946565509e-04 -2.849124604836106300e-03 9.999694824218750000e-01
1.724499650299549103e-02 -9.924937970936298370e-03 6.001776549965143204e-03 6.960221100598573685e-03 -5.766635877080261707e-04 -8.616052800789475441e-04 9.999752640724182129e-01
1.882682926952838898e-02 -9.532582946121692657e-03 7.041001226752996445e-03 6.182562094181776047e-03 -4.001084889750927687e-04 1.268698135390877724e-03 9.999800324440002441e-01
2.018707059323787689e-02 -1.019503455609083176e-02 7.413428276777267456e-03 5.438094493001699448e-03 -6.436587427742779255e-04 4.607229493558406830e-03 9.999743700027465820e-01
2.126529812812805176e-02 -9.995705448091030121e-03 9.723697789013385773e-03 3.587276674807071686e-03 8.437647920800372958e-06 7.545762229710817337e-03 9.999650716781616211e-01
2.220016345381736755e-02 -1.183647941797971725e-02 1.006767433136701584e-02 2.410531276836991310e-03 -7.933274842798709869e-03 9.972223080694675446e-03 9.999158978462219238e-01
2.321298792958259583e-02 -1.252307277172803879e-02 1.168059464544057846e-02 6.023193709552288055e-04 -8.514321409165859222e-03 1.258889399468898773e-02 9.998843073844909668e-01
2.539653889834880829e-02 -1.300773024559020996e-02 1.079542003571987152e-02 -8.986970060504972935e-04 -9.591467678546905518e-03 1.471649017184972763e-02 9.998453259468078613e-01
2.790918201208114624e-02 -1.204217597842216492e-02 1.049396209418773651e-02 -1.577520393766462803e-03 -1.001301221549510956e-02 1.780092529952526093e-02 9.997901916503906250e-01
2.885588817298412323e-02 -1.360393688082695007e-02 1.055150199681520462e-02 -2.594038611277937889e-03 -1.014915481209754944e-02 1.969848014414310455e-02 9.997510910034179688e-01
2.936217561364173889e-02 -1.670093834400177002e-02 1.021158695220947266e-02 -2.905765548348426819e-03 -1.077363453805446625e-02 2.090539224445819855e-02 9.997192025184631348e-01
2.399027533829212189e-02 -1.477100979536771774e-02 8.018693886697292328e-03 -3.671827493235468864e-03 -1.126148551702499390e-02 2.218261733651161194e-02 9.996837377548217773e-01
1.863481290638446808e-02 -1.172597706317901611e-02 6.712595932185649872e-03 -5.141893401741981506e-03 -1.077002566307783127e-02 2.340639382600784302e-02 9.996547698974609375e-01
1.446233969181776047e-02 -8.827564306557178497e-03 2.467302838340401649e-03 -4.305699840188026428e-03 -1.096905767917633057e-02 2.288023196160793304e-02 9.996687769889831543e-01
1.005450729280710220e-02 -6.033471785485744476e-03 3.089384408667683601e-03 -4.976712632924318314e-03 -9.374408051371574402e-03 2.427981048822402954e-02 9.996488690376281738e-01
8.914201520383358002e-03 3.787569876294583082e-04 3.644728334620594978e-03 -4.357045982033014297e-03 -8.883181028068065643e-03 2.158943563699722290e-02 9.997179508209228516e-01
7.883396930992603302e-03 -5.385018885135650635e-03 2.553028985857963562e-03 -4.220474511384963989e-03 -9.092374704778194427e-03 2.393602952361106873e-02 9.996632337570190430e-01
8.817882277071475983e-03 -2.719096140936017036e-03 4.493424668908119202e-03 -4.028228111565113068e-03 -6.863371469080448151e-03 2.348385006189346313e-02 9.996925592422485352e-01
1.029201503843069077e-02 -1.884916273411363363e-04 3.260526340454816818e-03 -3.037853632122278214e-03 -6.915783509612083435e-03 2.084649167954921722e-02 9.997541308403015137e-01
1.075368747115135193e-02 -3.001109464094042778e-03 2.554087201133370399e-03 -3.235362702980637550e-03 -6.346257869154214859e-03 2.135683223605155945e-02 9.997465610504150391e-01
1.160626113414764404e-02 1.695234095677733421e-03 3.567702136933803558e-03 -2.397377509623765945e-03 -4.884650465101003647e-03 1.790524460375308990e-02 9.998248815536499023e-01
1.270444132387638092e-02 1.300667936448007822e-04 3.391525940969586372e-03 -1.982763409614562988e-03 -3.648284822702407837e-03 1.701326668262481689e-02 9.998466372489929199e-01
1.385837048292160034e-02 2.833581529557704926e-03 -1.606382778845727444e-03 -1.650267397053539753e-03 -2.476777881383895874e-03 1.443006191402673721e-02 9.998914599418640137e-01
1.182168908417224884e-02 -7.037919946014881134e-03 8.678017766214907169e-04 -9.293439798057079315e-04 -1.007924205623567104e-03 1.242265105247497559e-02 9.999219179153442383e-01
8.830167353153228760e-03 -1.093157567083835602e-02 1.791968825273215771e-03 1.317420537816360593e-04 1.125474344007670879e-03 9.450647048652172089e-03 9.999547004699707031e-01
1.595352888107299805e-01 -1.910911686718463898e-02 6.861489266157150269e-02 -4.902298748493194580e-02 1.291501056402921677e-02 4.145412519574165344e-02 9.978534579277038574e-01
1.421700716018676758e-01 -2.488650195300579071e-02 6.690349429845809937e-02 -4.724325239658355713e-02 1.716477610170841217e-02 3.669714927673339844e-02 9.980614781379699707e-01
1.256875842809677124e-01 -4.407117888331413269e-02 5.287213623523712158e-02 -4.684282466769218445e-02 1.430005487054586411e-02 4.382475465536117554e-02 9.978379607200622559e-01
1.099212393164634705e-01 -4.244939610362052917e-02 4.842669144272804260e-02 -4.735120758414268494e-02 1.413396093994379044e-02 4.175922274589538574e-02 9.979049563407897949e-01
9.477331489324569702e-02 -3.806809708476066589e-02 4.449529200792312622e-02 -4.453116655349731445e-02 1.495041884481906891e-02 3.826411068439483643e-02 9.981629848480224609e-01
7.996483892202377319e-02 -3.329292312264442444e-02 3.985792398452758789e-02 -4.114388301968574524e-02 1.387628633528947830e-02 3.238063305616378784e-02 9.985319972038269043e-01
6.646556407213211060e-02 -2.653113566339015961e-02 3.404699265956878662e-02 -3.635478019714355469e-02 1.509346347302198410e-02 2.690108492970466614e-02 9.988628029823303223e-01
5.357874929904937744e-02 -1.887802965939044952e-02 2.765318565070629120e-02 -3.048736229538917542e-02 1.492910739034414291e-02 1.852272823452949524e-02 9.992520213127136230e-01
3.935486450791358948e-02 -1.642432995140552521e-02 2.012247592210769653e-02 -2.557295374572277069e-02 1.267768628895282745e-02 1.278415322303771973e-02 9.995108246803283691e-01
2.546840347349643707e-02 -1.233221311122179031e-02 1.369613315910100937e-02 -2.124331332743167877e-02 6.035706959664821625e-03 8.179053664207458496e-03 9.997226595878601074e-01
1.358848437666893005e-02 -7.424021139740943909e-03 6.687588989734649658e-03 -1.611605286598205566e-02 -5.414448678493499756e-04 2.203956013545393944e-03 9.998675584793090820e-01
1.049855817109346390e-02 -3.230078378692269325e-03 5.314002279192209244e-03 -9.812815114855766296e-03 1.678530097706243396e-04 -3.647163277491927147e-03 9.999451637268066406e-01
1.107602752745151520e-02 -4.466665908694267273e-03 6.799506954848766327e-03 -6.511778105050325394e-03 8.743819780647754669e-04 -7.120093796402215958e-03 9.999530911445617676e-01
1.252801530063152313e-02 -6.262798793613910675e-03 6.590204779058694839e-03 -1.958142733201384544e-03 1.193919219076633453e-03 -1.066030003130435944e-02 9.999405741691589355e-01
1.389583852142095566e-02 -7.786741480231285095e-03 6.542165298014879227e-03 8.975534001365303993e-04 1.360388356260955334e-03 -1.334138866513967514e-02 9.999096989631652832e-01
1.421155408024787903e-02 -1.139915734529495239e-02 5.408629309386014938e-03 4.370477981865406036e-03 1.855119247920811176e-03 -1.523252576589584351e-02 9.998726844787597656e-01
1.528451405465602875e-02 -1.299563050270080566e-02 5.427816417068243027e-03 6.716024596244096756e-03 2.344472100958228111e-03 -1.641693525016307831e-02 9.998399019241333008e-01
1.610756292939186096e-02 -1.410483475774526596e-02 7.209770381450653076e-03 8.954087272286415100e-03 2.769454382359981537e-03 -1.729895919561386108e-02 9.998064041137695312e-01
1.727499067783355713e-02 -1.496953889727592468e-02 8.624837733805179596e-03 1.034746132791042328e-02 2.836884232237935066e-03 -1.835243962705135345e-02 9.997740387916564941e-01
1.908544264733791351e-02 -1.595758832991123199e-02 8.628887124359607697e-03 1.177385915070772171e-02 2.814297098666429520e-03 -1.856707967817783356e-02 9.997543096542358398e-01
2.040503732860088348e-02 -1.743390411138534546e-02 9.000298567116260529e-03 1.292540039867162704e-02 2.210697392001748085e-03 -1.750181615352630615e-02 9.997608661651611328e-01
2.334997802972793579e-02 -1.631508581340312958e-02 1.058044563978910446e-02 1.374317612498998642e-02 2.528032520785927773e-03 -1.608276180922985077e-02 9.997730255126953125e-01
2.549826726317405701e-02 -1.746785826981067657e-02 1.042756997048854828e-02 1.438120473176240921e-02 1.840765238739550114e-03 -1.384421251714229584e-02 9.997990727424621582e-01
2.774349227547645569e-02 -1.897756382822990417e-02 9.733079001307487488e-03 1.510224770754575729e-02 8.309222175739705563e-04 -1.096092630177736282e-02 9.998255372047424316e-01
3.100412152707576752e-02 -1.717916131019592285e-02 1.224424783140420914e-02 1.412591896951198578e-02 4.187544400338083506e-04 -8.050128817558288574e-03 9.998677372932434082e-01
3.401290997862815857e-02 -1.682402007281780243e-02 1.319481711834669113e-02 1.386405713856220245e-02 -2.156452974304556847e-04 -4.252036102116107941e-03 9.998947978019714355e-01
3.587399050593376160e-02 -1.992889307439327240e-02 1.291539426892995834e-02 1.332800555974245071e-02 -1.373257604427635670e-03 -6.623550434596836567e-04 9.999099969863891602e-01
3.920899331569671631e-02 -1.851243712007999420e-02 1.547803450375795364e-02 1.139474753290414810e-02 -1.186038207379169762e-04 5.137093365192413330e-03 9.999218583106994629e-01
4.195783287286758423e-02 -1.794332265853881836e-02 1.845250092446804047e-02 9.154042229056358337e-03 -1.967906719073653221e-04 1.016693934798240662e-02 9.999064207077026367e-01
4.406804591417312622e-02 -2.061763592064380646e-02 1.978696882724761963e-02 6.342986598610877991e-03 -7.879571057856082916e-03 1.558079756796360016e-02 9.998274445533752441e-01
4.782496020197868347e-02 -2.212993055582046509e-02 1.876641809940338135e-02 3.876505652442574501e-03 -1.646913215517997742e-02 2.003281563520431519e-02 9.996561408042907715e-01
4.955536872148513794e-02 -2.613125741481781006e-02 1.959080621600151062e-02 9.687413112260401249e-04 -1.787883043289184570e-02 2.552856877446174622e-02 9.995137453079223633e-01
5.357999727129936218e-02 -2.624606154859066010e-02 1.914997585117816925e-02 -1.492017647251486778e-03 -1.952224038541316986e-02 3.013415075838565826e-02 9.993540644645690918e-01
5.604321882128715515e-02 -2.793911844491958618e-02 2.005914971232414246e-02 -2.787927165627479553e-03 -1.924345083534717560e-02 3.365076705813407898e-02 9.992445111274719238e-01
5.842346325516700745e-02 -3.090871311724185944e-02 1.941434293985366821e-02 -3.627993399277329445e-03 -2.034489624202251434e-02 3.594628721475601196e-02 9.991400241851806641e-01
5.380962789058685303e-02 -3.051092848181724548e-02 1.846720650792121887e-02 -5.529412999749183655e-03 -2.020354382693767548e-02 3.769028931856155396e-02 9.990699291229248047e-01
4.206445440649986267e-02 -2.675771154463291168e-02 1.565133780241012573e-02 -8.272111415863037109e-03 -2.054239995777606964e-02 4.172253981232643127e-02 9.988837838172912598e-01
3.321233019232749939e-02 -2.036261744797229767e-02 9.114158339798450470e-03 -7.993481121957302094e-03 -2.110723964869976044e-02 4.277388751506805420e-02 9.988297820091247559e-01
2.507967688143253326e-02 -1.307715103030204773e-02 5.885633639991283417e-03 -7.674558088183403015e-03 -1.919199526309967041e-02 4.166669026017189026e-02 9.989177584648132324e-01
1.901591569185256958e-02 -5.485875066369771957e-03 6.174229551106691360e-03 -8.713398128747940063e-03 -1.730399765074253082e-02 4.286522045731544495e-02 9.988930225372314453e-01
1.734847947955131531e-02 -2.665652660652995110e-03 8.470367640256881714e-03 -8.401529863476753235e-03 -1.569617725908756256e-02 4.501567780971527100e-02 9.988276362419128418e-01
1.870782487094402313e-02 -2.304389607161283493e-03 7.062617689371109009e-03 -7.552858442068099976e-03 -1.628093980252742767e-02 4.371813684701919556e-02 9.988826513290405273e-01
1.869466714560985565e-02 1.511612208560109138e-03 9.536339901387691498e-03 -7.333557121455669403e-03 -1.292994152754545212e-02 4.114294424653053284e-02 9.990426898002624512e-01
2.087755315005779266e-02 -4.975968040525913239e-04 7.632382214069366455e-03 -7.617656607180833817e-03 -1.350727956742048264e-02 3.909477964043617249e-02 9.991151690483093262e-01
2.214519307017326355e-02 -8.243377669714391232e-05 8.434265851974487305e-03 -6.236586254090070724e-03 -1.028757728636264801e-02 3.726204484701156616e-02 9.992331266403198242e-01
2.420151233673095703e-02 3.903263015672564507e-03 6.643017753958702087e-03 -4.965494386851787567e-03 -8.836897090077400208e-03 3.342360258102416992e-02 9.993898868560791016e-01
2.593661099672317505e-02 9.934718254953622818e-04 8.690518327057361603e-03 -3.657967783510684967e-03 -4.937489517033100128e-03 3.053354471921920776e-02 9.995148777961730957e-01
2.669995278120040894e-02 8.439347730018198490e-04 7.832606323063373566e-03 -1.858536619693040848e-03 -2.015380188822746277e-03 2.358818985521793365e-02 9.997180104255676270e-01
1.912683248519897461e-02 -1.912991702556610107e-02 6.136077456176280975e-03 -8.271940168924629688e-04 1.785979722626507282e-03 2.218470163643360138e-02 9.997519254684448242e-01
