0.000000000000000000e+00 0.000000000000000000e+00 0.000000000000000000e+00 0.000000000000000000e+00 0.000000000000000000e+00 0.000000000000000000e+00 1.000000000000000000e+00
8.471985906362533569e-02 -3.907368052750825882e-03 3.366054594516754150e-02 -2.689826357024828474e-02 6.372000837100517436e-03 2.498555939868005865e-02 9.993055602986368191e-01
1.607079054036235632e-01 -1.043022718158700957e-02 6.757742258342809560e-02 -5.441036632108776916e-02 1.384022976398372774e-02 5.054736030672728198e-02 9.971423792232014804e-01
2.298858231261115548e-01 -1.368396518231332348e-02 9.793510439497112030e-02 -8.128701436836251182e-02 2.150896353466912742e-02 7.405131704475688414e-02 9.937032697071488396e-01
2.916183044075343900e-01 -1.840289535590519665e-02 1.252879267196734259e-01 -1.073686278665728772e-01 2.997858526366780144e-02 9.772592482496103572e-02 9.889504061340711472e-01
3.460219681724575613e-01 -2.206996972709968780e-02 1.496240952380714362e-01 -1.314259288507020063e-01 3.756210403158286720e-02 1.181739366381515388e-01 9.835401538655618170e-01
3.932558258104331128e-01 -2.555655911086776588e-02 1.703395731511678501e-01 -1.528539424716675588e-01 4.417191655157359093e-02 1.358918843504394736e-01 9.778639526164749629e-01
4.331982162034290207e-01 -2.787646887328936937e-02 1.878083094537699171e-01 -1.720611449350204769e-01 5.036609890114965987e-02 1.504085351995551323e-01 9.722322207293140339e-01
4.654261932712802086e-01 -2.880239129133942144e-02 2.029020310175077557e-01 -1.894739063301705273e-01 5.640634344265799821e-02 1.620325552606881325e-01 9.667799202895696054e-01
4.906728278046783576e-01 -2.883644087880858284e-02 2.140359294157711534e-01 -2.045232047127121255e-01 6.192694430079888346e-02 1.698142993791819655e-01 9.620282823441135278e-01
5.083930082108311099e-01 -2.919410082680301902e-02 2.223893012565724414e-01 -2.173503356889908145e-01 6.727923584966859216e-02 1.751097873542239447e-01 9.578981670157461492e-01
5.194568186997030601e-01 -3.020869316170089053e-02 2.268490341008710665e-01 -2.260077267375754095e-01 6.567496268183121988e-02 1.785675865747181901e-01 9.553642885080717573e-01
5.247385347804776057e-01 -2.880561693825251651e-02 2.287441987225205808e-01 -2.318742805941553797e-01 6.444039280722792251e-02 1.792107516152728341e-01 9.539209926819317564e-01
5.304204595011843271e-01 -2.732739385297052945e-02 2.313681318543386323e-01 -2.359186737122526967e-01 6.354697926821840925e-02 1.770344299303542313e-01 9.533954958142873970e-01
5.370605298438337893e-01 -2.606046362584777537e-02 2.341860889549081115e-01 -2.380342009485236776e-01 6.279476434993007394e-02 1.732474896735686498e-01 9.536151446316492031e-01
5.446743127464011014e-01 -2.678996591051831244e-02 2.370343848920998531e-01 -2.380715184024405906e-01 6.225324548688807025e-02 1.676873316805092828e-01 9.546347177563659914e-01
5.529822168489568757e-01 -2.701851151208426588e-02 2.406524554686277073e-01 -2.376211303227040994e-01 6.181791541684084762e-02 1.608689353702808245e-01 9.559476603823606755e-01
5.619500889421803480e-01 -2.930256931700833678e-02 2.442943361969211746e-01 -2.352598639938872638e-01 6.149386913048867503e-02 1.531054491054324451e-01 9.578256740697462801e-01
5.717502009727408741e-01 -3.004991475267152629e-02 2.488765766266288482e-01 -2.325242512949138307e-01 6.174931634252280727e-02 1.445622407056223191e-01 9.598027156937724014e-01
5.820315893432431720e-01 -3.207612822627896321e-02 2.541982790513830359e-01 -2.288994762414318929e-01 6.159990596306027383e-02 1.356531192663914531e-01 9.619816591780939730e-01
5.929062858214702025e-01 -3.528232035674823408e-02 2.598869294730855595e-01 -2.246948109451871178e-01 6.131505052176408621e-02 1.263007979125665980e-01 9.642617979368824921e-01
6.049421235255588725e-01 -3.797612314663995764e-02 2.657434974194836097e-01 -2.199475280447612535e-01 6.127115461037424549e-02 1.173840185257314372e-01 9.664832759621148073e-01
6.180993715650513476e-01 -4.192474206948161586e-02 2.708653730649288049e-01 -2.136959640380553527e-01 6.088221562163275563e-02 1.087860361837462292e-01 9.689133031939833884e-01
6.325433547261107847e-01 -4.427822166442545171e-02 2.766414891825509925e-01 -2.071321203314955284e-01 6.100335658569926156e-02 1.009682581216715391e-01 9.711746938960736930e-01
6.478105699282634689e-01 -4.855966519189308661e-02 2.824678324110497796e-01 -1.999563843388295625e-01 6.091886755271052473e-02 9.438723068825290163e-02 9.733434063172360373e-01
6.639715236329963854e-01 -5.319740577372485124e-02 2.891932118776933125e-01 -1.928815426783348219e-01 6.098453985780364489e-02 8.922545150157124016e-02 9.752519752334256609e-01
6.820682557588890749e-01 -5.587879325802546510e-02 2.956471368988732307e-01 -1.859669061317858196e-01 6.119647153331660844e-02 8.597794998032838587e-02 9.768720969568245316e-01
7.013478724697010946e-01 -6.022243964812332845e-02 3.020771240989335582e-01 -1.791662023531701009e-01 6.106982521103283129e-02 8.481544230903124981e-02 9.782516491828471272e-01
7.221811524394041726e-01 -6.375262213566774971e-02 3.090346806781070765e-01 -1.730031032049263451e-01 6.142888178602227273e-02 8.574897025150025887e-02 9.792566225789804957e-01
7.445198069463351276e-01 -6.763631614832273098e-02 3.162677231352765683e-01 -1.673351728745938460e-01 6.206037767900252078e-02 9.003573313094782871e-02 9.798168278821006716e-01
7.681373048493793654e-01 -7.030265281946729283e-02 3.253110506274687896e-01 -1.633469252935755844e-01 6.365213322742627189e-02 9.720201497628674914e-02 9.797029938799221016e-01
7.931745051178880068e-01 -7.417039206315635680e-02 3.349280545626009964e-01 -1.595656995994973737e-01 5.773776723818406509e-02 1.081060975685195075e-01 9.795500035292624696e-01
8.194914255576825068e-01 -7.747724395732570601e-02 3.462678464765468478e-01 -1.573099351604645424e-01 5.146475445896260548e-02 1.217488604889750692e-01 9.786634653025140240e-01
8.479848737880069098e-01 -8.035545709921250446e-02 3.567828654951079037e-01 -1.562399901913618383e-01 4.427560868593904270e-02 1.376876014847955854e-01 9.770725972709790597e-01
8.785895779716296206e-01 -8.089804823536915490e-02 3.666376795473830774e-01 -1.555817433506213598e-01 3.704688967173794256e-02 1.566857840866821006e-01 9.746134691080219348e-01
9.105086085398843565e-01 -8.137263182208703816e-02 3.771264274850598675e-01 -1.557512061600126452e-01 2.980444053507629032e-02 1.775203120213366681e-01 9.712568125495644189e-01
9.439086689531628327e-01 -8.316060225100703474e-02 3.883769533640433758e-01 -1.559941010248160620e-01 2.207231249658416633e-02 1.995395764332384969e-01 9.671414637494126776e-01
9.716111534511161496e-01 -8.445209135276735002e-02 3.978066883216740957e-01 -1.567592130273486317e-01 1.390156598836480954e-02 2.227679738112093299e-01 9.620850926181975238e-01
9.931773425471998040e-01 -8.446517780181982127e-02 4.058511305588812235e-01 -1.589274353926350136e-01 6.058805457353847942e-03 2.469697963357397608e-01 9.558824618402793627e-01
1.009894199234188106e+00 -8.421240693118602072e-02 4.095464727132240856e-01 -1.601428827666530885e-01 -1.855412714530497130e-03 2.705281758801708625e-01 9.492972772518586400e-01
1.021293728785770405e+00 -8.294686846807190761e-02 4.134821217210576938e-01 -1.623200375709438759e-01 -8.211963371675307793e-03 2.949739498385450798e-01 9.415811903267806704e-01
1.028040717331103249e+00 -7.658207678569285692e-02 4.161009120226920044e-01 -1.639337542508961243e-01 -1.435470063573680670e-02 3.166251009260473981e-01 9.341671222273000286e-01
1.037166943705853939e+00 -7.513858759426528255e-02 4.196070015364550820e-01 -1.652858958291669456e-01 -2.025604904462011829e-02 3.403086865923614646e-01 9.254513833512992838e-01
1.044955722601130788e+00 -7.015336470247783562e-02 4.240591777426247488e-01 -1.671030313578190374e-01 -2.409082924830358019e-02 3.629900390881193872e-01 9.163702528890613763e-01
1.052107977385084991e+00 -6.241032774436653524e-02 4.264007081892317585e-01 -1.678375970369578862e-01 -2.804152350964959559e-02 3.830863675973899540e-01 9.079036561999047628e-01
1.061289304818740398e+00 -5.605638312265557449e-02 4.289506940664287726e-01 -1.689001677269810486e-01 -3.145115076872763427e-02 4.033536311594292934e-01 8.987710535434614290e-01
1.067197143071861420e+00 -4.547845512412536373e-02 4.308248608476747399e-01 -1.696181827550830301e-01 -3.377861766103713859e-02 4.201253317397585785e-01 8.908329712680883583e-01
1.074604447231675808e+00 -3.481797246586058880e-02 4.329244202080475556e-01 -1.704004293621894928e-01 -3.497069964091976263e-02 4.357687215602957242e-01 8.830891037429413615e-01
1.081356368383345368e+00 -2.282840676911999239e-02 4.292739466053606123e-01 -1.712645929078591978e-01 -3.541436532772311574e-02 4.488287834202809301e-01 8.763372553520762942e-01
1.093649244768183149e+00 -1.694207588544073551e-02 4.313413190458751378e-01 -1.720531901007840148e-01 -3.458443689402731364e-02 4.598198694033006073e-01 8.704983079838800597e-01
1.106953976253003402e+00 -1.495002175872721731e-02 4.357795838955417778e-01 -1.727750755471466337e-01 -3.191655513935394428e-02 4.678367262235612611e-01 8.661748693965526380e-01
