-4.452462308108806610e-03 9.506114125251770020e-01 -2.659993059933185577e-02
-1.042844261974096298e-02 8.748787045478820801e-01 -1.878777332603931427e-02
-1.516250800341367722e-02 7.981345653533935547e-01 -1.121987681835889816e-02
-1.969414576888084412e-02 7.205491065979003906e-01 -6.470893044024705887e-03
-2.255797758698463440e-02 6.423100233078002930e-01 -1.492903800681233406e-03
-2.410121820867061615e-02 5.635486245155334473e-01 2.796776825562119484e-03
-2.427768707275390625e-02 4.846117794513702393e-01 6.905381102114915848e-03
-2.295317873358726501e-02 4.048097729682922363e-01 1.073618046939373016e-02
-2.019838802516460419e-02 3.261509537696838379e-01 1.442220527678728104e-02
-1.635446771979331970e-02 2.443343847990036011e-01 1.803166791796684265e-02
-1.077626831829547882e-02 1.691828221082687378e-01 2.156770601868629456e-02
-4.771165084093809128e-03 7.670878618955612183e-02 2.664597705006599426e-02
4.902849323116242886e-04 3.466621786355972290e-02 2.826695889234542847e-02
5.452863406389951706e-03 5.698124319314956665e-02 2.607049234211444855e-02
9.731588885188102722e-03 5.839054286479949951e-02 2.532194182276725769e-02
1.353244949132204056e-02 6.952252984046936035e-02 2.410208433866500854e-02
1.667138747870922089e-02 7.742206752300262451e-02 2.317028492689132690e-02
1.908331364393234253e-02 8.749253302812576294e-02 2.216525003314018250e-02
2.088887244462966919e-02 9.751863032579421997e-02 2.121398039162158966e-02
2.204371802508831024e-02 1.083967164158821106e-01 2.024955488741397858e-02
2.267590537667274475e-02 1.198125928640365601e-01 1.925705745816230774e-02
2.283125743269920349e-02 1.319023966789245605e-01 1.834276877343654633e-02
2.241304516792297363e-02 1.447394341230392456e-01 1.722822897136211395e-02
2.183025702834129333e-02 1.583613753318786621e-01 1.664981618523597717e-02
2.098869718611240387e-02 1.726818680763244629e-01 1.626651361584663391e-02
1.963546685874462128e-02 1.878207474946975708e-01 1.530469860881567001e-02
1.808713003993034363e-02 2.037055194377899170e-01 1.465239655226469040e-02
1.625137031078338623e-02 2.204815298318862915e-01 1.401674468070268631e-02
1.424266956746578217e-02 2.378724217414855957e-01 1.364326570183038712e-02
1.182090677320957184e-02 2.563545107841491699e-01 1.333819329738616943e-02
9.151394478976726532e-03 2.747975289821624756e-01 1.362812053412199020e-02
6.030904129147529602e-03 2.945469617843627930e-01 1.411686372011899948e-02
2.611090196296572685e-03 3.129129111766815186e-01 1.454050466418266296e-02
-7.070805877447128296e-04 3.332457840442657471e-01 1.527272351086139679e-02
-3.985310439020395279e-03 3.455186486244201660e-01 1.669247262179851532e-02
-7.210541516542434692e-03 3.737643063068389893e-01 1.736047863960266113e-02
-1.025309041142463684e-02 3.548367619514465332e-01 2.112646773457527161e-02
-1.309924013912677765e-02 2.760748267173767090e-01 2.873032167553901672e-02
-1.549739018082618713e-02 2.142765223979949951e-01 3.533529490232467651e-02
-1.722607575356960297e-02 1.485433280467987061e-01 4.218740388751029968e-02
-1.833733171224594116e-02 7.279251515865325928e-02 4.957953840494155884e-02
-1.845701783895492554e-02 2.959980256855487823e-02 5.479749292135238647e-02
-1.754979416728019714e-02 3.219399601221084595e-02 5.694979056715965271e-02
-1.557826343923807144e-02 1.819082349538803101e-02 5.985433608293533325e-02
-1.244911458343267441e-02 1.119375228881835938e-02 6.199366971850395203e-02
-8.058951236307621002e-03 -7.035578601062297821e-04 6.406111270189285278e-02
-2.419527620077133179e-03 -7.695988751947879791e-03 6.543867290019989014e-02
4.454091191291809082e-03 -2.440059371292591095e-02 6.703333556652069092e-02
1.265537086874246597e-02 -1.622641086578369141e-02 6.671267002820968628e-02
2.200741134583950043e-02 2.412807196378707886e-02 6.407818943262100220e-02
3.265625983476638794e-02 5.336984619498252869e-02 6.184087321162223816e-02
