2.616429710388183594e+01 -2.226403045654296875e+01 -9.312875270843505859e-01 -9.828075766563415527e-02 1.950348913669586182e-01 7.394629120826721191e-01 6.367863416671752930e-01
2.616341781616210938e+01 -2.217284965515136719e+01 -9.338128566741943359e-01 -1.150443255901336670e-01 1.832592189311981201e-01 7.594124078750610352e-01 6.135740876197814941e-01
2.616123390197753906e+01 -2.208929824829101562e+01 -9.364033937454223633e-01 -1.317156404256820679e-01 1.714168041944503784e-01 7.774057984352111816e-01 5.906829833984375000e-01
2.615845680236816406e+01 -2.201342582702636719e+01 -9.390535354614257812e-01 -1.481155902147293091e-01 1.596851944923400879e-01 7.933979630470275879e-01 5.684009194374084473e-01
2.615525436401367188e+01 -2.194529914855957031e+01 -9.417623281478881836e-01 -1.640769094228744507e-01 1.482434272766113281e-01 8.073760271072387695e-01 5.470307469367980957e-01
2.615134239196777344e+01 -2.188497352600097656e+01 -9.442583322525024414e-01 -1.794432997703552246e-01 1.372693926095962524e-01 8.193559050559997559e-01 5.268844962120056152e-01
2.614682388305664062e+01 -2.183250427246093750e+01 -9.464513063430786133e-01 -1.940721869468688965e-01 1.269402503967285156e-01 8.293763995170593262e-01 5.082809329032897949e-01
2.614183616638183594e+01 -2.178793525695800781e+01 -9.483411908149719238e-01 -2.078256756067276001e-01 1.174262240529060364e-01 8.374950289726257324e-01 4.915411472320556641e-01
2.613666343688964844e+01 -2.175131034851074219e+01 -9.499918818473815918e-01 -2.205990403890609741e-01 1.089065819978713989e-01 8.437740802764892578e-01 4.769806563854217529e-01
2.613167381286621094e+01 -2.172257232666015625e+01 -9.514185190200805664e-01 -2.322077304124832153e-01 1.015073806047439575e-01 8.482978343963623047e-01 4.649246335029602051e-01
2.612719345092773438e+01 -2.170175361633300781e+01 -9.525132179260253906e-01 -2.427974343299865723e-01 9.553094953298568726e-02 8.510642647743225098e-01 4.556313455104827881e-01
2.612338638305664062e+01 -2.168877220153808594e+01 -9.531686305999755859e-01 -2.468551695346832275e-01 8.807557821273803711e-02 8.535138964653015137e-01 4.503392875194549561e-01
2.612006759643554688e+01 -2.168384361267089844e+01 -9.533704519271850586e-01 -2.498875707387924194e-01 8.211366832256317139e-02 8.544837832450866699e-01 4.479466378688812256e-01
2.611714363098144531e+01 -2.167845726013183594e+01 -9.536301493644714355e-01 -2.523179054260253906e-01 7.769174873828887939e-02 8.541032075881958008e-01 4.480975568294525146e-01
2.611461067199707031e+01 -2.167209243774414062e+01 -9.539751410484313965e-01 -2.541542053222656250e-01 7.464502751827239990e-02 8.525705337524414062e-01 4.504890143871307373e-01
2.611242866516113281e+01 -2.166483497619628906e+01 -9.544017314910888672e-01 -2.554773092269897461e-01 7.286830991506576538e-02 8.500404357910156250e-01 4.547908902168273926e-01
2.611068153381347656e+01 -2.165647888183593750e+01 -9.549369215965270996e-01 -2.563192248344421387e-01 7.224456965923309326e-02 8.466652035713195801e-01 4.606731832027435303e-01
2.610934066772460938e+01 -2.164701080322265625e+01 -9.555652141571044922e-01 -2.567026615142822266e-01 7.266432791948318481e-02 8.425926566123962402e-01 4.678037762641906738e-01
2.610829734802246094e+01 -2.163638305664062500e+01 -9.562290906906127930e-01 -2.566379606723785400e-01 7.401938736438751221e-02 8.379736542701721191e-01 4.758531749248504639e-01
2.610753250122070312e+01 -2.162453842163085938e+01 -9.569370746612548828e-01 -2.561295330524444580e-01 7.620378583669662476e-02 8.329646587371826172e-01 4.844969213008880615e-01
2.610696601867675781e+01 -2.161143684387207031e+01 -9.577636718750000000e-01 -2.551806867122650146e-01 7.911170274019241333e-02 8.277310729026794434e-01 4.934174120426177979e-01
2.610651206970214844e+01 -2.159700965881347656e+01 -9.587378501892089844e-01 -2.537973523139953613e-01 8.263882249593734741e-02 8.224474191665649414e-01 5.023065209388732910e-01
2.610609245300292969e+01 -2.158121681213378906e+01 -9.598986506462097168e-01 -2.519924342632293701e-01 8.667977899312973022e-02 8.172981142997741699e-01 5.108649730682373047e-01
2.610562896728515625e+01 -2.156397438049316406e+01 -9.612902998924255371e-01 -2.497882246971130371e-01 9.112958610057830811e-02 8.124753236770629883e-01 5.188034176826477051e-01
2.610525131225585938e+01 -2.154522132873535156e+01 -9.629247188568115234e-01 -2.472197711467742920e-01 9.588366001844406128e-02 8.081772923469543457e-01 5.258415341377258301e-01
2.610481452941894531e+01 -2.152488136291503906e+01 -9.648328423500061035e-01 -2.443366199731826782e-01 1.008369103074073792e-01 8.046054840087890625e-01 5.317065715789794922e-01
2.610416793823242188e+01 -2.150289726257324219e+01 -9.670267701148986816e-01 -2.412070184946060181e-01 1.058851704001426697e-01 8.019601106643676758e-01 5.361316204071044922e-01
2.610350990295410156e+01 -2.147918128967285156e+01 -9.695158004760742188e-01 -2.379101365804672241e-01 1.109187975525856018e-01 8.004378676414489746e-01 5.388546586036682129e-01
2.610276222229003906e+01 -2.145366096496582031e+01 -9.722597599029541016e-01 -2.345693558454513550e-01 1.158415600657463074e-01 8.002184033393859863e-01 5.396085977554321289e-01
2.610186386108398438e+01 -2.142629051208496094e+01 -9.752352237701416016e-01 -2.312318086624145508e-01 1.204879432916641235e-01 8.014895915985107422e-01 5.381433963775634766e-01
2.610093498229980469e+01 -2.139698791503906250e+01 -9.784116744995117188e-01 -2.283176779747009277e-01 1.249195262789726257e-01 8.043255805969238281e-01 5.341313481330871582e-01
2.610007476806640625e+01 -2.136577606201171875e+01 -9.818654060363769531e-01 -2.197906523942947388e-01 1.248997524380683899e-01 8.103665113449096680e-01 5.285531878471374512e-01
2.609912300109863281e+01 -2.133260154724121094e+01 -9.856421947479248047e-01 -2.106191664934158325e-01 1.238912567496299744e-01 8.181650042533874512e-01 5.204490423202514648e-01
2.609787178039550781e+01 -2.129761314392089844e+01 -9.897531270980834961e-01 -2.011693418025970459e-01 1.221817731857299805e-01 8.273482322692871094e-01 5.099694132804870605e-01
2.609613990783691406e+01 -2.126088333129882812e+01 -9.941619038581848145e-01 -1.914424002170562744e-01 1.198075786232948303e-01 8.376273512840270996e-01 4.973414540290832520e-01
2.609394073486328125e+01 -2.122267150878906250e+01 -9.987494945526123047e-01 -1.815404444932937622e-01 1.168731898069381714e-01 8.486936092376708984e-01 4.827788770198822021e-01
2.609124755859375000e+01 -2.118278694152832031e+01 -1.003392338752746582e+00 -1.715438663959503174e-01 1.134682893753051758e-01 8.602544069290161133e-01 4.665115177631378174e-01
2.608796119689941406e+01 -2.114927864074707031e+01 -1.007466673851013184e+00 -1.615452617406845093e-01 1.096902266144752502e-01 8.720318675041198730e-01 4.487814903259277344e-01
2.608396911621093750e+01 -2.112266731262207031e+01 -1.010975718498229980e+00 -1.516412645578384399e-01 1.056387722492218018e-01 8.837704062461853027e-01 4.298471212387084961e-01
2.607885360717773438e+01 -2.110334205627441406e+01 -1.014001369476318359e+00 -1.419353038072586060e-01 1.014177873730659485e-01 8.952404856681823730e-01 4.099830687046051025e-01
2.607290458679199219e+01 -2.109096145629882812e+01 -1.016304612159729004e+00 -1.325366497039794922e-01 9.713497012853622437e-02 9.062424302101135254e-01 3.894819915294647217e-01
2.606707191467285156e+01 -2.108509254455566406e+01 -1.017797112464904785e+00 -1.235599443316459656e-01 9.290107339620590210e-02 9.166091084480285645e-01 3.686500787734985352e-01
2.606136512756347656e+01 -2.107999801635742188e+01 -1.019027709960937500e+00 -1.151245534420013428e-01 8.882989734411239624e-02 9.262061715126037598e-01 3.478084504604339600e-01
2.605569648742675781e+01 -2.107562065124511719e+01 -1.020007848739624023e+00 -1.073541119694709778e-01 8.503764867782592773e-02 9.349325895309448242e-01 3.272889256477355957e-01
2.605019378662109375e+01 -2.107215881347656250e+01 -1.020864367485046387e+00 -1.003752648830413818e-01 8.164232969284057617e-02 9.427183866500854492e-01 3.074323832988739014e-01
2.604503822326660156e+01 -2.106949424743652344e+01 -1.021657347679138184e+00 -9.431707859039306641e-02 7.876326143741607666e-02 9.495223164558410645e-01 2.885853052139282227e-01
2.604034233093261719e+01 -2.106771850585937500e+01 -1.022323966026306152e+00 -8.931053429841995239e-02 7.652053236961364746e-02 9.553263187408447266e-01 2.710964083671569824e-01
2.603623199462890625e+01 -2.106673049926757812e+01 -1.022886157035827637e+00 -8.548712730407714844e-02 7.503478229045867920e-02 9.601296782493591309e-01 2.553156316280364990e-01
2.603282165527343750e+01 -2.106674385070800781e+01 -1.023384213447570801e+00 -8.297912031412124634e-02 7.442684471607208252e-02 9.639410972595214844e-01 2.415902018547058105e-01
2.603021812438964844e+01 -2.106351280212402344e+01 -1.024097323417663574e+00 -8.191839605569839478e-02 7.481758296489715576e-02 9.667694568634033203e-01 2.302632182836532593e-01
2.602862358093261719e+01 -2.105691909790039062e+01 -1.025037646293640137e+00 -8.243642002344131470e-02 7.632791250944137573e-02 9.686137437820434570e-01 2.216712534427642822e-01
