2.616429710388183594e+01 -2.226403045654296875e+01 -9.312875270843505859e-01 -9.828075766563415527e-02 1.950348913669586182e-01 7.394629120826721191e-01 6.367863416671752930e-01
2.616371536254882812e+01 -2.217280960083007812e+01 -9.335755109786987305e-01 -1.150443032383918762e-01 1.832592189311981201e-01 7.594124078750610352e-01 6.135740876197814941e-01
2.616261291503906250e+01 -2.208907890319824219e+01 -9.350877404212951660e-01 -1.317156553268432617e-01 1.714167892932891846e-01 7.774057984352111816e-01 5.906829833984375000e-01
2.616102409362792969e+01 -2.201292610168457031e+01 -9.360907673835754395e-01 -1.481155902147293091e-01 1.596851944923400879e-01 7.933979630470275879e-01 5.684009194374084473e-01
2.615905380249023438e+01 -2.194444465637207031e+01 -9.366571307182312012e-01 -1.640768200159072876e-01 1.482433676719665527e-01 8.073760867118835449e-01 5.470306873321533203e-01
2.615686225891113281e+01 -2.188367843627929688e+01 -9.368239641189575195e-01 -1.794432103633880615e-01 1.372693628072738647e-01 8.193559646606445312e-01 5.268843770027160645e-01
2.615457344055175781e+01 -2.183068656921386719e+01 -9.366284012794494629e-01 -1.940721124410629272e-01 1.269402056932449341e-01 8.293764591217041016e-01 5.082808136940002441e-01
2.615233993530273438e+01 -2.178549766540527344e+01 -9.360914230346679688e-01 -2.078256309032440186e-01 1.174262091517448425e-01 8.374950885772705078e-01 4.915411174297332764e-01
2.615030860900878906e+01 -2.174815368652343750e+01 -9.352357387542724609e-01 -2.205989658832550049e-01 1.089065968990325928e-01 8.437740206718444824e-01 4.769807755947113037e-01
2.614861106872558594e+01 -2.171864318847656250e+01 -9.340699911117553711e-01 -2.322075963020324707e-01 1.015074327588081360e-01 8.482977747917175293e-01 4.649249017238616943e-01
2.614738273620605469e+01 -2.169704818725585938e+01 -9.326007962226867676e-01 -2.427972257137298584e-01 9.553100913763046265e-02 8.510640859603881836e-01 4.556316733360290527e-01
2.614676666259765625e+01 -2.168330574035644531e+01 -9.307658672332763672e-01 -2.468548566102981567e-01 8.807563781738281250e-02 8.535137176513671875e-01 4.503396451473236084e-01
2.614671325683593750e+01 -2.167760658264160156e+01 -9.285596013069152832e-01 -2.498871386051177979e-01 8.211373537778854370e-02 8.544836640357971191e-01 4.479470849037170410e-01
2.614718627929687500e+01 -2.167144775390625000e+01 -9.265148639678955078e-01 -2.523173987865447998e-01 7.769180834293365479e-02 8.541030883789062500e-01 4.480980932712554932e-01
2.614813041687011719e+01 -2.166434288024902344e+01 -9.246441721916198730e-01 -2.541535794734954834e-01 7.464509457349777222e-02 8.525704145431518555e-01 4.504896402359008789e-01
2.614949417114257812e+01 -2.165638732910156250e+01 -9.229239225387573242e-01 -2.554766237735748291e-01 7.286839932203292847e-02 8.500402569770812988e-01 4.547916054725646973e-01
2.615122222900390625e+01 -2.164744377136230469e+01 -9.213522672653198242e-01 -2.563184201717376709e-01 7.224465906620025635e-02 8.466650247573852539e-01 4.606739580631256104e-01
2.615324401855468750e+01 -2.163749122619628906e+01 -9.199213981628417969e-01 -2.567017674446105957e-01 7.266441732645034790e-02 8.425924181938171387e-01 4.678045809268951416e-01
2.615549659729003906e+01 -2.162646102905273438e+01 -9.186298847198486328e-01 -2.566370069980621338e-01 7.401950657367706299e-02 8.379734754562377930e-01 4.758540093898773193e-01
2.615791511535644531e+01 -2.161429977416992188e+01 -9.174750447273254395e-01 -2.561285793781280518e-01 7.620391994714736938e-02 8.329644799232482910e-01 4.844977855682373047e-01
2.616044235229492188e+01 -2.160094642639160156e+01 -9.164524674415588379e-01 -2.551797032356262207e-01 7.911185175180435181e-02 8.277308940887451172e-01 4.934182465076446533e-01
2.616303253173828125e+01 -2.158634376525878906e+01 -9.155660867691040039e-01 -2.537963688373565674e-01 8.263896405696868896e-02 8.224471807479858398e-01 5.023073554039001465e-01
2.616563415527343750e+01 -2.157042312622070312e+01 -9.148105978965759277e-01 -2.519914507865905762e-01 8.667992055416107178e-02 8.172978162765502930e-01 5.108658075332641602e-01
2.616820716857910156e+01 -2.155310440063476562e+01 -9.141914248466491699e-01 -2.497872114181518555e-01 9.112973511219024658e-02 8.124750852584838867e-01 5.188043117523193359e-01
2.617073822021484375e+01 -2.153433036804199219e+01 -9.136302471160888672e-01 -2.472187131643295288e-01 9.588380903005599976e-02 8.081770539283752441e-01 5.258424282073974609e-01
2.617318153381347656e+01 -2.151401710510253906e+01 -9.131804108619689941e-01 -2.443355470895767212e-01 1.008370667695999146e-01 8.046052455902099609e-01 5.317074060440063477e-01
2.617551040649414062e+01 -2.149209785461425781e+01 -9.128389954566955566e-01 -2.412059456110000610e-01 1.058853343129158020e-01 8.019599318504333496e-01 5.361325144767761230e-01
2.617769432067871094e+01 -2.146848869323730469e+01 -9.125909805297851562e-01 -2.379089742898941040e-01 1.109189614653587341e-01 8.004376888275146484e-01 5.388554930686950684e-01
2.617971801757812500e+01 -2.144311904907226562e+01 -9.124225974082946777e-01 -2.345681488513946533e-01 1.158416941761970520e-01 8.002182245254516602e-01 5.396093726158142090e-01
2.618154525756835938e+01 -2.141591644287109375e+01 -9.123098850250244141e-01 -2.312305420637130737e-01 1.204880699515342712e-01 8.014893531799316406e-01 5.381441116333007812e-01
2.618314361572265625e+01 -2.138681221008300781e+01 -9.122297763824462891e-01 -2.283164858818054199e-01 1.249196454882621765e-01 8.043253421783447266e-01 5.341320633888244629e-01
2.618448638916015625e+01 -2.135578727722167969e+01 -9.121183753013610840e-01 -2.197895199060440063e-01 1.248998567461967468e-01 8.103663325309753418e-01 5.285539031028747559e-01
2.618553161621093750e+01 -2.132276153564453125e+01 -9.119951128959655762e-01 -2.106180489063262939e-01 1.238913089036941528e-01 8.181648254394531250e-01 5.204496383666992188e-01
2.618626213073730469e+01 -2.128786277770996094e+01 -9.118245244026184082e-01 -2.011682540178298950e-01 1.221817880868911743e-01 8.273481726646423340e-01 5.099698901176452637e-01
2.618669509887695312e+01 -2.125112342834472656e+01 -9.115770459175109863e-01 -1.914412677288055420e-01 1.198075637221336365e-01 8.376272916793823242e-01 4.973419308662414551e-01
2.618682861328125000e+01 -2.121277809143066406e+01 -9.112140536308288574e-01 -1.815392822027206421e-01 1.168731302022933960e-01 8.486936092376708984e-01 4.827793538570404053e-01
2.618667793273925781e+01 -2.117259597778320312e+01 -9.107278585433959961e-01 -1.715426892042160034e-01 1.134681925177574158e-01 8.602545261383056641e-01 4.665119647979736328e-01
2.618626403808593750e+01 -2.113858604431152344e+01 -9.096035361289978027e-01 -1.615440249443054199e-01 1.096900776028633118e-01 8.720319271087646484e-01 4.487818479537963867e-01
2.618561363220214844e+01 -2.111121559143066406e+01 -9.078050255775451660e-01 -1.516399383544921875e-01 1.056385636329650879e-01 8.837705254554748535e-01 4.298474490642547607e-01
2.618478775024414062e+01 -2.109048652648925781e+01 -9.053260684013366699e-01 -1.419337987899780273e-01 1.014174669981002808e-01 8.952406048774719238e-01 4.099833369255065918e-01
2.618384552001953125e+01 -2.107645034790039062e+01 -9.021681547164916992e-01 -1.325349658727645874e-01 9.713455289602279663e-02 9.062426090240478516e-01 3.894821703433990479e-01
2.618286323547363281e+01 -2.106941795349121094e+01 -8.983229994773864746e-01 -1.235581487417221069e-01 9.290058165788650513e-02 9.166093468666076660e-01 3.686502873897552490e-01
2.618194961547851562e+01 -2.106344413757324219e+01 -8.941773772239685059e-01 -1.151225864887237549e-01 8.882928639650344849e-02 9.262063503265380859e-01 3.478085696697235107e-01
2.618119812011718750e+01 -2.105829238891601562e+01 -8.897715210914611816e-01 -1.073519960045814514e-01 8.503694087266921997e-02 9.349328875541687012e-01 3.272890448570251465e-01
2.618072319030761719e+01 -2.105411529541015625e+01 -8.851231336593627930e-01 -1.003729552030563354e-01 8.164150267839431763e-02 9.427186250686645508e-01 3.074325323104858398e-01
2.618063735961914062e+01 -2.105089187622070312e+01 -8.802689313888549805e-01 -9.431456029415130615e-02 7.876228541135787964e-02 9.495226144790649414e-01 2.885854542255401611e-01
2.618107032775878906e+01 -2.104870033264160156e+01 -8.752424120903015137e-01 -8.930777013301849365e-02 7.651939988136291504e-02 9.553266167640686035e-01 2.710965573787689209e-01
2.618213844299316406e+01 -2.104747390747070312e+01 -8.700847029685974121e-01 -8.548410981893539429e-02 7.503350079059600830e-02 9.601300358772277832e-01 2.553158402442932129e-01
2.618396568298339844e+01 -2.104740333557128906e+01 -8.648214936256408691e-01 -8.297581970691680908e-02 7.442539185285568237e-02 9.639414548873901367e-01 2.415904402732849121e-01
2.618667030334472656e+01 -2.104422378540039062e+01 -8.597507476806640625e-01 -8.191478997468948364e-02 7.481594383716583252e-02 9.667697548866271973e-01 2.302635312080383301e-01
2.619037818908691406e+01 -2.103773880004882812e+01 -8.549128770828247070e-01 -8.243264257907867432e-02 7.632617652416229248e-02 9.686141014099121094e-01 2.216716259717941284e-01
