8.415579050779342651e-02 -1.463754940778017044e-02 3.242034092545509338e-02 -2.605123445391654968e-02 8.613753132522106171e-03 2.451189607381820679e-02 9.993229508399963379e-01
7.384964823722839355e-02 -2.086746878921985626e-02 3.371908515691757202e-02 -2.646573819220066071e-02 1.057565491646528244e-02 2.461660280823707581e-02 9.992906451225280762e-01
6.637641787528991699e-02 -2.223368547856807709e-02 3.011489659547805786e-02 -2.585401386022567749e-02 1.023827027529478073e-02 2.296967804431915283e-02 9.993493556976318359e-01
5.789485946297645569e-02 -2.281781286001205444e-02 2.864316664636135101e-02 -2.628976665437221527e-02 1.143679581582546234e-02 2.397772669792175293e-02 9.993013143539428711e-01
5.054889246821403503e-02 -2.156550996005535126e-02 2.590342238545417786e-02 -2.471786551177501678e-02 1.054577901959419250e-02 2.125865593552589417e-02 9.994127750396728516e-01
4.319626837968826294e-02 -1.990992017090320587e-02 2.328545041382312775e-02 -2.285722829401493073e-02 1.007908955216407776e-02 1.879729144275188446e-02 9.995111823081970215e-01
3.651263564825057983e-02 -1.746504567563533783e-02 1.994526386260986328e-02 -2.022272907197475433e-02 9.409769438207149506e-03 1.562893949449062347e-02 9.996290206909179688e-01
2.972522564232349396e-02 -1.472105272114276886e-02 1.695542410016059875e-02 -1.815241761505603790e-02 9.423642419278621674e-03 1.292673125863075256e-02 9.997072219848632812e-01
2.347054518759250641e-02 -1.160402782261371613e-02 1.330500375479459763e-02 -1.510545331984758377e-02 8.441573008894920349e-03 9.006777778267860413e-03 9.998096823692321777e-01
1.680426485836505890e-02 -8.850786834955215454e-03 9.972820989787578583e-03 -1.277680136263370514e-02 7.858884520828723907e-03 6.858983077108860016e-03 9.998639822006225586e-01
1.062567904591560364e-02 -5.323929712176322937e-03 6.306043826043605804e-03 -9.527519345283508301e-03 1.164707937277853489e-03 2.580377040430903435e-03 9.999505877494812012e-01
4.707979504019021988e-03 -2.227653283625841141e-03 2.231574617326259613e-03 -6.664980668574571609e-03 4.641721607185900211e-04 -1.136338833021000028e-04 9.999776482582092285e-01
5.094809457659721375e-03 -2.487162128090858459e-03 2.687911968678236008e-03 -4.267581738531589508e-03 4.865093214903026819e-04 -3.010785672813653946e-03 9.999862313270568848e-01
5.820350721478462219e-03 -2.892294898629188538e-03 2.659130608662962914e-03 -2.249645767733454704e-03 5.372817977331578732e-04 -4.385734908282756805e-03 9.999877214431762695e-01
6.651536095887422562e-03 -3.244729479774832726e-03 2.692703856155276299e-03 -8.850092999637126923e-04 6.900112493894994259e-04 -6.330329924821853638e-03 9.999793171882629395e-01
7.451724261045455933e-03 -3.930602222681045532e-03 2.641880884766578674e-03 4.413958522491157055e-04 4.697040712926536798e-04 -6.963190156966447830e-03 9.999755620956420898e-01
8.278900757431983948e-03 -4.581714514642953873e-03 2.724671037867665291e-03 1.979172928258776665e-03 5.037702503614127636e-04 -7.733944337815046310e-03 9.999679923057556152e-01
9.116388857364654541e-03 -5.161242559552192688e-03 3.143291221931576729e-03 2.775801345705986023e-03 6.838850677013397217e-04 -8.228622376918792725e-03 9.999620318412780762e-01
9.882725775241851807e-03 -5.843656137585639954e-03 3.799117635935544968e-03 3.404364222660660744e-03 7.195865618996322155e-04 -8.857838809490203857e-03 9.999547004699707031e-01
1.097774039953947067e-02 -6.489418447017669678e-03 3.834147471934556961e-03 4.074738360941410065e-03 5.034476635046303272e-04 -8.766008540987968445e-03 9.999531507492065430e-01
1.212816964834928513e-02 -6.889381911605596542e-03 4.357319325208663940e-03 4.741283599287271500e-03 6.294223130680620670e-04 -8.295196108520030975e-03 9.999541640281677246e-01
1.340109109878540039e-02 -7.279126904904842377e-03 4.779936745762825012e-03 5.647374317049980164e-03 4.491728905122727156e-04 -7.593933027237653732e-03 9.999551177024841309e-01
1.488887332379817963e-02 -7.053393870592117310e-03 5.731115117669105530e-03 5.877234973013401031e-03 6.386367022059857845e-04 -6.886471528559923172e-03 9.999588131904602051e-01
1.620302349328994751e-02 -8.158397860825061798e-03 5.558586679399013519e-03 6.293777842074632645e-03 2.777826448436826468e-04 -5.627793725579977036e-03 9.999642968177795410e-01
1.749522238969802856e-02 -8.625757880508899689e-03 6.618595682084560394e-03 6.195611786097288132e-03 4.310276999603956938e-04 -4.386378917843103409e-03 9.999710917472839355e-01
1.933928392827510834e-02 -8.307012729346752167e-03 7.378432434052228928e-03 5.729414988309144974e-03 3.914729459211230278e-04 -3.077695611864328384e-03 9.999787807464599609e-01
2.095109596848487854e-02 -8.911289274692535400e-03 7.904958911240100861e-03 5.584446247667074203e-03 5.428075019153766334e-05 -1.321033691056072712e-03 9.999835491180419922e-01
2.270374447107315063e-02 -9.198167361319065094e-03 8.647716604173183441e-03 5.056246183812618256e-03 5.063657299615442753e-04 8.729461114853620529e-04 9.999867081642150879e-01
2.457081340253353119e-02 -9.592966176569461823e-03 9.209483861923217773e-03 4.141741897910833359e-03 3.908952057827264071e-04 4.076903220266103745e-03 9.999830126762390137e-01
2.600395679473876953e-02 -9.990404359996318817e-03 1.107300166040658951e-02 2.236148109659552574e-03 9.539475431665778160e-04 7.187361828982830048e-03 9.999712109565734863e-01
2.832242101430892944e-02 -9.669146500527858734e-03 1.133624278008937836e-02 9.508140501566231251e-04 -5.661499220877885818e-03 9.993333369493484497e-03 9.999336004257202148e-01
2.987949736416339874e-02 -1.072309724986553192e-02 1.234288699924945831e-02 -4.530711739789694548e-04 -6.242852658033370972e-03 1.275207102298736572e-02 9.998990893363952637e-01
3.176524117588996887e-02 -1.081882230937480927e-02 1.311006955802440643e-02 -2.682216465473175049e-03 -6.453646812587976456e-03 1.529233716428279877e-02 9.998586177825927734e-01
3.409187123179435730e-02 -1.091300509870052338e-02 1.244760490953922272e-02 -3.454137593507766724e-03 -7.478141225874423981e-03 1.892690733075141907e-02 9.997869133949279785e-01
3.577991947531700134e-02 -1.191006321460008621e-02 1.229438651353120804e-02 -4.207970108836889267e-03 -7.968272082507610321e-03 2.150798030197620392e-02 9.997280836105346680e-01
3.700111806392669678e-02 -1.363310124725103378e-02 1.237332075834274292e-02 -4.875696729868650436e-03 -8.174107410013675690e-03 2.326023578643798828e-02 9.996841549873352051e-01
3.182897716760635376e-02 -1.057730522006750107e-02 9.838682599365711212e-03 -5.362003110349178314e-03 -8.751743473112583160e-03 2.412911504507064819e-02 9.996561408042907715e-01
2.577254548668861389e-02 -8.758299984037876129e-03 8.441788144409656525e-03 -6.531041115522384644e-03 -7.812883704900741577e-03 2.511635795235633850e-02 9.996326565742492676e-01
2.104203589260578156e-02 -4.784953314810991287e-03 4.203591495752334595e-03 -5.808436777442693710e-03 -8.304484188556671143e-03 2.437983639538288116e-02 9.996513724327087402e-01
1.498866546899080276e-02 -8.836555061861872673e-04 3.750005969777703285e-03 -5.841813050210475922e-03 -7.053932640701532364e-03 2.350570075213909149e-02 9.996817708015441895e-01
8.690162561833858490e-03 7.478928891941905022e-04 2.799336565658450127e-03 -7.147981785237789154e-03 -6.219485774636268616e-03 2.519201673567295074e-02 9.996377229690551758e-01
8.199932985007762909e-03 3.158264735247939825e-04 2.312515396624803543e-03 -6.380517967045307159e-03 -6.053494755178689957e-03 2.546002343297004700e-02 9.996371269226074219e-01
7.477771490812301636e-03 6.072423420846462250e-04 2.222578506916761398e-03 -6.269246805459260941e-03 -4.808781668543815613e-03 2.511903643608093262e-02 9.996532201766967773e-01
6.754884961992502213e-03 6.291841855272650719e-04 2.010910538956522942e-03 -5.621053744107484818e-03 -4.396637901663780212e-03 2.373152785003185272e-02 9.996929168701171875e-01
6.050928030163049698e-03 1.664798182900995016e-04 1.650742837227880955e-03 -5.737950559705495834e-03 -3.608181141316890717e-03 2.299587242305278778e-02 9.997125864028930664e-01
5.166052840650081635e-03 7.772655226290225983e-04 1.442377222701907158e-03 -4.923193249851465225e-03 -3.259012475609779358e-03 2.030218020081520081e-02 9.997764825820922852e-01
4.376761615276336670e-03 3.954635467380285263e-04 1.137212617322802544e-03 -4.245966207236051559e-03 -1.758186612278223038e-03 1.876093447208404541e-02 9.998134374618530273e-01
3.465425455942749977e-03 4.915784811601042747e-04 9.584708022885024548e-04 -3.724876325577497482e-03 -4.663085856009274721e-04 1.633648015558719635e-02 9.998595118522644043e-01
5.541872233152389526e-03 -1.109793200157582760e-03 1.446624984964728355e-03 -2.230483107268810272e-03 7.765918271616101265e-04 1.189928408712148666e-02 9.999263882637023926e-01
7.428512908518314362e-03 -4.402597900480031967e-03 1.764359651133418083e-03 -1.135194674134254456e-03 2.308141905814409256e-03 9.409447200596332550e-03 9.999524354934692383e-01
1.593339294195175171e-01 -3.066201321780681610e-02 6.604925543069839478e-02 -5.337317287921905518e-02 1.941211707890033722e-02 4.842815175652503967e-02 9.972106814384460449e-01
1.419830322265625000e-01 -3.877608478069305420e-02 6.281142681837081909e-02 -5.234822258353233337e-02 2.162099070847034454e-02 4.565991088747978210e-02 9.973501563072204590e-01
1.259184628725051880e-01 -4.096281528472900391e-02 5.836820974946022034e-02 -5.151695758104324341e-02 2.122162841260433197e-02 4.682753980159759521e-02 9.973478913307189941e-01
1.099910736083984375e-01 -4.084638133645057678e-02 5.423531681299209595e-02 -5.086188763380050659e-02 2.139585092663764954e-02 4.513834416866302490e-02 9.974556565284729004e-01
9.510499238967895508e-02 -3.890877589583396912e-02 4.869954288005828857e-02 -4.664557799696922302e-02 2.019829861819744110e-02 3.991128504276275635e-02 9.979094862937927246e-01
8.082687109708786011e-02 -3.529866412281990051e-02 4.290120303630828857e-02 -4.257747158408164978e-02 1.871991157531738281e-02 3.411029651761054993e-02 9.983352422714233398e-01
6.702958047389984131e-02 -3.057427518069744110e-02 3.684774041175842285e-02 -3.801474347710609436e-02 1.857217028737068176e-02 2.880598045885562897e-02 9.986892342567443848e-01
5.371578782796859741e-02 -2.545589767396450043e-02 3.008248098194599152e-02 -3.162234276533126831e-02 1.734182611107826233e-02 2.133257873356342316e-02 9.991217255592346191e-01
4.054131358861923218e-02 -2.010009624063968658e-02 2.312923781573772430e-02 -2.650109678506851196e-02 1.510675996541976929e-02 1.489353924989700317e-02 9.994236826896667480e-01
2.764687500894069672e-02 -1.395263057202100754e-02 1.609311066567897797e-02 -2.169499918818473816e-02 8.281129412353038788e-03 9.084722027182579041e-03 9.996890425682067871e-01
1.536424830555915833e-02 -7.402969524264335632e-03 8.560226298868656158e-03 -1.636978611350059509e-02 1.309170620515942574e-03 2.483936492353677750e-03 9.998620748519897461e-01
9.772364981472492218e-03 -4.692074377089738846e-03 4.962936975061893463e-03 -1.067316439002752304e-02 9.043386089615523815e-04 -3.141138469800353050e-03 9.999377131462097168e-01
1.091608684509992599e-02 -5.343429278582334518e-03 5.365288350731134415e-03 -6.644320208579301834e-03 8.266816730611026287e-04 -7.463552057743072510e-03 9.999497532844543457e-01
1.246555894613265991e-02 -6.192157045006752014e-03 5.292245186865329742e-03 -3.123739967122673988e-03 1.170655712485313416e-03 -1.099616941064596176e-02 9.999339580535888672e-01
1.403697114437818527e-02 -7.224319502711296082e-03 5.449007265269756317e-03 -4.834997816942632198e-04 1.137675251811742783e-03 -1.331259403377771378e-02 9.999105930328369141e-01
1.567465439438819885e-02 -8.615215308964252472e-03 5.366296041756868362e-03 2.540013752877712250e-03 1.150934258475899696e-03 -1.484464854001998901e-02 9.998859167098999023e-01
1.732236519455909729e-02 -9.905090555548667908e-03 5.809483584016561508e-03 4.485804587602615356e-03 1.181443338282406330e-03 -1.610680855810642242e-02 9.998595118522644043e-01
1.892877183854579926e-02 -1.119067613035440445e-02 6.844551302492618561e-03 6.403925828635692596e-03 1.341455965302884579e-03 -1.681744307279586792e-02 9.998371601104736328e-01
2.081155031919479370e-02 -1.250765006989240646e-02 7.486723363399505615e-03 7.834018208086490631e-03 1.159117324277758598e-03 -1.734264567494392395e-02 9.998182654380798340e-01
2.299008518457412720e-02 -1.364268176257610321e-02 8.083477616310119629e-03 9.278199635446071625e-03 1.254228292964398861e-03 -1.745396293699741364e-02 9.998038411140441895e-01
2.532157301902770996e-02 -1.461123488843441010e-02 9.018661454319953918e-03 1.072362530976533890e-02 1.097682863473892212e-03 -1.640281639993190765e-02 9.998073577880859375e-01
2.816188521683216095e-02 -1.483513042330741882e-02 1.019951794296503067e-02 1.147818658500909805e-02 1.157984603196382523e-03 -1.485756877809762955e-02 9.998230934143066406e-01
3.096761368215084076e-02 -1.561357360333204269e-02 1.110767573118209839e-02 1.204295456409454346e-02 9.665756952017545700e-04 -1.272546220570802689e-02 9.998460412025451660e-01
3.360200300812721252e-02 -1.706926338374614716e-02 1.205897238105535507e-02 1.237215101718902588e-02 5.237924051471054554e-04 -1.005436945706605911e-02 9.998728036880493164e-01
3.681527823209762573e-02 -1.698522455990314484e-02 1.402352843433618546e-02 1.194291934370994568e-02 3.815905074588954449e-04 -7.308447733521461487e-03 9.999018907546997070e-01
4.026125371456146240e-02 -1.735887862741947174e-02 1.519898511469364166e-02 1.176476757973432541e-02 1.684994203969836235e-04 -3.797563957050442696e-03 9.999235868453979492e-01
4.362914338707923889e-02 -1.831946521997451782e-02 1.639190129935741425e-02 1.095837261527776718e-02 1.017825125018134713e-04 -1.232734502991661429e-04 9.999399185180664062e-01
4.738152399659156799e-02 -1.868937537074089050e-02 1.768055185675621033e-02 9.174377657473087311e-03 5.310941487550735474e-04 5.172955337911844254e-03 9.999443888664245605e-01
5.074144527316093445e-02 -1.936170645058155060e-02 2.011360600590705872e-02 6.633217912167310715e-03 8.646855712868273258e-04 1.100998837500810623e-02 9.999170303344726562e-01
5.449876934289932251e-02 -1.933681778609752655e-02 2.230107970535755157e-02 3.371690632775425911e-03 -5.751371383666992188e-03 1.645202562212944031e-02 9.998424053192138672e-01
5.820624902844429016e-02 -2.003878541290760040e-02 2.397259697318077087e-02 3.207039262633770704e-04 -1.214202865958213806e-02 2.101323753595352173e-02 9.997054338455200195e-01
6.176628917455673218e-02 -2.084482647478580475e-02 2.574040926992893219e-02 -3.485929220914840698e-03 -1.301539782434701920e-02 2.780135534703731537e-02 9.995226263999938965e-01
6.586552411317825317e-02 -2.116961963474750519e-02 2.604707144200801849e-02 -5.881365854293107986e-03 -1.452837884426116943e-02 3.223238140344619751e-02 9.993575215339660645e-01
6.994619965553283691e-02 -2.186051569879055023e-02 2.540486119687557220e-02 -7.213627453893423080e-03 -1.550130359828472137e-02 3.803787007927894592e-02 9.991300106048583984e-01
7.295605540275573730e-02 -2.441585436463356018e-02 2.531565912067890167e-02 -8.197555318474769592e-03 -1.625950448215007782e-02 4.117699712514877319e-02 9.989859461784362793e-01
6.907011568546295166e-02 -2.300136350095272064e-02 2.277078479528427124e-02 -9.730119258165359497e-03 -1.679848879575729370e-02 4.357497766613960266e-02 9.988615512847900391e-01
5.787722021341323853e-02 -1.824760809540748596e-02 1.850598677992820740e-02 -1.197039801627397537e-02 -1.651667803525924683e-02 4.598338156938552856e-02 9.987339377403259277e-01
4.714091867208480835e-02 -1.263098604977130890e-02 1.285584922879934311e-02 -1.170914433896541595e-02 -1.603494025766849518e-02 4.668828472495079041e-02 9.987121820449829102e-01
3.619615361094474792e-02 -4.964730236679315567e-03 8.109818212687969208e-03 -1.094102952629327774e-02 -1.541441120207309723e-02 4.430644959211349487e-02 9.988391399383544922e-01
2.361466176807880402e-02 3.905837365891784430e-04 6.541617214679718018e-03 -1.272833719849586487e-02 -1.243471819907426834e-02 4.659346863627433777e-02 9.987554550170898438e-01
1.685203239321708679e-02 1.655724016018211842e-03 5.080800037831068039e-03 -1.266327686607837677e-02 -1.151389349251985550e-02 4.896673560142517090e-02 9.986537694931030273e-01
1.562935858964920044e-02 1.358179841190576553e-03 4.578299354761838913e-03 -1.208986155688762665e-02 -1.082210522145032883e-02 4.816100746393203735e-02 9.987077713012695312e-01
1.418900396674871445e-02 1.538413809612393379e-03 4.254540428519248962e-03 -1.226169522851705551e-02 -8.959451690316200256e-03 4.650722444057464600e-02 9.988024830818176270e-01
1.277138199657201767e-02 1.030386658385396004e-03 3.718801541253924370e-03 -1.197291072458028793e-02 -8.345768786966800690e-03 4.420123994350433350e-02 9.989160299301147461e-01
1.120014116168022156e-02 1.216458622366189957e-03 3.098939079791307449e-03 -1.068637054413557053e-02 -6.877529900521039963e-03 4.178177937865257263e-02 9.990459084510803223e-01
9.495643898844718933e-03 1.383303198963403702e-03 2.619634149596095085e-03 -9.336196817457675934e-03 -5.001864861696958542e-03 3.767016157507896423e-02 9.992340803146362305e-01
7.805365137755870819e-03 1.047992962412536144e-03 2.102331956848502159e-03 -7.812235504388809204e-03 -2.302912296727299690e-03 3.431916981935501099e-02 9.993777275085449219e-01
8.765806443989276886e-03 -4.188152670394629240e-04 2.412035828456282616e-03 -5.331472959369421005e-03 3.593748624552972615e-05 2.879916876554489136e-02 9.995710253715515137e-01
1.306889578700065613e-02 -5.417471751570701599e-03 3.401439869776368141e-03 -3.532697912305593491e-03 2.893808763474225998e-03 2.186768315732479095e-02 9.997504353523254395e-01
