0.000000000000000000e+00 0.000000000000000000e+00 0.000000000000000000e+00 -6.936942339996754470e-15 7.010293387454957781e-12 7.537169673110799550e-13 1.000000000000000000e+00
8.621929585933685303e-02 -2.490064129233360291e-03 3.017577715218067169e-02 -2.263705432415008545e-02 4.698631819337606430e-03 1.716025732457637787e-02 9.995855093002319336e-01
1.629584878683090210e-01 -6.255303509533405304e-03 6.392098218202590942e-02 -4.516900330781936646e-02 1.128586661070585251e-02 3.299595415592193604e-02 9.983704686164855957e-01
2.322034537792205811e-01 -1.314406096935272217e-02 9.475244581699371338e-02 -6.691057235002517700e-02 1.836825534701347351e-02 4.842982813715934753e-02 9.964135885238647461e-01
2.936821877956390381e-01 -2.416980080306529999e-02 1.230762749910354614e-01 -8.975674957036972046e-02 2.552213147282600403e-02 6.633711606264114380e-02 9.934241771697998047e-01
3.481916785240173340e-01 -3.000588156282901764e-02 1.492724716663360596e-01 -1.112632378935813904e-01 3.272075578570365906e-02 8.161055296659469604e-02 9.898937940597534180e-01
3.953515887260437012e-01 -3.546541184186935425e-02 1.727211028337478638e-01 -1.307548135519027710e-01 3.951253369450569153e-02 9.522844851016998291e-02 9.860393404960632324e-01
4.355105459690093994e-01 -3.878635168075561523e-02 1.930782943964004517e-01 -1.484111845493316650e-01 4.614057764410972595e-02 1.060037910938262939e-01 9.821447730064392090e-01
4.687549173831939697e-01 -3.930886089801788330e-02 2.098575979471206665e-01 -1.638318449258804321e-01 5.289916321635246277e-02 1.140270456671714783e-01 9.784470796585083008e-01
4.954462051391601562e-01 -3.854911029338836670e-02 2.221200317144393921e-01 -1.767926812171936035e-01 5.828075110912322998e-02 1.184404417872428894e-01 9.753561615943908691e-01
5.149219632148742676e-01 -3.835041821002960205e-02 2.310765683650970459e-01 -1.879773139953613281e-01 6.340690702199935913e-02 1.216825693845748901e-01 9.725417494773864746e-01
5.272986888885498047e-01 -3.777681291103363037e-02 2.363740801811218262e-01 -1.963853091001510620e-01 6.206561625003814697e-02 1.231507137417793274e-01 9.707803130149841309e-01
5.326128005981445312e-01 -3.641539067029953003e-02 2.378923594951629639e-01 -2.023164182901382446e-01 6.074212491512298584e-02 1.222729757428169250e-01 9.697566032409667969e-01
5.380114316940307617e-01 -3.396007418632507324e-02 2.399678379297256470e-01 -2.058797627687454224e-01 5.960055813193321228e-02 1.185445189476013184e-01 9.695402979850769043e-01
5.443925261497497559e-01 -3.239100426435470581e-02 2.424881160259246826e-01 -2.080328315496444702e-01 5.856029689311981201e-02 1.134255379438400269e-01 9.697564840316772461e-01
5.515649318695068359e-01 -3.103183396160602570e-02 2.453934401273727417e-01 -2.083158642053604126e-01 5.756910517811775208e-02 1.063647046685218811e-01 9.705548882484436035e-01
5.598355531692504883e-01 -3.000509552657604218e-02 2.484402060508728027e-01 -2.074898928403854370e-01 5.651082471013069153e-02 9.790265560150146484e-02 9.716839194297790527e-01
5.690630674362182617e-01 -3.132787346839904785e-02 2.517290115356445312e-01 -2.049445807933807373e-01 5.571901425719261169e-02 8.871548622846603394e-02 9.731509089469909668e-01
5.790771245956420898e-01 -3.225582093000411987e-02 2.560225725173950195e-01 -2.018001526594161987e-01 5.534810572862625122e-02 7.875442504882812500e-02 9.746851325035095215e-01
5.894713997840881348e-01 -3.476623445749282837e-02 2.617607116699218750e-01 -1.975988298654556274e-01 5.497523769736289978e-02 6.851129233837127686e-02 9.763394594192504883e-01
6.009648442268371582e-01 -3.864555060863494873e-02 2.672380805015563965e-01 -1.928886771202087402e-01 5.427516251802444458e-02 5.791978910565376282e-02 9.780049920082092285e-01
6.138104796409606934e-01 -4.213219881057739258e-02 2.732914984226226807e-01 -1.876011788845062256e-01 5.382573232054710388e-02 4.767539352178573608e-02 9.796099662780761719e-01
6.278997063636779785e-01 -4.673440009355545044e-02 2.792814671993255615e-01 -1.812353283166885376e-01 5.310238525271415710e-02 3.815284743905067444e-02 9.812636971473693848e-01
6.436266303062438965e-01 -4.930182546377182007e-02 2.865420281887054443e-01 -1.748182773590087891e-01 5.286316201090812683e-02 2.939806692302227020e-02 9.827411174774169922e-01
6.604146957397460938e-01 -5.508030205965042114e-02 2.932766079902648926e-01 -1.676485687494277954e-01 5.243639647960662842e-02 2.210626378655433655e-02 9.842031002044677734e-01
6.784127354621887207e-01 -6.117319315671920776e-02 3.012956976890563965e-01 -1.607401669025421143e-01 5.224310606718063354e-02 1.632848381996154785e-02 9.854779243469238281e-01
6.989983320236206055e-01 -6.387290358543395996e-02 3.096526265144348145e-01 -1.540416181087493896e-01 5.256629735231399536e-02 1.182537619024515152e-02 9.865942001342773438e-01
7.208669781684875488e-01 -6.938859075307846069e-02 3.181559443473815918e-01 -1.473504751920700073e-01 5.242359638214111328e-02 9.653164073824882507e-03 9.876469969749450684e-01
7.444620132446289062e-01 -7.412074506282806396e-02 3.279525637626647949e-01 -1.414785385131835938e-01 5.320410430431365967e-02 9.198288433253765106e-03 9.884678125381469727e-01
7.699953317642211914e-01 -7.933785766363143921e-02 3.380146026611328125e-01 -1.361834555864334106e-01 5.457003787159919739e-02 1.156298257410526276e-02 9.891120195388793945e-01
7.967146635055541992e-01 -8.450483530759811401e-02 3.506732881069183350e-01 -1.326549947261810303e-01 5.646570026874542236e-02 1.684165187180042267e-02 9.894092679023742676e-01
8.251584172248840332e-01 -9.374213963747024536e-02 3.621913492679595947e-01 -1.299957036972045898e-01 5.124141275882720947e-02 2.514450997114181519e-02 9.898702502250671387e-01
8.549872040748596191e-01 -1.040358394384384155e-01 3.749393820762634277e-01 -1.287327557802200317e-01 4.585113748908042908e-02 3.571529313921928406e-02 9.899747967720031738e-01
8.869090676307678223e-01 -1.145906746387481689e-01 3.879468739032745361e-01 -1.286862790584564209e-01 4.001978784799575806e-02 4.849159345030784607e-02 9.896902441978454590e-01
9.216328263282775879e-01 -1.231094077229499817e-01 4.005502462387084961e-01 -1.291168928146362305e-01 3.372983634471893311e-02 6.364934146404266357e-02 9.890095591545104980e-01
9.581152200698852539e-01 -1.322530955076217651e-01 4.131555259227752686e-01 -1.299235373735427856e-01 2.724697627127170563e-02 8.041490614414215088e-02 9.878820776939392090e-01
9.960239529609680176e-01 -1.419476270675659180e-01 4.263871014118194580e-01 -1.309323459863662720e-01 2.065940946340560913e-02 9.806609153747558594e-02 9.863127470016479492e-01
1.028258323669433594e+00 -1.494518220424652100e-01 4.378033876419067383e-01 -1.328734904527664185e-01 1.375045813620090485e-02 1.166449189186096191e-01 9.841492176055908203e-01
1.053997755050659180e+00 -1.554033458232879639e-01 4.480925202369689941e-01 -1.361507028341293335e-01 7.322065532207489014e-03 1.368431448936462402e-01 9.811642765998840332e-01
1.076533794403076172e+00 -1.571960449218750000e-01 4.513768851757049561e-01 -1.377001255750656128e-01 -3.933904226869344711e-04 1.562541127204895020e-01 9.780711531639099121e-01
1.088877439498901367e+00 -1.473821699619293213e-01 4.539510309696197510e-01 -1.387615799903869629e-01 -6.802623160183429718e-03 1.708964407444000244e-01 9.754452109336853027e-01
1.095965027809143066e+00 -1.427362710237503052e-01 4.567287862300872803e-01 -1.412654072046279907e-01 -1.147805713117122650e-02 1.899321973323822021e-01 9.715133309364318848e-01
1.103242993354797363e+00 -1.394006013870239258e-01 4.599793255329132080e-01 -1.433723866939544678e-01 -1.625396497547626495e-02 2.097950875759124756e-01 9.670398831367492676e-01
1.109120726585388184e+00 -1.349079161882400513e-01 4.625491499900817871e-01 -1.454664170742034912e-01 -1.960564963519573212e-02 2.284360527992248535e-01 9.624302983283996582e-01
1.114115476608276367e+00 -1.302904635667800903e-01 4.644817709922790527e-01 -1.475224941968917847e-01 -2.294961549341678619e-02 2.457913309335708618e-01 9.577564001083374023e-01
1.119279980659484863e+00 -1.270980685949325562e-01 4.663124382495880127e-01 -1.497895568609237671e-01 -2.573807910084724426e-02 2.627574801445007324e-01 9.528164267539978027e-01
1.122535705566406250e+00 -1.228127852082252502e-01 4.672730863094329834e-01 -1.512876152992248535e-01 -2.779958769679069519e-02 2.778419852256774902e-01 9.482315182685852051e-01
1.125833988189697266e+00 -1.198479756712913513e-01 4.683185517787933350e-01 -1.529042720794677734e-01 -2.861605770885944366e-02 2.921184599399566650e-01 9.436461925506591797e-01
1.127597212791442871e+00 -1.167032867670059204e-01 4.689209461212158203e-01 -1.541449725627899170e-01 -2.816713601350784302e-02 3.037911355495452881e-01 9.397643208503723145e-01
1.132822751998901367e+00 -1.142684146761894226e-01 4.701577126979827881e-01 -1.550779342651367188e-01 -2.682818286120891571e-02 3.129889965057373047e-01 9.366263747215270996e-01
1.141262769699096680e+00 -1.145410165190696716e-01 4.730572402477264404e-01 -1.557166576385498047e-01 -2.376664057374000549e-02 3.200221061706542969e-01 9.342234134674072266e-01
1.261021852493286133e+00 2.486544661223888397e-03 5.253447890281677246e-01 -2.032204121351242065e-01 -2.407310344278812408e-02 3.566209077835083008e-01 9.115610718727111816e-01
1.367940902709960938e+00 1.094059199094772339e-01 5.777338743209838867e-01 -2.473574280738830566e-01 -2.058998122811317444e-02 3.785345256328582764e-01 8.916849493980407715e-01
1.469284892082214355e+00 2.007656246423721313e-01 6.259320974349975586e-01 -2.915677726268768311e-01 -1.654111593961715698e-02 4.038361012935638428e-01 8.669665455818176270e-01
1.554104447364807129e+00 2.892573475837707520e-01 6.669538617134094238e-01 -3.356536328792572021e-01 -1.281315926462411880e-02 4.267106056213378906e-01 8.396967649459838867e-01
1.623602271080017090e+00 3.731535673141479492e-01 6.995418071746826172e-01 -3.759391009807586670e-01 -8.114717900753021240e-03 4.458742439746856689e-01 8.122808337211608887e-01
1.679882168769836426e+00 4.489831030368804932e-01 7.260360717773437500e-01 -4.122023284435272217e-01 -4.165562335401773453e-03 4.600971341133117676e-01 7.863730788230895996e-01
1.723859667778015137e+00 5.161847472190856934e-01 7.443507313728332520e-01 -4.443637132644653320e-01 4.715413670055568218e-04 4.694877564907073975e-01 7.629691958427429199e-01
1.756028056144714355e+00 5.736952424049377441e-01 7.541525959968566895e-01 -4.715653657913208008e-01 3.773607080802321434e-03 4.730613827705383301e-01 7.441940903663635254e-01
1.780783891677856445e+00 6.176878213882446289e-01 7.600159049034118652e-01 -4.943415820598602295e-01 5.319066811352968216e-03 4.737125933170318604e-01 7.288309335708618164e-01
1.797498583793640137e+00 6.482030749320983887e-01 7.627465128898620605e-01 -5.111040472984313965e-01 2.381232799962162971e-03 4.743476510047912598e-01 7.167714238166809082e-01
1.805980324745178223e+00 6.652964353561401367e-01 7.626346349716186523e-01 -5.215243101119995117e-01 -5.556788761168718338e-03 4.743400514125823975e-01 7.092130184173583984e-01
1.809474706649780273e+00 6.765124201774597168e-01 7.605999708175659180e-01 -5.278668403625488281e-01 -1.304970122873783112e-02 4.704929590225219727e-01 7.069814205169677734e-01
1.813191175460815430e+00 6.891744732856750488e-01 7.590651512145996094e-01 -5.317052006721496582e-01 -2.026014029979705811e-02 4.636614024639129639e-01 7.084470391273498535e-01
1.818691015243530273e+00 7.029997706413269043e-01 7.584683299064636230e-01 -5.329840779304504395e-01 -2.720907703042030334e-02 4.542463719844818115e-01 7.133356928825378418e-01
1.825713396072387695e+00 7.181515693664550781e-01 7.583045959472656250e-01 -5.319570302963256836e-01 -3.418879956007003784e-02 4.426782429218292236e-01 7.210331559181213379e-01
1.835919499397277832e+00 7.337048053741455078e-01 7.599316835403442383e-01 -5.284083485603332520e-01 -4.045084118843078613e-02 4.292572736740112305e-01 7.313594222068786621e-01
1.848356604576110840e+00 7.499346137046813965e-01 7.636511921882629395e-01 -5.233815312385559082e-01 -4.588146880269050598e-02 4.146399199962615967e-01 7.429943084716796875e-01
1.861790418624877930e+00 7.674405574798583984e-01 7.702435255050659180e-01 -5.166391134262084961e-01 -5.045578628778457642e-02 3.989888131618499756e-01 7.558745145797729492e-01
1.877753615379333496e+00 7.848605513572692871e-01 7.795884609222412109e-01 -5.085056424140930176e-01 -5.506366491317749023e-02 3.828480839729309082e-01 7.692966461181640625e-01
1.896358966827392578e+00 8.031044602394104004e-01 7.896389365196228027e-01 -4.990270733833312988e-01 -5.924505740404129028e-02 3.665760159492492676e-01 7.829968929290771484e-01
1.917198896408081055e+00 8.223600387573242188e-01 8.010812997817993164e-01 -4.881576895713806152e-01 -6.261595338582992554e-02 3.513820767402648926e-01 7.964370846748352051e-01
1.939456224441528320e+00 8.442870974540710449e-01 8.129565119743347168e-01 -4.765123128890991211e-01 -6.480170041322708130e-02 3.372862040996551514e-01 8.093051314353942871e-01
1.964605450630187988e+00 8.669852018356323242e-01 8.263155221939086914e-01 -4.641410708427429199e-01 -6.589435786008834839e-02 3.251158297061920166e-01 8.212981820106506348e-01
1.993468761444091797e+00 8.887796401977539062e-01 8.423714041709899902e-01 -4.513705670833587646e-01 -6.566859781742095947e-02 3.155447542667388916e-01 8.320959806442260742e-01
2.023300170898437500e+00 9.153022766113281250e-01 8.580928444862365723e-01 -4.393367767333984375e-01 -6.440861523151397705e-02 3.080786168575286865e-01 8.413812518119812012e-01
2.055974483489990234e+00 9.442322254180908203e-01 8.738642334938049316e-01 -4.276095926761627197e-01 -6.176583468914031982e-02 3.036406636238098145e-01 8.491981625556945801e-01
2.092017650604248047e+00 9.738568663597106934e-01 8.920602202415466309e-01 -4.166223704814910889e-01 -5.818877741694450378e-02 3.026339709758758545e-01 8.552499413490295410e-01
2.130380630493164062e+00 1.006589770317077637e+00 9.111318588256835938e-01 -4.079092442989349365e-01 -5.196440219879150391e-02 3.049179315567016602e-01 8.590313792228698730e-01
2.170906305313110352e+00 1.042127847671508789e+00 9.323171973228454590e-01 -4.014705419540405273e-01 -4.434467479586601257e-02 3.116895556449890137e-01 8.600607514381408691e-01
2.215599298477172852e+00 1.077478528022766113e+00 9.566940665245056152e-01 -3.955568373203277588e-01 -4.179838672280311584e-02 3.255181014537811279e-01 8.578028678894042969e-01
2.265426874160766602e+00 1.112519741058349609e+00 9.822588562965393066e-01 -3.897843360900878906e-01 -4.544055461883544922e-02 3.451871871948242188e-01 8.525544404983520508e-01
2.317642211914062500e+00 1.150176882743835449e+00 1.009965538978576660e+00 -3.858076333999633789e-01 -4.888025298714637756e-02 3.688434958457946777e-01 8.442261219024658203e-01
2.371412754058837891e+00 1.193898081779479980e+00 1.035695910453796387e+00 -3.830176889896392822e-01 -5.295352637767791748e-02 3.963157534599304199e-01 8.327227830886840820e-01
2.426509618759155273e+00 1.242827773094177246e+00 1.059903025627136230e+00 -3.804681003093719482e-01 -5.646112561225891113e-02 4.266430437564849854e-01 8.185548186302185059e-01
2.482944488525390625e+00 1.295849323272705078e+00 1.083639383316040039e+00 -3.778688609600067139e-01 -6.013811752200126648e-02 4.586389362812042236e-01 8.020279407501220703e-01
2.533769845962524414e+00 1.348361134529113770e+00 1.105491876602172852e+00 -3.758520781993865967e-01 -6.378693878650665283e-02 4.911732673645019531e-01 7.832083106040954590e-01
2.573759794235229492e+00 1.393971323966979980e+00 1.124086260795593262e+00 -3.756191730499267578e-01 -6.787635385990142822e-02 5.251408815383911133e-01 7.606117129325866699e-01
2.604670286178588867e+00 1.432764530181884766e+00 1.133397102355957031e+00 -3.737463057041168213e-01 -7.147064805030822754e-02 5.596554279327392578e-01 7.362007498741149902e-01
2.617365360260009766e+00 1.467764496803283691e+00 1.129599213600158691e+00 -3.696134984493255615e-01 -7.620290666818618774e-02 5.891922116279602051e-01 7.144448757171630859e-01
2.615266323089599609e+00 1.491713404655456543e+00 1.124841213226318359e+00 -3.671412467956542969e-01 -7.824270427227020264e-02 6.168205738067626953e-01 6.918221116065979004e-01
2.614715337753295898e+00 1.509381175041198730e+00 1.124533891677856445e+00 -3.667223453521728516e-01 -7.745017111301422119e-02 6.472209095954895020e-01 6.637931466102600098e-01
2.612427234649658203e+00 1.525487065315246582e+00 1.122968912124633789e+00 -3.649747371673583984e-01 -7.652314752340316772e-02 6.756649613380432129e-01 6.359359622001647949e-01
2.608178377151489258e+00 1.539561152458190918e+00 1.120589256286621094e+00 -3.642448484897613525e-01 -7.426934689283370972e-02 7.011108398437500000e-01 6.084845066070556641e-01
2.604503870010375977e+00 1.552136778831481934e+00 1.118069052696228027e+00 -3.632256686687469482e-01 -7.279837131500244141e-02 7.244534492492675781e-01 5.813214778900146484e-01
2.600378990173339844e+00 1.562666296958923340e+00 1.115129470825195312e+00 -3.622002601623535156e-01 -6.985136866569519043e-02 7.455169558525085449e-01 5.551001429557800293e-01
2.595741987228393555e+00 1.570906162261962891e+00 1.112039923667907715e+00 -3.616266846656799316e-01 -6.606034189462661743e-02 7.636830210685729980e-01 5.307075381278991699e-01
2.591499805450439453e+00 1.577337861061096191e+00 1.109379410743713379e+00 -3.621538281440734863e-01 -6.078209355473518372e-02 7.787688970565795898e-01 5.085952281951904297e-01
2.588116168975830078e+00 1.585321903228759766e+00 1.106615304946899414e+00 -3.635339140892028809e-01 -5.486945807933807373e-02 7.898843884468078613e-01 4.908310472965240479e-01
2.588831663131713867e+00 1.599799633026123047e+00 1.105352163314819336e+00 -3.663822412490844727e-01 -4.778737202286720276e-02 7.976409792900085449e-01 4.767066538333892822e-01
