2.616429710388183594e+01 -2.226403045654296875e+01 -9.312875270843505859e-01 -9.828075766563415527e-02 1.950348913669586182e-01 7.394629120826721191e-01 6.367863416671752930e-01
2.616371917724609375e+01 -2.217281150817871094e+01 -9.335728287696838379e-01 -1.150443479418754578e-01 1.832592040300369263e-01 7.594124078750610352e-01 6.135740876197814941e-01
2.616261482238769531e+01 -2.208922386169433594e+01 -9.349842667579650879e-01 -1.317156702280044556e-01 1.714167892932891846e-01 7.774057984352111816e-01 5.906829833984375000e-01
2.616101646423339844e+01 -2.201335525512695312e+01 -9.357905387878417969e-01 -1.481156349182128906e-01 1.596851944923400879e-01 7.933979630470275879e-01 5.684009194374084473e-01
2.615903282165527344e+01 -2.194528198242187500e+01 -9.360672831535339355e-01 -1.640769541263580322e-01 1.482433974742889404e-01 8.073759675025939941e-01 5.470307469367980957e-01
2.615681457519531250e+01 -2.188506317138671875e+01 -9.358555078506469727e-01 -1.794433742761611938e-01 1.372694075107574463e-01 8.193559050559997559e-01 5.268845558166503906e-01
2.615449333190917969e+01 -2.183273887634277344e+01 -9.351887106895446777e-01 -1.940722763538360596e-01 1.269402801990509033e-01 8.293763399124145508e-01 5.082809925079345703e-01
2.615221595764160156e+01 -2.178833961486816406e+01 -9.340991377830505371e-01 -2.078257948160171509e-01 1.174262687563896179e-01 8.374949693679809570e-01 4.915412664413452148e-01
2.615012931823730469e+01 -2.175190353393554688e+01 -9.326018095016479492e-01 -2.205991744995117188e-01 1.089066565036773682e-01 8.437740206718444824e-01 4.769809246063232422e-01
2.614835929870605469e+01 -2.172341156005859375e+01 -9.307165741920471191e-01 -2.322078347206115723e-01 1.015074849128723145e-01 8.482976555824279785e-01 4.649249613285064697e-01
2.614704132080078125e+01 -2.170295143127441406e+01 -9.284470081329345703e-01 -2.427975088357925415e-01 9.553109109401702881e-02 8.510640859603881836e-01 4.556317031383514404e-01
2.614631080627441406e+01 -2.169045066833496094e+01 -9.257364273071289062e-01 -2.468551546335220337e-01 8.807571977376937866e-02 8.535136580467224121e-01 4.503396749496459961e-01
2.614612388610839844e+01 -2.168609428405761719e+01 -9.225799441337585449e-01 -2.498874217271804810e-01 8.211377263069152832e-02 8.544836044311523438e-01 4.479470252990722656e-01
2.614644050598144531e+01 -2.168137168884277344e+01 -9.195157289505004883e-01 -2.523176670074462891e-01 7.769182324409484863e-02 8.541030883789062500e-01 4.480978846549987793e-01
2.614720153808593750e+01 -2.167580795288085938e+01 -9.165537357330322266e-01 -2.541538774967193604e-01 7.464507967233657837e-02 8.525704741477966309e-01 4.504893422126770020e-01
2.614835929870605469e+01 -2.166948127746582031e+01 -9.136757254600524902e-01 -2.554768621921539307e-01 7.286832481622695923e-02 8.500403761863708496e-01 4.547911882400512695e-01
2.614984893798828125e+01 -2.166226196289062500e+01 -9.108791947364807129e-01 -2.563186585903167725e-01 7.224454730749130249e-02 8.466652035713195801e-01 4.606733918190002441e-01
2.615160560607910156e+01 -2.165412330627441406e+01 -9.081600308418273926e-01 -2.567020356655120850e-01 7.266427576541900635e-02 8.425927162170410156e-01 4.678039550781250000e-01
2.615355682373046875e+01 -2.164499473571777344e+01 -9.055186510086059570e-01 -2.566373050212860107e-01 7.401932775974273682e-02 8.379738330841064453e-01 4.758533239364624023e-01
2.615564918518066406e+01 -2.163481521606445312e+01 -9.029551744461059570e-01 -2.561289072036743164e-01 7.620371133089065552e-02 8.329648375511169434e-01 4.844970405101776123e-01
2.615781784057617188e+01 -2.162352561950683594e+01 -9.004706144332885742e-01 -2.551800310611724854e-01 7.911162823438644409e-02 8.277312517166137695e-01 4.934174120426177979e-01
2.616001319885253906e+01 -2.161106491088867188e+01 -8.980641365051269531e-01 -2.537967562675476074e-01 8.263871818780899048e-02 8.224475979804992676e-01 5.023065209388732910e-01
2.616218948364257812e+01 -2.159735679626464844e+01 -8.957419395446777344e-01 -2.519918680191040039e-01 8.667966723442077637e-02 8.172983527183532715e-01 5.108649134635925293e-01
2.616429710388183594e+01 -2.158232879638671875e+01 -8.935021162033081055e-01 -2.497876286506652832e-01 9.112945944070816040e-02 8.124755620956420898e-01 5.188033580780029297e-01
2.616633033752441406e+01 -2.156590843200683594e+01 -8.912760019302368164e-01 -2.472191601991653442e-01 9.588354080915451050e-02 8.081775307655334473e-01 5.258414745330810547e-01
2.616824340820312500e+01 -2.154801368713378906e+01 -8.891164660453796387e-01 -2.443360239267349243e-01 1.008368059992790222e-01 8.046057224273681641e-01 5.317065119743347168e-01
2.617000198364257812e+01 -2.152857398986816406e+01 -8.870192170143127441e-01 -2.412064373493194580e-01 1.058850884437561035e-01 8.019604086875915527e-01 5.361316204071044922e-01
2.617158508300781250e+01 -2.150749969482421875e+01 -8.849790692329406738e-01 -2.379095107316970825e-01 1.109187304973602295e-01 8.004381060600280762e-01 5.388545989990234375e-01
2.617296791076660156e+01 -2.148471641540527344e+01 -8.829787969589233398e-01 -2.345687448978424072e-01 1.158415004611015320e-01 8.002186417579650879e-01 5.396085977554321289e-01
2.617412185668945312e+01 -2.146014976501464844e+01 -8.809985518455505371e-01 -2.312311977148056030e-01 1.204878836870193481e-01 8.014897704124450684e-01 5.381434559822082520e-01
2.617500877380371094e+01 -2.143372344970703125e+01 -8.790202736854553223e-01 -2.283170968294143677e-01 1.249194964766502380e-01 8.043256998062133789e-01 5.341314673423767090e-01
2.617561149597167969e+01 -2.140541648864746094e+01 -8.769775629043579102e-01 -2.197901010513305664e-01 1.248997449874877930e-01 8.103666305541992188e-01 5.285533070564270020e-01
2.617587280273437500e+01 -2.137514495849609375e+01 -8.748939037322998047e-01 -2.106186598539352417e-01 1.238912716507911682e-01 8.181650042533874512e-01 5.204492211341857910e-01
2.617579078674316406e+01 -2.134302711486816406e+01 -8.727365732192993164e-01 -2.011689096689224243e-01 1.221817955374717712e-01 8.273481726646423340e-01 5.099695920944213867e-01
2.617537689208984375e+01 -2.130909729003906250e+01 -8.704767227172851562e-01 -1.914419978857040405e-01 1.198076307773590088e-01 8.376272320747375488e-01 4.973417818546295166e-01
2.617463111877441406e+01 -2.127357673645019531e+01 -8.680793046951293945e-01 -1.815401315689086914e-01 1.168732643127441406e-01 8.486934304237365723e-01 4.827792644500732422e-01
2.617356681823730469e+01 -2.123624038696289062e+01 -8.655375242233276367e-01 -1.715436428785324097e-01 1.134683862328529358e-01 8.602541685104370117e-01 4.665120244026184082e-01
2.617220878601074219e+01 -2.120508193969726562e+01 -8.623428940773010254e-01 -1.615450531244277954e-01 1.096903532743453979e-01 8.720315694808959961e-01 4.487820565700531006e-01
2.617057800292968750e+01 -2.118057441711425781e+01 -8.584573864936828613e-01 -1.516409665346145630e-01 1.056388691067695618e-01 8.837701082229614258e-01 4.298477768898010254e-01
2.616874313354492188e+01 -2.116271209716796875e+01 -8.538772463798522949e-01 -1.419347971677780151e-01 1.014178022742271423e-01 8.952401876449584961e-01 4.099837541580200195e-01
2.616675758361816406e+01 -2.115153884887695312e+01 -8.486087918281555176e-01 -1.325359493494033813e-01 9.713491797447204590e-02 9.062421917915344238e-01 3.894827067852020264e-01
2.616470527648925781e+01 -2.114736557006835938e+01 -8.426414728164672852e-01 -1.235590577125549316e-01 9.290094673633575439e-02 9.166088700294494629e-01 3.686507940292358398e-01
2.616269302368164062e+01 -2.114424133300781250e+01 -8.363635540008544922e-01 -1.151235103607177734e-01 8.882968127727508545e-02 9.262059330940246582e-01 3.478091061115264893e-01
2.616081809997558594e+01 -2.114193344116210938e+01 -8.298159837722778320e-01 -1.073529198765754700e-01 8.503735810518264771e-02 9.349324703216552734e-01 3.272895812988281250e-01
2.615919303894042969e+01 -2.114059448242187500e+01 -8.230195641517639160e-01 -1.003739088773727417e-01 8.164194971323013306e-02 9.427183270454406738e-01 3.074330985546112061e-01
2.615794181823730469e+01 -2.114019775390625000e+01 -8.160114884376525879e-01 -9.431555867195129395e-02 7.876278460025787354e-02 9.495222568511962891e-01 2.885860502719879150e-01
2.615719032287597656e+01 -2.114082336425781250e+01 -8.088255524635314941e-01 -8.930883556604385376e-02 7.651996612548828125e-02 9.553263187408447266e-01 2.710972428321838379e-01
2.615705490112304688e+01 -2.114240837097167969e+01 -8.015056848526000977e-01 -8.548523485660552979e-02 7.503412663936614990e-02 9.601296186447143555e-01 2.553166449069976807e-01
2.615767097473144531e+01 -2.114514732360839844e+01 -7.940767407417297363e-01 -8.297701925039291382e-02 7.442609220743179321e-02 9.639409780502319336e-01 2.415914535522460938e-01
2.615916442871093750e+01 -2.114476966857910156e+01 -7.868397235870361328e-01 -8.191606402397155762e-02 7.481669634580612183e-02 9.667693972587585449e-01 2.302645295858383179e-01
2.616166114807128906e+01 -2.114108085632324219e+01 -7.798349857330322266e-01 -8.243397623300552368e-02 7.632693648338317871e-02 9.686138033866882324e-01 2.216724306344985962e-01
