2.616429710388183594e+01 -2.226403045654296875e+01 -9.312875270843505859e-01 -9.828075766563415527e-02 1.950348913669586182e-01 7.394629120826721191e-01 6.367863416671752930e-01
2.615289497375488281e+01 -2.217641258239746094e+01 -9.439969062805175781e-01 -1.143790781497955322e-01 1.829252988100051880e-01 7.592012882232666016e-01 6.140594482421875000e-01
2.614351081848144531e+01 -2.209396171569824219e+01 -9.496198296546936035e-01 -1.307810097932815552e-01 1.714333444833755493e-01 7.769795060157775879e-01 5.914461612701416016e-01
2.613825416564941406e+01 -2.201926231384277344e+01 -9.548070430755615234e-01 -1.469188183546066284e-01 1.604122966527938843e-01 7.928963899612426758e-01 5.692060589790344238e-01
2.613915443420410156e+01 -2.195038986206054688e+01 -9.624482393264770508e-01 -1.624991446733474731e-01 1.495082974433898926e-01 8.070834875106811523e-01 5.475888252258300781e-01
2.613506889343261719e+01 -2.189048767089843750e+01 -9.670066833496093750e-01 -1.776031851768493652e-01 1.389343589544296265e-01 8.191320300102233887e-01 5.274195671081542969e-01
2.613061523437500000e+01 -2.183783531188964844e+01 -9.702364206314086914e-01 -1.920179873704910278e-01 1.290132254362106323e-01 8.292306661605834961e-01 5.087767243385314941e-01
2.612333297729492188e+01 -2.179387664794921875e+01 -9.718943238258361816e-01 -2.056428641080856323e-01 1.197296008467674255e-01 8.373321294784545898e-01 4.921806156635284424e-01
2.611485481262207031e+01 -2.175834846496582031e+01 -9.736714363098144531e-01 -2.182641476392745972e-01 1.114573255181312561e-01 8.435636162757873535e-01 4.778372347354888916e-01
2.610696029663085938e+01 -2.173086929321289062e+01 -9.766976833343505859e-01 -2.297302186489105225e-01 1.038253307342529297e-01 8.480256199836730957e-01 4.661388397216796875e-01
2.610165596008300781e+01 -2.171054077148437500e+01 -9.784367084503173828e-01 -2.402438372373580933e-01 9.769986569881439209e-02 8.507781624794006348e-01 4.570571184158325195e-01
2.609891319274902344e+01 -2.169743728637695312e+01 -9.793937206268310547e-01 -2.442881464958190918e-01 9.002397209405899048e-02 8.532263636589050293e-01 4.518960714340209961e-01
2.609602355957031250e+01 -2.169265365600585938e+01 -9.798282980918884277e-01 -2.472672909498214722e-01 8.411587774753570557e-02 8.541937470436096191e-01 4.495792388916015625e-01
2.609213829040527344e+01 -2.168820571899414062e+01 -9.797805547714233398e-01 -2.496697604656219482e-01 7.982543855905532837e-02 8.537573218345642090e-01 4.498616755008697510e-01
2.608920478820800781e+01 -2.168197822570800781e+01 -9.798250198364257812e-01 -2.514954209327697754e-01 7.689382135868072510e-02 8.521877527236938477e-01 4.523233175277709961e-01
2.608505821228027344e+01 -2.167603302001953125e+01 -9.798692464828491211e-01 -2.528270781040191650e-01 7.518822699785232544e-02 8.495511412620544434e-01 4.568040966987609863e-01
2.608252525329589844e+01 -2.166776084899902344e+01 -9.803712368011474609e-01 -2.536936104297637939e-01 7.450579851865768433e-02 8.461030721664428711e-01 4.627944529056549072e-01
2.608137512207031250e+01 -2.165815353393554688e+01 -9.814827442169189453e-01 -2.540276944637298584e-01 7.514566928148269653e-02 8.420218825340270996e-01 4.698951542377471924e-01
2.607975387573242188e+01 -2.164765930175781250e+01 -9.818782210350036621e-01 -2.539936900138854980e-01 7.660290598869323730e-02 8.373426198959350586e-01 4.779691696166992188e-01
2.607922554016113281e+01 -2.163565254211425781e+01 -9.814162850379943848e-01 -2.535887658596038818e-01 7.884094864130020142e-02 8.322737216949462891e-01 4.865944683551788330e-01
2.607917022705078125e+01 -2.162241744995117188e+01 -9.815867543220520020e-01 -2.527809441089630127e-01 8.141485601663589478e-02 8.269436955451965332e-01 4.955934286117553711e-01
2.607882690429687500e+01 -2.160796928405761719e+01 -9.816200733184814453e-01 -2.515461742877960205e-01 8.460691571235656738e-02 8.215520381927490234e-01 5.045714378356933594e-01
2.607894515991210938e+01 -2.159196281433105469e+01 -9.819681048393249512e-01 -2.498560547828674316e-01 8.843592554330825806e-02 8.163282871246337891e-01 5.131586790084838867e-01
2.607708549499511719e+01 -2.157499694824218750e+01 -9.819779992103576660e-01 -2.477756738662719727e-01 9.273948520421981812e-02 8.113816380500793457e-01 5.211895108222961426e-01
2.607761764526367188e+01 -2.155604171752929688e+01 -9.836269021034240723e-01 -2.452253401279449463e-01 9.752836823463439941e-02 8.070673942565917969e-01 5.281725525856018066e-01
2.607838439941406250e+01 -2.153535461425781250e+01 -9.851391315460205078e-01 -2.423891425132751465e-01 1.024356782436370850e-01 8.034788370132446289e-01 5.339909791946411133e-01
2.607529449462890625e+01 -2.151388931274414062e+01 -9.868704080581665039e-01 -2.392798513174057007e-01 1.074865758419036865e-01 8.007237911224365234e-01 5.385192632675170898e-01
2.607517814636230469e+01 -2.148984146118164062e+01 -9.896541237831115723e-01 -2.359616607427597046e-01 1.125215888023376465e-01 7.991954088211059570e-01 5.412180423736572266e-01
2.607418060302734375e+01 -2.146419143676757812e+01 -9.919685125350952148e-01 -2.326307743787765503e-01 1.174824088811874390e-01 7.989438176155090332e-01 5.419766306877136230e-01
2.607180404663085938e+01 -2.143680953979492188e+01 -9.949857592582702637e-01 -2.292337864637374878e-01 1.225075721740722656e-01 8.001922965049743652e-01 5.404679775238037109e-01
2.606967735290527344e+01 -2.140726470947265625e+01 -9.958336949348449707e-01 -2.264188826084136963e-01 1.270367056131362915e-01 8.029695749282836914e-01 5.364753007888793945e-01
2.607040977478027344e+01 -2.137527656555175781e+01 -9.989024996757507324e-01 -2.179192751646041870e-01 1.268399208784103394e-01 8.090323209762573242e-01 5.309045910835266113e-01
2.607204246520996094e+01 -2.134138298034667969e+01 -1.001773238182067871e+00 -2.088131457567214966e-01 1.255648732185363770e-01 8.168641924858093262e-01 5.228135585784912109e-01
2.607350730895996094e+01 -2.130545234680175781e+01 -1.005980849266052246e+00 -1.993959993124008179e-01 1.232901886105537415e-01 8.260931968688964844e-01 5.124274492263793945e-01
2.607242965698242188e+01 -2.126817703247070312e+01 -1.011583328247070312e+00 -1.895987242460250854e-01 1.204716265201568604e-01 8.363927602767944336e-01 4.999580383300781250e-01
2.607143592834472656e+01 -2.122920608520507812e+01 -1.017650246620178223e+00 -1.795779913663864136e-01 1.172754168510437012e-01 8.475025296211242676e-01 4.854998886585235596e-01
2.607104873657226562e+01 -2.118798637390136719e+01 -1.023702144622802734e+00 -1.694597899913787842e-01 1.136493980884552002e-01 8.591297268867492676e-01 4.692934751510620117e-01
2.606935310363769531e+01 -2.115432929992675781e+01 -1.027705192565917969e+00 -1.595119982957839966e-01 1.092208623886108398e-01 8.708956241607666016e-01 4.518192708492279053e-01
2.607071113586425781e+01 -2.112325668334960938e+01 -1.030154109001159668e+00 -1.497683823108673096e-01 1.044817715883255005e-01 8.827573060989379883e-01 4.328575432300567627e-01
2.606218719482421875e+01 -2.110910415649414062e+01 -1.036188244819641113e+00 -1.400514543056488037e-01 9.908396005630493164e-02 8.940000534057617188e-01 4.138896763324737549e-01
2.604484176635742188e+01 -2.110748291015625000e+01 -1.039495468139648438e+00 -1.308503448963165283e-01 9.342232346534729004e-02 9.045262336730957031e-01 3.949120640754699707e-01
2.603996658325195312e+01 -2.109937286376953125e+01 -1.038703560829162598e+00 -1.219856739044189453e-01 8.924863487482070923e-02 9.149143695831298828e-01 3.742443025112152100e-01
2.603498649597167969e+01 -2.109340286254882812e+01 -1.040399789810180664e+00 -1.134815290570259094e-01 8.521439880132675171e-02 9.245527982711791992e-01 3.536037504673004150e-01
2.602943038940429688e+01 -2.108821487426757812e+01 -1.039580702781677246e+00 -1.057264879345893860e-01 8.160391449928283691e-02 9.332993626594543457e-01 3.332991600036621094e-01
2.602288055419921875e+01 -2.108623886108398438e+01 -1.040159821510314941e+00 -9.872487187385559082e-02 7.814655452966690063e-02 9.410728216171264648e-01 3.138501942157745361e-01
2.601800537109375000e+01 -2.108329772949218750e+01 -1.042075514793395996e+00 -9.259175509214401245e-02 7.505505532026290894e-02 9.479279518127441406e-01 2.952960133552551270e-01
2.601292419433593750e+01 -2.108224105834960938e+01 -1.043055653572082520e+00 -8.747968822717666626e-02 7.277131825685501099e-02 9.537628293037414551e-01 2.781393826007843018e-01
2.600905609130859375e+01 -2.108087539672851562e+01 -1.043609261512756348e+00 -8.353405445814132690e-02 7.130988687276840210e-02 9.586203098297119141e-01 2.625973522663116455e-01
2.600569534301757812e+01 -2.108057403564453125e+01 -1.044458508491516113e+00 -8.094626665115356445e-02 7.054339349269866943e-02 9.624819159507751465e-01 2.491447180509567261e-01
2.600238418579101562e+01 -2.107664680480957031e+01 -1.045581579208374023e+00 -7.983388751745223999e-02 7.067745178937911987e-02 9.653539061546325684e-01 2.381086200475692749e-01
2.600140762329101562e+01 -2.106830215454101562e+01 -1.046486496925354004e+00 -8.028806746006011963e-02 7.200044393539428711e-02 9.672566652297973633e-01 2.296884059906005859e-01
