2.616429710388183594e+01 -2.226403045654296875e+01 -9.312875270843505859e-01 -9.828075766563415527e-02 1.950348913669586182e-01 7.394629120826721191e-01 6.367863416671752930e-01
2.616370964050292969e+01 -2.217281150817871094e+01 -9.335842728614807129e-01 -1.150438711047172546e-01 1.832592636346817017e-01 7.594122290611267090e-01 6.135743856430053711e-01
2.616245651245117188e+01 -2.208924102783203125e+01 -9.353088140487670898e-01 -1.317146867513656616e-01 1.714169085025787354e-01 7.774053812026977539e-01 5.906836986541748047e-01
2.616058540344238281e+01 -2.201339912414550781e+01 -9.367183446884155273e-01 -1.481142938137054443e-01 1.596853137016296387e-01 7.933974862098693848e-01 5.684018135070800781e-01
2.615821266174316406e+01 -2.194536781311035156e+01 -9.378790855407714844e-01 -1.640751957893371582e-01 1.482434868812561035e-01 8.073756694793701172e-01 5.470317006111145020e-01
2.615548896789550781e+01 -2.188520431518554688e+01 -9.388168454170227051e-01 -1.794412732124328613e-01 1.372694224119186401e-01 8.193556070327758789e-01 5.268855690956115723e-01
2.615255165100097656e+01 -2.183294677734375000e+01 -9.395601153373718262e-01 -1.940699815750122070e-01 1.269402801990509033e-01 8.293761014938354492e-01 5.082822442054748535e-01
2.614955329895019531e+01 -2.178863143920898438e+01 -9.401265382766723633e-01 -2.078233659267425537e-01 1.174262985587120056e-01 8.374946117401123047e-01 4.915427565574645996e-01
2.614665031433105469e+01 -2.175228881835937500e+01 -9.405252337455749512e-01 -2.205966114997863770e-01 1.089067161083221436e-01 8.437735438346862793e-01 4.769826531410217285e-01
2.614398384094238281e+01 -2.172390747070312500e+01 -9.407610893249511719e-01 -2.322051078081130981e-01 1.015075817704200745e-01 8.482971787452697754e-01 4.649269878864288330e-01
2.614168357849121094e+01 -2.170356750488281250e+01 -9.408341646194458008e-01 -2.427947074174880981e-01 9.553121030330657959e-02 8.510636687278747559e-01 4.556339681148529053e-01
2.613990592956542969e+01 -2.169119071960449219e+01 -9.406763315200805664e-01 -2.468523383140563965e-01 8.807585388422012329e-02 8.535131812095642090e-01 4.503419697284698486e-01
2.613860321044921875e+01 -2.168697929382324219e+01 -9.402726888656616211e-01 -2.498847097158432007e-01 8.211396634578704834e-02 8.544830679893493652e-01 4.479494392871856689e-01
2.613774108886718750e+01 -2.168241119384765625e+01 -9.401500821113586426e-01 -2.523151040077209473e-01 7.769210636615753174e-02 8.541024923324584961e-01 4.481005370616912842e-01
2.613727378845214844e+01 -2.167700958251953125e+01 -9.403185844421386719e-01 -2.541513741016387939e-01 7.464543730020523071e-02 8.525697588920593262e-01 4.504920840263366699e-01
2.613715171813964844e+01 -2.167085838317871094e+01 -9.407466650009155273e-01 -2.554745376110076904e-01 7.286880910396575928e-02 8.500396013259887695e-01 4.547941386699676514e-01
2.613732910156250000e+01 -2.166381835937500000e+01 -9.414338469505310059e-01 -2.563163936138153076e-01 7.224509865045547485e-02 8.466642498970031738e-01 4.606764018535614014e-01
2.613772964477539062e+01 -2.165587425231933594e+01 -9.423544406890869141e-01 -2.566998600959777832e-01 7.266488671302795410e-02 8.425917029380798340e-01 4.678069949150085449e-01
2.613829994201660156e+01 -2.164694976806640625e+01 -9.435079097747802734e-01 -2.566352188587188721e-01 7.401999831199645996e-02 8.379727602005004883e-01 4.758563637733459473e-01
2.613898277282714844e+01 -2.163698005676269531e+01 -9.448840022087097168e-01 -2.561268806457519531e-01 7.620443403720855713e-02 8.329637050628662109e-01 4.845000505447387695e-01
2.613972282409667969e+01 -2.162591552734375000e+01 -9.464820027351379395e-01 -2.551781833171844482e-01 7.911237329244613647e-02 8.277300596237182617e-01 4.934204518795013428e-01
2.614048004150390625e+01 -2.161368370056152344e+01 -9.482906460762023926e-01 -2.537949979305267334e-01 8.263950794935226440e-02 8.224463462829589844e-01 5.023094415664672852e-01
2.614120101928710938e+01 -2.160021781921386719e+01 -9.503071904182434082e-01 -2.519901990890502930e-01 8.668048679828643799e-02 8.172969222068786621e-01 5.108677744865417480e-01
2.614184951782226562e+01 -2.158544158935546875e+01 -9.525271654129028320e-01 -2.497861087322235107e-01 9.113030880689620972e-02 8.124740719795227051e-01 5.188062191009521484e-01
2.614241981506347656e+01 -2.156928443908691406e+01 -9.548745751380920410e-01 -2.472177594900131226e-01 9.588441252708435059e-02 8.081761002540588379e-01 5.258442759513854980e-01
2.614286613464355469e+01 -2.155166435241699219e+01 -9.573924541473388672e-01 -2.443346679210662842e-01 1.008377000689506531e-01 8.046041727066040039e-01 5.317093133926391602e-01
2.614316177368164062e+01 -2.153250885009765625e+01 -9.600778818130493164e-01 -2.412051409482955933e-01 1.058859974145889282e-01 8.019587397575378418e-01 5.361344218254089355e-01
2.614328575134277344e+01 -2.151173019409179688e+01 -9.629085659980773926e-01 -2.379082441329956055e-01 1.109196394681930542e-01 8.004363775253295898e-01 5.388575196266174316e-01
2.614321708679199219e+01 -2.148925781250000000e+01 -9.658666253089904785e-01 -2.345675230026245117e-01 1.158424243330955505e-01 8.002169728279113770e-01 5.396115779876708984e-01
2.614293289184570312e+01 -2.146500396728515625e+01 -9.689263105392456055e-01 -2.312299907207489014e-01 1.204888373613357544e-01 8.014879226684570312e-01 5.381464362144470215e-01
2.614239883422851562e+01 -2.143889999389648438e+01 -9.720636010169982910e-01 -2.283159494400024414e-01 1.249204501509666443e-01 8.043238520622253418e-01 5.341343879699707031e-01
2.614158630371093750e+01 -2.141092681884765625e+01 -9.752078056335449219e-01 -2.197889983654022217e-01 1.249006614089012146e-01 8.103647828102111816e-01 5.285563468933105469e-01
2.614044952392578125e+01 -2.138100433349609375e+01 -9.783738851547241211e-01 -2.106175273656845093e-01 1.238920912146568298e-01 8.181632161140441895e-01 5.204522013664245605e-01
2.613898658752441406e+01 -2.134923934936523438e+01 -9.815262556076049805e-01 -2.011677026748657227e-01 1.221825256943702698e-01 8.273464441299438477e-01 5.099725127220153809e-01
2.613719940185546875e+01 -2.131567001342773438e+01 -9.846287369728088379e-01 -1.914406418800354004e-01 1.198082864284515381e-01 8.376256227493286133e-01 4.973446726799011230e-01
2.613509178161621094e+01 -2.128052711486816406e+01 -9.876382350921630859e-01 -1.815385371446609497e-01 1.168738231062889099e-01 8.486919999122619629e-01 4.827822148799896240e-01
2.613268280029296875e+01 -2.124356651306152344e+01 -9.905465245246887207e-01 -1.715418100357055664e-01 1.134688407182693481e-01 8.602529168128967285e-01 4.665149450302124023e-01
2.612998580932617188e+01 -2.121280288696289062e+01 -9.928340911865234375e-01 -1.615431159734725952e-01 1.096906960010528564e-01 8.720303773880004883e-01 4.487849473953247070e-01
2.612702751159667969e+01 -2.118869400024414062e+01 -9.944601058959960938e-01 -1.516390591859817505e-01 1.056391373276710510e-01 8.837690353393554688e-01 4.298506677150726318e-01
2.612386894226074219e+01 -2.117124176025390625e+01 -9.954202771186828613e-01 -1.419328451156616211e-01 1.014180928468704224e-01 8.952389359474182129e-01 4.099871814250946045e-01
2.612057113647460938e+01 -2.116048240661621094e+01 -9.957105517387390137e-01 -1.325339823961257935e-01 9.713526070117950439e-02 9.062407016754150391e-01 3.894868493080139160e-01
2.611721611022949219e+01 -2.115672302246093750e+01 -9.953206777572631836e-01 -1.235572174191474915e-01 9.290125966072082520e-02 9.166074395179748535e-01 3.686551153659820557e-01
2.611391448974609375e+01 -2.115401077270507812e+01 -9.946362972259521484e-01 -1.151217520236968994e-01 8.882991224527359009e-02 9.262046813964843750e-01 3.478133678436279297e-01
2.611075973510742188e+01 -2.115211677551269531e+01 -9.936973452568054199e-01 -1.073512509465217590e-01 8.503753691911697388e-02 9.349311590194702148e-01 3.272937536239624023e-01
2.610786437988281250e+01 -2.115119171142578125e+01 -9.925227761268615723e-01 -1.003722324967384338e-01 8.164206147193908691e-02 9.427169561386108398e-01 3.074373602867126465e-01
2.610534477233886719e+01 -2.115121078491210938e+01 -9.911470413208007812e-01 -9.431376308202743530e-02 7.876279205083847046e-02 9.495211243629455566e-01 2.885904312133789062e-01
2.610333251953125000e+01 -2.115225410461425781e+01 -9.896009564399719238e-01 -8.930687606334686279e-02 7.651985436677932739e-02 9.553251266479492188e-01 2.711016833782196045e-01
2.610194206237792969e+01 -2.115425491333007812e+01 -9.879250526428222656e-01 -8.548317849636077881e-02 7.503392547369003296e-02 9.601284861564636230e-01 2.553211152553558350e-01
2.610130882263183594e+01 -2.115740203857421875e+01 -9.861440658569335938e-01 -8.297480642795562744e-02 7.442577183246612549e-02 9.639400839805603027e-01 2.415958791971206665e-01
2.610155105590820312e+01 -2.115743637084960938e+01 -9.845555424690246582e-01 -8.191376924514770508e-02 7.481627166271209717e-02 9.667685627937316895e-01 2.302687317132949829e-01
2.610279846191406250e+01 -2.115415763854980469e+01 -9.831996560096740723e-01 -8.243165910243988037e-02 7.632644474506378174e-02 9.686130285263061523e-01 2.216765135526657104e-01
