2.616429710388183594e+01 -2.226403045654296875e+01 -9.312875270843505859e-01 -9.828075766563415527e-02 1.950348913669586182e-01 7.394629120826721191e-01 6.367863416671752930e-01
2.616370582580566406e+01 -2.217281341552734375e+01 -9.335806965827941895e-01 -1.150440797209739685e-01 1.832592487335205078e-01 7.594122886657714844e-01 6.135742664337158203e-01
2.616236495971679688e+01 -2.208923721313476562e+01 -9.352358579635620117e-01 -1.317151933908462524e-01 1.714168637990951538e-01 7.774054408073425293e-01 5.906834602355957031e-01
2.616031455993652344e+01 -2.201339530944824219e+01 -9.365124106407165527e-01 -1.481150388717651367e-01 1.596852689981460571e-01 7.933976650238037109e-01 5.684015154838562012e-01
2.615767860412597656e+01 -2.194536209106445312e+01 -9.374803304672241211e-01 -1.640761494636535645e-01 1.482434272766113281e-01 8.073759078979492188e-01 5.470312237739562988e-01
2.615460968017578125e+01 -2.188519096374511719e+01 -9.381724596023559570e-01 -1.794424206018447876e-01 1.372693628072738647e-01 8.193557858467102051e-01 5.268849730491638184e-01
2.615124702453613281e+01 -2.183292770385742188e+01 -9.386147260665893555e-01 -1.940712928771972656e-01 1.269402056932449341e-01 8.293762803077697754e-01 5.082814693450927734e-01
2.614774894714355469e+01 -2.178860092163085938e+01 -9.388322234153747559e-01 -2.078247815370559692e-01 1.174262240529060364e-01 8.374948501586914062e-01 4.915418326854705811e-01
2.614426994323730469e+01 -2.175225067138671875e+01 -9.388351440429687500e-01 -2.205981314182281494e-01 1.089066565036773682e-01 8.437737822532653809e-01 4.769816100597381592e-01
2.614095115661621094e+01 -2.172385406494140625e+01 -9.386327862739562988e-01 -2.322067171335220337e-01 1.015075147151947021e-01 8.482973575592041016e-01 4.649258255958557129e-01
2.613793182373046875e+01 -2.170349884033203125e+01 -9.382255673408508301e-01 -2.427963614463806152e-01 9.553112834692001343e-02 8.510637879371643066e-01 4.556326866149902344e-01
2.613536643981933594e+01 -2.169111442565917969e+01 -9.375448226928710938e-01 -2.468540221452713013e-01 8.807576447725296021e-02 8.535134196281433105e-01 4.503406584262847900e-01
2.613321304321289062e+01 -2.168688392639160156e+01 -9.365857243537902832e-01 -2.498863339424133301e-01 8.211386203765869141e-02 8.544833064079284668e-01 4.479480385780334473e-01
2.613144111633300781e+01 -2.168229866027832031e+01 -9.358758330345153809e-01 -2.523166239261627197e-01 7.769194245338439941e-02 8.541027307510375977e-01 4.480989873409271240e-01
2.613000297546386719e+01 -2.167687606811523438e+01 -9.354184865951538086e-01 -2.541528940200805664e-01 7.464522868394851685e-02 8.525700569152832031e-01 4.504904747009277344e-01
2.612885284423828125e+01 -2.167070579528808594e+01 -9.351940155029296875e-01 -2.554759979248046875e-01 7.286854833364486694e-02 8.500399589538574219e-01 4.547924697399139404e-01
2.612794685363769531e+01 -2.166364669799804688e+01 -9.351909756660461426e-01 -2.563178837299346924e-01 7.224481552839279175e-02 8.466647267341613770e-01 4.606747329235076904e-01
2.612721824645996094e+01 -2.165567779541015625e+01 -9.353999495506286621e-01 -2.567012906074523926e-01 7.266453653573989868e-02 8.425921797752380371e-01 4.678052365779876709e-01
2.612661552429199219e+01 -2.164672088623046875e+01 -9.358146190643310547e-01 -2.566365897655487061e-01 7.401961833238601685e-02 8.379732966423034668e-01 4.758545458316802979e-01
2.612607574462890625e+01 -2.163672637939453125e+01 -9.364309906959533691e-01 -2.561282515525817871e-01 7.620401680469512939e-02 8.329644203186035156e-01 4.844981729984283447e-01
2.612555313110351562e+01 -2.162562561035156250e+01 -9.372444152832031250e-01 -2.551794350147247314e-01 7.911190390586853027e-02 8.277307152748107910e-01 4.934184551239013672e-01
2.612500000000000000e+01 -2.161336517333984375e+01 -9.382479190826416016e-01 -2.537962496280670166e-01 8.263900130987167358e-02 8.224471211433410645e-01 5.023075342178344727e-01
2.612437820434570312e+01 -2.159986877441406250e+01 -9.394371509552001953e-01 -2.519913911819458008e-01 8.667995780706405640e-02 8.172978162765502930e-01 5.108658671379089355e-01
2.612364768981933594e+01 -2.158505058288574219e+01 -9.408112764358520508e-01 -2.497872412204742432e-01 9.112975746393203735e-02 8.124750256538391113e-01 5.188042521476745605e-01
2.612281036376953125e+01 -2.156885147094726562e+01 -9.422929286956787109e-01 -2.472188472747802734e-01 9.588381648063659668e-02 8.081771731376647949e-01 5.258423686027526855e-01
2.612182044982910156e+01 -2.155118370056152344e+01 -9.439340233802795410e-01 -2.443356961011886597e-01 1.008370369672775269e-01 8.046053051948547363e-01 5.317072868347167969e-01
2.612065315246582031e+01 -2.153197860717773438e+01 -9.457237124443054199e-01 -2.412061095237731934e-01 1.058853194117546082e-01 8.019599318504333496e-01 5.361323952674865723e-01
2.611928558349609375e+01 -2.151114654541015625e+01 -9.476484656333923340e-01 -2.379091829061508179e-01 1.109189540147781372e-01 8.004376888275146484e-01 5.388554334640502930e-01
2.611770629882812500e+01 -2.148861312866210938e+01 -9.496865272521972656e-01 -2.345684021711349487e-01 1.158417090773582458e-01 8.002182245254516602e-01 5.396093726158142090e-01
2.611589050292968750e+01 -2.146430015563964844e+01 -9.518145918846130371e-01 -2.312308400869369507e-01 1.204880997538566589e-01 8.014893531799316406e-01 5.381441712379455566e-01
2.611380386352539062e+01 -2.143813133239746094e+01 -9.540074467658996582e-01 -2.283167839050292969e-01 1.249197050929069519e-01 8.043252825736999512e-01 5.341321825981140137e-01
2.611142730712890625e+01 -2.141008567810058594e+01 -9.561995267868041992e-01 -2.197897732257843018e-01 1.248999238014221191e-01 8.103662729263305664e-01 5.285539627075195312e-01
2.610870933532714844e+01 -2.138008880615234375e+01 -9.584033489227294922e-01 -2.106182724237442017e-01 1.238913759589195251e-01 8.181647062301635742e-01 5.204496979713439941e-01
2.610565567016601562e+01 -2.134824180603027344e+01 -9.605833292007446289e-01 -2.011684179306030273e-01 1.221818402409553528e-01 8.273481130599975586e-01 5.099700093269348145e-01
2.610227012634277344e+01 -2.131458854675292969e+01 -9.627091288566589355e-01 -1.914412677288055420e-01 1.198075935244560242e-01 8.376271724700927734e-01 4.973420500755310059e-01
2.609855651855468750e+01 -2.127935409545898438e+01 -9.647365808486938477e-01 -1.815391331911087036e-01 1.168731600046157837e-01 8.486935496330261230e-01 4.827795922756195068e-01
2.609453773498535156e+01 -2.124229812622070312e+01 -9.666526913642883301e-01 -1.715423464775085449e-01 1.134681627154350281e-01 8.602542877197265625e-01 4.665121734142303467e-01
2.609022903442382812e+01 -2.121142578125000000e+01 -9.679438471794128418e-01 -1.615436226129531860e-01 1.096900403499603271e-01 8.720318675041198730e-01 4.487821161746978760e-01
2.608565711975097656e+01 -2.118721008300781250e+01 -9.685702323913574219e-01 -1.516394913196563721e-01 1.056384965777397156e-01 8.837704658508300781e-01 4.298477172851562500e-01
2.608088684082031250e+01 -2.116963577270507812e+01 -9.685233235359191895e-01 -1.419332325458526611e-01 1.014173775911331177e-01 8.952404260635375977e-01 4.099836647510528564e-01
2.607597923278808594e+01 -2.115875625610351562e+01 -9.678037166595458984e-01 -1.325343698263168335e-01 9.713447093963623047e-02 9.062424898147583008e-01 3.894827365875244141e-01
2.607101631164550781e+01 -2.115486907958984375e+01 -9.664001464843750000e-01 -1.235575899481773376e-01 9.290045499801635742e-02 9.166091680526733398e-01 3.686507642269134521e-01
2.606610298156738281e+01 -2.115203285217285156e+01 -9.646986126899719238e-01 -1.151221171021461487e-01 8.882914483547210693e-02 9.262062907218933105e-01 3.478088676929473877e-01
2.606133460998535156e+01 -2.115001106262207031e+01 -9.627375006675720215e-01 -1.073516383767127991e-01 8.503680676221847534e-02 9.349328875541687012e-01 3.272891938686370850e-01
2.605683135986328125e+01 -2.114895248413085938e+01 -9.605396986007690430e-01 -1.003726199269294739e-01 8.164134621620178223e-02 9.427186250686645508e-01 3.074325621128082275e-01
2.605270385742187500e+01 -2.114883804321289062e+01 -9.581377506256103516e-01 -9.431421756744384766e-02 7.876210659742355347e-02 9.495226740837097168e-01 2.885853648185729980e-01
2.604908752441406250e+01 -2.114974784851074219e+01 -9.555642604827880859e-01 -8.930738270282745361e-02 7.651919126510620117e-02 9.553267359733581543e-01 2.710964679718017578e-01
2.604609107971191406e+01 -2.115161323547363281e+01 -9.528592824935913086e-01 -8.548372983932495117e-02 7.503326982259750366e-02 9.601300954818725586e-01 2.553156614303588867e-01
2.604385566711425781e+01 -2.115462303161621094e+01 -9.500498771667480469e-01 -8.297541737556457520e-02 7.442515343427658081e-02 9.639416337013244629e-01 2.415902316570281982e-01
2.604249763488769531e+01 -2.115451812744140625e+01 -9.474323391914367676e-01 -8.191440999507904053e-02 7.481565326452255249e-02 9.667699933052062988e-01 2.302629649639129639e-01
2.604214286804199219e+01 -2.115110588073730469e+01 -9.450482130050659180e-01 -8.243230730295181274e-02 7.632581889629364014e-02 9.686143398284912109e-01 2.216706722974777222e-01
