8.754764497280120850e-02 3.855707822367548943e-03 2.584715560078620911e-02 -2.387858182191848755e-02 6.098654586821794510e-03 1.880840770900249481e-02 9.995192885398864746e-01
7.762937992811203003e-02 -5.230245180428028107e-03 3.118528611958026886e-02 -2.560374699532985687e-02 7.771458011120557785e-03 2.051225677132606506e-02 9.994314908981323242e-01
6.891276687383651733e-02 -7.457227446138858795e-03 3.166217356920242310e-02 -2.503325603902339935e-02 8.502638898789882660e-03 1.800969429314136505e-02 9.994882345199584961e-01
5.921581760048866272e-02 -1.490870025008916855e-02 3.105023503303527832e-02 -2.435810491442680359e-02 1.011039875447750092e-02 1.850381493568420410e-02 9.994809031486511230e-01
5.096957087516784668e-02 -1.775024458765983582e-02 2.789769321680068970e-02 -2.218401990830898285e-02 8.947058580815792084e-03 1.588330976665019989e-02 9.995877146720886230e-01
4.300025850534439087e-02 -1.906203106045722961e-02 2.433415688574314117e-02 -1.998899318277835846e-02 8.325568400323390961e-03 1.362816337496042252e-02 9.996726512908935547e-01
3.611087054014205933e-02 -1.746367290616035461e-02 2.066492661833763123e-02 -1.778111420571804047e-02 7.954294793307781219e-03 1.084940042346715927e-02 9.997513890266418457e-01
2.934869565069675446e-02 -1.500870939344167709e-02 1.735447160899639130e-02 -1.572388224303722382e-02 7.739630993455648422e-03 8.467374369502067566e-03 9.998105764389038086e-01
2.381445281207561493e-02 -1.237356383353471756e-02 1.192937139421701431e-02 -1.326788868755102158e-02 6.702508311718702316e-03 5.673222243785858154e-03 9.998733997344970703e-01
1.713006012141704559e-02 -9.592371992766857147e-03 8.644321933388710022e-03 -1.123132929205894470e-02 6.675058975815773010e-03 4.237760324031114578e-03 9.999056458473205566e-01
1.143317949026823044e-02 -6.366787478327751160e-03 3.124399809166789055e-03 -8.631634525954723358e-03 -8.145028259605169296e-04 6.449744105339050293e-04 9.999622106552124023e-01
5.326434504240751266e-03 -1.024743774905800819e-03 1.639033551327884197e-03 -6.317939143627882004e-03 -4.416538286022841930e-05 -1.112886006012558937e-03 9.999794363975524902e-01
5.788980051875114441e-03 -4.537149798125028610e-04 2.376926131546497345e-03 -3.747589420527219772e-03 2.296578459208831191e-04 -3.820148995146155357e-03 9.999856352806091309e-01
6.465756334364414215e-03 -7.135998457670211792e-04 2.645296510308980942e-03 -1.636431319639086723e-03 4.332375247031450272e-04 -5.563273560255765915e-03 9.999830722808837891e-01
7.296389900147914886e-03 -2.341051294934004545e-04 2.954615047201514244e-03 4.579472297336906195e-04 5.709848483093082905e-04 -7.842970080673694611e-03 9.999689459800720215e-01
8.069382049143314362e-03 -1.958599779754877090e-03 3.001051722094416618e-03 1.523692742921411991e-03 7.164353155530989170e-04 -9.039705619215965271e-03 9.999577403068542480e-01
8.789544925093650818e-03 -3.507946617901325226e-03 2.719252603128552437e-03 3.325200174003839493e-03 9.499389561824500561e-04 -9.648393839597702026e-03 9.999474883079528809e-01
9.721571579575538635e-03 -3.049247432500123978e-03 3.977489192038774490e-03 4.136914387345314026e-03 1.479570753872394562e-03 -1.056679710745811462e-02 9.999344944953918457e-01
9.378662332892417908e-03 -5.675589200109243393e-03 5.106689408421516418e-03 5.151055287569761276e-03 1.759381615556776524e-03 -1.037041936069726944e-02 9.999313950538635254e-01
1.005811337381601334e-02 -7.248174399137496948e-03 4.860282875597476959e-03 5.468563176691532135e-03 1.752389711327850819e-03 -1.037566177546977997e-02 9.999296665191650391e-01
1.184684410691261292e-02 -6.891164928674697876e-03 5.070152226835489273e-03 6.102235522121191025e-03 1.462571672163903713e-03 -9.962797164916992188e-03 9.999306797981262207e-01
1.355941966176033020e-02 -7.459254935383796692e-03 3.990536089986562729e-03 7.540581747889518738e-03 8.813452441245317459e-04 -9.683075360953807831e-03 9.999243021011352539e-01
1.514034252613782883e-02 -6.131615024060010910e-03 6.119470112025737762e-03 7.701283786445856094e-03 1.113278791308403015e-03 -9.012662805616855621e-03 9.999291300773620605e-01
1.566153578460216522e-02 -8.739260025322437286e-03 6.191681604832410812e-03 7.923778146505355835e-03 1.234344323165714741e-03 -7.617278024554252625e-03 9.999388456344604492e-01
1.644908264279365540e-02 -1.019799616187810898e-02 7.051296997815370560e-03 7.891726680099964142e-03 1.227888977155089378e-03 -6.035618949681520462e-03 9.999498724937438965e-01
1.947467401623725891e-02 -7.608611136674880981e-03 7.765421178191900253e-03 7.474794518202543259e-03 9.796015219762921333e-04 -4.660450853407382965e-03 9.999607205390930176e-01
2.044858597218990326e-02 -1.005444675683975220e-02 7.849287241697311401e-03 6.957871373742818832e-03 4.542008391581475735e-04 -2.411680528894066811e-03 9.999727606773376465e-01
2.215451002120971680e-02 -9.661989286541938782e-03 9.522230364382266998e-03 6.123190280050039291e-03 9.888622444123029709e-04 -4.675865056924521923e-04 9.999806284904479980e-01
2.375136688351631165e-02 -1.043062657117843628e-02 1.037491764873266220e-02 5.239511840045452118e-03 1.076273387297987938e-03 2.380075166001915932e-03 9.999828338623046875e-01
2.447126992046833038e-02 -9.981815703213214874e-03 1.414728537201881409e-02 2.996223047375679016e-03 2.007135190069675446e-03 5.170236341655254364e-03 9.999801516532897949e-01
2.465339750051498413e-02 -1.186562329530715942e-02 1.660058088600635529e-02 1.703777816146612167e-03 -3.713817102834582329e-03 6.917639635503292084e-03 9.999677538871765137e-01
2.509361505508422852e-02 -1.234954781830310822e-02 1.944003812968730927e-02 3.181540814694017172e-04 -3.537221811711788177e-03 9.252835996448993683e-03 9.999508857727050781e-01
2.781965769827365875e-02 -1.140888966619968414e-02 1.984577998518943787e-02 -1.175379962660372257e-03 -3.959148190915584564e-03 1.048199087381362915e-02 9.999365210533142090e-01
3.207657858729362488e-02 -1.027805358171463013e-02 1.737087033689022064e-02 -2.747606486082077026e-03 -6.118614226579666138e-03 1.335919648408889771e-02 9.998882412910461426e-01
3.365257382392883301e-02 -1.332258153706789017e-02 1.622396707534790039e-02 -3.325581317767500877e-03 -6.708969362080097198e-03 1.543785445392131805e-02 9.998527765274047852e-01
3.419218957424163818e-02 -1.734775118529796600e-02 1.542701385915279388e-02 -3.374507417902350426e-03 -6.615803111344575882e-03 1.648217812180519104e-02 9.998365640640258789e-01
2.862675674259662628e-02 -1.527199801057577133e-02 1.300145220011472702e-02 -3.494250122457742691e-03 -6.687522865831851959e-03 1.719981990754604340e-02 9.998236298561096191e-01
2.321784384548664093e-02 -1.263626571744680405e-02 1.065139286220073700e-02 -4.806795623153448105e-03 -6.593418773263692856e-03 1.803408190608024597e-02 9.998040795326232910e-01
1.964363083243370056e-02 -8.957552723586559296e-03 4.150089342147111893e-03 -3.766213310882449150e-03 -7.346371654421091080e-03 1.811097376048564911e-02 9.998018741607666016e-01
1.461347099393606186e-02 -4.747669678181409836e-03 1.846518833190202713e-03 -3.607151564210653305e-03 -7.615326438099145889e-03 1.874510757625102997e-02 9.997887611389160156e-01
8.861320093274116516e-03 9.132414124906063080e-04 -2.134844893589615822e-03 -3.926973324269056320e-03 -9.069002233445644379e-03 1.889360509812831879e-02 9.997726678848266602e-01
7.609305437654256821e-03 -4.005117516499012709e-04 -3.824193496257066727e-03 -3.479411359876394272e-03 -8.052084594964981079e-03 1.963465288281440735e-02 9.997687339782714844e-01
7.367298472672700882e-03 -2.031367737799882889e-03 1.679917681030929089e-03 -3.743163309991359711e-03 -5.920822732150554657e-03 1.935277134180068970e-02 9.997881650924682617e-01
4.997565876692533493e-03 1.100823399610817432e-03 -4.886780865490436554e-03 -3.724104957655072212e-03 -7.747964933514595032e-03 1.820661313831806183e-02 9.997972846031188965e-01
3.944254014641046524e-03 2.058632439002394676e-03 -4.423944745212793350e-03 -3.244866151362657547e-03 -7.046842947602272034e-03 1.693738065659999847e-02 9.998264312744140625e-01
3.024876350536942482e-03 1.740161678753793240e-03 -4.146643448621034622e-03 -2.707648556679487228e-03 -6.436828523874282837e-03 1.583798974752426147e-02 9.998502135276794434e-01
2.771687461063265800e-03 9.951972169801592827e-04 -3.454419784247875214e-03 -2.176776761189103127e-03 -4.725085571408271790e-03 1.450057886540889740e-02 9.998813271522521973e-01
1.807477208785712719e-03 1.682967878878116608e-03 -2.658972516655921936e-03 -1.312422915361821651e-03 -3.301181364804506302e-03 1.226404123008251190e-02 9.999184608459472656e-01
4.815329331904649734e-03 -3.619253984652459621e-04 -3.273885697126388550e-03 -1.344450633041560650e-03 -1.953117549419403076e-03 8.893189951777458191e-03 9.999576210975646973e-01
7.266858592629432678e-03 -4.986598156392574310e-03 7.232402276713401079e-05 1.006959282676689327e-04 1.758713973686099052e-03 6.743363570421934128e-03 9.999757409095764160e-01
1.656706631183624268e-01 1.289561507292091846e-03 5.693451315164566040e-02 -4.427975788712501526e-02 1.248842570930719376e-02 3.191844746470451355e-02 9.984310269355773926e-01
1.469752192497253418e-01 -1.195567753165960312e-02 6.215616315603256226e-02 -4.267420992255210876e-02 1.519418880343437195e-02 2.945843152701854706e-02 9.985390305519104004e-01
1.282119601964950562e-01 -3.173601254820823669e-02 5.911667272448539734e-02 -4.324651136994361877e-02 1.585623994469642639e-02 3.425226733088493347e-02 9.983512163162231445e-01
1.111645922064781189e-01 -3.428879752755165100e-02 5.634399503469467163e-02 -4.408077895641326904e-02 1.618099585175514221e-02 3.354074805974960327e-02 9.983336329460144043e-01
9.538048505783081055e-02 -3.430308774113655090e-02 5.153986811637878418e-02 -4.076122492551803589e-02 1.676505059003829956e-02 3.052102029323577881e-02 9.985619187355041504e-01
7.955260574817657471e-02 -3.436972200870513916e-02 4.593034833669662476e-02 -3.715423494577407837e-02 1.600792631506919861e-02 2.550976909697055817e-02 9.988556504249572754e-01
6.610419601202011108e-02 -3.013105317950248718e-02 3.883118927478790283e-02 -3.270910307765007019e-02 1.662855409085750580e-02 2.082841098308563232e-02 9.991095066070556641e-01
5.389225482940673828e-02 -2.313163876533508301e-02 3.160532936453819275e-02 -2.739787288010120392e-02 1.539443433284759521e-02 1.374551560729742050e-02 9.994115233421325684e-01
4.098886251449584961e-02 -1.968476176261901855e-02 2.269354835152626038e-02 -2.337910607457160950e-02 1.265117060393095016e-02 9.239527396857738495e-03 9.996039271354675293e-01
2.847185544669628143e-02 -1.425605081021785736e-02 1.428748853504657745e-02 -1.930619031190872192e-02 6.025818176567554474e-03 5.275441333651542664e-03 9.997815489768981934e-01
1.681081205606460571e-02 -6.962819024920463562e-03 5.749547854065895081e-03 -1.516207214444875717e-02 -6.669287104159593582e-04 -4.112719907425343990e-04 9.998847246170043945e-01
1.112171821296215057e-02 -1.454039476811885834e-03 4.042104817926883698e-03 -9.633272886276245117e-03 -5.506648813025094569e-05 -5.211971234530210495e-03 9.999400377273559570e-01
1.201571151614189148e-02 -1.515759155154228210e-03 5.461192689836025238e-03 -5.563293118029832840e-03 5.270828842185437679e-04 -9.118215180933475494e-03 9.999428391456604004e-01
1.335760951042175293e-02 -1.996629405766725540e-03 6.271251477301120758e-03 -1.529465778730809689e-03 1.012671156786382198e-03 -1.298816967755556107e-02 9.999139904975891113e-01
1.505614910274744034e-02 -2.318278420716524124e-03 6.845219060778617859e-03 1.688330550678074360e-03 1.033982145600020885e-03 -1.612616889178752899e-02 9.998679757118225098e-01
1.678254641592502594e-02 -5.439213477075099945e-03 6.121677812188863754e-03 5.199458915740251541e-03 1.500511192716658115e-03 -1.848668605089187622e-02 9.998144507408142090e-01
1.825750619173049927e-02 -6.835773587226867676e-03 7.201454602181911469e-03 7.361842785030603409e-03 2.346168272197246552e-03 -1.954829134047031403e-02 9.997790455818176270e-01
1.899378374218940735e-02 -9.270066395401954651e-03 9.147655218839645386e-03 9.909513406455516815e-03 3.006945131346583366e-03 -2.038888633251190186e-02 9.997385144233703613e-01
1.939623057842254639e-02 -1.305370777845382690e-02 9.949869476258754730e-03 1.096770633012056351e-02 3.139269305393099785e-03 -2.088331058621406555e-02 9.997168183326721191e-01
2.219782024621963501e-02 -1.396515965461730957e-02 9.604191407561302185e-03 1.195879746228456497e-02 2.957984106615185738e-03 -2.097948454320430756e-02 9.997040033340454102e-01
2.454477176070213318e-02 -1.536185666918754578e-02 9.877950884401798248e-03 1.349113136529922485e-02 2.293413737788796425e-03 -1.983659341931343079e-02 9.997096061706542969e-01
2.757706679403781891e-02 -1.509797666221857071e-02 1.134722121059894562e-02 1.426010392606258392e-02 2.259940141811966896e-03 -1.823842898011207581e-02 9.997293949127197266e-01
3.022232837975025177e-02 -1.613652892410755157e-02 1.234424766153097153e-02 1.489814464002847672e-02 2.055216813459992409e-03 -1.602412573993206024e-02 9.997584819793701172e-01
3.205839917063713074e-02 -1.927354373037815094e-02 1.290978211909532547e-02 1.498059462755918503e-02 1.981711015105247498e-03 -1.286814641207456589e-02 9.998030066490173340e-01
3.597568348050117493e-02 -1.806604303419589996e-02 1.482869405299425125e-02 1.424217876046895981e-02 1.537892851047217846e-03 -1.005662698298692703e-02 9.998468160629272461e-01
3.973813354969024658e-02 -1.781213842332363129e-02 1.602864451706409454e-02 1.384199876338243484e-02 1.248947926796972752e-03 -6.391183473169803619e-03 9.998829960823059082e-01
4.228550568222999573e-02 -2.012232691049575806e-02 1.774336397647857666e-02 1.312496047466993332e-02 8.995264652185142040e-04 -2.343283966183662415e-03 9.999107122421264648e-01
4.581478983163833618e-02 -1.976522058248519897e-02 2.042657509446144104e-02 1.099376007914543152e-02 2.289545955136418343e-03 2.483495743945240974e-03 9.999338388442993164e-01
4.836338013410568237e-02 -2.022881992161273956e-02 2.461514063179492950e-02 8.462697267532348633e-03 2.766044344753026962e-03 7.774822879582643509e-03 9.999301433563232422e-01
4.928343743085861206e-02 -2.230927534401416779e-02 3.024575673043727875e-02 4.885201808065176010e-03 -2.880404703319072723e-03 1.190700475126504898e-02 9.999130368232727051e-01
5.054447799921035767e-02 -2.404940500855445862e-02 3.508687019348144531e-02 1.522487262263894081e-03 -8.464902639389038086e-03 1.512761134654283524e-02 9.998486042022705078e-01
5.302659049630165100e-02 -2.667012810707092285e-02 3.726976364850997925e-02 -9.402824798598885536e-04 -8.926656097173690796e-03 1.894881948828697205e-02 9.997801780700683594e-01
5.892424657940864563e-02 -2.585744112730026245e-02 3.638951852917671204e-02 -3.114267485216259956e-03 -1.098340749740600586e-02 2.230137772858142853e-02 9.996861219406127930e-01
6.460569053888320923e-02 -2.720255032181739807e-02 3.319465368986129761e-02 -4.251407459378242493e-03 -1.239497866481542587e-02 2.651515789330005646e-02 9.995625019073486328e-01
6.733653694391250610e-02 -3.040706738829612732e-02 3.317836672067642212e-02 -4.919087979942560196e-03 -1.285413559526205063e-02 2.888183668255805969e-02 9.994880557060241699e-01
6.286477297544479370e-02 -3.173632919788360596e-02 2.931002900004386902e-02 -6.100807804614305496e-03 -1.300945971161127090e-02 3.094923123717308044e-02 9.994176626205444336e-01
5.173392593860626221e-02 -2.812385372817516327e-02 2.361924201250076294e-02 -8.822952397167682648e-03 -1.403464004397392273e-02 3.383140265941619873e-02 9.992900490760803223e-01
4.272078350186347961e-02 -2.284912578761577606e-02 1.413976401090621948e-02 -7.987754419445991516e-03 -1.381622254848480225e-02 3.477371856570243835e-02 9.992677569389343262e-01
3.426817804574966431e-02 -1.378360018134117126e-02 6.023597437888383865e-03 -6.813344080001115799e-03 -1.541705802083015442e-02 3.452452644705772400e-02 9.992616772651672363e-01
2.353915199637413025e-02 -5.468970630317926407e-03 4.073848016560077667e-03 -7.530891802161931992e-03 -1.438441313803195953e-02 3.615223616361618042e-02 9.992144107818603516e-01
1.681037433445453644e-02 -4.173708148300647736e-03 3.540965961292386055e-03 -6.689655594527721405e-03 -1.397806964814662933e-02 3.942945972084999084e-02 9.991021752357482910e-01
1.596742868423461914e-02 -3.092656610533595085e-03 -1.599715091288089752e-03 -6.212487816810607910e-03 -1.541292574256658554e-02 3.808196634054183960e-02 9.991364479064941406e-01
1.470174547284841537e-02 -1.709042815491557121e-03 1.653330167755484581e-03 -6.884183268994092941e-03 -1.194249093532562256e-02 3.684669733047485352e-02 9.992258548736572266e-01
1.122686825692653656e-02 2.216733060777187347e-03 -6.858783774077892303e-03 -6.435915362089872360e-03 -1.410063635557889938e-02 3.424722701311111450e-02 9.992932081222534180e-01
7.566406391561031342e-03 3.744056215509772301e-03 -8.078235201537609100e-03 -5.779001861810684204e-03 -1.300045289099216461e-02 3.223349526524543762e-02 9.993790984153747559e-01
6.063888315111398697e-03 3.336009103804826736e-03 -7.144478149712085724e-03 -4.715562798082828522e-03 -1.092510018497705460e-02 2.936213649809360504e-02 9.994980096817016602e-01
4.828988108783960342e-03 2.597398823127150536e-03 -6.031269673258066177e-03 -3.076422261074185371e-03 -8.008878678083419800e-03 2.672023512423038483e-02 9.996061325073242188e-01
6.629715207964181900e-03 1.243604463525116444e-03 -6.110074464231729507e-03 -2.541504334658384323e-03 -5.069101229310035706e-03 2.120761014521121979e-02 9.997590184211730957e-01
1.336886640638113022e-02 -4.899594932794570923e-03 -2.997038187459111214e-03 -8.618238498456776142e-04 -2.556545368861407042e-04 1.505399495363235474e-02 9.998862743377685547e-01
