8.647239953279495239e-02 2.787000266835093498e-03 2.899157069623470306e-02 -2.537324279546737671e-02 5.475127603858709335e-03 2.355419285595417023e-02 9.993855357170104980e-01
7.722809165716171265e-02 -6.764424499124288559e-03 3.093782067298889160e-02 -2.658374793827533722e-02 6.896917708218097687e-03 2.500342763960361481e-02 9.993100166320800781e-01
6.858449429273605347e-02 -9.058573283255100250e-03 3.052654676139354706e-02 -2.642744965851306915e-02 7.817301899194717407e-03 2.256176993250846863e-02 9.993655085563659668e-01
5.963251739740371704e-02 -1.467534992843866348e-02 2.845946885645389557e-02 -2.610922791063785553e-02 8.826572448015213013e-03 2.356422878801822662e-02 9.993423223495483398e-01
5.149901658296585083e-02 -1.582719944417476654e-02 2.574500814080238342e-02 -2.401985414326190948e-02 8.154558017849922180e-03 2.056376077234745026e-02 9.994667172431945801e-01
4.345063492655754089e-02 -1.751667633652687073e-02 2.185253612697124481e-02 -2.145503647625446320e-02 7.234094664454460144e-03 1.792402379214763641e-02 9.995829463005065918e-01
3.608307987451553345e-02 -1.616739667952060699e-02 1.850838400423526764e-02 -1.907697692513465881e-02 6.923367734998464584e-03 1.480820309370756149e-02 9.996843934059143066e-01
2.884272858500480652e-02 -1.372352149337530136e-02 1.571884565055370331e-02 -1.723791286349296570e-02 7.012140471488237381e-03 1.186409872025251389e-02 9.997564554214477539e-01
2.260804548859596252e-02 -1.079861633479595184e-02 1.155957020819187164e-02 -1.463673356920480728e-02 6.631983909755945206e-03 8.325133472681045532e-03 9.998362064361572266e-01
1.550232805311679840e-02 -8.364353328943252563e-03 8.580614812672138214e-03 -1.226855628192424774e-02 6.600767374038696289e-03 6.150765344500541687e-03 9.998840093612670898e-01
9.480162523686885834e-03 -5.890100728720426559e-03 4.331253468990325928e-03 -9.208384901285171509e-03 -5.619889125227928162e-04 2.894255565479397774e-03 9.999532699584960938e-01
5.018681287765502930e-03 -1.926896075019612908e-04 2.869234420359134674e-03 -6.118216086179018021e-03 -1.977257052203640342e-04 1.999146625166758895e-04 9.999812245368957520e-01
5.580130964517593384e-03 -1.451235730201005936e-04 3.193041775375604630e-03 -3.638165770098567009e-03 3.172356518916785717e-04 -2.750549698248505592e-03 9.999895691871643066e-01
6.358284968882799149e-03 -8.256494184024631977e-04 3.539355238899588585e-03 -1.668686280027031898e-03 4.232102946843951941e-04 -4.248965065926313400e-03 9.999895095825195312e-01
6.997427903115749359e-03 -9.506117203272879124e-04 4.092309158295392990e-03 5.276345764286816120e-04 5.688152741640806198e-04 -6.223966833204030991e-03 9.999803304672241211e-01
7.699539884924888611e-03 -2.791285049170255661e-03 3.884552046656608582e-03 1.328779035247862339e-03 8.677409496158361435e-04 -7.269599474966526031e-03 9.999723434448242188e-01
8.000753819942474365e-03 -5.082603543996810913e-03 3.009654581546783447e-03 3.208036068826913834e-03 8.956962847150862217e-04 -7.865538820624351501e-03 9.999635219573974609e-01
8.856954984366893768e-03 -3.999488893896341324e-03 4.812076687812805176e-03 3.675381187349557877e-03 1.558760995976626873e-03 -8.602036163210868835e-03 9.999550580978393555e-01
8.736428804695606232e-03 -5.962835159152746201e-03 5.123711191117763519e-03 4.531098064035177231e-03 1.348053570836782455e-03 -8.765863254666328430e-03 9.999504089355468750e-01
9.162553586065769196e-03 -7.416957989335060120e-03 4.683563485741615295e-03 4.968060646206140518e-03 1.184594002552330494e-03 -8.937767706811428070e-03 9.999470114707946777e-01
1.049324963241815567e-02 -6.909131072461605072e-03 5.345370620489120483e-03 5.495466291904449463e-03 1.238061813637614250e-03 -8.480823598802089691e-03 9.999481439590454102e-01
1.184900570660829544e-02 -7.515348494052886963e-03 4.249585792422294617e-03 6.931691896170377731e-03 5.436367937363684177e-04 -8.096332661807537079e-03 9.999430775642395020e-01
1.317477691918611526e-02 -5.891765467822551727e-03 6.264453753829002380e-03 7.187929935753345490e-03 8.993299561552703381e-04 -7.287933025509119034e-03 9.999471902847290039e-01
1.382008567452430725e-02 -8.136396296322345734e-03 5.307461600750684738e-03 7.644077297300100327e-03 4.089916183147579432e-04 -6.169998552650213242e-03 9.999516606330871582e-01
1.449161302298307419e-02 -9.046604856848716736e-03 6.005648523569107056e-03 7.391634862869977951e-03 3.827217442449182272e-04 -4.646810237318277359e-03 9.999617934226989746e-01
1.689639501273632050e-02 -6.067900452762842178e-03 7.350317202508449554e-03 7.269769441336393356e-03 3.560572804417461157e-04 -3.131084376946091652e-03 9.999685883522033691e-01
1.772354915738105774e-02 -8.582449518144130707e-03 6.643270142376422882e-03 6.805186159908771515e-03 -3.941939503420144320e-04 -9.325587889179587364e-04 9.999763369560241699e-01
1.921920292079448700e-02 -7.976946420967578888e-03 7.866759784519672394e-03 5.994142033159732819e-03 3.102333357674069703e-05 1.022620010189712048e-03 9.999815225601196289e-01
2.060310542583465576e-02 -8.799998089671134949e-03 8.030413649976253510e-03 5.212710704654455185e-03 -1.093139071599580348e-04 4.282517358660697937e-03 9.999772310256958008e-01
2.147779986262321472e-02 -8.725571446120738983e-03 1.045207399874925613e-02 3.156142542138695717e-03 6.289674201980233192e-04 7.198570761829614639e-03 9.999688863754272461e-01
2.234607562422752380e-02 -1.120596658438444138e-02 1.045881025493144989e-02 2.186985919252038002e-03 -7.174852304160594940e-03 9.730167686939239502e-03 9.999245405197143555e-01
2.320818603038787842e-02 -1.203349512070417404e-02 1.219349820166826248e-02 3.808091569226235151e-04 -7.682153023779392242e-03 1.237067487090826035e-02 9.998939037322998047e-01
2.559650316834449768e-02 -1.224673632532358170e-02 1.120548229664564133e-02 -1.245920895598828793e-03 -8.423146791756153107e-03 1.448254194110631943e-02 9.998588562011718750e-01
2.838710695505142212e-02 -1.077484805136919022e-02 1.058936212211847305e-02 -2.049845876172184944e-03 -9.556297212839126587e-03 1.753117330372333527e-02 9.997985363006591797e-01
2.927718311548233032e-02 -1.302204653620719910e-02 1.011614594608545303e-02 -2.909393282607197762e-03 -9.833124466240406036e-03 1.964151114225387573e-02 9.997544884681701660e-01
2.995796129107475281e-02 -1.601468212902545929e-02 9.559585712850093842e-03 -3.093327628448605537e-03 -1.025254838168621063e-02 2.112474106252193451e-02 9.997195005416870117e-01
2.448601648211479187e-02 -1.421897392719984055e-02 7.501416373997926712e-03 -3.794575342908501625e-03 -1.059869676828384399e-02 2.240774221718311310e-02 9.996855258941650391e-01
1.904152892529964447e-02 -1.120168436318635941e-02 6.461900193244218826e-03 -5.385267082601785660e-03 -1.006851997226476669e-02 2.346243336796760559e-02 9.996595382690429688e-01
1.493824366480112076e-02 -8.203640580177307129e-03 1.649813028052449226e-03 -4.068300127983093262e-03 -1.072033494710922241e-02 2.284917607903480530e-02 9.996731877326965332e-01
1.094754785299301147e-02 -4.700281657278537750e-03 2.258042339235544205e-03 -4.099010955542325974e-03 -9.376004338264465332e-03 2.316072769463062286e-02 9.996793866157531738e-01
9.062669239938259125e-03 1.770784263499081135e-03 2.760949311777949333e-03 -4.137839190661907196e-03 -8.948802947998046875e-03 2.138362824916839600e-02 9.997227191925048828e-01
8.418660610914230347e-03 -4.631864372640848160e-03 2.310044597834348679e-03 -4.157153889536857605e-03 -8.854723535478115082e-03 2.395345643162727356e-02 9.996652007102966309e-01
9.132507257163524628e-03 -1.770685194060206413e-03 4.336055368185043335e-03 -3.890654537826776505e-03 -6.674875970929861069e-03 2.329744771122932434e-02 9.996986985206604004e-01
1.062538661062717438e-02 5.090150516480207443e-04 1.853160792961716652e-03 -3.232997842133045197e-03 -7.084384094923734665e-03 2.109648846089839935e-02 9.997470974922180176e-01
1.114040892571210861e-02 -2.170073101297020912e-03 1.534231472760438919e-03 -3.458911553025245667e-03 -6.285527721047401428e-03 2.142802253365516663e-02 9.997446537017822266e-01
1.201293617486953735e-02 2.388315973803400993e-03 5.412397440522909164e-04 -2.604879671707749367e-03 -5.367607809603214264e-03 1.827386580407619476e-02 9.998152256011962891e-01
1.306144800037145615e-02 1.613644271856173873e-04 1.514834235422313213e-03 -2.210531849414110184e-03 -3.823930397629737854e-03 1.750491373240947723e-02 9.998370409011840820e-01
1.188512239605188370e-02 5.653914995491504669e-03 -5.425971001386642456e-03 -1.693147467449307442e-03 -3.006853163242340088e-03 1.465152669697999954e-02 9.998866915702819824e-01
1.241734251379966736e-02 -5.869414191693067551e-03 -1.182086765766143799e-03 -1.014617504552006721e-03 -1.314402208663523197e-03 1.226394157856702805e-02 9.999234080314636230e-01
9.463635273277759552e-03 -1.045150775462388992e-02 1.374031649902462959e-03 2.953507100755814463e-05 1.228864071890711784e-03 9.239207953214645386e-03 9.999565482139587402e-01
1.635884493589401245e-01 -1.058821380138397217e-02 6.042668223381042480e-02 -4.491924121975898743e-02 1.115126442164182663e-02 3.868421912193298340e-02 9.981790781021118164e-01
1.445759981870651245e-01 -1.690014451742172241e-02 6.418655812740325928e-02 -4.317250847816467285e-02 1.548295188695192337e-02 3.417979553341865540e-02 9.983627200126647949e-01
1.266805827617645264e-01 -4.516115039587020874e-02 4.947321861982345581e-02 -4.424021020531654358e-02 1.332547329366207123e-02 4.283042997121810913e-02 9.980134367942810059e-01
1.109817698597908020e-01 -4.212205857038497925e-02 4.624452441930770874e-02 -4.497916623950004578e-02 1.364632137119770050e-02 4.089077189564704895e-02 9.980574250221252441e-01
9.583659470081329346e-02 -3.728440403938293457e-02 4.285104200243949890e-02 -4.202359914779663086e-02 1.448449958115816116e-02 3.735361993312835693e-02 9.983130097389221191e-01
8.083508163690567017e-02 -3.058387152850627899e-02 4.027113690972328186e-02 -3.918120265007019043e-02 1.426668837666511536e-02 3.132023289799690247e-02 9.986392259597778320e-01
6.765673309564590454e-02 -2.243375591933727264e-02 3.464194387197494507e-02 -3.464077413082122803e-02 1.523955073207616806e-02 2.538001723587512970e-02 9.989612698554992676e-01
5.474942922592163086e-02 -1.518921647220849991e-02 2.763239853084087372e-02 -2.931553125381469727e-02 1.470002066344022751e-02 1.715542376041412354e-02 9.993148446083068848e-01
4.081363230943679810e-02 -1.307691261172294617e-02 1.966520957648754120e-02 -2.498029172420501709e-02 1.247921120375394821e-02 1.197755057364702225e-02 9.995383024215698242e-01
2.652830816805362701e-02 -9.854226373136043549e-03 1.369124185293912888e-02 -2.061020396649837494e-02 6.254553794860839844e-03 7.777001708745956421e-03 9.997377991676330566e-01
1.433254871517419815e-02 -5.456952378153800964e-03 7.020440883934497833e-03 -1.581843942403793335e-02 -4.053295124322175980e-04 2.125366358086466789e-03 9.998725652694702148e-01
1.071293931454420090e-02 -8.658476290293037891e-04 5.777108017355203629e-03 -9.441858157515525818e-03 -1.994281410588882864e-05 -3.989890217781066895e-03 9.999474883079528809e-01
1.160477567464113235e-02 -1.329287188127636909e-03 7.240508217364549637e-03 -5.870773456990718842e-03 7.826811051927506924e-04 -7.731563877314329147e-03 9.999525547027587891e-01
1.310329232364892960e-02 -3.245797939598560333e-03 7.574506103992462158e-03 -1.879293238744139671e-03 1.092196442186832428e-03 -1.108002010732889175e-02 9.999362230300903320e-01
1.483913883566856384e-02 -3.882151097059249878e-03 7.826650515198707581e-03 1.228034612722694874e-03 1.200123107992112637e-03 -1.394606661051511765e-02 9.999012947082519531e-01
1.588428951799869537e-02 -7.910482585430145264e-03 6.802642717957496643e-03 4.675910342484712601e-03 1.694323611445724964e-03 -1.604987867176532745e-02 9.998587965965270996e-01
1.694964803755283356e-02 -9.740689769387245178e-03 7.056372240185737610e-03 6.764147430658340454e-03 2.353312214836478233e-03 -1.703175902366638184e-02 9.998292922973632812e-01
1.737498864531517029e-02 -1.143566053360700607e-02 8.815679699182510376e-03 8.965050801634788513e-03 2.705236431211233139e-03 -1.785554923117160797e-02 9.997967481613159180e-01
1.863557100296020508e-02 -1.230490393936634064e-02 9.909845888614654541e-03 1.022397074848413467e-02 2.709315856918692589e-03 -1.876107417047023773e-02 9.997680783271789551e-01
2.080402709543704987e-02 -1.264913193881511688e-02 1.002737320959568024e-02 1.150773931294679642e-02 2.598720369860529900e-03 -1.894659921526908875e-02 9.997509121894836426e-01
2.184433490037918091e-02 -1.427156291902065277e-02 1.097539812326431274e-02 1.261491142213344574e-02 2.179163042455911636e-03 -1.758976839482784271e-02 9.997633099555969238e-01
2.450048178434371948e-02 -1.275694556534290314e-02 1.266238186508417130e-02 1.338274963200092316e-02 2.158252289518713951e-03 -1.611645892262458801e-02 9.997782111167907715e-01
2.684039808809757233e-02 -1.394271012395620346e-02 1.221539452672004700e-02 1.419551204890012741e-02 1.629839534871280193e-03 -1.382817979902029037e-02 9.998022913932800293e-01
2.901162393391132355e-02 -1.613672636449337006e-02 1.106858905404806137e-02 1.475324016064405441e-02 9.323298581875860691e-04 -1.093886326998472214e-02 9.998309016227722168e-01
3.227131441235542297e-02 -1.292792800813913345e-02 1.406171079725027084e-02 1.393224019557237625e-02 7.451531710103154182e-04 -8.253663778305053711e-03 9.998685717582702637e-01
3.527912497520446777e-02 -1.212017238140106201e-02 1.491690240800380707e-02 1.370229106396436691e-02 4.892035503871738911e-04 -4.548694938421249390e-03 9.998956322669982910e-01
3.715158253908157349e-02 -1.570528931915760040e-02 1.496714074164628983e-02 1.294281613081693649e-02 -4.905307432636618614e-04 -7.869724067859351635e-04 9.999157786369323730e-01
4.030220583081245422e-02 -1.398029737174510956e-02 1.731787621974945068e-02 1.107322424650192261e-02 9.678355418145656586e-04 4.274067468941211700e-03 9.999290704727172852e-01
4.277580603957176208e-02 -1.387234684079885483e-02 2.001764252781867981e-02 8.866552263498306274e-03 8.078354294411838055e-04 9.573400951921939850e-03 9.999145269393920898e-01
4.417721927165985107e-02 -1.897629350423812866e-02 2.113948389887809753e-02 5.729036871343851089e-03 -6.630313117057085037e-03 1.503591425716876984e-02 9.998485445976257324e-01
4.759826511144638062e-02 -2.228403091430664062e-02 1.915637403726577759e-02 2.985064173117280006e-03 -1.503968238830566406e-02 1.959945261478424072e-02 9.996903538703918457e-01
4.927239939570426941e-02 -2.673148363828659058e-02 1.949449442327022552e-02 2.337965561309829354e-04 -1.622004620730876923e-02 2.500069513916969299e-02 9.995558261871337891e-01
5.389047414064407349e-02 -2.606892026960849762e-02 1.851003430783748627e-02 -2.118926495313644409e-03 -1.804844103753566742e-02 2.995143458247184753e-02 9.993861317634582520e-01
5.682653561234474182e-02 -2.745062485337257385e-02 1.846658624708652496e-02 -3.073395928367972374e-03 -1.835213974118232727e-02 3.358786180615425110e-02 9.992625117301940918e-01
5.921621248126029968e-02 -3.040262870490550995e-02 1.773940026760101318e-02 -4.001900088042020798e-03 -1.926795765757560730e-02 3.610949963331222534e-02 9.991540312767028809e-01
5.427388474345207214e-02 -3.043729625642299652e-02 1.718565076589584351e-02 -5.600759293884038925e-03 -1.908107846975326538e-02 3.769459947943687439e-02 9.990914463996887207e-01
4.274478927254676819e-02 -2.638980746269226074e-02 1.438119728118181229e-02 -8.669615723192691803e-03 -1.954919844865798950e-02 4.175290837883949280e-02 9.988991022109985352e-01
3.336198255419731140e-02 -2.077110297977924347e-02 7.503487635403871536e-03 -7.878643460571765900e-03 -2.037636749446392059e-02 4.303896054625511169e-02 9.988344907760620117e-01
2.866420336067676544e-02 -1.935935229994356632e-03 3.042771946638822556e-03 -6.406000349670648575e-03 -2.065186016261577606e-02 3.434135019779205322e-02 9.991762042045593262e-01
1.992747746407985687e-02 -1.968875061720609665e-03 5.370302125811576843e-03 -7.782852742820978165e-03 -1.739088259637355804e-02 4.080375283956527710e-02 9.989855289459228516e-01
1.772422529757022858e-02 -1.774435397237539291e-03 7.907325401902198792e-03 -8.084743283689022064e-03 -1.565305329859256744e-02 4.463554173707962036e-02 9.988479614257812500e-01
1.922841556370258331e-02 -1.250086352229118347e-03 5.820546299219131470e-03 -7.195327430963516235e-03 -1.641274988651275635e-02 4.281199723482131958e-02 9.989224076271057129e-01
1.883457414805889130e-02 2.705991733819246292e-03 8.980744518339633942e-03 -7.013927213847637177e-03 -1.252206228673458099e-02 4.076112434267997742e-02 9.990658164024353027e-01
2.171037532389163971e-02 3.777839010581374168e-03 2.959838602691888809e-03 -7.404446136206388474e-03 -1.392976660281419754e-02 3.858793154358863831e-02 9.991306662559509277e-01
2.323416247963905334e-02 8.366843685507774353e-04 4.585510119795799255e-03 -6.195920053869485855e-03 -1.118873618543148041e-02 3.723622485995292664e-02 9.992246627807617188e-01
2.413091622292995453e-02 7.684346754103899002e-03 1.930819358676671982e-03 -4.862734582275152206e-03 -9.324911981821060181e-03 3.343838080763816833e-02 9.993854761123657227e-01
2.646678313612937927e-02 1.574350870214402676e-03 6.800784729421138763e-03 -3.833869239315390587e-03 -5.257430020719766617e-03 3.085693158209323883e-02 9.995026588439941406e-01
2.742229215800762177e-02 1.072888917406089604e-04 4.791222047060728073e-03 -2.131720073521137238e-03 -2.592113334685564041e-03 2.419345080852508545e-02 9.997016787528991699e-01
2.058739773929119110e-02 -1.812101341784000397e-02 4.150759894400835037e-03 -7.398474845103919506e-04 1.464751781895756721e-03 2.172386646270751953e-02 9.997626543045043945e-01
