0.000000000000000000e+00 0.000000000000000000e+00 0.000000000000000000e+00 0.000000000000000000e+00 0.000000000000000000e+00 0.000000000000000000e+00 1.000000000000000000e+00
8.647239953279495239e-02 2.787000266835093498e-03 2.899157069623470306e-02 -2.537324306007627400e-02 5.475127657605096884e-03 2.355419327185565362e-02 9.993855219548957169e-01
1.642321026427145114e-01 1.230189996008485128e-03 5.929155818539313949e-02 -5.194870522011156566e-02 1.237228938876667322e-02 4.849655760112175917e-02 9.973947775991589548e-01
2.339605501626489392e-01 2.009849296309831022e-03 8.853358961840407382e-02 -7.837431768443643698e-02 2.005179024353989994e-02 7.088964953005730263e-02 9.941981943380472364e-01
2.958789490414301948e-01 3.964675696436111008e-04 1.158255898008284102e-01 -1.044337283376726988e-01 2.880992163015907992e-02 9.410230070438710404e-02 9.896506160273423891e-01
3.503856214742423481e-01 -6.180359325210806054e-05 1.402031828582169237e-01 -1.283242196678533731e-01 3.675194742271032516e-02 1.142434535674958229e-01 9.844443215968318173e-01
3.976305110147266841e-01 -1.476036982560642238e-03 1.611374924195138336e-01 -1.495596972652294965e-01 4.370717280200119709e-02 1.317012169140562017e-01 9.789669909976258522e-01
4.375590649543049104e-01 -1.893731870578717683e-03 1.787859982584393548e-01 -1.684528152980888371e-01 5.017337530117806088e-02 1.459547349361385860e-01 9.735520000383938166e-01
4.699224452371073002e-01 -1.158544358166039429e-03 1.935978603623623173e-01 -1.856219829469405447e-01 5.647042418416957366e-02 1.571531714470905394e-01 9.683276570166872155e-01
4.953723419066322076e-01 8.787609829712886983e-05 2.041859052486894588e-01 -2.003368489816882425e-01 6.212822770837084230e-02 1.647843910476436968e-01 9.637693368897779500e-01
5.132391023032988331e-01 8.764099456218107584e-04 2.121901928210492283e-01 -2.128432420598998509e-01 6.769319847792985845e-02 1.701330470500265757e-01 9.597760840376946545e-01
5.244260064954363587e-01 5.531608205053375246e-04 2.164416877677331486e-01 -2.213797460308347398e-01 6.620002282298068086e-02 1.736458921718947723e-01 9.573169115592738976e-01
5.293108307407803359e-01 3.194552759733447836e-03 2.180598157068840970e-01 -2.271850968861610920e-01 6.499134899229187801e-02 1.742828154667256657e-01 9.559228821102563334e-01
5.347013686293236034e-01 6.226963157090821543e-03 2.198207889224912392e-01 -2.308945789826578610e-01 6.403496892290207188e-02 1.718160587135083017e-01 9.555451104577011856e-01
5.410799406741109152e-01 9.077517040163357240e-03 2.220173046733824596e-01 -2.328314542362655559e-01 6.317092239952906696e-02 1.677633126531935803e-01 9.558527184713372371e-01
5.481349891361672055e-01 1.223006168653964325e-02 2.246445480195224109e-01 -2.328111335802276471e-01 6.235276587817233096e-02 1.616450477135727426e-01 9.569649874567555115e-01
5.564880991793120790e-01 1.385494866813746957e-02 2.277669231047101672e-01 -2.321266392645854049e-01 6.170378439231281875e-02 1.543989483656434403e-01 9.583688387458032532e-01
5.658364425851047930e-01 1.309739286491994233e-02 2.310741161661115928e-01 -2.296673172744191360e-01 6.122945709426599187e-02 1.464493652285907832e-01 9.602377103530436164e-01
5.757265660663254403e-01 1.414208849732690593e-02 2.353975076148160372e-01 -2.268827275817788536e-01 6.128613544292407789e-02 1.375997416831741538e-01 9.622029664349656120e-01
5.860956834839172735e-01 1.341286663675236510e-02 2.408822726255510083e-01 -2.232343569067731515e-01 6.121485202006042570e-02 1.285748338001352908e-01 9.643068370087651831e-01
5.972126103035925171e-01 1.109214799334152374e-02 2.465327260606454407e-01 -2.191312271084438212e-01 6.099747145968293510e-02 1.193807099453459419e-01 9.664414415133583125e-01
6.094582110906942019e-01 9.526182244549374900e-03 2.523645679422151233e-01 -2.144739326030162263e-01 6.098846369227407804e-02 1.105717957922953271e-01 9.685325072012399561e-01
6.230361005417901499e-01 6.936700290199326879e-03 2.572506583928075297e-01 -2.083020432243701814e-01 6.054151775728414814e-02 1.021845883267829963e-01 9.708260880944037385e-01
6.376264425636291033e-01 6.572102017813891660e-03 2.631260320675232744e-01 -2.018459362948552271e-01 6.062781873164983099e-02 9.448137764588590559e-02 9.729623604617142485e-01
6.532169635769484728e-01 3.592031520223686915e-03 2.689070091257793060e-01 -1.948114963915569819e-01 6.049965555537966527e-02 8.792763772027446800e-02 9.750164116958723870e-01
6.696455878664373529e-01 -1.394905474131585658e-04 2.755471724254320853e-01 -1.879118737925898064e-01 6.061518206999257780e-02 8.287181370863137830e-02 9.768045812152098550e-01
6.879478453369154423e-01 -5.727247637520738871e-04 2.819639023485841500e-01 -1.810241291227762395e-01 6.097516877029355437e-02 7.930318888499243712e-02 9.783778910530663842e-01
7.074398339643972466e-01 -3.708286012588548133e-03 2.884559211140452772e-01 -1.743874027177257646e-01 6.095891229517547139e-02 7.804532821734423698e-02 9.796846286068807697e-01
7.283969766383271427e-01 -5.809666938309261675e-03 2.956167669977774470e-01 -1.684518933368697735e-01 6.163432515884560703e-02 7.867492392644105659e-02 9.806301167813510355e-01
7.508869511314792966e-01 -8.519074963501125849e-03 3.029157818906510480e-01 -1.630637674963430206e-01 6.265723349987964430e-02 8.256983092165953719e-02 9.811556970438528591e-01
7.744989909638853032e-01 -1.016790589251339097e-02 3.122125698518768422e-01 -1.595629219250123687e-01 6.470682876232190794e-02 8.932986559735014986e-02 9.810060526676863679e-01
7.995263833330338299e-01 -1.377414843534321455e-02 3.219558824695477051e-01 -1.561348961854873429e-01 5.941130868809446630e-02 9.987180477087158337e-02 9.808760437511582220e-01
8.257295331407100702e-01 -1.698487084910205863e-02 3.335831136005371622e-01 -1.542426148405060538e-01 5.383929151025347581e-02 1.131721346702407177e-01 9.800523528827519426e-01
8.542333705455381621e-01 -1.955792293560919271e-02 3.441489554850606369e-01 -1.537089185753573173e-01 4.766939018025261737e-02 1.287160987307539028e-01 9.785363373517468322e-01
8.849918864644508165e-01 -1.941625358563514592e-02 3.535273034324473151e-01 -1.536180523539816545e-01 4.073945253109990949e-02 1.474116613742224857e-01 9.762231266925237572e-01
9.171568919190560276e-01 -2.004219268853763697e-02 3.632270034440872042e-01 -1.541708540562490848e-01 3.371853904554977105e-02 1.681790433492897086e-01 9.730417345943175311e-01
9.508915771976702569e-01 -2.191959206035641594e-02 3.734143263585788519e-01 -1.547009855532089917e-01 2.646950934436395966e-02 1.903720699103710612e-01 9.690848492995726149e-01
9.788743292718935507e-01 -2.326838806599805867e-02 3.819677938430897646e-01 -1.557187845503870960e-01 1.893426772797414046e-02 2.137672764231924594e-01 9.642078122346686708e-01
1.000651435950068446e+00 -2.317307101053036472e-02 3.894218028234472939e-01 -1.582617166746549398e-01 1.172202311425393252e-02 2.379869766393361008e-01 9.582160623572161251e-01
1.017578222780891606e+00 -2.276920337109685985e-02 3.919700383107838637e-01 -1.592891628455148090e-01 4.093742314585947610e-03 2.615479481065476342e-01 9.519468864989744095e-01
1.029203749921144384e+00 -2.046110762376371003e-02 3.945312918299597182e-01 -1.605930441197033764e-01 -2.215863299375093499e-03 2.850221501496380538e-01 9.449694905415108037e-01
1.035576940742535035e+00 -1.334659979768525011e-02 3.958184238781181641e-01 -1.619554248069471347e-01 -8.416908525696917276e-03 3.065779447786260992e-01 9.379283340435905503e-01
1.044797138505448864e+00 -1.131040837691231656e-02 3.987349625463016967e-01 -1.632872681072482512e-01 -1.411428615812631432e-02 3.303410124448012408e-01 9.295229262892130695e-01
1.052430531854499307e+00 -5.673863565432487634e-03 4.026464916055605969e-01 -1.649783675955642515e-01 -1.779555065642301342e-02 3.529320100738833066e-01 9.208172744185166847e-01
1.059797776207429987e+00 2.188994844844913308e-03 4.033474267928713330e-01 -1.657887653140183160e-01 -2.197503808200208797e-02 3.733800079558758922e-01 9.124793436871970753e-01
1.069032607936619916e+00 8.854585288520188530e-03 4.045555581929256572e-01 -1.670266080199661329e-01 -2.544380413247651976e-02 3.938033535016965403e-01 9.035339749093171946e-01
1.075528649324286379e+00 1.917225708113886457e-02 4.032691973328713653e-01 -1.677005166344789633e-01 -2.826250696384030939e-02 4.110719005475846899e-01 8.955990509155558055e-01
1.083752153813683838e+00 2.943094889557341248e-02 4.035045720870207853e-01 -1.685757576439044225e-01 -2.965571369799081120e-02 4.272610893406412202e-01 8.877785276268485015e-01
1.088111712847299684e+00 4.034787691125239079e-02 3.954746917525345240e-01 -1.692095891525177698e-01 -3.057529723342766736e-02 4.406766649367624411e-01 8.810433264704613521e-01
1.100419948426390349e+00 4.654428328492817013e-02 3.950878685857743267e-01 -1.698862996859148711e-01 -3.010294268034009388e-02 4.516393672939306159e-01 8.753595489462314694e-01
1.113879458833504144e+00 4.891076174068623161e-02 3.988193199421169455e-01 -1.706861971300017433e-01 -2.744298304752971346e-02 4.594995001357545794e-01 8.711907449954590099e-01
