8.760575950145721436e-02 2.170688472688198090e-02 1.419770717620849609e-02 -1.216631382703781128e-02 2.561045344918966293e-03 2.639553742483258247e-03 9.999192357063293457e-01
8.155323565006256104e-02 1.692465879023075104e-02 9.424672462046146393e-03 -1.417861972004175186e-02 1.166463131085038185e-03 2.371621318161487579e-03 9.998959898948669434e-01
7.070233672857284546e-02 2.473942562937736511e-02 -1.400763075798749924e-02 -1.376689318567514420e-02 -5.530304275453090668e-03 -3.600598312914371490e-03 9.998834729194641113e-01
6.585013121366500854e-02 1.686349511146545410e-02 -8.501889184117317200e-03 -1.600891724228858948e-02 -3.566443920135498047e-03 -1.289130421355366707e-03 9.998646378517150879e-01
5.829656124114990234e-02 1.589659042656421661e-02 -6.329130847007036209e-03 -1.625616103410720825e-02 -2.456543967127799988e-03 -1.566995168104767799e-03 9.998636245727539062e-01
5.187836661934852600e-02 1.056616939604282379e-02 -1.235132687725126743e-03 -1.533166039735078812e-02 -2.413271140540018678e-04 -3.989532706327736378e-04 9.998823404312133789e-01
4.349825903773307800e-02 1.184493023902177811e-02 1.900853007100522518e-03 -1.365936547517776489e-02 1.562511664815247059e-03 -2.125628991052508354e-03 9.999032020568847656e-01
3.574843332171440125e-02 1.034132484346628189e-02 1.700419699773192406e-03 -1.288065873086452484e-02 1.874435809440910816e-03 -2.573592821136116982e-03 9.999119639396667480e-01
2.759239077568054199e-02 9.873686358332633972e-03 1.927026780322194099e-03 -9.965208359062671661e-03 2.092255279421806335e-03 -4.149265121668577194e-03 9.999395608901977539e-01
1.967427320778369904e-02 8.328661322593688965e-03 1.932163257151842117e-03 -8.470110595226287842e-03 2.619698410853743553e-03 -4.221544135361909866e-03 9.999517798423767090e-01
1.241803169250488281e-02 4.506281577050685883e-03 2.549774246290326118e-03 -7.279649842530488968e-03 -5.694187348126433790e-05 -2.853165147826075554e-03 9.999694228172302246e-01
4.830325022339820862e-03 2.853050362318754196e-03 7.971823797561228275e-04 -5.546595435589551926e-03 -4.749961663037538528e-04 -2.293289406225085258e-03 9.999818801879882812e-01
4.866965115070343018e-03 3.627210622653365135e-03 1.588688115589320660e-03 -2.606816357001662254e-03 -4.001262714155018330e-04 -5.054564215242862701e-03 9.999837279319763184e-01
5.682220216840505600e-03 3.388430224731564522e-03 2.354515250772237778e-03 -5.742646317230537534e-05 -5.663938354700803757e-04 -6.614378187805414200e-03 9.999779462814331055e-01
7.364436984062194824e-03 1.608988270163536072e-03 2.279932377859950066e-03 1.237599877640604973e-03 -4.484787932597100735e-04 -8.479585871100425720e-03 9.999631643295288086e-01
8.119388483464717865e-03 2.069507958367466927e-03 2.783886156976222992e-03 2.166179474443197250e-03 -3.662495873868465424e-04 -9.494618512690067291e-03 9.999524950981140137e-01
9.201717562973499298e-03 1.726159243844449520e-03 3.050391562283039093e-03 3.110843244940042496e-03 -1.988132571568712592e-04 -1.066876947879791260e-02 9.999382495880126953e-01
1.019337587058544159e-02 -4.483666634769178927e-05 3.964889328926801682e-03 3.755103796720504761e-03 2.322333602933213115e-04 -1.106853876262903214e-02 9.999316930770874023e-01
1.108172349631786346e-02 -1.753319753333926201e-03 4.513441119343042374e-03 4.567419644445180893e-03 2.020669635385274887e-04 -1.105455309152603149e-02 9.999284744262695312e-01
1.236255094408988953e-02 -1.996699487790465355e-03 4.528193268924951553e-03 5.843139253556728363e-03 2.263633505208417773e-04 -1.172698289155960083e-02 9.999141097068786621e-01
1.360145397484302521e-02 -2.578542102128267288e-03 4.679084755480289459e-03 6.693752948194742203e-03 5.431707540992647409e-05 -1.197686791419982910e-02 9.999058842658996582e-01
1.527399383485317230e-02 -2.700580982491374016e-03 3.851583460345864296e-03 8.905239403247833252e-03 -5.342264194041490555e-04 -1.198322884738445282e-02 9.998884201049804688e-01
1.668885350227355957e-02 -2.533040707930922508e-03 4.397778306156396866e-03 9.106639772653579712e-03 -2.509577316232025623e-04 -1.177461445331573486e-02 9.998891949653625488e-01
1.804087124764919281e-02 -3.061579540371894836e-03 5.014875438064336777e-03 9.683821350336074829e-03 -1.694411766948178411e-04 -1.052940264344215393e-02 9.998976588249206543e-01
1.933960057795047760e-02 -4.060993436723947525e-03 5.812093615531921387e-03 9.630767628550529480e-03 6.007293268339708447e-05 -8.235778659582138062e-03 9.999197125434875488e-01
2.075701951980590820e-02 -5.203093867748975754e-03 6.287260912358760834e-03 9.788630530238151550e-03 -1.173912532976828516e-04 -5.729551892727613449e-03 9.999356865882873535e-01
2.231371216475963593e-02 -5.536682438105344772e-03 7.231268100440502167e-03 8.991234004497528076e-03 1.166084766737185419e-04 -3.495889715850353241e-03 9.999534487724304199e-01
2.392915077507495880e-02 -6.862319540232419968e-03 7.426544558256864548e-03 8.841636590659618378e-03 -4.559408116620033979e-04 -1.522929989732801914e-03 9.999596476554870605e-01
2.541987411677837372e-02 -7.528604008257389069e-03 8.815585635602474213e-03 7.476026657968759537e-03 -4.725514445453882217e-04 1.920285722007974982e-04 9.999719262123107910e-01
2.694359049201011658e-02 -7.150621619075536728e-03 1.102438010275363922e-02 5.347667261958122253e-03 -2.966780157294124365e-04 1.625729375518858433e-03 9.999843239784240723e-01
2.799641527235507965e-02 -6.865653209388256073e-03 1.390056312084197998e-02 1.502370578236877918e-03 -2.838977146893739700e-03 1.689429627731442451e-03 9.999934434890747070e-01
3.003939986228942871e-02 -6.674914155155420303e-03 1.460122875869274139e-02 8.480956312268972397e-04 -2.557120984420180321e-03 2.953052520751953125e-03 9.999920129776000977e-01
3.239185735583305359e-02 -5.136584397405385971e-03 1.491086464375257492e-02 5.071485065855085850e-04 -3.313374007120728493e-03 3.171040443703532219e-03 9.999893307685852051e-01
3.440937027335166931e-02 -6.101082544773817062e-03 1.466506812721490860e-02 3.431397199165076017e-04 -3.187730908393859863e-03 3.429083386436104774e-03 9.999889731407165527e-01
3.629977256059646606e-02 -3.826454281806945801e-03 1.552058942615985870e-02 3.604701487347483635e-05 -3.390412777662277222e-03 2.886688802391290665e-03 9.999901056289672852e-01
3.799811378121376038e-02 -3.470800584182143211e-03 1.587892323732376099e-02 -3.466090711299329996e-04 -3.270745510235428810e-03 3.377082757651805878e-03 9.999889135360717773e-01
3.198733180761337280e-02 7.087122648954391479e-03 1.217974536120891571e-02 2.155461152142379433e-05 -1.799309859052300453e-03 1.465140609070658684e-03 9.999973177909851074e-01
2.597577683627605438e-02 9.529497474431991577e-03 6.829599849879741669e-03 2.142530720448121428e-04 -4.471010528504848480e-03 2.865373855456709862e-03 9.999858736991882324e-01
2.032607048749923706e-02 8.174020797014236450e-03 1.835581962950527668e-03 -1.458612270653247833e-03 -7.452557329088449478e-03 7.589693181216716766e-03 9.999423623085021973e-01
1.407525967806577682e-02 6.362253334373235703e-03 9.551401017233729362e-04 -2.642859937623143196e-03 -7.974406704306602478e-03 1.206931658089160919e-02 9.998918771743774414e-01
8.187645114958286285e-03 4.023002926260232925e-03 8.321436471305787563e-04 -2.926897024735808372e-03 -7.039665710180997849e-03 1.495139580219984055e-02 9.998591542243957520e-01
7.569068577140569687e-03 3.835055045783519745e-03 8.294190629385411739e-04 -3.301031421869993210e-03 -6.605273578315973282e-03 1.582083851099014282e-02 9.998475909233093262e-01
6.829872727394104004e-03 3.781925188377499580e-03 5.249209352768957615e-04 -3.078388748690485954e-03 -5.963418167084455490e-03 1.525336038321256638e-02 9.998611211776733398e-01
6.389731541275978088e-03 2.966679167002439499e-03 6.620048079639673233e-04 -2.652727300301194191e-03 -5.363103467971086502e-03 1.488058269023895264e-02 9.998713731765747070e-01
5.718622356653213501e-03 2.502910792827606201e-03 6.318191299214959145e-04 -2.562758279964327812e-03 -4.751925356686115265e-03 1.435540523380041122e-02 9.998824000358581543e-01
4.961046390235424042e-03 2.110490342602133751e-03 5.536623648367822170e-04 -2.327549736946821213e-03 -3.713265527039766312e-03 1.337804365903139114e-02 9.999008774757385254e-01
4.156346898525953293e-03 1.740134670399129391e-03 5.499065737240016460e-04 -1.770560746081173420e-03 -2.562201349064707756e-03 1.153054833412170410e-02 9.999286532402038574e-01
3.408098826184868813e-03 1.236482057720422745e-03 1.595673529664054513e-04 -1.583502511493861675e-03 -1.630096812732517719e-03 1.025237701833248138e-02 9.999448657035827637e-01
5.818355362862348557e-03 3.667469427455216646e-04 2.212577091995626688e-04 -2.262420312035828829e-04 -7.009390392340719700e-04 6.805445067584514618e-03 9.999765753746032715e-01
8.742853999137878418e-03 9.051606757566332817e-04 6.494657718576490879e-04 9.408014011569321156e-04 1.860532938735559583e-04 1.380688394419848919e-03 9.999985694885253906e-01
1.722856312990188599e-01 1.082231756299734116e-02 2.984144352376461029e-02 -1.652719080448150635e-02 2.445321064442396164e-03 8.306177332997322083e-03 9.998259544372558594e-01
1.506582200527191162e-01 5.203409492969512939e-02 1.423360314220190048e-02 -1.459747087210416794e-02 -1.255783019587397575e-03 -3.555580507963895798e-03 9.998863339424133301e-01
1.374030113220214844e-01 4.410608857870101929e-02 -1.073904335498809814e-02 -2.089757844805717468e-02 -5.575479473918676376e-03 -4.152801819145679474e-03 9.997574687004089355e-01
1.236730366945266724e-01 2.807446010410785675e-02 -2.499476447701454163e-02 -2.589246071875095367e-02 -6.819906178861856461e-03 -3.159710438922047615e-03 9.996364712715148926e-01
1.124330386519432068e-01 1.451554056257009506e-02 -8.866054937243461609e-03 -2.545468322932720184e-02 -1.488007721491158009e-03 -1.578972878633067012e-04 9.996748566627502441e-01
9.596206247806549072e-02 1.877899281680583954e-02 -7.623972371220588684e-03 -2.449841797351837158e-02 -6.515858694911003113e-04 -4.643017426133155823e-03 9.996888637542724609e-01
7.979567348957061768e-02 2.042133547365665436e-02 -1.060521113686263561e-03 -2.259997837245464325e-02 1.748750917613506317e-03 -6.968284491449594498e-03 9.997187852859497070e-01
6.375345587730407715e-02 1.922721602022647858e-02 2.038434147834777832e-03 -1.921739988029003143e-02 3.562580328434705734e-03 -8.408328518271446228e-03 9.997736215591430664e-01
4.772892594337463379e-02 1.711348444223403931e-02 3.413487225770950317e-03 -1.622813567519187927e-02 4.516177810728549957e-03 -8.718608878552913666e-03 9.998201131820678711e-01
3.256750851869583130e-02 1.250735670328140259e-02 9.680202347226440907e-04 -1.528221648186445236e-02 1.456833444535732269e-03 -6.405262276530265808e-03 9.998616576194763184e-01
1.784474216401576996e-02 6.754905451089143753e-03 2.793513704091310501e-04 -1.380818337202072144e-02 -1.547214225865900517e-03 -4.575603175908327103e-03 9.998930096626281738e-01
9.949581697583198547e-03 6.256854161620140076e-03 2.000754931941628456e-03 -8.008710108697414398e-03 -7.114262552931904793e-04 -6.962588988244533539e-03 9.999434351921081543e-01
1.094364561140537262e-02 6.527785211801528931e-03 3.758206963539123535e-03 -3.713086014613509178e-03 -5.675985012203454971e-04 -1.106766238808631897e-02 9.999316930770874023e-01
1.333143562078475952e-02 4.986456595361232758e-03 4.375945311039686203e-03 -3.340304829180240631e-04 -6.828333134762942791e-04 -1.442999113351106644e-02 9.998955726623535156e-01
1.551523525267839432e-02 1.554349670186638832e-03 5.981680937111377716e-03 2.489500911906361580e-03 -1.181154038931708783e-05 -1.619566790759563446e-02 9.998657703399658203e-01
1.731420680880546570e-02 -3.368893521837890148e-04 6.987027823925018311e-03 3.877926617860794067e-03 2.992805966641753912e-04 -1.819098182022571564e-02 9.998269677162170410e-01
1.906869001686573029e-02 -2.215336775407195091e-03 7.962572388350963593e-03 5.248868837952613831e-03 6.406864267773926258e-04 -1.972894556820392609e-02 9.997913837432861328e-01
2.114865928888320923e-02 -2.809615107253193855e-03 8.672820404171943665e-03 7.125705480575561523e-03 4.376290598884224892e-04 -2.128500677645206451e-02 9.997479319572448730e-01
2.366674505174160004e-02 -3.988050390034914017e-03 8.342276327311992645e-03 9.121477603912353516e-03 1.958484936039894819e-04 -2.277769893407821655e-02 9.996989369392395020e-01
2.628260664641857147e-02 -4.301494918763637543e-03 8.410174399614334106e-03 1.017498783767223358e-02 4.648799658752977848e-04 -2.378169819712638855e-02 9.996652603149414062e-01
2.871936187148094177e-02 -6.048813462257385254e-03 8.638074621558189392e-03 1.240155193954706192e-02 -4.671745991799980402e-04 -2.308814041316509247e-02 9.996563792228698730e-01
3.164119273424148560e-02 -7.167341187596321106e-03 8.041573688387870789e-03 1.409625355154275894e-02 -5.533881485462188721e-04 -2.206995524466037750e-02 9.996569156646728516e-01
3.473991155624389648e-02 -7.080999668687582016e-03 8.315960876643657684e-03 1.598307676613330841e-02 -1.015905290842056274e-03 -2.109162136912345886e-02 9.996492862701416016e-01
3.789296001195907593e-02 -6.635505706071853638e-03 9.271817281842231750e-03 1.755953952670097351e-02 -4.178049566689878702e-04 -1.881232671439647675e-02 9.996687173843383789e-01
4.084156081080436707e-02 -8.966661989688873291e-03 9.596224874258041382e-03 1.902459003031253815e-02 -1.240965910255908966e-03 -1.421336643397808075e-02 9.997172355651855469e-01
4.361277446150779724e-02 -1.287612784653902054e-02 9.243394248187541962e-03 1.979616656899452209e-02 -1.874603098258376122e-03 -9.046154096722602844e-03 9.997613430023193359e-01
4.668810218572616577e-02 -1.472061872482299805e-02 1.055099442601203918e-02 1.896221190690994263e-02 -1.924372278153896332e-03 -5.236483179032802582e-03 9.998046159744262695e-01
4.926847293972969055e-02 -1.820009015500545502e-02 1.217692624777555466e-02 1.648820564150810242e-02 -1.462761661969125271e-03 -2.575365360826253891e-04 9.998629689216613770e-01
5.234732478857040405e-02 -1.696115918457508087e-02 1.806109398603439331e-02 1.181425061076879501e-02 1.682958827586844563e-04 2.562860725447535515e-03 9.999269247055053711e-01
5.497725307941436768e-02 -1.624814979732036591e-02 2.355559542775154114e-02 5.393512547016143799e-03 -2.671966096386313438e-03 4.274128470569849014e-03 9.999727606773376465e-01
5.844860896468162537e-02 -1.364944502711296082e-02 2.759817056357860565e-02 2.290679840371012688e-03 -5.264685023576021194e-03 3.937983419746160507e-03 9.999757409095764160e-01
6.313668191432952881e-02 -1.124414615333080292e-02 2.827505953609943390e-02 1.626297947950661182e-03 -5.095776170492172241e-03 5.146388430148363113e-03 9.999724626541137695e-01
6.734538823366165161e-02 -1.116906851530075073e-02 2.836760133504867554e-02 1.558167510665953159e-03 -5.635709036141633987e-03 5.954139400273561478e-03 9.999651908874511719e-01
7.097919285297393799e-02 -1.210752595216035843e-02 2.882917411625385284e-02 1.024747267365455627e-03 -5.913259927183389664e-03 5.550201516598463058e-03 9.999665617942810059e-01
7.500902563333511353e-02 -1.179590541869401932e-02 2.817988023161888123e-02 5.336166359484195709e-04 -6.938719656318426132e-03 6.102083250880241394e-03 9.999571442604064941e-01
7.200597226619720459e-02 5.532365757972002029e-03 2.455169893801212311e-02 2.455198555253446102e-04 -5.194314755499362946e-03 3.306137863546609879e-03 9.999809861183166504e-01
5.949671939015388489e-02 1.138411741703748703e-02 1.886164210736751556e-02 4.271273210179060698e-04 -5.970374215394258499e-03 6.298623513430356979e-03 9.999622702598571777e-01
4.757776111364364624e-02 1.504307426512241364e-02 7.559332530945539474e-03 -1.206523505970835686e-03 -1.243020035326480865e-02 1.209209486842155457e-02 9.998489022254943848e-01
3.377442061901092529e-02 1.584622450172901154e-02 2.960568992421030998e-03 -2.540740184485912323e-03 -1.585819758474826813e-02 1.694517210125923157e-02 9.997274279594421387e-01
2.088269963860511780e-02 1.248662825673818588e-02 2.931660041213035583e-03 -1.430839649401605129e-03 -1.420280523598194122e-02 2.358158864080905914e-02 9.996200203895568848e-01
1.513679325580596924e-02 8.761416189372539520e-03 2.581092994660139084e-03 -2.638396981637924910e-04 -1.189359929412603378e-02 2.705512754619121552e-02 9.995631575584411621e-01
1.430870965123176575e-02 7.449172902852296829e-03 2.617826685309410095e-03 -3.152169520035386086e-04 -1.137896720319986343e-02 2.738841995596885681e-02 9.995600581169128418e-01
1.288355886936187744e-02 7.158088963478803635e-03 2.138070063665509224e-03 2.520769194234162569e-04 -9.947657585144042969e-03 2.707005478441715240e-02 9.995840191841125488e-01
1.193161681294441223e-02 5.517704878002405167e-03 2.278339117765426636e-03 -5.498666432686150074e-04 -9.406400844454765320e-03 2.768120914697647095e-02 9.995723962783813477e-01
1.048866473138332367e-02 4.823513794690370560e-03 1.802220358513295650e-03 -5.602288292720913887e-04 -8.242343552410602570e-03 2.718430943787097931e-02 9.995962977409362793e-01
9.036797098815441132e-03 3.798897145316004753e-03 1.687585725449025631e-03 -1.181847765110433102e-03 -6.388932932168245316e-03 2.552032843232154846e-02 9.996531605720520020e-01
7.569829467684030533e-03 2.763748401775956154e-03 1.225232030265033245e-03 -1.204408472403883934e-03 -4.447458311915397644e-03 2.306070178747177124e-02 9.997234344482421875e-01
8.667724207043647766e-03 2.617727499455213547e-03 9.223667439073324203e-04 -1.022099051624536514e-03 -2.677047858014702797e-03 1.811010017991065979e-02 9.998319149017333984e-01
1.445039454847574234e-02 1.486061257310211658e-03 8.322009234689176083e-04 1.256970921531319618e-03 -2.038508537225425243e-04 8.197376504540443420e-03 9.999656081199645996e-01
