8.643891662359237671e-02 2.730168402194976807e-03 2.909663133323192596e-02 -2.544357813894748688e-02 5.504426546394824982e-03 2.365560829639434814e-02 9.993811845779418945e-01
7.718817889690399170e-02 -6.781699601560831070e-03 3.103349730372428894e-02 -2.664293348789215088e-02 6.930665578693151474e-03 2.509447187185287476e-02 9.993059635162353516e-01
6.854167580604553223e-02 -9.097348898649215698e-03 3.061107359826564789e-02 -2.648256532847881317e-02 7.860030047595500946e-03 2.266522683203220367e-02 9.993613958358764648e-01
5.961541458964347839e-02 -1.466392260044813156e-02 2.850116230547428131e-02 -2.616479434072971344e-02 8.861782960593700409e-03 2.366793900728225708e-02 9.993381500244140625e-01
5.148625746369361877e-02 -1.586722210049629211e-02 2.574589848518371582e-02 -2.405347675085067749e-02 8.168620057404041290e-03 2.062836103141307831e-02 9.994644522666931152e-01
4.344357922673225403e-02 -1.751881465315818787e-02 2.186485379934310913e-02 -2.149687521159648895e-02 7.259127218276262283e-03 1.799194142222404480e-02 9.995806813240051270e-01
3.608193993568420410e-02 -1.615436747670173645e-02 1.852197572588920593e-02 -1.911452040076255798e-02 6.938369013369083405e-03 1.487678196281194687e-02 9.996825456619262695e-01
2.884225919842720032e-02 -1.371235866099596024e-02 1.572944410145282745e-02 -1.727679371833801270e-02 7.029176224023103714e-03 1.192633714526891708e-02 9.997549057006835938e-01
2.260325849056243896e-02 -1.079673599451780319e-02 1.157068368047475815e-02 -1.467176619917154312e-02 6.644555833190679550e-03 8.380642160773277283e-03 9.998351931571960449e-01
1.549667678773403168e-02 -8.361443877220153809e-03 8.593647740781307220e-03 -1.230440661311149597e-02 6.618535146117210388e-03 6.196612957864999771e-03 9.998831748962402344e-01
9.488865733146667480e-03 -5.885362625122070312e-03 4.318619146943092346e-03 -9.233721531927585602e-03 -5.704266950488090515e-04 2.932064933702349663e-03 9.999529123306274414e-01
5.019499920308589935e-03 -2.419682714389637113e-04 2.864066045731306076e-03 -6.141336169093847275e-03 -1.884126104414463043e-04 2.461959084030240774e-04 9.999811053276062012e-01
5.575340706855058670e-03 -1.173396012745797634e-04 3.202536841854453087e-03 -3.644988872110843658e-03 3.239200741518288851e-04 -2.733708359301090240e-03 9.999895691871643066e-01
6.356496363878250122e-03 -8.525865850970149040e-04 3.536179894581437111e-03 -1.683589536696672440e-03 4.284060851205140352e-04 -4.233642481267452240e-03 9.999895095825195312e-01
7.006399333477020264e-03 -9.691622690297663212e-04 4.072561394423246384e-03 5.174147081561386585e-04 5.641996976919472218e-04 -6.201094482094049454e-03 9.999805092811584473e-01
7.708159275352954865e-03 -2.789837075397372246e-03 3.868464613333344460e-03 1.330945990048348904e-03 8.596237748861312866e-04 -7.241072133183479309e-03 9.999725222587585449e-01
8.029865100979804993e-03 -5.015316419303417206e-03 3.044800600036978722e-03 3.206763882189989090e-03 8.961509447544813156e-04 -7.855309173464775085e-03 9.999635815620422363e-01
8.874786086380481720e-03 -3.941505216062068939e-03 4.827043041586875916e-03 3.668643999844789505e-03 1.553548383526504040e-03 -8.589160628616809845e-03 9.999551773071289062e-01
8.744311518967151642e-03 -5.936418194323778152e-03 5.140910856425762177e-03 4.528170451521873474e-03 1.351597951725125313e-03 -8.740337565541267395e-03 9.999506473541259766e-01
9.177813306450843811e-03 -7.391481660306453705e-03 4.693949129432439804e-03 4.967785906046628952e-03 1.184445922262966633e-03 -8.920060470700263977e-03 9.999471902847290039e-01
1.051811035722494125e-02 -6.854788400232791901e-03 5.366430617868900299e-03 5.499644670635461807e-03 1.232724753208458424e-03 -8.468776941299438477e-03 9.999482631683349609e-01
1.188296731561422348e-02 -7.441408466547727585e-03 4.284732509404420853e-03 6.927859038114547729e-03 5.562129081226885319e-04 -8.078582584857940674e-03 9.999431967735290527e-01
1.319637987762689590e-02 -5.817984696477651596e-03 6.287896540015935898e-03 7.194387260824441910e-03 8.930491749197244644e-04 -7.280166726559400558e-03 9.999471902847290039e-01
1.385132223367691040e-02 -8.054621517658233643e-03 5.350591614842414856e-03 7.644128985702991486e-03 4.176402289886027575e-04 -6.154738832265138626e-03 9.999517798423767090e-01
1.452187914401292801e-02 -8.968266658484935760e-03 6.049877498298883438e-03 7.389100734144449234e-03 3.877350827679038048e-04 -4.628270398825407028e-03 9.999619126319885254e-01
1.690455153584480286e-02 -5.989958997815847397e-03 7.395349908620119095e-03 7.266372907906770706e-03 3.607681719586253166e-04 -3.122905967757105827e-03 9.999686479568481445e-01
1.775140874087810516e-02 -8.489232510328292847e-03 6.688498891890048981e-03 6.804032251238822937e-03 -3.914315020665526390e-04 -9.182707290165126324e-04 9.999763369560241699e-01
1.923246309161186218e-02 -7.887657731771469116e-03 7.924177683889865875e-03 5.988737568259239197e-03 4.493794767768122256e-05 1.034070854075253010e-03 9.999815225601196289e-01
2.062231115996837616e-02 -8.682535029947757721e-03 8.108598180115222931e-03 5.207093898206949234e-03 -1.019665942294523120e-04 4.299919586628675461e-03 9.999771714210510254e-01
2.148027904331684113e-02 -8.618073537945747375e-03 1.053582970052957535e-02 3.142759669572114944e-03 6.376452511176466942e-04 7.218791171908378601e-03 9.999688267707824707e-01
2.235986478626728058e-02 -1.111155841499567032e-02 1.052982825785875320e-02 2.189709804952144623e-03 -7.179126143455505371e-03 9.751937352120876312e-03 9.999243021011352539e-01
2.320702373981475830e-02 -1.196216419339179993e-02 1.226568780839443207e-02 3.979234897997230291e-04 -7.687144447118043900e-03 1.240205112844705582e-02 9.998934864997863770e-01
2.561079151928424835e-02 -1.214551646262407303e-02 1.128273736685514450e-02 -1.233519869856536388e-03 -8.432855829596519470e-03 1.451531238853931427e-02 9.998583197593688965e-01
2.840488962829113007e-02 -1.064568851143121719e-02 1.067198067903518677e-02 -2.043456304818391800e-03 -9.580908343195915222e-03 1.758222468197345734e-02 9.997974038124084473e-01
2.929755300283432007e-02 -1.292846724390983582e-02 1.017701905220746994e-02 -2.887926064431667328e-03 -9.867145679891109467e-03 1.968309096992015839e-02 9.997534155845642090e-01
2.999190799891948700e-02 -1.591951958835124969e-02 9.611941874027252197e-03 -3.087967401370406151e-03 -1.027967222034931183e-02 2.118577435612678528e-02 9.997179508209228516e-01
2.451551146805286407e-02 -1.413572020828723907e-02 7.562173996120691299e-03 -3.790577175095677376e-03 -1.061112340539693832e-02 2.247047424316406250e-02 9.996840357780456543e-01
1.907103508710861206e-02 -1.113518606871366501e-02 6.489759311079978943e-03 -5.372890271246433258e-03 -1.010544132441282272e-02 2.353215590119361877e-02 9.996575713157653809e-01
1.495532039552927017e-02 -8.167834952473640442e-03 1.672591664828360081e-03 -4.065260756760835648e-03 -1.073725149035453796e-02 2.292021363973617554e-02 9.996713995933532715e-01
1.095075625926256180e-02 -4.646248649805784225e-03 2.352335257455706596e-03 -4.127470310777425766e-03 -9.374992921948432922e-03 2.323293313384056091e-02 9.996775984764099121e-01
9.044202044606208801e-03 1.804905477911233902e-03 2.799146575853228569e-03 -4.126896616071462631e-03 -8.954697288572788239e-03 2.146191522479057312e-02 9.997210502624511719e-01
8.416670374572277069e-03 -4.608780611306428909e-03 2.362865256145596504e-03 -4.154257476329803467e-03 -8.848484605550765991e-03 2.406262233853340149e-02 9.996626377105712891e-01
9.115635417401790619e-03 -1.702537527307868004e-03 4.398401826620101929e-03 -3.904137061908841133e-03 -6.660401355475187302e-03 2.334713749587535858e-02 9.996976256370544434e-01
1.061528082937002182e-02 5.823229439556598663e-04 1.889139879494905472e-03 -3.216692479327321053e-03 -7.104200776666402817e-03 2.115374617278575897e-02 9.997458457946777344e-01
1.111850515007972717e-02 -2.181079238653182983e-03 1.671392354182898998e-03 -3.465342801064252853e-03 -6.280561909079551697e-03 2.149276249110698700e-02 9.997432827949523926e-01
1.199457421898841858e-02 2.465436700731515884e-03 5.995420506224036217e-04 -2.596097299829125404e-03 -5.378182046115398407e-03 1.833452843129634857e-02 9.998140931129455566e-01
1.304414868354797363e-02 2.202719188062474132e-04 1.650412683375179768e-03 -2.211292041465640068e-03 -3.815574571490287781e-03 1.756731793284416199e-02 9.998359680175781250e-01
1.187245361506938934e-02 5.762459244579076767e-03 -5.338818766176700592e-03 -1.685956725850701332e-03 -3.009723033756017685e-03 1.468513626605272293e-02 9.998862147331237793e-01
1.246301177889108658e-02 -5.779491737484931946e-03 -1.143921865150332451e-03 -1.016214140690863132e-03 -1.330021070316433907e-03 1.228489261120557785e-02 9.999231100082397461e-01
9.502086788415908813e-03 -1.040946133434772491e-02 1.426824252121150494e-03 2.703153404581826180e-05 1.239348435774445534e-03 9.248107671737670898e-03 9.999564886093139648e-01
1.634671539068222046e-01 -1.075248513370752335e-02 6.072520464658737183e-02 -4.505167901515960693e-02 1.125671062618494034e-02 3.888205811381340027e-02 9.981642365455627441e-01
1.444900184869766235e-01 -1.708730496466159821e-02 6.433041393756866455e-02 -4.330368340015411377e-02 1.560484990477561951e-02 3.437465801835060120e-02 9.983484745025634766e-01
1.266296803951263428e-01 -4.518532380461692810e-02 4.958136379718780518e-02 -4.436360299587249756e-02 1.339088473469018936e-02 4.296564310789108276e-02 9.980012774467468262e-01
1.109368354082107544e-01 -4.211605340242385864e-02 4.635764285922050476e-02 -4.508341848850250244e-02 1.374229602515697479e-02 4.101435095071792603e-02 9.980463385581970215e-01
9.576470404863357544e-02 -3.731768578290939331e-02 4.298258200287818909e-02 -4.212492704391479492e-02 1.455231662839651108e-02 3.750065714120864868e-02 9.983022809028625488e-01
8.078297972679138184e-02 -3.063288517296314240e-02 4.033838585019111633e-02 -3.927442431449890137e-02 1.434048637747764587e-02 3.143903985619544983e-02 9.986307621002197266e-01
6.760416924953460693e-02 -2.251059003174304962e-02 3.469467535614967346e-02 -3.471883013844490051e-02 1.528801023960113525e-02 2.551033906638622284e-02 9.989545345306396484e-01
5.469276010990142822e-02 -1.527543272823095322e-02 2.769701369106769562e-02 -2.938430570065975189e-02 1.475727837532758713e-02 1.726905629038810730e-02 9.993100166320800781e-01
4.076040163636207581e-02 -1.314675714820623398e-02 1.972893439233303070e-02 -2.504430152475833893e-02 1.250764634460210800e-02 1.208159420639276505e-02 9.995350837707519531e-01
2.650988660752773285e-02 -9.875721298158168793e-03 1.371142547577619553e-02 -2.066475152969360352e-02 6.287650670856237411e-03 7.869496941566467285e-03 9.997357130050659180e-01
1.432727556675672531e-02 -5.460505373775959015e-03 7.028435822576284409e-03 -1.585567742586135864e-02 -3.901969466824084520e-04 2.193562919273972511e-03 9.998717904090881348e-01
1.070639956742525101e-02 -8.847757708281278610e-04 5.786358378827571869e-03 -9.474668651819229126e-03 -1.011514086712850258e-05 -3.941092174500226974e-03 9.999473690986633301e-01
1.159586384892463684e-02 -1.371832215227186680e-03 7.246847730129957199e-03 -5.899513140320777893e-03 7.924929377622902393e-04 -7.682159543037414551e-03 9.999527931213378906e-01
1.310066133737564087e-02 -3.209048416465520859e-03 7.594688795506954193e-03 -1.901218434795737267e-03 1.105455565266311169e-03 -1.105417124927043915e-02 9.999364614486694336e-01
1.484865136444568634e-02 -3.863911377266049385e-03 7.817630656063556671e-03 1.216448727063834667e-03 1.201164210215210915e-03 -1.391305960714817047e-02 9.999017715454101562e-01
1.592553593218326569e-02 -7.794680539518594742e-03 6.839773152023553848e-03 4.670338239520788193e-03 1.695098704658448696e-03 -1.603207550942897797e-02 9.998591542243957520e-01
1.701551303267478943e-02 -9.555534459650516510e-03 7.150384597480297089e-03 6.754567380994558334e-03 2.371034817770123482e-03 -1.703073270618915558e-02 9.998293519020080566e-01
1.740531623363494873e-02 -1.134810969233512878e-02 8.868832141160964966e-03 8.961937390267848969e-03 2.717299386858940125e-03 -1.783432438969612122e-02 9.997971057891845703e-01
1.865493506193161011e-02 -1.221757102757692337e-02 9.981212206184864044e-03 1.020847167819738388e-02 2.735130488872528076e-03 -1.874215155839920044e-02 9.997684955596923828e-01
2.084639295935630798e-02 -1.255585905164480209e-02 1.005657203495502472e-02 1.151499897241592407e-02 2.594928024336695671e-03 -1.892021857202053070e-02 9.997513294219970703e-01
2.188645303249359131e-02 -1.415346469730138779e-02 1.104421075433492661e-02 1.262427121400833130e-02 2.177403541281819344e-03 -1.756645180284976959e-02 9.997636079788208008e-01
2.451967261731624603e-02 -1.268944423645734787e-02 1.269302982836961746e-02 1.338480226695537567e-02 2.164035569876432419e-03 -1.608498953282833099e-02 9.997786879539489746e-01
2.687589637935161591e-02 -1.379899587482213974e-02 1.230023521929979324e-02 1.419209968298673630e-02 1.634663669392466545e-03 -1.381239574402570724e-02 9.998025298118591309e-01
2.906145900487899780e-02 -1.598737388849258423e-02 1.115426700562238693e-02 1.474484708160161972e-02 9.522665641270577908e-04 -1.091499719768762589e-02 9.998312592506408691e-01
3.229102864861488342e-02 -1.280549261718988419e-02 1.412833016365766525e-02 1.392659824341535568e-02 7.576057105325162411e-04 -8.235922083258628845e-03 9.998688101768493652e-01
3.528800979256629944e-02 -1.196528598666191101e-02 1.502056419849395752e-02 1.369670685380697250e-02 5.090515478514134884e-04 -4.539718385785818100e-03 9.998957514762878418e-01
3.719193115830421448e-02 -1.550065074115991592e-02 1.507983636111021042e-02 1.294235326349735260e-02 -4.667197063099592924e-04 -7.645582663826644421e-04 9.999158382415771484e-01
4.031178355216979980e-02 -1.385185867547988892e-02 1.739859953522682190e-02 1.107448432594537735e-02 9.728955337777733803e-04 4.287414718419313431e-03 9.999290108680725098e-01
4.278043285012245178e-02 -1.371970307081937790e-02 2.011273428797721863e-02 8.872645907104015350e-03 8.057426312007009983e-04 9.588520973920822144e-03 9.999143481254577637e-01
4.420239105820655823e-02 -1.877038739621639252e-02 2.127028256654739380e-02 5.735579412430524826e-03 -6.616664584726095200e-03 1.505850441753864288e-02 9.998482465744018555e-01
4.761945456266403198e-02 -2.207308635115623474e-02 1.934699341654777527e-02 2.994840033352375031e-03 -1.503585744649171829e-02 1.963368430733680725e-02 9.996896982192993164e-01
4.930033162236213684e-02 -2.659003250300884247e-02 1.961692981421947479e-02 2.551096840761601925e-04 -1.622774451971054077e-02 2.504261583089828491e-02 9.995546340942382812e-01
5.393290892243385315e-02 -2.590056508779525757e-02 1.862244866788387299e-02 -2.086624503135681152e-03 -1.810206100344657898e-02 3.002562187612056732e-02 9.993830323219299316e-01
5.686868354678153992e-02 -2.730867639183998108e-02 1.854711957275867462e-02 -3.037951653823256493e-03 -1.840960979461669922e-02 3.368087112903594971e-02 9.992584586143493652e-01
5.926409363746643066e-02 -3.024549409747123718e-02 1.784778572618961334e-02 -3.990660887211561203e-03 -1.930813677608966827e-02 3.622227907180786133e-02 9.991492629051208496e-01
5.434982478618621826e-02 -3.026353381574153900e-02 1.725239306688308716e-02 -5.602613557130098343e-03 -1.910110004246234894e-02 3.781780228018760681e-02 9.990863800048828125e-01
4.282335191965103149e-02 -2.625673264265060425e-02 1.439104415476322174e-02 -8.648096583783626556e-03 -1.960876770317554474e-02 4.187780618667602539e-02 9.988928437232971191e-01
3.340419754385948181e-02 -2.067174948751926422e-02 7.589559536427259445e-03 -7.894244045019149780e-03 -2.038730494678020477e-02 4.316553100943565369e-02 9.988287091255187988e-01
2.853334695100784302e-02 -3.212232841178774834e-03 3.189417067915201187e-03 -6.405235733836889267e-03 -2.058529481291770935e-02 3.502480313181877136e-02 9.991539120674133301e-01
1.990053616464138031e-02 -1.941461581736803055e-03 5.479077342897653580e-03 -7.801228202879428864e-03 -1.733535528182983398e-02 4.095119610428810120e-02 9.989802837371826172e-01
1.768198795616626740e-02 -1.707137678749859333e-03 8.015958592295646667e-03 -8.125782012939453125e-03 -1.565633341670036316e-02 4.476289078593254089e-02 9.988418817520141602e-01
1.917937211692333221e-02 -1.170757575891911983e-03 5.996206309646368027e-03 -7.194235920906066895e-03 -1.640651002526283264e-02 4.295862838625907898e-02 9.989162087440490723e-01
1.880299113690853119e-02 2.758477348834276199e-03 9.030814282596111298e-03 -7.011063862591981888e-03 -1.253711432218551636e-02 4.087276756763458252e-02 9.990611076354980469e-01
2.165753208100795746e-02 3.807421075180172920e-03 3.290571738034486771e-03 -7.391565013676881790e-03 -1.388594135642051697e-02 3.871021792292594910e-02 9.991266727447509766e-01
2.315448783338069916e-02 9.957168949767947197e-04 4.942818079143762589e-03 -6.182520650327205658e-03 -1.112706866115331650e-02 3.731528297066688538e-02 9.992224574089050293e-01
2.406695298850536346e-02 7.830217480659484863e-03 2.132548484951257706e-03 -4.859719891101121902e-03 -9.339196607470512390e-03 3.354506194591522217e-02 9.993817806243896484e-01
2.640963904559612274e-02 1.657079905271530151e-03 7.000348065048456192e-03 -3.835881827399134636e-03 -5.260994657874107361e-03 3.093114122748374939e-02 9.995003342628479004e-01
2.737695723772048950e-02 1.108608048525638878e-04 5.043731536716222763e-03 -2.132298192009329796e-03 -2.575017744675278664e-03 2.426597476005554199e-02 9.996999502182006836e-01
2.064215950667858124e-02 -1.803451403975486755e-02 4.254236817359924316e-03 -7.481430075131356716e-04 1.466301851905882359e-03 2.174455486238002777e-02 9.997621774673461914e-01
