2.616429710388183594e+01 -2.226403045654296875e+01 -9.312875270843505859e-01 -9.828075766563415527e-02 1.950348913669586182e-01 7.394629120826721191e-01 6.367863416671752930e-01
2.616370582580566406e+01 -2.217281341552734375e+01 -9.335807561874389648e-01 -1.150440797209739685e-01 1.832592487335205078e-01 7.594122886657714844e-01 6.135742664337158203e-01
2.616236686706542969e+01 -2.208923721313476562e+01 -9.352370500564575195e-01 -1.317151933908462524e-01 1.714168637990951538e-01 7.774054408073425293e-01 5.906834602355957031e-01
2.616032028198242188e+01 -2.201339340209960938e+01 -9.365137219429016113e-01 -1.481150239706039429e-01 1.596852988004684448e-01 7.933976650238037109e-01 5.684015154838562012e-01
2.615768623352050781e+01 -2.194536209106445312e+01 -9.374881386756896973e-01 -1.640761196613311768e-01 1.482434421777725220e-01 8.073758482933044434e-01 5.470311641693115234e-01
2.615462112426757812e+01 -2.188519096374511719e+01 -9.381822943687438965e-01 -1.794424057006835938e-01 1.372693777084350586e-01 8.193557262420654297e-01 5.268849730491638184e-01
2.615126800537109375e+01 -2.183292770385742188e+01 -9.386299252510070801e-01 -1.940712630748748779e-01 1.269402354955673218e-01 8.293762803077697754e-01 5.082814693450927734e-01
2.614777755737304688e+01 -2.178860092163085938e+01 -9.388533234596252441e-01 -2.078247368335723877e-01 1.174262464046478271e-01 8.374948501586914062e-01 4.915418326854705811e-01
2.614430618286132812e+01 -2.175224685668945312e+01 -9.388628602027893066e-01 -2.205981016159057617e-01 1.089066788554191589e-01 8.437737822532653809e-01 4.769816100597381592e-01
2.614099884033203125e+01 -2.172385406494140625e+01 -9.386672377586364746e-01 -2.322066873311996460e-01 1.015075445175170898e-01 8.482974171638488770e-01 4.649258553981781006e-01
2.613799285888671875e+01 -2.170349693298339844e+01 -9.382660388946533203e-01 -2.427963465452194214e-01 9.553117305040359497e-02 8.510638475418090820e-01 4.556327164173126221e-01
2.613543891906738281e+01 -2.169111061096191406e+01 -9.375942945480346680e-01 -2.468540072441101074e-01 8.807579427957534790e-02 8.535134196281433105e-01 4.503406882286071777e-01
2.613329696655273438e+01 -2.168688011169433594e+01 -9.366440773010253906e-01 -2.498863190412521362e-01 8.211388438940048218e-02 8.544833064079284668e-01 4.479480683803558350e-01
2.613154220581054688e+01 -2.168229293823242188e+01 -9.359436035156250000e-01 -2.523166537284851074e-01 7.769197970628738403e-02 8.541027903556823730e-01 4.480990469455718994e-01
2.613011932373046875e+01 -2.167687034606933594e+01 -9.354954361915588379e-01 -2.541529238224029541e-01 7.464526593685150146e-02 8.525701165199279785e-01 4.504905343055725098e-01
2.612898635864257812e+01 -2.167069816589355469e+01 -9.352788925170898438e-01 -2.554759979248046875e-01 7.286856323480606079e-02 8.500398993492126465e-01 4.547924995422363281e-01
2.612809944152832031e+01 -2.166363906860351562e+01 -9.352912306785583496e-01 -2.563179135322570801e-01 7.224483042955398560e-02 8.466647267341613770e-01 4.606747627258300781e-01
2.612738990783691406e+01 -2.165566825866699219e+01 -9.355110526084899902e-01 -2.567012906074523926e-01 7.266454398632049561e-02 8.425921201705932617e-01 4.678052663803100586e-01
2.612680435180664062e+01 -2.164670944213867188e+01 -9.359383583068847656e-01 -2.566366195678710938e-01 7.401962578296661377e-02 8.379732370376586914e-01 4.758545756340026855e-01
2.612628555297851562e+01 -2.163671112060546875e+01 -9.365689754486083984e-01 -2.561282515525817871e-01 7.620401680469512939e-02 8.329643607139587402e-01 4.844982326030731201e-01
2.612578392028808594e+01 -2.162561035156250000e+01 -9.373959898948669434e-01 -2.551794648170471191e-01 7.911191880702972412e-02 8.277307152748107910e-01 4.934185147285461426e-01
2.612525749206542969e+01 -2.161334228515625000e+01 -9.384118318557739258e-01 -2.537962496280670166e-01 8.263901621103286743e-02 8.224471211433410645e-01 5.023075342178344727e-01
2.612465476989746094e+01 -2.159984397888183594e+01 -9.396154284477233887e-01 -2.519913911819458008e-01 8.667996525764465332e-02 8.172978162765502930e-01 5.108658671379089355e-01
2.612394905090332031e+01 -2.158502769470214844e+01 -9.410050511360168457e-01 -2.497872710227966309e-01 9.112975746393203735e-02 8.124750256538391113e-01 5.188043117523193359e-01
2.612313270568847656e+01 -2.156882476806640625e+01 -9.425048828125000000e-01 -2.472188174724578857e-01 9.588380903005599976e-02 8.081770539283752441e-01 5.258423089981079102e-01
2.612216567993164062e+01 -2.155116081237792969e+01 -9.441578388214111328e-01 -2.443357110023498535e-01 1.008370593190193176e-01 8.046053051948547363e-01 5.317073464393615723e-01
2.612101936340332031e+01 -2.153194999694824219e+01 -9.459635019302368164e-01 -2.412061244249343872e-01 1.058853268623352051e-01 8.019598722457885742e-01 5.361323952674865723e-01
2.611967849731445312e+01 -2.151111984252929688e+01 -9.479043483734130859e-01 -2.379091829061508179e-01 1.109189465641975403e-01 8.004375696182250977e-01 5.388554334640502930e-01
2.611812210083007812e+01 -2.148858642578125000e+01 -9.499595761299133301e-01 -2.345683872699737549e-01 1.158417016267776489e-01 8.002181649208068848e-01 5.396094322204589844e-01
2.611633110046386719e+01 -2.146427345275878906e+01 -9.521041512489318848e-01 -2.312308549880981445e-01 1.204880923032760620e-01 8.014892339706420898e-01 5.381442904472351074e-01
2.611427116394042969e+01 -2.143810081481933594e+01 -9.543136358261108398e-01 -2.283167839050292969e-01 1.249196976423263550e-01 8.043252825736999512e-01 5.341322422027587891e-01
2.611191940307617188e+01 -2.141005516052246094e+01 -9.565219283103942871e-01 -2.197898030281066895e-01 1.248999089002609253e-01 8.103662729263305664e-01 5.285540819168090820e-01
2.610922813415527344e+01 -2.138005828857421875e+01 -9.587435126304626465e-01 -2.106183022260665894e-01 1.238913685083389282e-01 8.181647062301635742e-01 5.204498171806335449e-01
2.610619926452636719e+01 -2.134820938110351562e+01 -9.609420895576477051e-01 -2.011684030294418335e-01 1.221818253397941589e-01 8.273479938507080078e-01 5.099701285362243652e-01
2.610284042358398438e+01 -2.131455612182617188e+01 -9.630848169326782227e-01 -1.914412677288055420e-01 1.198075935244560242e-01 8.376271128654479980e-01 4.973421692848205566e-01
2.609915351867675781e+01 -2.127931976318359375e+01 -9.651294350624084473e-01 -1.815391182899475098e-01 1.168731451034545898e-01 8.486934900283813477e-01 4.827796816825866699e-01
2.609515953063964844e+01 -2.124226188659667969e+01 -9.670642614364624023e-01 -1.715423464775085449e-01 1.134681701660156250e-01 8.602542877197265625e-01 4.665123224258422852e-01
2.609087562561035156e+01 -2.121139144897460938e+01 -9.683753848075866699e-01 -1.615436077117919922e-01 1.096900328993797302e-01 8.720317482948303223e-01 4.487822353839874268e-01
2.608633232116699219e+01 -2.118717193603515625e+01 -9.690173268318176270e-01 -1.516394764184951782e-01 1.056384965777397156e-01 8.837703466415405273e-01 4.298478364944458008e-01
2.608158683776855469e+01 -2.116960144042968750e+01 -9.689874053001403809e-01 -1.419332325458526611e-01 1.014173924922943115e-01 8.952404260635375977e-01 4.099838733673095703e-01
2.607670593261718750e+01 -2.115871810913085938e+01 -9.682865738868713379e-01 -1.325343698263168335e-01 9.713448584079742432e-02 9.062424302101135254e-01 3.894829154014587402e-01
2.607176971435546875e+01 -2.115482902526855469e+01 -9.669021368026733398e-01 -1.235575750470161438e-01 9.290046244859695435e-02 9.166090488433837891e-01 3.686509132385253906e-01
2.606688308715820312e+01 -2.115199089050292969e+01 -9.652182459831237793e-01 -1.151221171021461487e-01 8.882915973663330078e-02 9.262063503265380859e-01 3.478090465068817139e-01
2.606214332580566406e+01 -2.114996910095214844e+01 -9.632770419120788574e-01 -1.073516383767127991e-01 8.503680676221847534e-02 9.349328875541687012e-01 3.272893726825714111e-01
2.605766868591308594e+01 -2.114890670776367188e+01 -9.610972404479980469e-01 -1.003726348280906677e-01 8.164135366678237915e-02 9.427186250686645508e-01 3.074327409267425537e-01
2.605357170104980469e+01 -2.114878845214843750e+01 -9.587144255638122559e-01 -9.431421756744384766e-02 7.876209169626235962e-02 9.495226144790649414e-01 2.885854840278625488e-01
2.604998016357421875e+01 -2.114969444274902344e+01 -9.561595320701599121e-01 -8.930739015340805054e-02 7.651917636394500732e-02 9.553266763687133789e-01 2.710966169834136963e-01
2.604701042175292969e+01 -2.115155982971191406e+01 -9.534738063812255859e-01 -8.548372983932495117e-02 7.503326237201690674e-02 9.601300358772277832e-01 2.553158104419708252e-01
2.604479980468750000e+01 -2.115457153320312500e+01 -9.506828188896179199e-01 -8.297542482614517212e-02 7.442513108253479004e-02 9.639415740966796875e-01 2.415904104709625244e-01
2.604346847534179688e+01 -2.115446472167968750e+01 -9.480848312377929688e-01 -8.191441744565963745e-02 7.481564581394195557e-02 9.667699933052062988e-01 2.302631586790084839e-01
2.604314041137695312e+01 -2.115105056762695312e+01 -9.457194805145263672e-01 -8.243230730295181274e-02 7.632581889629364014e-02 9.686143398284912109e-01 2.216708809137344360e-01
