-4.452462308108806610e-03 9.506114125251770020e-01 -2.659993059933185577e-02
-1.279547065496444702e-02 8.747085928916931152e-01 -2.081314846873283386e-02
-1.977422274649143219e-02 7.977979779243469238e-01 -1.520466990768909454e-02
-2.645302750170230865e-02 7.200495600700378418e-01 -1.234875712543725967e-02
-3.138632699847221375e-02 6.416506171226501465e-01 -9.190365672111511230e-03
-3.491150960326194763e-02 5.627315044403076172e-01 -6.653155200183391571e-03
-3.697393462061882019e-02 4.836390018463134766e-01 -4.235746804624795914e-03
-3.743174299597740173e-02 4.036843478679656982e-01 -2.038720529526472092e-03
-3.635188192129135132e-02 3.248772919178009033e-01 7.074541645124554634e-05
-3.407811746001243591e-02 2.429171949625015259e-01 2.164122648537158966e-03
-2.997205778956413269e-02 1.676255762577056885e-01 4.243815783411264420e-03
-2.534781582653522491e-02 7.501407712697982788e-02 7.922482676804065704e-03
-2.137654274702072144e-02 3.283823281526565552e-02 8.197231218218803406e-03
-1.761152222752571106e-02 5.502554774284362793e-02 4.706705454736948013e-03
-1.443847641348838806e-02 5.631232261657714844e-02 2.714901231229305267e-03
-1.165118627250194550e-02 6.732676923274993896e-02 3.013928653672337532e-04
-9.438091889023780823e-03 7.511211186647415161e-02 -1.773560536094009876e-03
-7.869258522987365723e-03 8.506997674703598022e-02 -3.870924934744834900e-03
-6.826401222497224808e-03 9.498482197523117065e-02 -5.865740589797496796e-03
-6.357519887387752533e-03 1.057520881295204163e-01 -7.826066575944423676e-03
-6.337905302643775940e-03 1.170575991272926331e-01 -9.767292067408561707e-03
-6.723725236952304840e-03 1.290376484394073486e-01 -1.158460229635238647e-02
-7.613702677190303802e-03 1.417658627033233643e-01 -1.355721522122621536e-02
-8.601486682891845703e-03 1.552808135747909546e-01 -1.494966261088848114e-02
-9.788734838366508484e-03 1.694964170455932617e-01 -1.610118709504604340e-02
-1.143109425902366638e-02 1.845329701900482178e-01 -1.778529398143291473e-02
-1.320970151573419571e-02 2.003190815448760986e-01 -1.911544427275657654e-02
-1.522419136017560959e-02 2.170003950595855713e-01 -2.038461528718471527e-02
-1.736319437623023987e-02 2.343008220195770264e-01 -2.134910598397254944e-02
-1.986819505691528320e-02 2.526972889900207520e-01 -2.220436744391918182e-02
-2.258002944290637970e-02 2.710593342781066895e-01 -2.242626622319221497e-02
-2.571333572268486023e-02 2.907325625419616699e-01 -2.240809798240661621e-02
-2.912547811865806580e-02 3.090274930000305176e-01 -2.241312898695468903e-02
-3.241809457540512085e-02 3.292951881885528564e-01 -2.206586673855781555e-02
-3.564974293112754822e-02 3.415096104145050049e-01 -2.098370902240276337e-02
-3.880982846021652222e-02 3.697036504745483398e-01 -2.060402370989322662e-02
-4.177127033472061157e-02 3.507312238216400146e-01 -1.708005182445049286e-02
-4.452683404088020325e-02 2.719304859638214111e-01 -9.680557996034622192e-03
-4.683202877640724182e-02 2.100994735956192017e-01 -3.250049427151679993e-03
-4.845812171697616577e-02 1.443450748920440674e-01 3.455930855125188828e-03
-4.945585504174232483e-02 6.858490407466888428e-02 1.072546653449535370e-02
-4.946407675743103027e-02 2.538910880684852600e-02 1.583657786250114441e-02
-4.845466464757919312e-02 2.798144146800041199e-02 1.789747364819049835e-02
-4.638987034559249878e-02 1.397859863936901093e-02 2.072176523506641388e-02
-4.317536205053329468e-02 6.987001746892929077e-03 2.279455214738845825e-02
-3.871126472949981689e-02 -4.903966095298528671e-03 2.481247298419475555e-02
-3.300896286964416504e-02 -1.188605278730392456e-02 2.615716680884361267e-02
-2.608657442033290863e-02 -2.858123928308486938e-02 2.772942371666431427e-02
-1.785398833453655243e-02 -2.039861865341663361e-02 2.739750221371650696e-02
-8.491031825542449951e-03 1.995827630162239075e-02 2.475994825363159180e-02
2.157950308173894882e-03 4.919999837875366211e-02 2.252262271940708160e-02
