0.000000000000000000e+00 0.000000000000000000e+00 0.000000000000000000e+00 0.000000000000000000e+00 0.000000000000000000e+00 0.000000000000000000e+00 1.000000000000000000e+00
8.730735629796981812e-02 3.513806499540805817e-03 -2.669475600123405457e-02 -1.607541536159405940e-02 -3.073689696772724696e-03 1.793278551901298506e-02 9.997052308836487100e-01
1.679492969096267885e-01 5.583539457686506093e-03 -4.947178776538414813e-02 -3.303414683426970228e-02 -4.869429337322974879e-03 3.591192255474726786e-02 9.987969601572096456e-01
2.409926986820170036e-01 6.109990123735427325e-03 -7.118487528902053829e-02 -4.950003732754519603e-02 -7.648597573860085354e-03 5.246673375041957521e-02 9.973657739812847867e-01
3.071437909160488755e-01 3.393405518457189886e-03 -8.877897806420406712e-02 -6.617874977267952652e-02 -8.528495533491636804e-03 6.744776550885077382e-02 9.954890440232496696e-01
3.637406688507850983e-01 -2.654245526570809047e-03 -1.100267628442207768e-01 -8.144787285439544777e-02 -1.076352183361306038e-02 8.130630652685981452e-02 9.932973749709560485e-01
4.122346429265060230e-01 -1.054859356027180138e-02 -1.297890381407280358e-01 -9.594532939471075994e-02 -1.292477980162599210e-02 9.351352341767446563e-02 9.908999267193594473e-01
4.534676901002909766e-01 -1.850391110180276549e-02 -1.462985201794851364e-01 -1.092544525960106039e-01 -1.413231823057337078e-02 1.035478201444281349e-01 9.885047248813295662e-01
4.873933091679442664e-01 -2.592135082426529069e-02 -1.597825469267214193e-01 -1.217269285157711739e-01 -1.424722616771334147e-02 1.116792012639614001e-01 9.861578613111017244e-01
5.134856470553534891e-01 -3.355548429605154093e-02 -1.708934848098513370e-01 -1.327858247995295782e-01 -1.387822897500500668e-02 1.177008087195239305e-01 9.840334542684999741e-01
5.316012475133997661e-01 -4.004501321698943073e-02 -1.803744126269633541e-01 -1.422996465358700169e-01 -1.273914000369725033e-02 1.220164665112826174e-01 9.821916853689171001e-01
5.417466162036652655e-01 -4.613167450883130100e-02 -1.867806199419167479e-01 -1.504886215178141418e-01 -1.640006096249927575e-02 1.237756473229432719e-01 9.806955704620475833e-01
5.439094012493251862e-01 -5.051073325590647867e-02 -1.896535354486550418e-01 -1.577922639042017849e-01 -1.695440532994961849e-02 1.231999990510458803e-01 9.796100805043386206e-01
5.457010071675882923e-01 -5.461775930467425294e-02 -1.940456217300610686e-01 -1.628329867091464767e-01 -1.676560932261202119e-02 1.190097894820045660e-01 9.793063886194501855e-01
5.484898002608927792e-01 -6.000027185045465200e-02 -1.975901976482282163e-01 -1.654017314887310242e-01 -1.754121171020762981e-02 1.140800009606976889e-01 9.794489912665562681e-01
5.519081692721905519e-01 -6.617104981702440214e-02 -2.010913565390396451e-01 -1.662505771091663531e-01 -1.883033654887440733e-02 1.070003126861519410e-01 9.800801483151218019e-01
5.565551000586911323e-01 -7.232263665988288015e-02 -2.053950021076711707e-01 -1.653318072157358432e-01 -2.023928931507521650e-02 9.900243495379777714e-02 9.810475434778981318e-01
5.619806425604793043e-01 -7.874633245418674599e-02 -2.105190396409174214e-01 -1.625393103987605170e-01 -2.175873723531453197e-02 8.958036101465952084e-02 9.823863236270664601e-01
5.680258045025394775e-01 -8.526419688735124847e-02 -2.168909100624535624e-01 -1.583106702726947423e-01 -2.360927462543073105e-02 7.899194195294921561e-02 9.839413635659256530e-01
5.749472795249439550e-01 -9.191946475024517782e-02 -2.242428139955712496e-01 -1.527442733824984356e-01 -2.559548456710866032e-02 6.810184297574269074e-02 9.855841907731346385e-01
5.831256375404618719e-01 -9.863711934613718368e-02 -2.323243732453757482e-01 -1.461884900109269025e-01 -2.771191773218851725e-02 5.683867438400973943e-02 9.872336805935046922e-01
5.919133965613130322e-01 -1.056581449853811056e-01 -2.416529751058764941e-01 -1.385203651543533976e-01 -2.972805748015455371e-02 4.580508887015780767e-02 9.888529945697480672e-01
6.025868109791473470e-01 -1.121595770172764961e-01 -2.516145178552529060e-01 -1.296686553735340031e-01 -3.192774513136345527e-02 3.533930483955793900e-02 9.904129403627071060e-01
6.151778062410027115e-01 -1.184367769263170861e-01 -2.619265587838824905e-01 -1.200680889154620429e-01 -3.440621903195647396e-02 2.470111238398554898e-02 9.918617449842026534e-01
6.292019940723149185e-01 -1.254672509922805934e-01 -2.725984808155754724e-01 -1.104579838421176213e-01 -3.774311471401265577e-02 1.497386140607397803e-02 9.930509929363200428e-01
6.458321093534509227e-01 -1.310695262748852175e-01 -2.833848605742420590e-01 -1.003327008024530592e-01 -4.135849351843644967e-02 6.356124237824837403e-03 9.940736511185899182e-01
6.643264103565760248e-01 -1.379461923374547261e-01 -2.937833234735227617e-01 -9.061330457790785220e-02 -4.506265199516421016e-02 -4.615539038568498972e-04 9.948660077601545471e-01
6.854509926073834025e-01 -1.448344901321607370e-01 -3.031188028940744461e-01 -8.142068605727634245e-02 -4.912605645070818039e-02 -5.346193630234998689e-03 9.954540274031907776e-01
7.093423968865012474e-01 -1.514531676694876317e-01 -3.108804506244585708e-01 -7.265486657706436702e-02 -5.221535864963976203e-02 -8.172285467762028383e-03 9.959558426125084685e-01
7.360214507731687172e-01 -1.579514098839086833e-01 -3.160345953428544963e-01 -6.510156485494651701e-02 -5.521478814869058838e-02 -8.101284624181028307e-03 9.963169589094478251e-01
7.656856421263847912e-01 -1.622065170475103513e-01 -3.152894713901748247e-01 -5.943773057914134017e-02 -5.571300044678351160e-02 -5.744222047403674085e-03 9.966595314739573608e-01
7.948290880337824937e-01 -1.639484245745256030e-01 -3.021826991087639414e-01 -5.578722508031883770e-02 -6.008372727403672731e-02 -2.460356810629727754e-03 9.966301610321961491e-01
8.195951679593824757e-01 -1.606628078133575666e-01 -2.790318471757549657e-01 -5.390968778184060395e-02 -6.072896785544854015e-02 1.145824141500570740e-03 9.966967568490996410e-01
8.447765705719032514e-01 -1.557537038414227304e-01 -2.537385898230351544e-01 -5.406389764454554853e-02 -6.156412027538191167e-02 6.152608475919433585e-03 9.966188335944391463e-01
8.781670950160961331e-01 -1.521317784702459763e-01 -2.361816257443220546e-01 -5.470167114052020690e-02 -6.624241547644231509e-02 1.492753343191938892e-02 9.961911655460108372e-01
9.166342814090044921e-01 -1.530952367919968526e-01 -2.265612698370043920e-01 -5.527836444516315978e-02 -7.422121235264242389e-02 2.660943632805717191e-02 9.953529283422412055e-01
9.561451883356952841e-01 -1.573833361099132300e-01 -2.152235717857644559e-01 -5.615696603170910323e-02 -8.190536639725663759e-02 3.939881192928347542e-02 9.942764403021956410e-01
9.894660887252147985e-01 -1.586603457525138927e-01 -2.047426513665705217e-01 -5.799447032947725733e-02 -8.957832491938194641e-02 5.347214623585386933e-02 9.928509931972533398e-01
1.016206436145011383e+00 -1.594935391419839421e-01 -1.949214923038369018e-01 -6.071642624931728599e-02 -9.679621195070667317e-02 6.887191658441860209e-02 9.910603755783468083e-01
1.036274347070677004e+00 -1.588478029608013098e-01 -2.038766686703757935e-01 -6.180053972485044511e-02 -1.096442839486908433e-01 8.535284196778070154e-02 9.883692208153384007e-01
1.049188665246145735e+00 -1.569223274345386832e-01 -2.121842825396044463e-01 -6.399413542475279604e-02 -1.212286246759591429e-01 1.025910901125361846e-01 9.852326828825439531e-01
1.053834526385789339e+00 -1.560572948207600008e-01 -2.200317176806776132e-01 -6.799800178867460021e-02 -1.302168788995827220e-01 1.213356344664300313e-01 9.816809563249293547e-01
1.057880076376270795e+00 -1.538632998978261279e-01 -2.272085073008048572e-01 -7.104045944828600578e-02 -1.402653494339861640e-01 1.400425330766622567e-01 9.775822082050236173e-01
1.062334699642063951e+00 -1.530086682677189724e-01 -2.335843675220591054e-01 -7.455332794271751773e-02 -1.491822227698550163e-01 1.588125397511973014e-01 9.731212889048751480e-01
1.065971807963760343e+00 -1.525512957007839066e-01 -2.396366697432417425e-01 -7.829153042385733619e-02 -1.574750114110168020e-01 1.768085983989667875e-01 9.684063075884952188e-01
1.069268623736250090e+00 -1.510451236909228778e-01 -2.447580808728316848e-01 -8.114175332556397557e-02 -1.649625051590932479e-01 1.935522453284611311e-01 9.637120504005335375e-01
1.071745588691006779e+00 -1.514370965745034936e-01 -2.495626302096501659e-01 -8.469671729468038202e-02 -1.695980717178363628e-01 2.094773569570529681e-01 9.592612767496581094e-01
1.073837350714843764e+00 -1.510907222677150830e-01 -2.535763869041508523e-01 -8.697783427005897905e-02 -1.738454402173306435e-01 2.233401556908471419e-01 9.551606116864957974e-01
1.075746098240293769e+00 -1.506922386283966464e-01 -2.566370048288983408e-01 -8.903641241172619014e-02 -1.760337916476376607e-01 2.353656771960967731e-01 9.516762156642498693e-01
1.080630707538526858e+00 -1.502901757684108885e-01 -2.598017562479190690e-01 -9.031184203846942538e-02 -1.778922272739768828e-01 2.441954474396489105e-01 9.489819335018301327e-01
1.089078872096160167e+00 -1.509939337012144445e-01 -2.622125380199160083e-01 -9.124189079889562237e-02 -1.783836485175450404e-01 2.502285330698756916e-01 9.472274661044777222e-01
1.240786512796117513e+00 -6.343077098094249133e-02 -2.594818506382384760e-01 -1.243622000068353300e-01 -1.868934220011527481e-01 2.740322338970661020e-01 9.351530499375718675e-01
1.378458079018022975e+00 1.763364579341357430e-02 -2.503635234269899756e-01 -1.565873885329346904e-01 -1.927362189129994408e-01 2.937650005048341728e-01 9.230575627499896241e-01
1.505685725628314264e+00 8.646575911920099944e-02 -2.464234523158513879e-01 -1.909311001796836216e-01 -1.995410431022230091e-01 3.152908475952706513e-01 9.079209043328103634e-01
1.619597905991320363e+00 1.472141961688173128e-01 -2.399755523752519215e-01 -2.251899957570426825e-01 -2.055526944395777988e-01 3.340086134949867835e-01 8.918945014578402164e-01
1.721578854145342286e+00 1.974772479532841685e-01 -2.379737101931680421e-01 -2.561474042828720266e-01 -2.117702895005416919e-01 3.500404628061377088e-01 8.757930841028996882e-01
1.811517964468922992e+00 2.363132350489335898e-01 -2.332604586341890662e-01 -2.853600189997532732e-01 -2.175526129478890514e-01 3.627354150123741072e-01 8.600369403995430373e-01
1.887046883437149658e+00 2.685908380326241796e-01 -2.270119092394402849e-01 -3.125935103361260348e-01 -2.217667731306408041e-01 3.721993019509248213e-01 8.453238877839697185e-01
1.948474628214327931e+00 2.940520240866529300e-01 -2.229247016890266164e-01 -3.362348910913952049e-01 -2.245677712657052905e-01 3.776516521528663906e-01 8.330033875967863821e-01
1.996225725333959922e+00 3.112539532988221058e-01 -2.203752641166715209e-01 -3.567740782701838143e-01 -2.258316270728411568e-01 3.800869158535978842e-01 8.229497370344035501e-01
2.029856598378227073e+00 3.201901452355997990e-01 -2.177064241722576898e-01 -3.727322773665962541e-01 -2.299934594461726378e-01 3.816832076040885258e-01 8.139358617570224830e-01
2.048782327132788961e+00 3.199511292595071388e-01 -2.152771904458705976e-01 -3.846708291342079145e-01 -2.379231827813701738e-01 3.812966200474540712e-01 8.062467363337176840e-01
2.059417607071994283e+00 3.147144149930259927e-01 -2.140071226949549488e-01 -3.928299645214125557e-01 -2.434235699580200030e-01 3.749866822773332831e-01 8.036258909950804163e-01
2.072130235684679800e+00 3.109147264511766262e-01 -2.133356166532252851e-01 -3.965101802961374378e-01 -2.488519946927942317e-01 3.666311399153352468e-01 8.040111746134651627e-01
2.086336446144011703e+00 3.067996725391721746e-01 -2.116062349473322723e-01 -3.957941728074326759e-01 -2.545444404623094514e-01 3.558587205974229617e-01 8.074148076275138308e-01
2.102058170372880230e+00 3.017835434994836086e-01 -2.090401355952325180e-01 -3.912650817506970746e-01 -2.606483951194709103e-01 3.442503080182431896e-01 8.126904548188129684e-01
2.119743778190892769e+00 2.962807783214004287e-01 -2.066625894566527510e-01 -3.830249449357326919e-01 -2.666930493961315318e-01 3.308607906643295515e-01 8.201815934058420687e-01
2.139635958422903439e+00 2.906387673344989486e-01 -2.045663642796507753e-01 -3.720528305803412761e-01 -2.727442591377434722e-01 3.164656200307209288e-01 8.288768133463082499e-01
2.162237520545252423e+00 2.862287709418214754e-01 -2.042520034839424847e-01 -3.580415451915970881e-01 -2.786123638021081872e-01 3.014738352931969900e-01 8.386268116910081671e-01
2.187285921025083457e+00 2.819763541184578393e-01 -2.045798738639474923e-01 -3.415378820571444152e-01 -2.843107180881862539e-01 2.858116919294114155e-01 8.490176484953343428e-01
2.214871114722814394e+00 2.777029931657519768e-01 -2.054769824695448499e-01 -3.233601582527048657e-01 -2.897567050973167135e-01 2.698334631477534162e-01 8.594586447710106381e-01
2.245227149425349289e+00 2.745593698055802667e-01 -2.076299517050326782e-01 -3.031295912706832296e-01 -2.940684520885977205e-01 2.546295661941541666e-01 8.699425155733345738e-01
2.278489960281164795e+00 2.725992935365079139e-01 -2.102655453125257257e-01 -2.813765966902928017e-01 -2.982454463897750152e-01 2.400671954790435381e-01 8.799117036371201239e-01
2.314839769249863011e+00 2.716903344099059203e-01 -2.122711673624553264e-01 -2.591675065478013518e-01 -3.022579843973276503e-01 2.267403520338476253e-01 8.888538277902767737e-01
2.354377398417330181e+00 2.733084667251897693e-01 -2.124465386360077368e-01 -2.369316259600399155e-01 -3.066268414503299233e-01 2.152130725471038397e-01 8.963965183594595487e-01
2.397075964460415598e+00 2.759408507579877989e-01 -2.092178050139414380e-01 -2.155230168488476983e-01 -3.107150248634216183e-01 2.070213502148774420e-01 9.023015920897533571e-01
2.442527324411576384e+00 2.813913711103430693e-01 -2.016168627033639027e-01 -1.956666884878758561e-01 -3.144800110609717869e-01 2.023099212110651968e-01 9.065801483811853911e-01
2.490493864505989752e+00 2.904672708891725130e-01 -1.904526991706274319e-01 -1.773980113635846290e-01 -3.174699574088279963e-01 2.004243722827661056e-01 9.097103070220440291e-01
2.537839337911076409e+00 3.051886194973316146e-01 -1.692727069317500055e-01 -1.625513853161201228e-01 -3.178870773034954134e-01 2.023580663282976144e-01 9.119079263868277163e-01
2.584016476222906533e+00 3.240033974503325198e-01 -1.398142148501022586e-01 -1.521695393125115370e-01 -3.158475766390246298e-01 2.084085445868487096e-01 9.130446967043097661e-01
2.625007010981588618e+00 3.467856052387811583e-01 -9.929120525580126255e-02 -1.454269544408876291e-01 -3.175363716955472149e-01 2.180720127283954923e-01 9.112992103788205567e-01
2.653662940431812167e+00 3.736999728073741034e-01 -4.620015084298949304e-02 -1.422403892542643822e-01 -3.233009681881034436e-01 2.294241053203160963e-01 9.069778032186910366e-01
2.671894159072405905e+00 4.035380674674419743e-01 1.454077854857076246e-02 -1.435478317360079359e-01 -3.271936787584392436e-01 2.435418801555181423e-01 9.016793605238645481e-01
2.693563129056595784e+00 4.385707263016030977e-01 7.592513425412361627e-02 -1.463223608786065888e-01 -3.338404382156888728e-01 2.596787543099989271e-01 8.942635367042954808e-01
2.733487388243994509e+00 4.766792088441275110e-01 1.304187705958845533e-01 -1.493990431703967614e-01 -3.449872266538591692e-01 2.818652363391918603e-01 8.827319683170539166e-01
2.776841933796958095e+00 5.176034396778775859e-01 1.852384157364994899e-01 -1.526045644246343813e-01 -3.568454761829925603e-01 3.065027492798822473e-01 8.691543118045118588e-01
2.811619438877023924e+00 5.575318743803039379e-01 2.401428593168069003e-01 -1.579975918325238760e-01 -3.676662055161092346e-01 3.314871234240629461e-01 8.543855156195880873e-01
2.840744014667754058e+00 5.899051984307596141e-01 2.862833647159847561e-01 -1.658687761709507491e-01 -3.790913358126644650e-01 3.583915434351653273e-01 8.368588947949832102e-01
2.873602305486568032e+00 6.195047963680135883e-01 3.105995573806578092e-01 -1.712904384296966842e-01 -3.935210555056757875e-01 3.869258858742686824e-01 8.161428327300763730e-01
2.900933550309412023e+00 6.449360911535729768e-01 3.132132754123088669e-01 -1.765892661674196285e-01 -4.084102397258800310e-01 4.142235895538165513e-01 7.940000787271074278e-01
2.918303358937583525e+00 6.611485932483380790e-01 3.072097687275633371e-01 -1.851696943597900546e-01 -4.209686327550731244e-01 4.428870813199048406e-01 7.696418827785831418e-01
2.930497798878785254e+00 6.702063869873753355e-01 2.981654875593383047e-01 -1.954030157201681883e-01 -4.311382698252677614e-01 4.727392613777569585e-01 7.432731964032815997e-01
2.941965050477552079e+00 6.785280502651410695e-01 2.900208927522386348e-01 -2.050868359520859330e-01 -4.405251034695167878e-01 5.014401233645927602e-01 7.158455319497606384e-01
2.953538789857037106e+00 6.853868116027719282e-01 2.836332767234936991e-01 -2.156988939356394852e-01 -4.478206146864993076e-01 5.278990391533511239e-01 6.886605032072887767e-01
2.963118944842528357e+00 6.923102661280808867e-01 2.774457241181094713e-01 -2.257778657141253920e-01 -4.546182907879254831e-01 5.518761105430002312e-01 6.616489429044450921e-01
2.971382268559778606e+00 6.981137698171123729e-01 2.715666791387426615e-01 -2.355682520308326755e-01 -4.597258685037985404e-01 5.741593016830273122e-01 6.352171445690244500e-01
2.979230518689264695e+00 7.021689384221168062e-01 2.669946067877947415e-01 -2.452112639685029016e-01 -4.625757170738010182e-01 5.935910561131955143e-01 6.111831150310430560e-01
2.985095528127954978e+00 7.058554374035370671e-01 2.626988863847047884e-01 -2.536110354004113554e-01 -4.626765485080017171e-01 6.109218318467831699e-01 5.902426361733154048e-01
2.990790629807984047e+00 7.124628697616525175e-01 2.601026697132610699e-01 -2.602068902609960821e-01 -4.618855568676259460e-01 6.246229992208700565e-01 5.734110353508293789e-01
2.998262033650533454e+00 7.247948217034035912e-01 2.620561129570844194e-01 -2.657521365554899040e-01 -4.595699596356497274e-01 6.337268062265992707e-01 5.626380623336053599e-01
