-4.452462308108806610e-03 9.506114125251770020e-01 -2.659993059933185577e-02
-1.247172057628631592e-02 8.747251629829406738e-01 -2.092966251075267792e-02
-1.913475058972835541e-02 7.978304028511047363e-01 -1.543154381215572357e-02
-2.550707571208477020e-02 7.200969457626342773e-01 -1.268104184418916702e-02
-3.014421463012695312e-02 6.417120695114135742e-01 -9.623563848435878754e-03
-3.338331356644630432e-02 5.628060698509216309e-01 -7.183175999671220779e-03
-3.516954183578491211e-02 4.837256371974945068e-01 -4.858875647187232971e-03
-3.536060452461242676e-02 4.037821888923645020e-01 -2.751378808170557022e-03
-3.402319177985191345e-02 3.249855637550354004e-01 -7.276979158632457256e-04
-3.150103241205215454e-02 2.430350929498672485e-01 1.283741323277354240e-03
-2.715604752302169800e-02 1.677522361278533936e-01 3.284829203039407730e-03
-2.230259776115417480e-02 7.514850795269012451e-02 6.887515075504779816e-03
-1.811147108674049377e-02 3.297961130738258362e-02 7.088819053024053574e-03
-1.413564197719097137e-02 5.517314001917839050e-02 3.527320222929120064e-03
-1.076106354594230652e-02 5.646518245339393616e-02 1.466925488784909248e-03
-7.781469728797674179e-03 6.748390942811965942e-02 -1.013077446259558201e-03
-5.385788157582283020e-03 7.527232915163040161e-02 -3.152427729219198227e-03
-3.644630312919616699e-03 8.523209393024444580e-02 -5.312017165124416351e-03
-2.439431846141815186e-03 9.514765441417694092e-02 -7.366870529949665070e-03
-1.817881129682064056e-03 1.059145107865333557e-01 -9.385051205754280090e-03
-1.655417028814554214e-03 1.172185093164443970e-01 -1.138203963637351990e-02
-1.908321399241685867e-03 1.291959583759307861e-01 -1.325299404561519623e-02
-2.675255760550498962e-03 1.419204622507095337e-01 -1.527724787592887878e-02
-3.549605607986450195e-03 1.554305255413055420e-01 -1.671940088272094727e-02
-4.633342381566762924e-03 1.696402728557586670e-01 -1.791856810450553894e-02
-6.181834731251001358e-03 1.846699565649032593e-01 -1.964831538498401642e-02
-7.875844836235046387e-03 2.004480063915252686e-01 -2.102202549576759338e-02
-9.815460070967674255e-03 2.171202003955841064e-01 -2.233255282044410706e-02
-1.188916899263858795e-02 2.344104200601577759e-01 -2.333615720272064209e-02
-1.433754153549671173e-02 2.527955174446105957e-01 -2.422837354242801666e-02
-1.700139231979846954e-02 2.711450755596160889e-01 -2.448485046625137329e-02
-2.009550854563713074e-02 2.908048331737518311e-01 -2.449858002364635468e-02
-2.347683906555175781e-02 3.090855181217193604e-01 -2.453288622200489044e-02
-2.674661017954349518e-02 3.293381631374359131e-01 -2.421262860298156738e-02
-2.996333688497543335e-02 3.415364623069763184e-01 -2.315551228821277618e-02
-3.311582282185554504e-02 3.697134852409362793e-01 -2.279915288090705872e-02
-3.607658669352531433e-02 3.507230281829833984e-01 -1.929713226854801178e-02
-3.883787989616394043e-02 2.719032764434814453e-01 -1.191877387464046478e-02
-4.115442186594009399e-02 2.100522667169570923e-01 -5.508986767381429672e-03
-4.278732463717460632e-02 1.442857086658477783e-01 1.176558434963226318e-03
-4.378475621342658997e-02 6.852225959300994873e-02 8.426502346992492676e-03
-4.379400238394737244e-02 2.532323077321052551e-02 1.351916510611772537e-02
-4.278758540749549866e-02 2.791180834174156189e-02 1.556367613375186920e-02
-4.072704166173934937e-02 1.390471775084733963e-02 1.837323419749736786e-02
-3.751751780509948730e-02 6.909167859703302383e-03 2.043355815112590790e-02
-3.305854275822639465e-02 -4.985000938177108765e-03 2.244307659566402435e-02
-2.736100554466247559e-02 -1.196908950805664062e-02 2.378183603286743164e-02
-2.044219337403774261e-02 -2.866475470364093781e-02 2.535049989819526672e-02
-1.221151463687419891e-02 -2.048190683126449585e-02 2.501735277473926544e-02
-2.849183045327663422e-03 1.987523213028907776e-02 2.237968333065509796e-02
7.799811661243438721e-03 4.911695420742034912e-02 2.014235407114028931e-02
