8.342245221138000488e-02 -1.009601354598999023e-02 3.556006774306297302e-02 -2.554370090365409851e-02 7.216921076178550720e-03 2.540675550699234009e-02 9.993247389793395996e-01
7.500018179416656494e-02 -1.418914366513490677e-02 3.377462550997734070e-02 -2.512057125568389893e-02 7.537462282925844193e-03 2.430200204253196716e-02 9.993605613708496094e-01
6.667159497737884521e-02 -1.704137213528156281e-02 3.134089335799217224e-02 -2.447353489696979523e-02 7.502987980842590332e-03 2.234091609716415405e-02 9.994226694107055664e-01
5.834523215889930725e-02 -1.881834864616394043e-02 2.868880890309810638e-02 -2.351273410022258759e-02 7.510898634791374207e-03 2.079170756042003632e-02 9.994791150093078613e-01
5.014209076762199402e-02 -1.958501338958740234e-02 2.583897486329078674e-02 -2.233988791704177856e-02 7.425840944051742554e-03 1.866501569747924805e-02 9.995486140251159668e-01
4.207790270447731018e-02 -1.947964914143085480e-02 2.285427600145339966e-02 -2.087874524295330048e-02 7.203114684671163559e-03 1.667807437479496002e-02 9.996169209480285645e-01
3.449717164039611816e-02 -1.800067164003849030e-02 1.979531534016132355e-02 -1.913497969508171082e-02 7.083419710397720337e-03 1.433856040239334106e-02 9.996889829635620117e-01
2.681606635451316833e-02 -1.637122593820095062e-02 1.673922687768936157e-02 -1.716459356248378754e-02 6.917377933859825134e-03 1.198796182870864868e-02 9.997568726539611816e-01
1.953294128179550171e-02 -1.378961186856031418e-02 1.377201452851295471e-02 -1.492851134389638901e-02 6.564709823578596115e-03 9.158458560705184937e-03 9.998250603675842285e-01
1.257793512195348740e-02 -1.061202026903629303e-02 1.063447631895542145e-02 -1.245565339922904968e-02 6.597714032977819443e-03 6.674407981336116791e-03 9.998784065246582031e-01
6.310884840786457062e-03 -7.116325665265321732e-03 7.270293310284614563e-03 -9.726527146995067596e-03 -1.351755781797692180e-04 3.437458770349621773e-03 9.999467730522155762e-01
1.319540548138320446e-03 -2.965109422802925110e-03 4.787874408066272736e-03 -7.052967324852943420e-03 -2.551922225393354893e-04 7.376755820587277412e-04 9.999748468399047852e-01
1.633517444133758545e-03 -3.837667405605316162e-03 4.894728772342205048e-03 -4.824424162507057190e-03 1.889606064651161432e-04 -1.615673187188804150e-03 9.999870657920837402e-01
2.194468863308429718e-03 -4.816497210413217545e-03 5.061835981905460358e-03 -2.718104515224695206e-03 4.065830726176500320e-04 -3.422846086323261261e-03 9.999903440475463867e-01
2.297488739714026451e-03 -6.192098837345838547e-03 4.795217886567115784e-03 -2.749474078882485628e-04 6.438507116399705410e-04 -5.353555548936128616e-03 9.999853968620300293e-01
2.944010542705655098e-03 -6.614575162529945374e-03 5.453817546367645264e-03 6.011462537571787834e-04 1.029379898682236671e-03 -6.486685015261173248e-03 9.999782443046569824e-01
3.110914025455713272e-03 -7.958013564348220825e-03 5.088729783892631531e-03 2.566786948591470718e-03 1.038764021359384060e-03 -7.591751869767904282e-03 9.999673366546630859e-01
4.489130340516567230e-03 -7.808079943060874939e-03 6.039803847670555115e-03 3.434893675148487091e-03 1.476500299759209156e-03 -8.435009047389030457e-03 9.999574422836303711e-01
4.134344868361949921e-03 -8.795872330665588379e-03 6.608544383198022842e-03 4.658425692468881607e-03 1.102287089452147484e-03 -9.078328497707843781e-03 9.999473094940185547e-01
5.090675782412290573e-03 -9.338760748505592346e-03 6.911728531122207642e-03 5.387383978813886642e-03 1.270501408725976944e-03 -9.332732297480106354e-03 9.999411106109619141e-01
6.245898548513650894e-03 -9.660984389483928680e-03 7.353332359343767166e-03 5.938380490988492966e-03 1.218526391312479973e-03 -8.967668749392032623e-03 9.999414086341857910e-01
7.266397122293710709e-03 -1.049828343093395233e-02 7.205823436379432678e-03 7.116853259503841400e-03 1.011328538879752159e-03 -8.498497307300567627e-03 9.999380707740783691e-01
8.727449923753738403e-03 -1.001341920346021652e-02 8.431730791926383972e-03 7.181306835263967514e-03 9.621006320230662823e-04 -7.643490098416805267e-03 9.999445676803588867e-01
9.759948588907718658e-03 -1.073652226477861404e-02 8.650741539895534515e-03 7.440645247697830200e-03 7.689994527027010918e-04 -6.501225754618644714e-03 9.999508857727050781e-01
1.074875984340906143e-02 -1.114394702017307281e-02 9.391082450747489929e-03 7.362705655395984650e-03 5.788493435829877853e-04 -5.188522860407829285e-03 9.999592900276184082e-01
1.248633861541748047e-02 -1.096698082983493805e-02 1.000756770372390747e-02 7.078390568494796753e-03 3.616887552198022604e-04 -3.437539096921682358e-03 9.999689459800720215e-01
1.362139359116554260e-02 -1.126950792968273163e-02 1.092572882771492004e-02 6.607272662222385406e-03 1.338972797384485602e-04 -1.443350454792380333e-03 9.999771118164062500e-01
1.499046292155981064e-02 -1.150337979197502136e-02 1.174111012369394302e-02 5.938595160841941833e-03 -5.183882240089587867e-05 6.594651495106518269e-04 9.999821186065673828e-01
1.640438102185726166e-02 -1.177423074841499329e-02 1.259679161012172699e-02 5.189901217818260193e-03 -1.231265487149357796e-04 3.489298280328512192e-03 9.999804496765136719e-01
1.782388985157012939e-02 -1.202506106346845627e-02 1.357881166040897369e-02 3.717786166816949844e-03 -1.214741205330938101e-04 6.099632475525140762e-03 9.999744892120361328e-01
1.848688162863254547e-02 -1.302973926067352295e-02 1.492543611675500870e-02 2.616130281239748001e-03 -7.539714686572551727e-03 8.752432651817798615e-03 9.999298453330993652e-01
1.956299133598804474e-02 -1.396612357348203659e-02 1.594813913106918335e-02 1.291657565161585808e-03 -8.670691400766372681e-03 1.159933395683765411e-02 9.998943209648132324e-01
2.117204293608665466e-02 -1.469643972814083099e-02 1.632438786327838898e-02 8.341365901287645102e-05 -9.290144778788089752e-03 1.390034798532724380e-02 9.998602271080017090e-01
2.280002646148204803e-02 -1.519201230257749557e-02 1.683512143790721893e-02 -7.986778509803116322e-04 -9.778302162885665894e-03 1.632750965654850006e-02 9.998185634613037109e-01
2.396291121840476990e-02 -1.609218306839466095e-02 1.720128394663333893e-02 -1.656296662986278534e-03 -1.013050600886344910e-02 1.829371973872184753e-02 9.997799396514892578e-01
2.401163242757320404e-02 -1.902670599520206451e-02 1.751459389925003052e-02 -2.269836608320474625e-03 -1.032147835940122604e-02 1.993988081812858582e-02 9.997453093528747559e-01
1.871626079082489014e-02 -1.647084392607212067e-02 1.537622697651386261e-02 -2.872692421078681946e-03 -1.053849607706069946e-02 2.122989483177661896e-02 9.997149705886840820e-01
1.467864960432052612e-02 -1.185972802340984344e-02 1.317944843322038651e-02 -3.929462283849716187e-03 -1.028821617364883423e-02 2.211041375994682312e-02 9.996948838233947754e-01
1.014971360564231873e-02 -9.907313622534275055e-03 9.591722860932350159e-03 -3.972289618104696274e-03 -1.006963197141885757e-02 2.286015823483467102e-02 9.996800422668457031e-01
5.218793638050556183e-03 -5.499947816133499146e-03 9.463348425924777985e-03 -4.673546180129051208e-03 -9.326731786131858826e-03 2.336879633367061615e-02 9.996724724769592285e-01
3.903755219653248787e-03 -7.568555884063243866e-04 8.779427967965602875e-03 -4.333299119025468826e-03 -9.150550700724124908e-03 2.269717864692211151e-02 9.996911287307739258e-01
3.372121602296829224e-03 -2.428548177704215050e-03 8.966341614723205566e-03 -4.057543352246284485e-03 -8.621869608759880066e-03 2.306512743234634399e-02 9.996885657310485840e-01
4.329516086727380753e-03 -1.247685751877725124e-03 9.221603162586688995e-03 -3.997583407908678055e-03 -7.660681381821632385e-03 2.229470014572143555e-02 9.997140765190124512e-01
5.752468015998601913e-03 4.630204639397561550e-04 9.126163087785243988e-03 -3.514858428388834000e-03 -6.710336543619632721e-03 2.133493125438690186e-02 9.997437000274658203e-01
6.728834938257932663e-03 -7.374246251856675372e-06 9.267930872738361359e-03 -3.315193345770239830e-03 -5.614805966615676880e-03 2.007145807147026062e-02 9.997772574424743652e-01
7.005050312727689743e-03 1.755529432557523251e-03 9.907322004437446594e-03 -2.649401314556598663e-03 -4.545124713331460953e-03 1.829828135669231415e-02 9.998187422752380371e-01
8.794399909675121307e-03 2.412169240415096283e-03 9.474290534853935242e-03 -2.102744532749056816e-03 -3.638971596956253052e-03 1.676998659968376160e-02 9.998505115509033203e-01
7.336433511227369308e-03 3.039849922060966492e-03 1.181524991989135742e-02 -1.417435007169842720e-03 -1.944113406352698803e-03 1.427251752465963364e-02 9.998952746391296387e-01
1.017352845519781113e-02 9.430338832316920161e-05 9.302051737904548645e-03 -4.855351871810853481e-04 -3.336392983328551054e-04 1.078133657574653625e-02 9.999417066574096680e-01
5.325008183717727661e-03 -9.805679321289062500e-03 8.727846667170524597e-03 2.917794045060873032e-04 1.332497806288301945e-03 8.811163716018199921e-03 9.999602437019348145e-01
1.595539003610610962e-01 -1.856390573084354401e-02 6.872124224901199341e-02 -5.068254470825195312e-02 1.481935288757085800e-02 4.941828921437263489e-02 9.973813295364379883e-01
1.428683400154113770e-01 -2.634896337985992432e-02 6.482371687889099121e-02 -4.968478530645370483e-02 1.668673567473888397e-02 4.629252105951309204e-02 9.975519776344299316e-01
1.261659413576126099e-01 -3.185282275080680847e-02 6.002210080623626709e-02 -4.799343645572662354e-02 1.496904622763395309e-02 4.305097088217735291e-02 9.978072047233581543e-01
1.095486879348754883e-01 -3.515778481960296631e-02 5.470637977123260498e-02 -4.600885137915611267e-02 1.490142475813627243e-02 3.936886787414550781e-02 9.980537295341491699e-01
9.324153512716293335e-02 -3.639718890190124512e-02 4.891064390540122986e-02 -4.314677789807319641e-02 1.472809165716171265e-02 3.539084643125534058e-02 9.983330965042114258e-01
7.727935910224914551e-02 -3.578824177384376526e-02 4.287832602858543396e-02 -4.015756398439407349e-02 1.436949148774147034e-02 3.100064396858215332e-02 9.986089468002319336e-01
6.306471675634384155e-02 -3.150841593742370605e-02 3.620540350675582886e-02 -3.630486130714416504e-02 1.402093190699815750e-02 2.646483480930328369e-02 9.988918900489807129e-01
4.883813485503196716e-02 -2.606353536248207092e-02 3.045143932104110718e-02 -3.200596198439598083e-02 1.394555252045392990e-02 2.140707708895206451e-02 9.991610646247863770e-01
3.445490449666976929e-02 -2.129540219902992249e-02 2.414215728640556335e-02 -2.738034166395664215e-02 1.303601823747158051e-02 1.608937233686447144e-02 9.994105696678161621e-01
2.113322913646697998e-02 -1.566529460251331329e-02 1.721314713358879089e-02 -2.212126739323139191e-02 6.453992333263158798e-03 1.018256135284900665e-02 9.996826052665710449e-01
9.244727902114391327e-03 -9.698610752820968628e-03 1.024494040757417679e-02 -1.683631911873817444e-02 -1.653716462897136807e-04 4.055839497596025467e-03 9.998500347137451172e-01
4.798948299139738083e-03 -6.962039973586797714e-03 8.797263726592063904e-03 -1.145985722541809082e-02 -1.468555128667503595e-04 -1.703011919744312763e-03 9.999328851699829102e-01
4.458967596292495728e-03 -8.572998456656932831e-03 9.771596640348434448e-03 -7.501419167965650558e-03 5.910602048970758915e-04 -5.224802996963262558e-03 9.999580383300781250e-01
5.617090500891208649e-03 -1.068606413900852203e-02 9.688184596598148346e-03 -3.038205206394195557e-03 1.027478720061480999e-03 -9.219768457114696503e-03 9.999523758888244629e-01
7.271539419889450073e-03 -1.224587764590978622e-02 9.679402224719524384e-03 -1.010430059977807105e-04 1.489796210080385208e-03 -1.213728636503219604e-02 9.999251961708068848e-01
7.674281019717454910e-03 -1.425274927169084549e-02 9.956245310604572296e-03 3.273067064583301544e-03 1.879033516161143780e-03 -1.466917619109153748e-02 9.998852610588073730e-01
8.332307450473308563e-03 -1.598267257213592529e-02 1.034846901893615723e-02 5.801607854664325714e-03 2.156501170247793198e-03 -1.628889702260494232e-02 9.998481869697570801e-01
8.930873125791549683e-03 -1.718245074152946472e-02 1.163544971495866776e-02 8.307001553475856781e-03 2.395685762166976929e-03 -1.726167090237140656e-02 9.998136162757873535e-01
1.037746295332908630e-02 -1.818691380321979523e-02 1.258748117834329605e-02 1.022926159203052521e-02 2.456774702295660973e-03 -1.819718442857265472e-02 9.997790455818176270e-01
1.240578200668096542e-02 -1.910662464797496796e-02 1.320567447692155838e-02 1.183277089148759842e-02 2.534219762310385704e-03 -1.819437742233276367e-02 9.997612237930297852e-01
1.324719656258821487e-02 -2.063540741801261902e-02 1.414226461201906204e-02 1.311873085796833038e-02 2.202986739575862885e-03 -1.732003875076770782e-02 9.997615218162536621e-01
1.636550202965736389e-02 -2.030926197767257690e-02 1.559017319232225418e-02 1.401746831834316254e-02 2.099249046295881271e-03 -1.609915308654308319e-02 9.997699260711669922e-01
1.878213882446289062e-02 -2.102423086762428284e-02 1.640838384628295898e-02 1.452306937426328659e-02 1.758265309035778046e-03 -1.418052893131971359e-02 9.997924566268920898e-01
2.081339247524738312e-02 -2.161902002990245819e-02 1.800007186830043793e-02 1.468215510249137878e-02 1.366932992823421955e-03 -1.166641246527433395e-02 9.998232126235961914e-01
2.339273132383823395e-02 -2.203656733036041260e-02 1.932538300752639771e-02 1.438012346625328064e-02 9.405376622453331947e-04 -8.570217527449131012e-03 9.998594522476196289e-01
2.613322995603084564e-02 -2.227145992219448090e-02 2.085822075605392456e-02 1.372074149549007416e-02 4.801516188308596611e-04 -4.831501282751560211e-03 9.998940825462341309e-01
2.832579612731933594e-02 -2.300087362527847290e-02 2.279298752546310425e-02 1.257328782230615616e-02 4.772123065777122974e-05 -6.351878400892019272e-04 9.999207258224487305e-01
3.126472607254981995e-02 -2.365618199110031128e-02 2.413559332489967346e-02 1.097794901579618454e-02 -5.818582576466724277e-05 4.240123089402914047e-03 9.999307394027709961e-01
3.371438756585121155e-02 -2.427057176828384399e-02 2.640449255704879761e-02 8.906207047402858734e-03 -4.507607081905007362e-04 9.434984996914863586e-03 9.999157190322875977e-01
3.576288372278213501e-02 -2.536199055612087250e-02 2.892039716243743896e-02 6.400785874575376511e-03 -7.737459614872932434e-03 1.484602317214012146e-02 9.998393654823303223e-01
3.858014196157455444e-02 -2.670022472739219666e-02 3.045997954905033112e-02 3.782209707424044609e-03 -1.623987033963203430e-02 2.034275606274604797e-02 9.996539950370788574e-01
4.093458876013755798e-02 -2.838979475200176239e-02 3.226075321435928345e-02 1.447400893084704876e-03 -1.793169416487216949e-02 2.572591416537761688e-02 9.995071291923522949e-01
4.344224184751510620e-02 -3.030771575868129730e-02 3.347547352313995361e-02 -6.113279960118234158e-04 -1.905411295592784882e-02 3.055085986852645874e-02 9.993513822555541992e-01
4.560735449194908142e-02 -3.265907987952232361e-02 3.430975973606109619e-02 -2.446087775751948357e-03 -1.976681873202323914e-02 3.470597416162490845e-02 9.991990923881530762e-01
4.737781360745429993e-02 -3.551668673753738403e-02 3.520615771412849426e-02 -4.036552272737026215e-03 -2.046742662787437439e-02 3.825505077838897705e-02 9.990501999855041504e-01
4.305678233504295349e-02 -3.476902097463607788e-02 3.323640674352645874e-02 -5.351833999156951904e-03 -2.072616294026374817e-02 4.111086204648017883e-02 9.989252686500549316e-01
3.407692909240722656e-02 -2.804975770413875580e-02 2.797019481658935547e-02 -6.404264830052852631e-03 -2.063649334013462067e-02 4.354330897331237793e-02 9.988178610801696777e-01
2.452940493822097778e-02 -2.263796888291835785e-02 2.205887064337730408e-02 -7.200579158961772919e-03 -2.032222412526607513e-02 4.505286365747451782e-02 9.987519383430480957e-01
1.572734676301479340e-02 -1.561813428997993469e-02 1.853017322719097137e-02 -7.764893583953380585e-03 -1.951271854341030121e-02 4.604093730449676514e-02 9.987187981605529785e-01
8.401663973927497864e-03 -7.187569048255681992e-03 1.753772608935832977e-02 -8.264534175395965576e-03 -1.786043867468833923e-02 4.595258459448814392e-02 9.987497329711914062e-01
8.953489363193511963e-03 -1.960080582648515701e-03 1.719929464161396027e-02 -8.162650279700756073e-03 -1.760041713714599609e-02 4.614386335015296936e-02 9.987463951110839844e-01
1.037395372986793518e-02 6.360620318446308374e-05 1.724965311586856842e-02 -7.314804010093212128e-03 -1.616866141557693481e-02 4.527285322546958923e-02 9.988170266151428223e-01
1.068079657852649689e-02 8.736914023756980896e-04 1.810730807483196259e-02 -7.610372733324766159e-03 -1.450041402131319046e-02 4.360082373023033142e-02 9.989147782325744629e-01
1.300792396068572998e-02 2.336403355002403259e-03 1.788038574159145355e-02 -7.064711768180131912e-03 -1.252749562263488770e-02 4.127792268991470337e-02 9.990441799163818359e-01
1.403510384261608124e-02 3.526248037815093994e-03 1.876525208353996277e-02 -6.099605467170476913e-03 -1.028761267662048340e-02 3.864660114049911499e-02 9.991813898086547852e-01
1.512761134654283524e-02 4.717539995908737183e-03 1.984889432787895203e-02 -4.978170152753591537e-03 -8.443185128271579742e-03 3.498639911413192749e-02 9.993396997451782227e-01
1.918790861964225769e-02 6.153005175292491913e-03 1.852524280548095703e-02 -3.582598874345421791e-03 -5.136522464454174042e-03 3.097160905599594116e-02 9.995006322860717773e-01
2.119986526668071747e-02 3.683537011966109276e-03 1.766200922429561615e-02 -1.820605597458779812e-03 -2.176244975998997688e-03 2.465136535465717316e-02 9.996920824050903320e-01
1.778399385511875153e-02 -1.183182559907436371e-02 1.769684441387653351e-02 -1.163827691925689578e-04 1.340456889010965824e-03 2.050034143030643463e-02 9.997889399528503418e-01
