8.342455327510833740e-02 -1.033234875649213791e-02 3.548717498779296875e-02 -2.538011968135833740e-02 7.078761700540781021e-03 2.573276311159133911e-02 9.993215799331665039e-01
7.491815090179443359e-02 -1.468137837946414948e-02 3.374628350138664246e-02 -2.485149726271629333e-02 7.470755372196435928e-03 2.460005320608615875e-02 9.993605017662048340e-01
6.679489463567733765e-02 -1.735377125442028046e-02 3.090387210249900818e-02 -2.433644793927669525e-02 7.579794153571128845e-03 2.225062996149063110e-02 9.994274377822875977e-01
5.841411650180816650e-02 -1.923554949462413788e-02 2.826886251568794250e-02 -2.342179045081138611e-02 7.721209898591041565e-03 2.110653184354305267e-02 9.994730353355407715e-01
5.017962306737899780e-02 -1.982153393328189850e-02 2.558451890945434570e-02 -2.232344076037406921e-02 7.520814426243305206e-03 1.890013925731182098e-02 9.995438456535339355e-01
4.216996952891349792e-02 -1.972049660980701447e-02 2.247489243745803833e-02 -2.081061154603958130e-02 7.101714611053466797e-03 1.689765974879264832e-02 9.996154308319091797e-01
3.454934805631637573e-02 -1.815657876431941986e-02 1.956053636968135834e-02 -1.902281120419502258e-02 6.967595312744379044e-03 1.455585472285747528e-02 9.996888041496276855e-01
2.683440782129764557e-02 -1.647373661398887634e-02 1.660875603556632996e-02 -1.719794981181621552e-02 6.918012630194425583e-03 1.233262103050947189e-02 9.997521042823791504e-01
1.971009187400341034e-02 -1.372155919671058655e-02 1.358633767813444138e-02 -1.505259983241558075e-02 6.700093392282724380e-03 9.339561685919761658e-03 9.998206496238708496e-01
1.280966121703386307e-02 -1.046141050755977631e-02 1.050632819533348083e-02 -1.253577228635549545e-02 6.826311349868774414e-03 6.935845129191875458e-03 9.998740553855895996e-01
6.965330801904201508e-03 -6.743253674358129501e-03 7.024188060313463211e-03 -9.671712294220924377e-03 -1.579004456289112568e-04 3.517996519804000854e-03 9.999470114707946777e-01
1.995110884308815002e-03 -2.539353678002953529e-03 4.798751324415206909e-03 -6.909463554620742798e-03 -3.279779921285808086e-04 8.304082439281046391e-04 9.999757409095764160e-01
2.171411877498030663e-03 -3.413854399695992470e-03 4.998500458896160126e-03 -4.793231375515460968e-03 2.442027325741946697e-04 -1.575599540956318378e-03 9.999872446060180664e-01
3.070075996220111847e-03 -4.376510623842477798e-03 5.005727987736463547e-03 -2.632749499753117561e-03 3.960951871704310179e-04 -3.339062677696347237e-03 9.999908804893493652e-01
3.278234275057911873e-03 -5.664561409503221512e-03 4.876534454524517059e-03 -1.066224649548530579e-04 6.086537032388150692e-04 -5.287308245897293091e-03 9.999858140945434570e-01
3.863344434648752213e-03 -6.030679680407047272e-03 5.556023679673671722e-03 6.410793284885585308e-04 1.050327671691775322e-03 -6.412341259419918060e-03 9.999786615371704102e-01
4.019198939204216003e-03 -7.497392594814300537e-03 5.151512566953897476e-03 2.668780041858553886e-03 1.046015764586627483e-03 -7.441412657499313354e-03 9.999682307243347168e-01
5.407939199358224869e-03 -7.098254282027482986e-03 6.161706987768411636e-03 3.483571810647845268e-03 1.492045703344047070e-03 -8.277182467281818390e-03 9.999585747718811035e-01
4.946444649249315262e-03 -8.191501721739768982e-03 6.823855452239513397e-03 4.544251598417758942e-03 1.105933100916445255e-03 -8.985976688563823700e-03 9.999486804008483887e-01
5.613533314317464828e-03 -8.782125078141689301e-03 7.229241542518138885e-03 5.316919181495904922e-03 1.315013971179723740e-03 -9.283001534640789032e-03 9.999418854713439941e-01
6.980919279158115387e-03 -8.881787769496440887e-03 7.667984347790479660e-03 5.867521744221448898e-03 1.300772652029991150e-03 -8.896990679204463959e-03 9.999423623085021973e-01
7.836974225938320160e-03 -9.796008467674255371e-03 7.586725987493991852e-03 7.101256866008043289e-03 1.032721949741244316e-03 -8.488136343657970428e-03 9.999382495880126953e-01
9.450252167880535126e-03 -8.885362185537815094e-03 8.903602138161659241e-03 7.194119039922952652e-03 9.947364451363682747e-04 -7.615040987730026245e-03 9.999446272850036621e-01
1.027192920446395874e-02 -9.954055771231651306e-03 8.987161330878734589e-03 7.479344028979539871e-03 6.778993410989642143e-04 -6.486820988357067108e-03 9.999507665634155273e-01
1.129078865051269531e-02 -1.041528116911649704e-02 9.589357301592826843e-03 7.498293649405241013e-03 5.693812272511422634e-04 -5.219669081270694733e-03 9.999580979347229004e-01
1.315552741289138794e-02 -9.841632097959518433e-03 1.031547784805297852e-02 7.102376315742731094e-03 3.807398607023060322e-04 -3.374947933480143547e-03 9.999690055847167969e-01
1.433660369366407394e-02 -1.029485650360584259e-02 1.097239088267087936e-02 6.708490196615457535e-03 4.066532710567116737e-05 -1.370135229080915451e-03 9.999765753746032715e-01
1.565988175570964813e-02 -1.051713339984416962e-02 1.179208885878324509e-02 6.068453658372163773e-03 -9.429105557501316071e-05 7.140266825444996357e-04 9.999813437461853027e-01
1.706002093851566315e-02 -1.088249590247869492e-02 1.252766791731119156e-02 5.281306337565183640e-03 -2.159267605748027563e-04 3.717266954481601715e-03 9.999791383743286133e-01
1.843760162591934204e-02 -1.116077974438667297e-02 1.349700149148702621e-02 3.828544402495026588e-03 -2.040199469774961472e-04 6.256997119635343552e-03 9.999730587005615234e-01
1.913652569055557251e-02 -1.216337271034717560e-02 1.483756396919488907e-02 2.767175436019897461e-03 -7.686069700866937637e-03 9.026824496686458588e-03 9.999259114265441895e-01
2.015550620853900909e-02 -1.306603848934173584e-02 1.597312092781066895e-02 1.414490863680839539e-03 -8.733429014682769775e-03 1.180132105946540833e-02 9.998912215232849121e-01
2.201207913458347321e-02 -1.355190575122833252e-02 1.620310358703136444e-02 5.767847324023023248e-05 -9.509031660854816437e-03 1.403705496340990067e-02 9.998562335968017578e-01
2.365887351334095001e-02 -1.403808314353227615e-02 1.665081642568111420e-02 -6.693471805192530155e-04 -9.884176775813102722e-03 1.656714640557765961e-02 9.998136758804321289e-01
2.465591765940189362e-02 -1.507186051458120346e-02 1.714608818292617798e-02 -1.616472145542502403e-03 -1.003473903983831406e-02 1.863261684775352478e-02 9.997747540473937988e-01
2.490582503378391266e-02 -1.821225322782993317e-02 1.712743192911148071e-02 -2.167681232094764709e-03 -1.050746720284223557e-02 2.023921534419059753e-02 9.997376203536987305e-01
1.977477408945560455e-02 -1.569632254540920258e-02 1.485258154571056366e-02 -2.784345764666795731e-03 -1.075871102511882782e-02 2.161170542240142822e-02 9.997046589851379395e-01
1.549329794943332672e-02 -1.149832177907228470e-02 1.255229394882917404e-02 -4.093751776963472366e-03 -1.036189217120409012e-02 2.256300859153270721e-02 9.996833205223083496e-01
1.143801212310791016e-02 -9.299421682953834534e-03 8.710073307156562805e-03 -4.079949576407670975e-03 -1.023024879395961761e-02 2.320837974548339844e-02 9.996699690818786621e-01
6.402460392564535141e-03 -4.926056135445833206e-03 9.043376892805099487e-03 -4.691882058978080750e-03 -9.115268476307392120e-03 2.375018596649169922e-02 9.996653795242309570e-01
5.273978225886821747e-03 6.146338419057428837e-04 8.043498732149600983e-03 -4.233404994010925293e-03 -9.127982892096042633e-03 2.266935817897319794e-02 9.996923804283142090e-01
4.645633511245250702e-03 -1.845378777943551540e-03 8.525080047547817230e-03 -3.877791808918118477e-03 -8.972208946943283081e-03 2.330061793327331543e-02 9.996806979179382324e-01
5.612513981759548187e-03 -4.251250356901437044e-04 8.582443930208683014e-03 -3.928822930902242661e-03 -7.615099195390939713e-03 2.255021221935749054e-02 9.997090101242065430e-01
6.563078612089157104e-03 1.281319535337388515e-03 8.477993309497833252e-03 -3.268240951001644135e-03 -6.858318578451871872e-03 2.140765823423862457e-02 9.997419714927673340e-01
7.526728324592113495e-03 1.857928291428834200e-04 8.630507625639438629e-03 -3.253974718973040581e-03 -5.716725252568721771e-03 2.028832025825977325e-02 9.997725486755371094e-01
7.691155653446912766e-03 2.450197702273726463e-03 9.227691218256950378e-03 -2.524947514757514000e-03 -4.736974369734525681e-03 1.841448619961738586e-02 9.998160004615783691e-01
9.700684808194637299e-03 3.217756515368819237e-03 8.274354971945285797e-03 -2.014170633628964424e-03 -3.681595902889966965e-03 1.695043966174125671e-02 9.998475313186645508e-01
7.822609506547451019e-03 3.716469276696443558e-03 1.129861548542976379e-02 -1.341128023341298103e-03 -1.917394227348268032e-03 1.440604031085968018e-02 9.998934864997863770e-01
1.086200308054685593e-02 5.931752384640276432e-04 8.467748761177062988e-03 -4.299044376239180565e-04 -5.031875334680080414e-04 1.092426758259534836e-02 9.999400973320007324e-01
6.466323975473642349e-03 -9.089401923120021820e-03 8.732228539884090424e-03 2.427850413369014859e-04 1.239252276718616486e-03 8.646740578114986420e-03 9.999617934226989746e-01
1.597501486539840698e-01 -1.923922449350357056e-02 6.807654350996017456e-02 -5.068832263350486755e-02 1.483364868909120560e-02 4.966730251908302307e-02 9.973684549331665039e-01
1.431828439235687256e-01 -2.698278613388538361e-02 6.386192888021469116e-02 -4.926400631666183472e-02 1.715716533362865448e-02 4.639872908592224121e-02 9.975599646568298340e-01
1.264293789863586426e-01 -3.252950310707092285e-02 5.909775197505950928e-02 -4.760280996561050415e-02 1.504986267536878586e-02 4.371637105941772461e-02 9.977957606315612793e-01
1.099831983447074890e-01 -3.574030101299285889e-02 5.344250798225402832e-02 -4.587335884571075439e-02 1.482917647808790207e-02 3.967731073498725891e-02 9.980488419532775879e-01
9.373519569635391235e-02 -3.669875115156173706e-02 4.772741347551345825e-02 -4.277450218796730042e-02 1.493434701114892960e-02 3.583085536956787109e-02 9.983303546905517578e-01
7.757107168436050415e-02 -3.574795648455619812e-02 4.238234460353851318e-02 -3.999050706624984741e-02 1.410726364701986313e-02 3.116436302661895752e-02 9.986143112182617188e-01
6.333460658788681030e-02 -3.142769262194633484e-02 3.580220416188240051e-02 -3.608687967061996460e-02 1.413581613451242447e-02 2.695405296981334686e-02 9.988850951194763184e-01
4.934469610452651978e-02 -2.563870698213577271e-02 2.999198809266090393e-02 -3.158465400338172913e-02 1.407012157142162323e-02 2.134938910603523254e-02 9.991739988327026367e-01
3.515406325459480286e-02 -2.085664868354797363e-02 2.350894547998905182e-02 -2.732586115598678589e-02 1.302879862487316132e-02 1.633355952799320221e-02 9.994081854820251465e-01
2.190671116113662720e-02 -1.505252718925476074e-02 1.678763329982757568e-02 -2.201886661350727081e-02 6.456000264734029770e-03 1.045115478336811066e-02 9.996820688247680664e-01
1.031802780926227570e-02 -9.035961702466011047e-03 9.817156940698623657e-03 -1.673293858766555786e-02 -1.171331969089806080e-04 4.068873822689056396e-03 9.998517036437988281e-01
5.982902366667985916e-03 -6.194531917572021484e-03 8.644327521324157715e-03 -1.131436135619878769e-02 -1.606477599125355482e-04 -1.786281820386648178e-03 9.999343752861022949e-01
6.074002943933010101e-03 -7.684316486120223999e-03 9.639530442655086517e-03 -7.481557782739400864e-03 6.268412107601761818e-04 -5.295106209814548492e-03 9.999577999114990234e-01
7.280522026121616364e-03 -9.529383853077888489e-03 9.787209331989288330e-03 -2.960526384413242340e-03 1.169404946267604828e-03 -9.241671301424503326e-03 9.999522566795349121e-01
8.866226300597190857e-03 -1.100025232881307602e-02 9.844396263360977173e-03 -5.353983215172775090e-05 1.639268361032009125e-03 -1.209558546543121338e-02 9.999254941940307617e-01
9.548584930598735809e-03 -1.296546310186386108e-02 1.009373925626277924e-02 3.302386961877346039e-03 1.978935208171606064e-03 -1.457800343632698059e-02 9.998863339424133301e-01
1.024427637457847595e-02 -1.462043728679418564e-02 1.064244285225868225e-02 5.843341816216707230e-03 2.258300082758069038e-03 -1.617575250566005707e-02 9.998495578765869141e-01
1.103662233799695969e-02 -1.563845761120319366e-02 1.200051978230476379e-02 8.387063629925251007e-03 2.475250978022813797e-03 -1.725641265511512756e-02 9.998128414154052734e-01
1.249592285603284836e-02 -1.652121730148792267e-02 1.295382156968116760e-02 1.024091895669698715e-02 2.564580412581562996e-03 -1.820825226604938507e-02 9.997784495353698730e-01
1.456777099519968033e-02 -1.738375611603260040e-02 1.337689440697431564e-02 1.186484191566705704e-02 2.642188221216201782e-03 -1.814913749694824219e-02 9.997614026069641113e-01
1.519209425896406174e-02 -1.899446547031402588e-02 1.448179595172405243e-02 1.313801296055316925e-02 2.300851745530962944e-03 -1.727651432156562805e-02 9.997617602348327637e-01
1.784638129174709320e-02 -1.890455186367034912e-02 1.573129929602146149e-02 1.400852203369140625e-02 2.236452652141451836e-03 -1.609938777983188629e-02 9.997697472572326660e-01
2.039028145372867584e-02 -1.938159018754959106e-02 1.651097834110260010e-02 1.449256110936403275e-02 1.865201862528920174e-03 -1.411326974630355835e-02 9.997936487197875977e-01
2.241295948624610901e-02 -1.996523700654506683e-02 1.798973232507705688e-02 1.477289013564586639e-02 1.391689991578459740e-03 -1.153309457004070282e-02 9.998233914375305176e-01
2.477185800671577454e-02 -2.036913298070430756e-02 1.943590119481086731e-02 1.437032222747802734e-02 9.259236394427716732e-04 -8.461101911962032318e-03 9.998605251312255859e-01
2.742136083543300629e-02 -2.047180570662021637e-02 2.104764431715011597e-02 1.379510853439569473e-02 4.838726308662444353e-04 -4.720602650195360184e-03 9.998936057090759277e-01
2.975531108677387238e-02 -2.110658027231693268e-02 2.280450053513050079e-02 1.265506912022829056e-02 -6.036412742105312645e-05 -5.997884436510503292e-04 9.999197125434875488e-01
3.257214650511741638e-02 -2.151689864695072174e-02 2.440703660249710083e-02 1.099207065999507904e-02 -1.915860411827452481e-05 4.477228969335556030e-03 9.999295473098754883e-01
3.523883968591690063e-02 -2.226135507225990295e-02 2.618346549570560455e-02 9.102103300392627716e-03 -6.000276189297437668e-04 9.585160762071609497e-03 9.999124407768249512e-01
3.728147968649864197e-02 -2.336445823311805725e-02 2.868444845080375671e-02 6.565828807651996613e-03 -7.767141330987215042e-03 1.506370678544044495e-02 9.998348355293273926e-01
4.044019430875778198e-02 -2.436694875359535217e-02 2.999970130622386932e-02 3.832957707345485687e-03 -1.633705198764801025e-02 2.052723430097103119e-02 9.996484518051147461e-01
4.276425763964653015e-02 -2.632558904588222504e-02 3.163161128759384155e-02 1.570644555613398552e-03 -1.807492412626743317e-02 2.609105594456195831e-02 9.994949102401733398e-01
4.524957016110420227e-02 -2.829374186694622040e-02 3.283799067139625549e-02 -5.084706353954970837e-04 -1.918429695069789886e-02 3.092745877802371979e-02 9.993373751640319824e-01
4.721660166978836060e-02 -3.079087845981121063e-02 3.385735675692558289e-02 -2.291184151545166969e-03 -1.972531341016292572e-02 3.530042991042137146e-02 9.991794228553771973e-01
4.878790676593780518e-02 -3.396941348910331726e-02 3.480495512485504150e-02 -3.810555441305041313e-03 -2.053415589034557343e-02 3.842420130968093872e-02 9.990432262420654297e-01
4.458251222968101501e-02 -3.317678347229957581e-02 3.285013884305953979e-02 -5.255399271845817566e-03 -2.076349779963493347e-02 4.107779264450073242e-02 9.989263415336608887e-01
3.579891473054885864e-02 -2.670299820601940155e-02 2.712462842464447021e-02 -6.394963711500167847e-03 -2.049065381288528442e-02 4.398093000054359436e-02 9.988017678260803223e-01
2.733570523560047150e-02 -2.083721011877059937e-02 2.047761529684066772e-02 -7.111744489520788193e-03 -2.019780501723289490e-02 4.533013328909873962e-02 9.987425208091735840e-01
1.845555193722248077e-02 -1.417889352887868881e-02 1.711707748472690582e-02 -7.776868529617786407e-03 -1.941175572574138641e-02 4.561738669872283936e-02 9.987400770187377930e-01
1.109312754124403000e-02 -5.501131527125835419e-03 1.662831939756870270e-02 -8.244310505688190460e-03 -1.762375608086585999e-02 4.584064334630966187e-02 9.987592697143554688e-01
1.106414012610912323e-02 1.078224377124570310e-04 1.604355685412883759e-02 -7.773536257445812225e-03 -1.754553616046905518e-02 4.663833603262901306e-02 9.987275004386901855e-01
1.194134540855884552e-02 1.538551761768758297e-03 1.613104529678821564e-02 -7.011396810412406921e-03 -1.637024246156215668e-02 4.563339054584503174e-02 9.987995028495788574e-01
1.224438752979040146e-02 2.828439697623252869e-03 1.687578856945037842e-02 -7.279497571289539337e-03 -1.466063968837261200e-02 4.366194084286689758e-02 9.989122748374938965e-01
1.414033677428960800e-02 3.794379066675901413e-03 1.673399657011032104e-02 -6.893862038850784302e-03 -1.251362636685371399e-02 4.140207916498184204e-02 9.990404248237609863e-01
1.525091938674449921e-02 5.436669569462537766e-03 1.730333082377910614e-02 -5.750339478254318237e-03 -1.032509189099073410e-02 3.878054022789001465e-02 9.991778731346130371e-01
1.687356270849704742e-02 6.487371399998664856e-03 1.784026809036731720e-02 -4.723066929727792740e-03 -8.565577678382396698e-03 3.520995751023292542e-02 9.993320703506469727e-01
1.936858706176280975e-02 7.570720743387937546e-03 1.779780536890029907e-02 -3.551242407411336899e-03 -5.111595150083303452e-03 3.134821355342864990e-02 9.994891285896301270e-01
2.193898521363735199e-02 5.123082548379898071e-03 1.635188795626163483e-02 -1.656553591601550579e-03 -2.166632330045104027e-03 2.470367029309272766e-02 9.996910691261291504e-01
2.208909764885902405e-02 -4.066791443619877100e-04 1.677340827882289886e-02 2.803329261951148510e-04 1.055993023328483105e-03 1.741030812263488770e-02 9.998478293418884277e-01
