8.359392732381820679e-02 -7.264526095241308212e-03 3.584740310907363892e-02 -2.656369656324386597e-02 6.552714388817548752e-03 2.555341646075248718e-02 9.992989897727966309e-01
7.393514364957809448e-02 -1.490679942071437836e-02 3.575563430786132812e-02 -2.620691619813442230e-02 7.624622434377670288e-03 2.493493072688579559e-02 9.993163943290710449e-01
6.634009629487991333e-02 -1.568070240318775177e-02 3.272410854697227478e-02 -2.547293342649936676e-02 7.977025583386421204e-03 2.263888716697692871e-02 9.993873238563537598e-01
5.785374715924263000e-02 -1.898372918367385864e-02 2.956190146505832672e-02 -2.476543746888637543e-02 8.321178145706653595e-03 2.244932204484939575e-02 9.994065761566162109e-01
4.973731562495231628e-02 -1.965572312474250793e-02 2.655760943889617920e-02 -2.341409400105476379e-02 7.882525213062763214e-03 1.988688483834266663e-02 9.994969367980957031e-01
4.188373684883117676e-02 -1.990928128361701965e-02 2.284070849418640137e-02 -2.130225859582424164e-02 7.162706460803747177e-03 1.737211644649505615e-02 9.995964765548706055e-01
3.471919894218444824e-02 -1.785866729915142059e-02 1.953404583036899567e-02 -1.939676888287067413e-02 6.932200398296117783e-03 1.473354175686836243e-02 9.996792674064636230e-01
2.727779746055603027e-02 -1.541839819401502609e-02 1.689718291163444519e-02 -1.762186922132968903e-02 7.135146297514438629e-03 1.229201164096593857e-02 9.997437000274658203e-01
2.087207138538360596e-02 -1.235646847635507584e-02 1.315415184944868088e-02 -1.531383302062749863e-02 7.016489747911691666e-03 8.710863068699836731e-03 9.998201727867126465e-01
1.409260556101799011e-02 -9.470096789300441742e-03 9.778916835784912109e-03 -1.286589168012142181e-02 7.030133623629808426e-03 6.392356473952531815e-03 9.998720884323120117e-01
8.575454354286193848e-03 -6.255431100726127625e-03 5.536939483135938644e-03 -9.861563332378864288e-03 -2.521089627407491207e-04 2.984562190249562263e-03 9.999468922615051270e-01
4.383005667477846146e-03 -1.269481028430163860e-03 3.554500639438629150e-03 -6.462073419243097305e-03 -2.614180557429790497e-04 4.212614439893513918e-04 9.999790191650390625e-01
4.630112089216709137e-03 -2.138546900823712349e-03 3.917028661817312241e-03 -4.486189223825931549e-03 4.453962319530546665e-04 -2.225497504696249962e-03 9.999873638153076172e-01
5.382516887038946152e-03 -2.918126760050654411e-03 4.018653184175491333e-03 -2.247002674266695976e-03 4.805923090316355228e-04 -3.789380425587296486e-03 9.999901652336120605e-01
5.911243613809347153e-03 -3.758266102522611618e-03 4.188948776572942734e-03 2.204000920755788684e-04 8.762637735344469547e-04 -5.401363596320152283e-03 9.999849796295166016e-01
6.316528655588626862e-03 -4.646708723157644272e-03 4.546810407191514969e-03 7.470393902622163296e-04 1.251779147423803806e-03 -6.505651865154504776e-03 9.999777674674987793e-01
6.724241189658641815e-03 -6.007559597492218018e-03 4.194848239421844482e-03 2.910753246396780014e-03 1.170472358353435993e-03 -7.425285875797271729e-03 9.999675154685974121e-01
7.538373582065105438e-03 -5.523913074284791946e-03 5.500632803887128830e-03 3.366199322044849396e-03 1.815190538763999939e-03 -8.071003481745719910e-03 9.999601244926452637e-01
7.458527572453022003e-03 -6.699073594063520432e-03 6.133988033980131149e-03 4.286818671971559525e-03 1.444995868951082230e-03 -8.659238927066326141e-03 9.999522566795349121e-01
7.774282712489366531e-03 -7.742013316601514816e-03 6.365624256432056427e-03 4.994307179003953934e-03 1.486678840592503548e-03 -9.112345054745674133e-03 9.999449253082275391e-01
9.203788824379444122e-03 -7.437092252075672150e-03 6.811555940657854080e-03 5.432118661701679230e-03 1.480895909480750561e-03 -8.576086722314357758e-03 9.999473690986633301e-01
1.059069298207759857e-02 -8.255173452198505402e-03 5.884530954062938690e-03 6.907533854246139526e-03 8.477375959046185017e-04 -8.328625001013278961e-03 9.999411106109619141e-01
1.186178997159004211e-02 -7.049686741083860397e-03 7.558497600257396698e-03 6.958386395126581192e-03 1.044945092871785164e-03 -7.525331340730190277e-03 9.999469518661499023e-01
1.268271077424287796e-02 -8.080765604972839355e-03 7.695124950259923935e-03 7.275030482560396194e-03 8.094212389551103115e-04 -6.397922523319721222e-03 9.999527335166931152e-01
1.346597354859113693e-02 -8.857560344040393829e-03 8.253904059529304504e-03 7.292183581739664078e-03 6.057778373360633850e-04 -4.839198198169469833e-03 9.999614953994750977e-01
1.545864995568990707e-02 -7.563844788819551468e-03 8.952824398875236511e-03 6.897949613630771637e-03 5.277300369925796986e-04 -3.013535635545849800e-03 9.999715089797973633e-01
1.668032445013523102e-02 -8.461584337055683136e-03 9.060024283826351166e-03 6.550296209752559662e-03 -4.801387331099249423e-05 -1.036899513565003872e-03 9.999780058860778809e-01
1.799074560403823853e-02 -8.464666083455085754e-03 9.978868067264556885e-03 5.881236866116523743e-03 3.208091584383510053e-05 1.000947086140513420e-03 9.999821782112121582e-01
1.917800121009349823e-02 -9.071615524590015411e-03 1.078543066978454590e-02 5.062459036707878113e-03 -1.544679107610136271e-04 4.268127493560314178e-03 9.999780654907226562e-01
2.018756605684757233e-02 -9.158251807093620300e-03 1.246057357639074326e-02 3.320540301501750946e-03 1.148331793956458569e-04 7.088732440024614334e-03 9.999693632125854492e-01
2.100980468094348907e-02 -1.036828011274337769e-02 1.361596398055553436e-02 2.510657534003257751e-03 -7.614435162395238876e-03 9.470469318330287933e-03 9.999229907989501953e-01
2.204180881381034851e-02 -1.110222842544317245e-02 1.493336912244558334e-02 8.545817108824849129e-04 -8.337535895407199860e-03 1.207613665610551834e-02 9.998919367790222168e-01
2.425304800271987915e-02 -1.114949025213718414e-02 1.477176137268543243e-02 -7.583297556266188622e-04 -8.978545665740966797e-03 1.424248609691858292e-02 9.998579621315002441e-01
2.675556764006614685e-02 -1.111117005348205566e-02 1.395497284829616547e-02 -1.473122858442366123e-03 -9.675337001681327820e-03 1.747811399400234222e-02 9.997993707656860352e-01
2.763444185256958008e-02 -1.275646314024925232e-02 1.423635613173246384e-02 -2.388582797721028328e-03 -9.742485359311103821e-03 1.945712603628635406e-02 9.997603893280029297e-01
2.834727987647056580e-02 -1.575688086450099945e-02 1.390998158603906631e-02 -2.788436366245150566e-03 -1.011657714843750000e-02 2.064154110848903656e-02 9.997318387031555176e-01
2.346787229180335999e-02 -1.362970564514398575e-02 1.102295611053705215e-02 -3.441998036578297615e-03 -1.069407444447278976e-02 2.204254455864429474e-02 9.996939301490783691e-01
1.837183721363544464e-02 -1.055265218019485474e-02 8.996159769594669342e-03 -4.877488594502210617e-03 -1.043681241571903229e-02 2.331946231424808502e-02 9.996616840362548828e-01
1.437479443848133087e-02 -7.884955033659934998e-03 4.936145152896642685e-03 -4.518620669841766357e-03 -1.015568710863590240e-02 2.345557138323783875e-02 9.996630549430847168e-01
9.779438376426696777e-03 -4.283973947167396545e-03 5.748941563069820404e-03 -5.164177156984806061e-03 -8.678841404616832733e-03 2.423944696784019470e-02 9.996551871299743652e-01
8.132264018058776855e-03 1.484643667936325073e-03 4.955060314387083054e-03 -4.487940575927495956e-03 -8.663141168653964996e-03 2.239090204238891602e-02 9.997016787528991699e-01
7.736492902040481567e-03 -3.067833138629794121e-03 5.329108331352472305e-03 -4.405346233397722244e-03 -8.880035020411014557e-03 2.464243024587631226e-02 9.996472001075744629e-01
8.137498982250690460e-03 -9.349334868602454662e-04 6.184366997331380844e-03 -4.297628533095121384e-03 -7.027133367955684662e-03 2.384927496314048767e-02 9.996816515922546387e-01
9.237200953066349030e-03 1.034658751450479031e-03 5.495063960552215576e-03 -3.249328583478927612e-03 -6.714210379868745804e-03 2.151556871831417084e-02 9.997406601905822754e-01
9.833448566496372223e-03 -1.242812373675405979e-03 5.738510750234127045e-03 -3.482195548713207245e-03 -5.715721752494573593e-03 2.125757746398448944e-02 9.997516274452209473e-01
1.041905488818883896e-02 2.708296990022063255e-03 5.866520106792449951e-03 -2.543699461966753006e-03 -4.927288740873336792e-03 1.853642798960208893e-02 9.998127818107604980e-01
1.163147203624248505e-02 2.543295267969369888e-03 5.582359153777360916e-03 -2.134882379323244095e-03 -3.572491696104407310e-03 1.727444119751453400e-02 9.998421072959899902e-01
1.202998962253332138e-02 4.783799871802330017e-03 5.921036936342716217e-03 -1.499211299233138561e-03 -1.973608741536736488e-03 1.449098344892263412e-02 9.998919367790222168e-01
1.216093543916940689e-02 -3.337549045681953430e-03 5.568674299865961075e-03 -8.658801089040935040e-04 -3.997329622507095337e-04 1.157864276319742203e-02 9.999325275421142578e-01
8.518763817846775055e-03 -1.035446487367153168e-02 4.571446683257818222e-03 -1.357941509922966361e-04 1.480311271734535694e-03 9.239508770406246185e-03 9.999561905860900879e-01
1.581912189722061157e-01 -2.096608094871044159e-02 7.113814353942871094e-02 -5.077221244573593140e-02 1.457763183861970901e-02 4.483692720532417297e-02 9.975968003273010254e-01
1.417831778526306152e-01 -2.708430215716362000e-02 6.687091290950775146e-02 -4.917556047439575195e-02 1.827139779925346375e-02 4.034898057579994202e-02 9.978075623512268066e-01
1.258427947759628296e-01 -3.628024831414222717e-02 5.815869569778442383e-02 -4.773948714137077332e-02 1.523656863719224930e-02 4.317276179790496826e-02 9.978100657463073730e-01
1.093872264027595520e-01 -3.715297579765319824e-02 5.370163545012474060e-02 -4.715865850448608398e-02 1.499467249959707260e-02 4.006950557231903076e-02 9.979707598686218262e-01
9.376823902130126953e-02 -3.557925298810005188e-02 4.850387945771217346e-02 -4.382539168000221252e-02 1.548710186034440994e-02 3.649884834885597229e-02 9.982521533966064453e-01
7.835776358842849731e-02 -3.340906277298927307e-02 4.284092038869857788e-02 -4.045330360531806946e-02 1.452356483787298203e-02 3.117834031581878662e-02 9.985892772674560547e-01
6.467695534229278564e-02 -2.848774194717407227e-02 3.586236760020256042e-02 -3.558432683348655701e-02 1.510420627892017365e-02 2.615516819059848785e-02 9.989101886749267578e-01
5.164330825209617615e-02 -2.142267487943172455e-02 2.942446246743202209e-02 -3.024571947753429413e-02 1.492957770824432373e-02 1.878160797059535980e-02 9.992545247077941895e-01
3.747332841157913208e-02 -1.829702034592628479e-02 2.201016433537006378e-02 -2.594716846942901611e-02 1.306148804724216461e-02 1.361340004950761795e-02 9.994852542877197266e-01
2.429501526057720184e-02 -1.287029590457677841e-02 1.524515729397535324e-02 -2.162231691181659698e-02 6.484966259449720383e-03 8.846559561789035797e-03 9.997060298919677734e-01
1.287596113979816437e-02 -7.274366915225982666e-03 8.110490627586841583e-03 -1.672462001442909241e-02 -1.542721438454464078e-04 2.865878399461507797e-03 9.998559951782226562e-01
9.705520235002040863e-03 -3.638355992734432220e-03 6.438709795475006104e-03 -1.057683583348989487e-02 1.666185416979715228e-04 -3.101405454799532890e-03 9.999392628669738770e-01
1.007266156375408173e-02 -5.261643789708614349e-03 7.727832067757844925e-03 -7.198819424957036972e-03 9.140309994108974934e-04 -6.616114638745784760e-03 9.999517798423767090e-01
1.133341901004314423e-02 -6.799338385462760925e-03 8.057743310928344727e-03 -2.666399581357836723e-03 1.583556877449154854e-03 -1.011261530220508575e-02 9.999440312385559082e-01
1.293620187789201736e-02 -7.641826756298542023e-03 8.413368836045265198e-03 3.224048414267599583e-04 1.539653516374528408e-03 -1.284663099795579910e-02 9.999162554740905762e-01
1.380337402224540710e-02 -1.011428609490394592e-02 8.266218937933444977e-03 3.770061302930116653e-03 2.050760900601744652e-03 -1.495081558823585510e-02 9.998790025711059570e-01
1.460494194179773331e-02 -1.203334517776966095e-02 8.594081737101078033e-03 6.217622198164463043e-03 2.636838238686323166e-03 -1.616832986474037170e-02 9.998464584350585938e-01
1.525754667818546295e-02 -1.324671320617198944e-02 1.010508555918931961e-02 8.675011806190013885e-03 3.112053032964468002e-03 -1.707855239510536194e-02 9.998116493225097656e-01
1.657863706350326538e-02 -1.376863848417997360e-02 1.150972023606300354e-02 1.010300032794475555e-02 3.082066308706998825e-03 -1.823681406676769257e-02 9.997779130935668945e-01
1.853250712156295776e-02 -1.469360012561082840e-02 1.157586276531219482e-02 1.151627674698829651e-02 2.936432603746652603e-03 -1.839554496109485626e-02 9.997601509094238281e-01
1.987259648740291595e-02 -1.604403927922248840e-02 1.220576465129852295e-02 1.282880362123250961e-02 2.323679393157362938e-03 -1.739527471363544464e-02 9.997636675834655762e-01
2.243819087743759155e-02 -1.482643093913793564e-02 1.414403878152370453e-02 1.353005412966012955e-02 2.614894183352589607e-03 -1.600921712815761566e-02 9.997768998146057129e-01
2.480113692581653595e-02 -1.541275251656770706e-02 1.453866250813007355e-02 1.408830005675554276e-02 2.131463028490543365e-03 -1.389417145401239395e-02 9.998019337654113770e-01
2.717852778732776642e-02 -1.600174233317375183e-02 1.516093127429485321e-02 1.441995985805988312e-02 1.769143855199217796e-03 -1.111556589603424072e-02 9.998326897621154785e-01
2.950892783701419830e-02 -1.554544921964406967e-02 1.714243181049823761e-02 1.375089678913354874e-02 1.259505515918135643e-03 -8.298479020595550537e-03 9.998702406883239746e-01
3.248510882258415222e-02 -1.511604897677898407e-02 1.817283220589160919e-02 1.330022234469652176e-02 8.100744453258812428e-04 -4.534082952886819839e-03 9.999009370803833008e-01
3.482213988900184631e-02 -1.691951230168342590e-02 1.876325719058513641e-02 1.258526463061571121e-02 -7.393793202936649323e-05 -6.903291796334087849e-04 9.999205470085144043e-01
3.756663203239440918e-02 -1.692675612866878510e-02 2.053918689489364624e-02 1.081193145364522934e-02 5.612350068986415863e-04 4.589282441884279251e-03 9.999308586120605469e-01
3.982098773121833801e-02 -1.708171702921390533e-02 2.335426397621631622e-02 8.864982053637504578e-03 1.154138808487914503e-04 9.678749367594718933e-03 9.999138712882995605e-01
4.153978824615478516e-02 -1.912433654069900513e-02 2.583233825862407684e-02 6.182163488119840622e-03 -7.125472184270620346e-03 1.517619192600250244e-02 9.998403191566467285e-01
4.551960527896881104e-02 -1.998498290777206421e-02 2.564577013254165649e-02 3.593837376683950424e-03 -1.562667079269886017e-02 1.966199465095996857e-02 9.996780753135681152e-01
4.781588539481163025e-02 -2.272636257112026215e-02 2.682407572865486145e-02 1.095040352083742619e-03 -1.692620851099491119e-02 2.490491978824138641e-02 9.995459318161010742e-01
5.155892297625541687e-02 -2.365797571837902069e-02 2.661523781716823578e-02 -1.458194106817245483e-03 -1.823851652443408966e-02 3.005429171025753021e-02 9.993807673454284668e-01
5.370089411735534668e-02 -2.532206103205680847e-02 2.826329879462718964e-02 -2.828083001077175140e-03 -1.837890036404132843e-02 3.392340987920761108e-02 9.992514252662658691e-01
5.607235059142112732e-02 -2.865176834166049957e-02 2.793803066015243530e-02 -4.169859923422336578e-03 -1.929111219942569733e-02 3.642394766211509705e-02 9.991415143013000488e-01
5.185445770621299744e-02 -2.873365208506584167e-02 2.555235289037227631e-02 -5.958928726613521576e-03 -1.940452866256237030e-02 3.848453238606452942e-02 9.990530014038085938e-01
4.146356880664825439e-02 -2.463381364941596985e-02 2.010734565556049347e-02 -8.166020736098289490e-03 -1.994476094841957092e-02 4.236881434917449951e-02 9.988695383071899414e-01
3.289190679788589478e-02 -1.858040690422058105e-02 1.317778043448925018e-02 -8.328934200108051300e-03 -1.999631151556968689e-02 4.410821571946144104e-02 9.987918734550476074e-01
2.455272153019905090e-02 -1.148249581456184387e-02 9.997939690947532654e-03 -7.962329313158988953e-03 -1.825816184282302856e-02 4.297115653753280640e-02 9.988777041435241699e-01
1.817754656076431274e-02 -2.065763343125581741e-03 9.753480553627014160e-03 -8.979769423604011536e-03 -1.676503755152225494e-02 4.439743980765342712e-02 9.988328814506530762e-01
1.649443432688713074e-02 3.792679926846176386e-04 1.037363521754741669e-02 -8.783749304711818695e-03 -1.674559898674488068e-02 4.705539718270301819e-02 9.987132549285888672e-01
1.705823093652725220e-02 2.154311398044228554e-03 1.046657003462314606e-02 -7.743764203041791916e-03 -1.592553220689296722e-02 4.545979201793670654e-02 9.988092184066772461e-01
1.773588731884956360e-02 3.686203854158520699e-03 1.070362422615289688e-02 -7.722372654825448990e-03 -1.402667723596096039e-02 4.353542625904083252e-02 9.989235401153564453e-01
1.858573034405708313e-02 4.621171858161687851e-03 1.129550766199827194e-02 -7.651131600141525269e-03 -1.245603524148464203e-02 4.028511047363281250e-02 9.990813136100769043e-01
1.980653218924999237e-02 5.117370281368494034e-03 1.196106057614088058e-02 -6.424374878406524658e-03 -9.813833050429821014e-03 3.834074735641479492e-02 9.991958737373352051e-01
2.136920392513275146e-02 7.697784807533025742e-03 1.136571913957595825e-02 -5.174164660274982452e-03 -8.364895358681678772e-03 3.469562530517578125e-02 9.993495345115661621e-01
2.332301437854766846e-02 7.229705806821584702e-03 1.236884295940399170e-02 -3.983646631240844727e-03 -4.765685647726058960e-03 3.142582997679710388e-02 9.994868040084838867e-01
2.463812194764614105e-02 6.345232948660850525e-03 1.129824202507734299e-02 -1.747541246004402637e-03 -2.027142792940139771e-03 2.370871417224407196e-02 9.997153282165527344e-01
2.026689983904361725e-02 -1.547113060951232910e-02 1.092418190091848373e-02 -1.116050407290458679e-03 2.529076533392071724e-03 2.099815011024475098e-02 9.997757077217102051e-01
