0.000000000000000000e+00 0.000000000000000000e+00 0.000000000000000000e+00 0.000000000000000000e+00 0.000000000000000000e+00 0.000000000000000000e+00 1.000000000000000000e+00
9.060880541801452637e-02 9.133446961641311646e-03 -7.359129376709461212e-03 -1.503395029741953597e-02 3.098192154606061263e-05 2.835202478630169994e-03 9.998829636539871002e-01
1.727251118072966052e-01 1.899174466810348710e-02 -2.099454491877116719e-02 -3.063889053994810555e-02 -2.176870175880541922e-03 3.111619572946232055e-03 9.995233051041639838e-01
2.412482958610874251e-01 3.575136419638855201e-02 -4.981747685269502512e-02 -4.504194193577407135e-02 -1.050077350939139682e-02 -1.745532048271427163e-03 9.989283809864586416e-01
3.048402159957321889e-01 4.535950851052662075e-02 -7.341093439597831671e-02 -6.141502254141464889e-02 -1.817615293566055348e-02 -4.768097727601036499e-03 9.979354125968058487e-01
3.619751765184970327e-01 5.202037770990906862e-02 -9.296798538451089833e-02 -7.825392107469855696e-02 -2.441371731796137395e-02 -7.427398742723313393e-03 9.966068071165630204e-01
4.134073715531785265e-01 5.491843217949871070e-02 -1.052506976638312858e-01 -9.452891644181972419e-02 -2.810089790161319698e-02 -9.175763610339867163e-03 9.950831266058256519e-01
4.575941114118761699e-01 5.832953776645036920e-02 -1.137307116196683426e-01 -1.096059439794469098e-01 -2.996604101254640370e-02 -1.221132958646641356e-02 9.934482658196849281e-01
4.941685849229879857e-01 6.100020214680718089e-02 -1.202851219527140830e-01 -1.236957568614320407e-01 -3.118829726414304102e-02 -1.586046974609181537e-02 9.917031286366269072e-01
5.232850158349328096e-01 6.365279018776770492e-02 -1.230672768653676002e-01 -1.348604097753902387e-01 -3.085499395914127058e-02 -2.060543945225963569e-02 9.901697102456600286e-01
5.445282913957486537e-01 6.587295346326446643e-02 -1.250600171190233978e-01 -1.442265751546828456e-01 -2.978853083812909447e-02 -2.550624282476908825e-02 9.887672982186558324e-01
5.578829738281875228e-01 6.739941410282482281e-02 -1.244788212317802512e-01 -1.527862789251108189e-01 -3.047170159504640138e-02 -2.881015958750865469e-02 9.873691321277281441e-01
5.634710931985702498e-01 6.806347859141816115e-02 -1.251416784417112571e-01 -1.591914136262871093e-01 -3.139952551764006727e-02 -3.157599193380951352e-02 9.862429317152682229e-01
5.695339989107103262e-01 6.960729419049653532e-02 -1.246665567282175952e-01 -1.622136701699473937e-01 -3.267877626096108573e-02 -3.709028100546939849e-02 9.855166836979559752e-01
5.761340841685587133e-01 7.063098149019456096e-02 -1.224977399014465645e-01 -1.621972949357883553e-01 -3.419145215706003577e-02 -4.403730331682408072e-02 9.851820633931001048e-01
5.833269517616178623e-01 6.918833872621148184e-02 -1.196335994338782044e-01 -1.602306204316095717e-01 -3.584467822304025775e-02 -5.272318791861926174e-02 9.850185646854002774e-01
5.911216896192701409e-01 6.715812922727094902e-02 -1.160172955384288634e-01 -1.571304929111611293e-01 -3.749393406045308658e-02 -6.228146576530587536e-02 9.848985897686578506e-01
5.996815266237771613e-01 6.423800715985999998e-02 -1.121239388193658454e-01 -1.528702223898693313e-01 -3.907297147688212902e-02 -7.287288805529582025e-02 9.847809605150370516e-01
6.089898153665318503e-01 6.080987857268103924e-02 -1.075162304794589629e-01 -1.476896674209229599e-01 -4.037751394840492086e-02 -8.400433557262405870e-02 9.846322613592577433e-01
6.189270542446466683e-01 5.613699049619028103e-02 -1.024501384695364892e-01 -1.414388668137308291e-01 -4.196089997563254292e-02 -9.544282890024585742e-02 9.844414640999235022e-01
6.298460996460681915e-01 5.067445484759999785e-02 -9.713420274948075805e-02 -1.337013226744254435e-01 -4.371012853181494712e-02 -1.076465620123927408e-01 9.841877862815374689e-01
6.416428468675291485e-01 4.426326355427245146e-02 -9.136569627828258766e-02 -1.248371305010059357e-01 -4.554355480011934576e-02 -1.199890900230853041e-01 9.838414982810367304e-01
6.545112991985542195e-01 3.670360947639077220e-02 -8.564929565575246651e-02 -1.137726631245058878e-01 -4.814767697149369835e-02 -1.320156058119367759e-01 9.835189180437321488e-01
6.686179568889416558e-01 2.860177961688746551e-02 -7.935349327861672408e-02 -1.024301274379745552e-01 -5.044507256211244739e-02 -1.438777365600977798e-01 9.829865515710715096e-01
6.836922569260610594e-01 1.942723667381437633e-02 -7.238294290130761754e-02 -9.065201402874895065e-02 -5.272499123809864380e-02 -1.543195740220437706e-01 9.824396962282869739e-01
6.994411347044486860e-01 8.489923546866654305e-03 -6.485696908402197036e-02 -7.919729034814979030e-02 -5.477068894143048705e-02 -1.623221366351172701e-01 9.820282505063703260e-01
7.154453569571606053e-01 -4.901679611784314980e-03 -5.698388175527135946e-02 -6.806854670306047850e-02 -5.675957851849240676e-02 -1.671555953348899948e-01 9.819389136521552430e-01
7.323462981262691684e-01 -1.977995212591206198e-02 -4.839068006764062069e-02 -5.777979519760611388e-02 -5.827287748160485392e-02 -1.693688769451769938e-01 9.821303124022118247e-01
7.501524378674359061e-01 -3.652774101167446247e-02 -3.959851540253733065e-02 -4.840072414052164207e-02 -6.020637265077116024e-02 -1.695511219122781410e-01 9.824891753363991231e-01
7.691138318215893221e-01 -5.429287802595098023e-02 -2.933061839008846081e-02 -4.074393343133154988e-02 -6.182755425146879702e-02 -1.679164133445855966e-01 9.830164614864368433e-01
7.899467099423519434e-01 -7.209026960997928779e-02 -1.717045797993380779e-02 -3.539750427633682472e-02 -6.280267668162826944e-02 -1.650157368992917761e-01 9.836527065322462349e-01
8.125457556365216494e-01 -8.924979231962408555e-02 -2.371938420892342331e-03 -3.424929968424455379e-02 -6.550618016682799305e-02 -1.626842501329180679e-01 9.839053616023138993e-01
8.373046456148462990e-01 -1.064252519627393867e-01 1.350625640217128706e-02 -3.380743971354152611e-02 -6.762799882374738447e-02 -1.592217197596410838e-01 9.843434130179836705e-01
8.649190341226618006e-01 -1.227323434113841011e-01 2.992196012494705362e-02 -3.364002940281747567e-02 -7.031225394752928237e-02 -1.556697488740064750e-01 9.847291326309481896e-01
8.937418552134999139e-01 -1.408391584156706566e-01 4.658571506392639172e-02 -3.376173058673728050e-02 -7.268329414279438294e-02 -1.516603241363894683e-01 9.851783749063851570e-01
9.244138326716346832e-01 -1.590401165892403601e-01 6.393964910361735199e-02 -3.445674071863624038e-02 -7.515826346445159123e-02 -1.477381629939295005e-01 9.855645101398670116e-01
9.563550180964272007e-01 -1.780066002662970825e-01 8.205252371802401745e-02 -3.574165596195104377e-02 -7.770247778275861383e-02 -1.428081474593751177e-01 9.860480170837213620e-01
9.862875082817512684e-01 -1.864563262805742638e-01 9.800279068720391118e-02 -3.688679385657107207e-02 -7.951730037418121289e-02 -1.390694891342321993e-01 9.863954787873516761e-01
1.012571580197227039e+00 -1.880407994257898840e-01 1.089038249578090922e-01 -3.783887743898313449e-02 -8.306947580159958211e-02 -1.350235987685201033e-01 9.866287596253225933e-01
1.033503022784950431e+00 -1.867404461532048976e-01 1.155005608282989454e-01 -4.123402749144016582e-02 -8.817868729725061860e-02 -1.279895939192833010e-01 9.869867972428738589e-01
1.048191818696449840e+00 -1.847794054563324795e-01 1.199611769359328201e-01 -4.631746498596642225e-02 -9.345390174133123840e-02 -1.167018920012238004e-01 9.876749106309880011e-01
1.056726760435576340e+00 -1.833282781252811577e-01 1.229550961199188108e-01 -5.173103824639412734e-02 -9.757352684335625359e-02 -1.024859927580521191e-01 9.885848106407943980e-01
1.064592742918866408e+00 -1.816801179971184732e-01 1.258004933459229702e-01 -5.741427585429254715e-02 -1.011277497541066966e-01 -8.750225451892926221e-02 9.893533921768815631e-01
1.071770606489391264e+00 -1.798408146775739569e-01 1.283146334879223804e-01 -6.269766473278563790e-02 -1.041979450803508789e-01 -7.305412594769636336e-02 9.898862994102431978e-01
1.078207559119138903e+00 -1.781065072184654374e-01 1.306865357597172539e-01 -6.736224097374654551e-02 -1.067914944099432883e-01 -5.906035591644858557e-02 9.902372339857294925e-01
1.083873765016834856e+00 -1.764914966456811452e-01 1.328434429537302397e-01 -7.182411422322590444e-02 -1.088803512607114388e-01 -4.551417585548953038e-02 9.904114425437484659e-01
1.088721512142150516e+00 -1.749441575355486778e-01 1.347083246893858444e-01 -7.580025638991511050e-02 -1.102455980261950602e-01 -3.291070067242873876e-02 9.904630811031371884e-01
1.092718438330012809e+00 -1.735054386748533239e-01 1.363084361311370785e-01 -7.877432572539889988e-02 -1.108006589686655330e-01 -2.220432703182369238e-02 9.904669542391013604e-01
1.095983934041073082e+00 -1.723823709924602043e-01 1.374241177515185819e-01 -8.146111307841723270e-02 -1.107402610533144011e-01 -1.258078322087100194e-02 9.904253659571823354e-01
1.101402500188365385e+00 -1.713606852301354233e-01 1.393299025162217653e-01 -8.246153340612190352e-02 -1.104315732677961931e-01 -6.917721713779641235e-03 9.904327883608262661e-01
1.109736404635664808e+00 -1.702579446905418403e-01 1.419772852773998340e-01 -8.156391383556493846e-02 -1.099510270210140722e-01 -6.142143356846738005e-03 9.905656836837387624e-01
1.283880366204440682e+00 -1.610243778335096465e-01 1.586683223596152548e-01 -1.015371147027507442e-01 -1.116352676501482510e-01 -3.718790611529294247e-03 9.885413253632382435e-01
1.440849649185797610e+00 -1.325114690595075861e-01 1.461902806258287835e-01 -1.168439732616906868e-01 -1.182064171136769926e-01 -1.094531725268821538e-02 9.860298823543872659e-01
1.582069705650899216e+00 -1.114307242586234925e-01 1.226794859083408795e-01 -1.387817829528741886e-01 -1.291067302558828178e-01 -1.863997409206740938e-02 9.816942600875809832e-01
1.709733645860435303e+00 -1.058677055499713526e-01 1.032139995460597953e-01 -1.661244501210876467e-01 -1.400742723992811078e-01 -2.664444323576316623e-02 9.757417378222755788e-01
1.823365918749429992e+00 -1.069572246264087478e-01 9.908909850256282514e-02 -1.933338380904476295e-01 -1.467660229499715141e-01 -3.394952628803134947e-02 9.694994539562584723e-01
1.921429614698842325e+00 -1.082606387466372999e-01 1.002313479824227249e-01 -2.190485572191536723e-01 -1.510741088022595213e-01 -4.288514879418536124e-02 9.629928386248314265e-01
2.003713867394621317e+00 -1.079578133052730426e-01 1.040675335631933568e-01 -2.425027661369711651e-01 -1.538158498522139150e-01 -5.372000070090601070e-02 9.563719225671848401e-01
2.069983374709480461e+00 -1.073370136829853716e-01 1.108728016201282890e-01 -2.627353379694847280e-01 -1.542909188940962129e-01 -6.508242012588262571e-02 9.502256222179205070e-01
2.120289393137542167e+00 -1.061254339678795039e-01 1.179728315408678924e-01 -2.794435138851543154e-01 -1.531316496890147150e-01 -7.633367630476323162e-02 9.447937289550762952e-01
2.154838909300770045e+00 -1.058705528791433897e-01 1.229002573257849812e-01 -2.948984138904552355e-01 -1.531408477179990457e-01 -8.532847243416752381e-02 9.393092451568640922e-01
2.173629929059041732e+00 -1.056088457351578441e-01 1.262124434517897797e-01 -3.086755948731315091e-01 -1.548754457764152936e-01 -9.190321983923606386e-02 9.339629390979367063e-01
2.185280384654230357e+00 -1.043015133447890569e-01 1.283811254512125521e-01 -3.162184139277295358e-01 -1.572354147616463194e-01 -1.002059924563114129e-01 9.301836905222590213e-01
2.197252956157488057e+00 -1.016843889557776104e-01 1.335102256283539068e-01 -3.182188707826609786e-01 -1.609312767007347045e-01 -1.117634938608400158e-01 9.275488105201243894e-01
2.209332758172783073e+00 -1.013167666177371695e-01 1.422098878535163480e-01 -3.155699524763604380e-01 -1.659314753859622849e-01 -1.257859181519156155e-01 9.257754875589355725e-01
2.221469531654917784e+00 -1.035615964821145069e-01 1.534605993443446115e-01 -3.091430772147934491e-01 -1.714745067995979699e-01 -1.410573816571999428e-01 9.247323214898558463e-01
2.234203525685322322e+00 -1.072753151768022911e-01 1.666047051485486652e-01 -3.003122421681134746e-01 -1.774246950458005789e-01 -1.580395030699671133e-01 9.237729971487924630e-01
2.247509018488278443e+00 -1.124302021308144772e-01 1.817148443249981260e-01 -2.892009404629876101e-01 -1.839312380881342468e-01 -1.766681286836272735e-01 9.226703029783254184e-01
2.261252577680527676e+00 -1.193687607478458590e-01 1.988422638343915194e-01 -2.755109346654221469e-01 -1.912143965092126807e-01 -1.960687521456140614e-01 9.214596159786194729e-01
2.275708322800725103e+00 -1.286663253121006489e-01 2.175558854361310523e-01 -2.593053370527564905e-01 -1.992277448265261097e-01 -2.161564702648625380e-01 9.199703409512333119e-01
2.291073295817624533e+00 -1.399417092334080959e-01 2.379713897063820971e-01 -2.413058918315917900e-01 -2.070626542965877948e-01 -2.367716505096477408e-01 9.180608418171146701e-01
2.306551848272306859e+00 -1.540409336330908208e-01 2.602790731727631091e-01 -2.211789638913305434e-01 -2.158458372926155000e-01 -2.557918097371917332e-01 9.160027240826195127e-01
2.322724570063906313e+00 -1.708403135896980340e-01 2.842254028383860986e-01 -1.995786472170107129e-01 -2.242624395519934588e-01 -2.730640057195611869e-01 9.139533743914970421e-01
2.339617846768660581e+00 -1.899454540926093504e-01 3.102209386942533786e-01 -1.767611614615978988e-01 -2.329434932672257708e-01 -2.884136810255389927e-01 9.117622328987462499e-01
2.356484978218314819e+00 -2.120245289719077664e-01 3.383969468955380644e-01 -1.533929041658993186e-01 -2.413365106183223419e-01 -3.005827979398716376e-01 9.098776220881364951e-01
2.372041872279935237e+00 -2.388600177469226427e-01 3.680341051902979443e-01 -1.309128855064399799e-01 -2.496317120482608454e-01 -3.074138417834473280e-01 9.088688324660348927e-01
2.386579672505654948e+00 -2.707243783670842951e-01 3.984746006679078523e-01 -1.098742107928917938e-01 -2.572807162030745221e-01 -3.087115594700724497e-01 9.090827596661527066e-01
2.401082594329976061e+00 -3.061692900867772349e-01 4.307410349777706648e-01 -9.111969123078156318e-02 -2.641529849218431925e-01 -3.065638882924217046e-01 9.099115258210103141e-01
2.416172299366783349e+00 -3.452423688225857989e-01 4.646895121893547254e-01 -7.607688693497642596e-02 -2.696150492998983239e-01 -3.013705095757970853e-01 9.114251743414379936e-01
2.432436682625482405e+00 -3.847888689504300186e-01 5.037493538114405922e-01 -6.571193525298565929e-02 -2.724158017787392527e-01 -2.945157912838994307e-01 9.136367008778558674e-01
2.450285237147035833e+00 -4.237073377149324083e-01 5.485617292230717812e-01 -6.264912112312576165e-02 -2.757367039384217566e-01 -2.881652245439635385e-01 9.148798615595394867e-01
2.470199311439160272e+00 -4.622026078852555786e-01 5.984190213834698069e-01 -6.321132479610255817e-02 -2.803208625316179758e-01 -2.821694251944745213e-01 9.153168620387539534e-01
2.494126481599979073e+00 -5.004414366713558771e-01 6.520607240245649416e-01 -6.464029522826214569e-02 -2.845168603452320477e-01 -2.753496812998179055e-01 9.159990946612247553e-01
2.521400102445444880e+00 -5.395155012419921015e-01 7.085783146391212428e-01 -6.634772267661151468e-02 -2.889417357426927735e-01 -2.678044988533123671e-01 9.167286422031077908e-01
2.550382463151394052e+00 -5.805342328402177676e-01 7.676820071189824901e-01 -6.851553530861823060e-02 -2.933400558232145960e-01 -2.607252978940226007e-01 9.172129262658045290e-01
2.581511991042011456e+00 -6.225887148729714049e-01 8.295041380529977193e-01 -7.204130309011802513e-02 -2.983716351711142023e-01 -2.528828037966911468e-01 9.175155069634067795e-01
2.614964914435832011e+00 -6.554232407942098826e-01 8.896792957518406819e-01 -7.585905955057019312e-02 -3.027097600458995008e-01 -2.457295435040502130e-01 9.177304591797900146e-01
2.650562357680477543e+00 -6.705966747038114573e-01 9.399566121953111253e-01 -7.999901942856965653e-02 -3.072987573046732646e-01 -2.376794170363523140e-01 9.179739241213393797e-01
2.684231459401519082e+00 -6.766610178009562215e-01 9.770604714610497954e-01 -8.749426018889953915e-02 -3.144054803236052686e-01 -2.262204399189284565e-01 9.177789826201985246e-01
2.711298249735114574e+00 -6.771815429124455887e-01 1.002900310219817515e+00 -9.875373571200879441e-02 -3.233222779999847529e-01 -2.103111960073325015e-01 9.173219745900502708e-01
2.728675012679552037e+00 -6.749781391613571824e-01 1.020040635218994574e+00 -1.114930820392273786e-01 -3.307680998423551677e-01 -1.882093816678078735e-01 9.180081619660541703e-01
2.740928281956989121e+00 -6.721262742485385466e-01 1.032461230895867832e+00 -1.243251555118120716e-01 -3.361889440355730896e-01 -1.628308966138156400e-01 9.192422687861731001e-01
2.752153574703995798e+00 -6.688230798391022747e-01 1.043870178676671756e+00 -1.373636899223101004e-01 -3.407891771845971141e-01 -1.372867372511463457e-01 9.198621120470760193e-01
2.762326945222164376e+00 -6.648851425327954034e-01 1.054008760846277148e+00 -1.494192879572476262e-01 -3.441836764941894611e-01 -1.120282286805355798e-01 9.201419179670023984e-01
2.771238456127440575e+00 -6.609649200933690461e-01 1.063131052522105602e+00 -1.621869921634129241e-01 -3.465891209504940451e-01 -8.671531126145161361e-02 9.198107498853111963e-01
2.779024250081027159e+00 -6.569534765115530028e-01 1.070865138863469568e+00 -1.745835479004466673e-01 -3.478224706329610116e-01 -6.188876960756212880e-02 9.190810050924441699e-01
2.785498862657542762e+00 -6.530484190337765282e-01 1.077328355329947085e+00 -1.863983647866726545e-01 -3.475975429820689633e-01 -3.923389232503555341e-02 9.180916617695155102e-01
2.790837017638991391e+00 -6.497175723274672965e-01 1.082510185959915772e+00 -1.967556174614384645e-01 -3.460963561630494567e-01 -1.900509492312933701e-02 9.171386730560382450e-01
2.796951314598590255e+00 -6.463486097139603537e-01 1.088349547764462022e+00 -2.043532816552949549e-01 -3.440213658679532327e-01 -3.303778978773249352e-03 9.164486462140247758e-01
2.807071784162396888e+00 -6.419593195224887472e-01 1.097837703000202669e+00 -2.058852220039200376e-01 -3.421200626042521509e-01 3.266104971157667448e-03 9.168175776469256189e-01
