-4.452462308108806610e-03 9.506114125251770020e-01 -2.659993059933185577e-02
-9.987150318920612335e-03 8.744478821754455566e-01 -1.734005846083164215e-02
-1.428691484034061432e-02 7.972837686538696289e-01 -8.360046893358230591e-03
-1.839302293956279755e-02 7.192887663841247559e-01 -2.233340637758374214e-03
-2.083850093185901642e-02 6.406505703926086426e-01 4.088523797690868378e-03
-2.197117358446121216e-02 5.615001916885375977e-01 9.688248857855796814e-03
-2.174610272049903870e-02 4.821842312812805176e-01 1.507248170673847198e-02
-2.003059349954128265e-02 4.020127952098846436e-01 2.014434151351451874e-02
-1.689706742763519287e-02 3.229939043521881104e-01 2.503613010048866272e-02
-1.268713921308517456e-02 2.408265918493270874e-01 2.981529012322425842e-02
-6.754938513040542603e-03 1.653337180614471436e-01 3.448531776666641235e-02
-4.073250165674835443e-04 7.252833247184753418e-02 4.066077619791030884e-02
5.184517242014408112e-03 3.016630373895168304e-02 4.333999380469322205e-02
1.046521496027708054e-02 5.217458307743072510e-02 4.216216504573822021e-02
1.504910644143819809e-02 5.328968539834022522e-02 4.239283129572868347e-02
1.914224214851856232e-02 6.413953751325607300e-02 4.211301729083061218e-02
2.256157808005809784e-02 7.176855951547622681e-02 4.208258539438247681e-02
2.524219267070293427e-02 8.158002793788909912e-02 4.194058850407600403e-02
2.730513736605644226e-02 9.135837107896804810e-02 4.181476309895515442e-02
2.870712056756019592e-02 1.019998937845230103e-01 4.163917526602745056e-02
2.957707829773426056e-02 1.131895333528518677e-01 4.139989987015724182e-02
2.996107749640941620e-02 1.250631064176559448e-01 4.120307415723800659e-02
2.976243570446968079e-02 1.376936584711074829e-01 4.077022895216941833e-02
2.938986569643020630e-02 1.511182785034179688e-01 4.083884134888648987e-02
2.874959073960781097e-02 1.652501523494720459e-01 4.106814041733741760e-02
2.758820354938507080e-02 1.802087724208831787e-01 4.068564623594284058e-02
2.622065879404544830e-02 1.959212571382522583e-01 4.058043658733367920e-02
2.455596812069416046e-02 2.125325351953506470e-01 4.045946151018142700e-02
2.271001040935516357e-02 2.297657579183578491e-01 4.056866839528083801e-02
2.044244669377803802e-02 2.480967789888381958e-01 4.071629419922828674e-02
1.791870780289173126e-02 2.663950622081756592e-01 4.143087938427925110e-02
1.493640430271625519e-02 2.860058248043060303e-01 4.231681674718856812e-02
1.164697576314210892e-02 3.042389452457427979e-01 4.311069473624229431e-02
8.451919071376323700e-03 3.244446218013763428e-01 4.418569803237915039e-02
5.289859138429164886e-03 3.365955650806427002e-01 4.592194035649299622e-02
2.174453809857368469e-03 3.647243678569793701e-01 4.688134044408798218e-02
-7.645306177437305450e-04 3.456850349903106689e-01 5.091273784637451172e-02
-3.513146657496690750e-03 2.668164968490600586e-01 5.875630676746368408e-02
-5.820055026561021805e-03 2.049168050289154053e-01 6.557533144950866699e-02
-7.466022390872240067e-03 1.390881687402725220e-01 7.261352986097335815e-02
-8.504977449774742126e-03 6.325032562017440796e-02 8.016486465930938721e-02
-8.565837517380714417e-03 1.998033933341503143e-02 8.551809936761856079e-02
-7.609545253217220306e-03 2.250839211046695709e-02 8.778501302003860474e-02
-5.599521100521087646e-03 8.448671549558639526e-03 9.078561514616012573e-02
-2.442327793687582016e-03 1.403482630848884583e-03 9.300356358289718628e-02
1.966539770364761353e-03 -1.053444854915142059e-02 9.513378888368606567e-02
7.612928282469511032e-03 -1.755944080650806427e-02 9.655644744634628296e-02
1.448194123804569244e-02 -3.428907319903373718e-02 9.817772358655929565e-02
2.266670018434524536e-02 -2.613385766744613647e-02 9.786645323038101196e-02
3.200970590114593506e-02 1.421234570443630219e-02 9.523478895425796509e-02
4.265858232975006104e-02 4.345409944653511047e-02 9.299751371145248413e-02
