0.000000000000000000e+00 0.000000000000000000e+00 0.000000000000000000e+00 0.000000000000000000e+00 0.000000000000000000e+00 0.000000000000000000e+00 1.000000000000000000e+00
8.344660699367523193e-02 -9.837240912020206451e-03 3.557592257857322693e-02 -2.538254541766895439e-02 6.926507083135270519e-03 2.534235289217244905e-02 9.993325347638972733e-01
1.594860292032880544e-01 -1.836175851201068965e-02 6.892893294687017780e-02 -5.019747789515367764e-02 1.413818771141611176e-02 4.944476054679722982e-02 9.974144276656881081e-01
2.283909083523897876e-01 -2.547476849919562067e-02 9.924863447041529230e-02 -7.448796841475832653e-02 2.137352760243716940e-02 7.133659372552780820e-02 9.944374315535939868e-01
2.898718379294353831e-01 -3.137992723269442119e-02 1.269356105276777946e-01 -9.778878006615254748e-02 2.869158466162244001e-02 9.182632568630641479e-02 9.905463509466535532e-01
3.438578150078260842e-01 -3.608177866502062375e-02 1.520127213919315601e-01 -1.199326840403042022e-01 3.563131078075700009e-02 1.100410345017945463e-01 9.860210604833492543e-01
3.903274141404012298e-01 -4.017957758383826350e-02 1.742862442116842880e-01 -1.405105628019443498e-01 4.215841013058828357e-02 1.262091716501781979e-01 9.810966798372715569e-01
4.292906521823411925e-01 -4.302332017115607921e-02 1.937724653146999099e-01 -1.593292857348578284e-01 4.843474147086471865e-02 1.399144268739337948e-01 9.760595308066046805e-01
4.604750206189084372e-01 -4.548735330065406535e-02 2.107661055485021695e-01 -1.763775942513634010e-01 5.452094185035455398e-02 1.513735308145515435e-01 9.710841700463392900e-01
4.840030364004966890e-01 -4.731449741488873151e-02 2.250647631806228788e-01 -1.913846471853906106e-01 6.016219432273937906e-02 1.598597924408667603e-01 9.665388114073637515e-01
4.999478770997947130e-01 -4.870708240586561072e-02 2.363667195188464687e-01 -2.040313703909598098e-01 6.583594584316812548e-02 1.658190466609694436e-01 9.625699309119154501e-01
5.087803760979228151e-01 -4.957165831814051155e-02 2.444020173399008011e-01 -2.130936328958038528e-01 6.467559790519100682e-02 1.697896818601534463e-01 9.599893929563505512e-01
5.110905502928648758e-01 -4.923027018078623973e-02 2.496938361692948860e-01 -2.197415189220490173e-01 6.330390775985392238e-02 1.710131574690212652e-01 9.583635949349487149e-01
5.140206921550978247e-01 -4.947747117886895640e-02 2.554128916000923954e-01 -2.245127091901664429e-01 6.227994727491680677e-02 1.696718070052699590e-01 9.575629115035166894e-01
5.179721375507839731e-01 -5.031381395993450578e-02 2.615221578292817317e-01 -2.273540607285644277e-01 6.140110299990712839e-02 1.664608746117985649e-01 9.575128264645347276e-01
5.224450305596552990e-01 -5.228476345523071223e-02 2.680584600026542086e-01 -2.279902746575154515e-01 6.069537793997308028e-02 1.611877496355294537e-01 9.583084133647936653e-01
5.275190911124878479e-01 -5.406103615607253665e-02 2.753565901624814849e-01 -2.279314561611706647e-01 6.024002884154409931e-02 1.546751836381776990e-01 9.594237738267248350e-01
5.330630334284308658e-01 -5.732955894769440480e-02 2.829384373209906656e-01 -2.259966467116524269e-01 5.983122912244175085e-02 1.470416028196039060e-01 9.611058769651906752e-01
5.399205104829308821e-01 -5.962850517265506217e-02 2.910185051879505824e-01 -2.233640256024893023e-01 5.979476352925702787e-02 1.384556233077766929e-01 9.629969567426398536e-01
5.466267498476268250e-01 -6.276310557642371390e-02 3.001472332305766266e-01 -2.195987624818436512e-01 5.936117570187739167e-02 1.291657729385938258e-01 9.651781376704039461e-01
5.542530188718781670e-01 -6.620738960288348463e-02 3.096801410296852186e-01 -2.151137371257922926e-01 5.922268420047506476e-02 1.195297490823550163e-01 9.674354721944898872e-01
5.631292315757601141e-01 -6.960670115189765417e-02 3.194819210805673326e-01 -2.100474451500475292e-01 5.916935045083280414e-02 1.102220288542213877e-01 9.696546617783177169e-01
5.729960767161053070e-01 -7.397931065004571816e-02 3.294048249580162069e-01 -2.037237582164613259e-01 5.907842821990039184e-02 1.012961281279069758e-01 9.719801767955565941e-01
5.841817426842172978e-01 -7.702793546984389172e-02 3.400405088574999235e-01 -1.972342291859917607e-01 5.911167854475098127e-02 9.315418199054541215e-02 9.741287218200179732e-01
5.963352644268413716e-01 -8.124018955818811116e-02 3.509910200707596073e-01 -1.903923515660133070e-01 5.913111935442935674e-02 8.619514633537031512e-02 9.761273789507597387e-01
6.095302423092362476e-01 -8.587062817446060314e-02 3.624961211157267105e-01 -1.834395973851604966e-01 5.925334911048646402e-02 8.047141784406029730e-02 9.779382933705621506e-01
6.245126306324236820e-01 -8.992027791319723296e-02 3.741349821024771982e-01 -1.767317550778078339e-01 5.950080705359554745e-02 7.658265079493359329e-02 9.794695698715247811e-01
6.407839001631209230e-01 -9.415947140942437787e-02 3.863493460087849551e-01 -1.702666601139689873e-01 5.973875897008831121e-02 7.474381795949350260e-02 9.807415086592317088e-01
6.585124681089753462e-01 -9.821660304739242286e-02 3.991607836383601060e-01 -1.642942495185730489e-01 6.012147799010249954e-02 7.497532370724434292e-02 9.817186502732889730e-01
6.778011140858322126e-01 -1.023228065245415652e-01 4.124837984914181965e-01 -1.588807130190339201e-01 6.086203485634814753e-02 7.816387659526506659e-02 9.823151938860094079e-01
6.987237869511697674e-01 -1.062075818105450709e-01 4.264059952994711522e-01 -1.547439794065179619e-01 6.189796504932379428e-02 8.395743265402315358e-02 9.824327418517426747e-01
7.206518013492366759e-01 -1.103165535404661834e-01 4.417873507849586212e-01 -1.508670176314659273e-01 5.594431922447846289e-02 9.364382626708780966e-02 9.825172822599895772e-01
7.438354433482894379e-01 -1.145140946266171300e-01 4.584308412666242560e-01 -1.479909462398216746e-01 4.922672597222509105e-02 1.062712987725470543e-01 9.820294396494911870e-01
7.688275594561115867e-01 -1.182287083013467965e-01 4.755282698797546059e-01 -1.462077142422416598e-01 4.194251676306088444e-02 1.211828494271473544e-01 9.809071549277009749e-01
7.955272516594474874e-01 -1.212520561756200016e-01 4.931930810825727596e-01 -1.449430306489687126e-01 3.444281648771711085e-02 1.385556379968297669e-01 9.790850552622979430e-01
8.234664978259155221e-01 -1.237772170640590447e-01 5.116886364178122593e-01 -1.444480689244013738e-01 2.691859020393607207e-02 1.579713266558376850e-01 9.764503084335826033e-01
8.524608254413535979e-01 -1.279540321357068855e-01 5.313664974974695587e-01 -1.442808541217930340e-01 1.911435295141967680e-02 1.789369394411313152e-01 9.730360981734311743e-01
8.757497548052396441e-01 -1.310147999260493079e-01 5.488671527079955759e-01 -1.445781089708140232e-01 1.116062106264043702e-02 2.011391376758273342e-01 9.687701782357589497e-01
8.935204436383392679e-01 -1.314694952650384552e-01 5.634893847092373731e-01 -1.460788649893942082e-01 3.448457127570310043e-03 2.240852381142081351e-01 9.635532571716771688e-01
9.062914019406660415e-01 -1.322606803236713868e-01 5.748669668302818225e-01 -1.475116958943416545e-01 -4.015045405025116816e-03 2.475672616675287929e-01 9.575670367839592689e-01
9.124606746668049162e-01 -1.309917150924181928e-01 5.852289168717857981e-01 -1.498206560136611798e-01 -1.065825798888852226e-02 2.710676654264325136e-01 9.507694217466936548e-01
9.140223328915085821e-01 -1.267136074214327002e-01 5.937230045007073631e-01 -1.515654707489449138e-01 -1.717959304548760321e-02 2.938619952851077577e-01 9.435983771639804285e-01
9.161698391987675993e-01 -1.237159902097604708e-01 6.028918011812439692e-01 -1.529552637105972834e-01 -2.340094193796358676e-02 3.167278258288805937e-01 9.358101129851867928e-01
9.180625185615044481e-01 -1.195219984321672507e-01 6.120660908394305322e-01 -1.547250692919174830e-01 -2.858154771599357921e-02 3.386275873930929547e-01 9.276716041353766373e-01
9.193765165845888543e-01 -1.131676567122792687e-01 6.206967272852164097e-01 -1.561965498776720085e-01 -3.276335600588296121e-02 3.592057365318740980e-01 9.195109782662399533e-01
9.219500899163021179e-01 -1.065529332392255724e-01 6.296852734206744850e-01 -1.578718177466040262e-01 -3.605943556811849748e-02 3.783770411147845403e-01 9.113764430931449168e-01
9.222971621555074995e-01 -9.826800573338670408e-02 6.387156181199749039e-01 -1.590309487651968556e-01 -3.837680983677348168e-02 3.956332174805148316e-01 9.037204960758659089e-01
9.225210000600597704e-01 -8.848286366085429677e-02 6.474975937450153651e-01 -1.600910743696283001e-01 -3.980142876723141016e-02 4.112222791584907999e-01 8.964836480934614826e-01
9.193349866218141209e-01 -8.037351688085833668e-02 6.587560086530520609e-01 -1.610828135769884761e-01 -3.977513906991639314e-02 4.242761360801396986e-01 8.902022387272437998e-01
9.233263548369365914e-01 -7.024736390368579997e-02 6.672157800170239739e-01 -1.617546120859025827e-01 -3.852470284314400001e-02 4.340249831033812788e-01 8.854228406709960808e-01
9.314429152663964429e-01 -6.819108969183530766e-02 6.786427465751160293e-01 -1.624346232755153330e-01 -3.590618416754642189e-02 4.414643684062988238e-01 8.817227174840711612e-01
