-4.452462308108806610e-03 9.506114125251770020e-01 -2.659993059933185577e-02
-1.046876609325408936e-02 8.761753439903259277e-01 -2.040877565741539001e-02
-1.521396916359663010e-02 8.006929159164428711e-01 -1.443529501557350159e-02
-1.974606141448020935e-02 7.243345379829406738e-01 -1.125090941786766052e-02
-2.261400409042835236e-02 6.472879052162170410e-01 -7.799970451742410660e-03
-2.415283583104610443e-02 5.696824789047241211e-01 -5.005546845495700836e-03
-2.430483885109424591e-02 4.918642044067382812e-01 -2.364557236433029175e-03
-2.292678132653236389e-02 4.131430983543395996e-01 2.537539694458246231e-05
-2.008143812417984009e-02 3.355280756950378418e-01 2.297694329172372818e-03
-1.610791310667991638e-02 2.547183334827423096e-01 4.524542018771171570e-03
-1.036549732089042664e-02 1.805361211299896240e-01 6.709762848913669586e-03
-4.166081547737121582e-03 8.899568021297454834e-02 1.046835817396640778e-02
1.320702489465475082e-03 4.785747081041336060e-02 1.079988200217485428e-02
6.541543174535036087e-03 7.105122506618499756e-02 7.343672215938568115e-03
1.111054327338933945e-02 7.331398129463195801e-02 5.364478565752506256e-03
1.523184403777122498e-02 8.527386188507080078e-02 2.943520434200763702e-03
1.871792785823345184e-02 9.397516399621963501e-02 8.412349270656704903e-04
2.149853482842445374e-02 1.048205643892288208e-01 -1.302073244005441666e-03
2.369373291730880737e-02 1.155937984585762024e-01 -3.359538037329912186e-03
2.525772713124752045e-02 1.271897554397583008e-01 -5.397843196988105774e-03
2.631543576717376709e-02 1.392933279275894165e-01 -7.431650534272193909e-03
2.691054530441761017e-02 1.520394682884216309e-01 -9.354033507406711578e-03
2.694518864154815674e-02 1.655001342296600342e-01 -1.144247595220804214e-02
2.682662941515445709e-02 1.797117441892623901e-01 -1.295928470790386200e-02
2.645427361130714417e-02 1.945873349905014038e-01 -1.424185279756784439e-02
2.557255141437053680e-02 2.102454453706741333e-01 -1.606102846562862396e-02
2.449840679764747620e-02 2.266119718551635742e-01 -1.752699166536331177e-02
2.313219569623470306e-02 2.438318133354187012e-01 -1.893050037324428558e-02
2.158643491566181183e-02 2.616272270679473877e-01 -2.002553269267082214e-02
1.962333172559738159e-02 2.804726958274841309e-01 -2.100615389645099640e-02
1.740541867911815643e-02 2.992363572120666504e-01 -2.134664356708526611e-02
1.472111139446496964e-02 3.192634284496307373e-01 -2.143949456512928009e-02
1.171706244349479675e-02 3.378636240959167480e-01 -2.154802158474922180e-02
8.794641122221946716e-03 3.583867847919464111e-01 -2.129814587533473969e-02
5.897278897464275360e-03 3.708052933216094971e-01 -2.031003497540950775e-02
3.038159338757395744e-03 3.991516232490539551e-01 -2.002315782010555267e-02
3.460086882114410400e-04 3.802809715270996094e-01 -1.659081503748893738e-02
-2.168562263250350952e-03 3.015344142913818359e-01 -9.280520491302013397e-03
-4.255617037415504456e-03 2.397126704454421997e-01 -2.935226075351238251e-03
-5.687119439244270325e-03 1.739231646060943604e-01 3.691450692713260651e-03
-6.510969717055559158e-03 9.809159487485885620e-02 1.089041121304035187e-02
-6.359150167554616928e-03 5.480460822582244873e-02 1.594336703419685364e-02
-5.204583983868360519e-03 5.729624629020690918e-02 1.795947924256324768e-02
-3.010401967912912369e-03 4.318690299987792969e-02 2.075330913066864014e-02
3.152342978864908218e-04 3.608587011694908142e-02 2.280686795711517334e-02
4.869974218308925629e-03 2.409090474247932434e-02 2.481394261121749878e-02
1.063830126076936722e-02 1.701324060559272766e-02 2.615403011441230774e-02
1.759792864322662354e-02 2.394625917077064514e-04 2.772829681634902954e-02
2.583883516490459442e-02 8.365070447325706482e-03 2.739889547228813171e-02
3.519867360591888428e-02 4.869883134961128235e-02 2.476211078464984894e-02
4.584766924381256104e-02 7.794064283370971680e-02 2.252467349171638489e-02
