2.616429710388183594e+01 -2.226403045654296875e+01 -9.312875270843505859e-01 -9.828075766563415527e-02 1.950348913669586182e-01 7.394629120826721191e-01 6.367863416671752930e-01
2.616371726989746094e+01 -2.217280578613281250e+01 -9.335796236991882324e-01 -1.150442808866500854e-01 1.832592189311981201e-01 7.594123482704162598e-01 6.135741472244262695e-01
2.616258430480957031e+01 -2.208907890319824219e+01 -9.352009892463684082e-01 -1.317156404256820679e-01 1.714168041944503784e-01 7.774057388305664062e-01 5.906830430030822754e-01
2.616094970703125000e+01 -2.201292610168457031e+01 -9.364135861396789551e-01 -1.481155604124069214e-01 1.596851795911788940e-01 7.933979034423828125e-01 5.684009790420532227e-01
2.615891075134277344e+01 -2.194444656372070312e+01 -9.372884631156921387e-01 -1.640767008066177368e-01 1.482433527708053589e-01 8.073761463165283203e-01 5.470306873321533203e-01
2.615663146972656250e+01 -2.188368034362792969e+01 -9.378603100776672363e-01 -1.794430017471313477e-01 1.372692883014678955e-01 8.193560242652893066e-01 5.268843770027160645e-01
2.615423774719238281e+01 -2.183068847656250000e+01 -9.381546974182128906e-01 -1.940718293190002441e-01 1.269401460886001587e-01 8.293765187263488770e-01 5.082808136940002441e-01
2.615187835693359375e+01 -2.178550338745117188e+01 -9.381975531578063965e-01 -2.078252583742141724e-01 1.174261271953582764e-01 8.374950885772705078e-01 4.915411770343780518e-01
2.614971160888671875e+01 -2.174816131591796875e+01 -9.379972219467163086e-01 -2.205985933542251587e-01 1.089065223932266235e-01 8.437741398811340332e-01 4.769808650016784668e-01
2.614786529541015625e+01 -2.171864891052246094e+01 -9.375661611557006836e-01 -2.322071939706802368e-01 1.015073359012603760e-01 8.482977747917175293e-01 4.649249911308288574e-01
2.614647674560546875e+01 -2.169705772399902344e+01 -9.369061589241027832e-01 -2.427968084812164307e-01 9.553092718124389648e-02 8.510642051696777344e-01 4.556317627429962158e-01
2.614569473266601562e+01 -2.168331527709960938e+01 -9.359498023986816406e-01 -2.468544393777847290e-01 8.807555586099624634e-02 8.535137772560119629e-01 4.503397345542907715e-01
2.614546203613281250e+01 -2.167761993408203125e+01 -9.346898198127746582e-01 -2.498867511749267578e-01 8.211365342140197754e-02 8.544837236404418945e-01 4.479471743106842041e-01
2.614575576782226562e+01 -2.167145538330078125e+01 -9.336541891098022461e-01 -2.523170411586761475e-01 7.769174873828887939e-02 8.541030883789062500e-01 4.480981528759002686e-01
2.614651298522949219e+01 -2.166435050964355469e+01 -9.328502416610717773e-01 -2.541532814502716064e-01 7.464504987001419067e-02 8.525703549385070801e-01 4.504896998405456543e-01
2.614768791198730469e+01 -2.165639495849609375e+01 -9.322565793991088867e-01 -2.554763555526733398e-01 7.286836206912994385e-02 8.500402569770812988e-01 4.547917246818542480e-01
2.614922332763671875e+01 -2.164745140075683594e+01 -9.318614006042480469e-01 -2.563181817531585693e-01 7.224463671445846558e-02 8.466650247573852539e-01 4.606740772724151611e-01
2.615105628967285156e+01 -2.163749885559082031e+01 -9.316574335098266602e-01 -2.567015588283538818e-01 7.266440987586975098e-02 8.425924777984619141e-01 4.678047001361846924e-01
2.615312004089355469e+01 -2.162646484375000000e+01 -9.316425919532775879e-01 -2.566367983818054199e-01 7.401949167251586914e-02 8.379734158515930176e-01 4.758540987968444824e-01
2.615535163879394531e+01 -2.161430168151855469e+01 -9.318082332611083984e-01 -2.561284601688385010e-01 7.620391994714736938e-02 8.329645395278930664e-01 4.844979047775268555e-01
2.615769767761230469e+01 -2.160094833374023438e+01 -9.321485161781311035e-01 -2.551796436309814453e-01 7.911183685064315796e-02 8.277308940887451172e-01 4.934183359146118164e-01
2.616010665893554688e+01 -2.158634376525878906e+01 -9.326608180999755859e-01 -2.537963390350341797e-01 8.263895660638809204e-02 8.224471211433410645e-01 5.023074746131896973e-01
2.616253471374511719e+01 -2.157042121887207031e+01 -9.333446025848388672e-01 -2.519914507865905762e-01 8.667992055416107178e-02 8.172978758811950684e-01 5.108659267425537109e-01
2.616493606567382812e+01 -2.155310249328613281e+01 -9.341936111450195312e-01 -2.497872412204742432e-01 9.112971276044845581e-02 8.124750256538391113e-01 5.188043713569641113e-01
2.616730690002441406e+01 -2.153432464599609375e+01 -9.351358413696289062e-01 -2.472187727689743042e-01 9.588377922773361206e-02 8.081770539283752441e-01 5.258424878120422363e-01
2.616959571838378906e+01 -2.151400756835937500e+01 -9.362149238586425781e-01 -2.443355917930603027e-01 1.008370295166969299e-01 8.046052455902099609e-01 5.317074656486511230e-01
2.617177581787109375e+01 -2.149208259582519531e+01 -9.374299645423889160e-01 -2.412059605121612549e-01 1.058852672576904297e-01 8.019598126411437988e-01 5.361325144767761230e-01
2.617382049560546875e+01 -2.146846961975097656e+01 -9.387613534927368164e-01 -2.379089891910552979e-01 1.109188795089721680e-01 8.004376292228698730e-01 5.388554930686950684e-01
2.617570877075195312e+01 -2.144309425354003906e+01 -9.401918649673461914e-01 -2.345681935548782349e-01 1.158416271209716797e-01 8.002182841300964355e-01 5.396094322204589844e-01
2.617741203308105469e+01 -2.141588592529296875e+01 -9.416969418525695801e-01 -2.312306016683578491e-01 1.204879879951477051e-01 8.014894127845764160e-01 5.381441712379455566e-01
2.617889022827148438e+01 -2.138677215576171875e+01 -9.432522058486938477e-01 -2.283165305852890015e-01 1.249195858836174011e-01 8.043254613876342773e-01 5.341320633888244629e-01
2.618012428283691406e+01 -2.135573768615722656e+01 -9.447905421257019043e-01 -2.197895348072052002e-01 1.248997896909713745e-01 8.103663921356201172e-01 5.285537838935852051e-01
2.618106269836425781e+01 -2.132270431518554688e+01 -9.463276267051696777e-01 -2.106180787086486816e-01 1.238912492990493774e-01 8.181649446487426758e-01 5.204494595527648926e-01
2.618169403076171875e+01 -2.128779602050781250e+01 -9.478296637535095215e-01 -2.011683136224746704e-01 1.221817061305046082e-01 8.273482918739318848e-01 5.099697709083557129e-01
2.618202972412109375e+01 -2.125104713439941406e+01 -9.492620825767517090e-01 -1.914413571357727051e-01 1.198074743151664734e-01 8.376274108886718750e-01 4.973416924476623535e-01
2.618207550048828125e+01 -2.121268844604492188e+01 -9.505863785743713379e-01 -1.815394163131713867e-01 1.168730333447456360e-01 8.486937880516052246e-01 4.827790856361389160e-01
2.618183898925781250e+01 -2.117249488830566406e+01 -9.517942070960998535e-01 -1.715428382158279419e-01 1.134680733084678650e-01 8.602545857429504395e-01 4.665115773677825928e-01
2.618133926391601562e+01 -2.113847351074218750e+01 -9.523692131042480469e-01 -1.615442484617233276e-01 1.096899807453155518e-01 8.720321059226989746e-01 4.487814903259277344e-01
2.618060684204101562e+01 -2.111109161376953125e+01 -9.522725939750671387e-01 -1.516402065753936768e-01 1.056384742259979248e-01 8.837706446647644043e-01 4.298470318317413330e-01
2.617970085144042969e+01 -2.109035491943359375e+01 -9.514977931976318359e-01 -1.419341117143630981e-01 1.014174222946166992e-01 8.952408432960510254e-01 4.099829196929931641e-01
2.617868041992187500e+01 -2.107630348205566406e+01 -9.500495195388793945e-01 -1.325352936983108521e-01 9.713450819253921509e-02 9.062427282333374023e-01 3.894817531108856201e-01
2.617762184143066406e+01 -2.106926155090332031e+01 -9.479115009307861328e-01 -1.235585063695907593e-01 9.290055930614471436e-02 9.166094660758972168e-01 3.686498999595642090e-01
2.617663383483886719e+01 -2.106326866149902344e+01 -9.454754590988159180e-01 -1.151229813694953918e-01 8.882927894592285156e-02 9.262064695358276367e-01 3.478081524372100830e-01
2.617580795288085938e+01 -2.105810356140136719e+01 -9.427770376205444336e-01 -1.073524355888366699e-01 8.503697067499160767e-02 9.349329471588134766e-01 3.272886574268341064e-01
2.617525863647460938e+01 -2.105391120910644531e+01 -9.398375153541564941e-01 -1.003734320402145386e-01 8.164155483245849609e-02 9.427187442779541016e-01 3.074321448802947998e-01
2.617510223388671875e+01 -2.105067253112792969e+01 -9.366921186447143555e-01 -9.431505203247070312e-02 7.876235991716384888e-02 9.495226740837097168e-01 2.885850369930267334e-01
2.617546463012695312e+01 -2.104846191406250000e+01 -9.333728551864624023e-01 -8.930830657482147217e-02 7.651951164007186890e-02 9.553266763687133789e-01 2.710961699485778809e-01
2.617645835876464844e+01 -2.104722213745117188e+01 -9.299216270446777344e-01 -8.548469096422195435e-02 7.503364235162734985e-02 9.601299762725830078e-01 2.553154826164245605e-01
2.617821502685546875e+01 -2.104713249206542969e+01 -9.263631105422973633e-01 -8.297646790742874146e-02 7.442558556795120239e-02 9.639414548873901367e-01 2.415900826454162598e-01
2.618085098266601562e+01 -2.104393768310546875e+01 -9.229966998100280762e-01 -8.191550523042678833e-02 7.481618225574493408e-02 9.667698144912719727e-01 2.302631884813308716e-01
2.618448638916015625e+01 -2.103743362426757812e+01 -9.198621511459350586e-01 -8.243340253829956055e-02 7.632642984390258789e-02 9.686141014099121094e-01 2.216712683439254761e-01
