0.000000000000000000e+00 0.000000000000000000e+00 0.000000000000000000e+00 0.000000000000000000e+00 0.000000000000000000e+00 0.000000000000000000e+00 1.000000000000000000e+00
8.910441398620605469e-02 4.380961414426565170e-03 1.971658319234848022e-02 -2.333905535967858991e-02 5.515070377698126636e-03 1.885191295268159178e-02 9.995346306515204837e-01
1.693801957097865463e-01 4.749814342168721081e-03 4.383837565142459369e-02 -4.854916681390016031e-02 1.305679288189701311e-02 3.962163667127493322e-02 9.979492093632846839e-01
2.413715976205283442e-01 6.561090186589046622e-03 6.875883755081847737e-02 -7.334476843133801161e-02 2.116626442112965606e-02 5.720781972725717812e-02 9.954395007012036833e-01
3.046786589843594739e-01 4.061733109881153318e-03 9.481392319793702228e-02 -9.757266476032831759e-02 3.129186862915833700e-02 7.471051316049476254e-02 9.919267781810104934e-01
3.606715158013661937e-01 1.543473278274639510e-04 1.180686337933207625e-01 -1.193885564129126414e-01 3.976331427904474664e-02 8.953013593272847459e-02 9.880028371391722519e-01
4.093048494149732486e-01 -5.330341780495326080e-03 1.382985974853158939e-01 -1.388823489830312286e-01 4.743062963615272271e-02 1.021264286513804825e-01 9.838862846305909127e-01
4.509970799296542654e-01 -9.239059503781689095e-03 1.551061583240560537e-01 -1.561586904359293648e-01 5.460539538538185245e-02 1.119716955583906354e-01 9.798444027445994964e-01
4.855240136866617595e-01 -1.208210888253921818e-02 1.688026102621717206e-01 -1.715245656655058071e-01 6.141628366333851119e-02 1.196137246726861475e-01 9.759610239882384741e-01
5.137217974584504798e-01 -1.546275556899437756e-02 1.762858853255368230e-01 -1.844717399049415618e-01 6.680315460647474890e-02 1.246703930117745024e-01 9.726072222728745498e-01
5.342893518359894678e-01 -1.812377849928425294e-02 1.817696445500268376e-01 -1.955500203532166137e-01 7.231990835831751674e-02 1.282102652080172045e-01 9.695834921708346155e-01
5.475279848579843733e-01 -2.031251512252520847e-02 1.827512194544955448e-01 -2.037739093772756305e-01 7.009923919367574974e-02 1.295354669372016376e-01 9.678754327530639801e-01
5.531695912419837269e-01 -1.980735130318438467e-02 1.829078137949874672e-01 -2.100697564469028722e-01 6.916840321371234279e-02 1.289087238189053353e-01 9.666793523948803424e-01
5.591717485819273081e-01 -1.813159327418048181e-02 1.836384889250360919e-01 -2.140847015466834924e-01 6.823814312583219299e-02 1.254305983009014192e-01 9.663221312772899418e-01
5.659966770239492906e-01 -1.664846472941984568e-02 1.843689014187607500e-01 -2.163204933833160759e-01 6.732515367184836730e-02 1.200004527666363868e-01 9.665778081257933030e-01
5.738024995608023149e-01 -1.562772069732221505e-02 1.841473824012525851e-01 -2.167861689070861575e-01 6.614048158925055210e-02 1.121502593055514058e-01 9.674975519366588728e-01
5.825828271709942996e-01 -1.497923737701033729e-02 1.848127273412952243e-01 -2.160848578584937396e-01 6.482804240533200646e-02 1.031150946839358706e-01 9.687476123173104359e-01
5.923527768470882027e-01 -1.597095742780164224e-02 1.855343253813952209e-01 -2.138176865153834094e-01 6.369145815468917060e-02 9.290585372172187328e-02 9.703576131692772666e-01
6.031695258944370641e-01 -1.581959269195712392e-02 1.871474887101270412e-01 -2.105906283042285332e-01 6.282866446768854696e-02 8.169028286065427302e-02 9.721269690106242312e-01
6.148789479180366557e-01 -1.709046617338759108e-02 1.898905192651927087e-01 -2.062287801495790995e-01 6.202254420912325927e-02 7.033661037218276457e-02 9.739998231463883327e-01
6.274672193200159231e-01 -2.040261705509327159e-02 1.926992727727042110e-01 -2.013899820737496404e-01 6.117632767981937003e-02 5.900270191199911279e-02 9.758166903773628498e-01
6.415180619916651672e-01 -2.319178949129390918e-02 1.955865963009591202e-01 -1.956935453198948849e-01 6.043770795743358404e-02 4.796594127504946042e-02 9.776249732154865812e-01
6.569292953142882308e-01 -2.723523151150792493e-02 1.968384659072904275e-01 -1.886065841810346533e-01 5.920663335452157339e-02 3.725941881063348643e-02 9.795579955675310924e-01
6.739769464692099143e-01 -2.912623014114938680e-02 2.000127879684404919e-01 -1.812264421816559556e-01 5.847520880300759866e-02 2.711420437803506098e-02 9.813268805706739650e-01
6.918828035446323854e-01 -3.424706345037865918e-02 2.036394479769681187e-01 -1.734007968028567215e-01 5.792194612082826599e-02 1.822457342636906938e-02 9.829776583163715165e-01
7.105512028495702959e-01 -4.105692853680634191e-02 2.090624397177579807e-01 -1.656265141540425312e-01 5.776642268700458993e-02 1.094492036364261636e-02 9.844344096674803035e-01
7.318620380937557179e-01 -4.534183171422430381e-02 2.140567930707960587e-01 -1.580584790482111868e-01 5.767162012633979956e-02 4.996961081801549326e-03 9.857314704385349291e-01
7.541062085043367391e-01 -5.267249997724927912e-02 2.197406318511468670e-01 -1.509872977888420398e-01 5.739231306263343352e-02 1.617401557733689609e-03 9.868669324280479049e-01
7.781887195233119225e-01 -5.917473630783352812e-02 2.269934075664493123e-01 -1.446793953140234623e-01 5.798789489894882326e-02 1.692056251997622852e-04 9.877779345511891185e-01
8.039683899679552770e-01 -6.667109774217225282e-02 2.347250008138985211e-01 -1.390912195452974065e-01 5.918133606859611595e-02 1.501783732450142229e-03 9.885084454632437900e-01
8.311377402373537615e-01 -7.260869969084433884e-02 2.459141358483914741e-01 -1.353338815565031106e-01 6.194906065750994950e-02 5.622392412402803241e-03 9.888455102239497307e-01
8.589145225802170547e-01 -7.909493330797033595e-02 2.604241839822043492e-01 -1.329800938274573741e-01 5.938824451020922185e-02 1.247587217383736707e-02 9.892591590039175875e-01
8.873637599644064178e-01 -8.452628300445627629e-02 2.783478339284201630e-01 -1.319271674684081297e-01 5.737273177229050558e-02 2.152100947804126349e-02 9.893636532053284860e-01
9.183951043522546875e-01 -8.805013262152097675e-02 2.963086109749790142e-01 -1.321936107730638521e-01 5.524442690903920428e-02 3.194967485659730433e-02 9.891673876765393336e-01
9.534669102582234990e-01 -9.063708649097178272e-02 3.104354816906449432e-01 -1.337839488002487420e-01 5.106424830817268834e-02 4.579877800957175144e-02 9.886337893886509853e-01
9.904415478090784486e-01 -9.559513122999611923e-02 3.239076065083740796e-01 -1.357165003441516138e-01 4.630712013183965747e-02 6.191248391966448772e-02 9.877264431482679630e-01
1.028428342855203903e+00 -1.035407704357914488e-01 3.381172285553469270e-01 -1.376019305033565621e-01 4.181223490981977181e-02 7.894147432645443052e-02 9.864510577645304590e-01
1.060443141006833345e+00 -1.095389280889017408e-01 3.507994070308745327e-01 -1.396051170447065448e-01 3.756606104941601770e-02 9.649445590088280567e-02 9.847781589437074601e-01
1.086572221240083014e+00 -1.136972769391800114e-01 3.613906741994761251e-01 -1.426875270145958330e-01 3.345183831348657461e-02 1.148769860899277045e-01 9.825092987930454935e-01
1.108236918739738952e+00 -1.157289332086116201e-01 3.645285697897927557e-01 -1.446213408580232784e-01 2.837372647717300092e-02 1.334521967583448543e-01 9.800357700587249976e-01
1.123144489833083126e+00 -1.143075758180131241e-01 3.606237584517170691e-01 -1.460069171955798439e-01 2.158586253056688636e-02 1.522231116386794092e-01 9.772636056627161949e-01
1.129399832774425683e+00 -1.120110342097912909e-01 3.543379706017926178e-01 -1.480608568610592979e-01 1.444098058389435384e-02 1.718590886081094726e-01 9.738243652775043779e-01
1.130965806328799061e+00 -1.086653487848544541e-01 3.466541886535724482e-01 -1.496830373862406971e-01 8.000040319158779195e-03 1.915068711849325922e-01 9.699773739436806652e-01
1.134812777855092047e+00 -1.077025489555501203e-01 3.399088577634522546e-01 -1.517203218993017633e-01 2.722450372233238547e-03 2.107276780402997096e-01 9.656952821125754927e-01
1.137409424443433403e+00 -1.062612668072482058e-01 3.334863786180423118e-01 -1.534322565459665666e-01 -3.325657734093996187e-03 2.292514352274313827e-01 9.611926248666347039e-01
1.139185912641807574e+00 -1.042966873682884404e-01 3.277985920019909072e-01 -1.546895909133236269e-01 -8.603996930337112076e-03 2.463460688752588668e-01 9.567187235805504342e-01
1.140576173351152134e+00 -1.028316740930133449e-01 3.227693172850702452e-01 -1.557595423753087571e-01 -1.270809864332281616e-02 2.623765968715712216e-01 9.522268587904875181e-01
1.141964034535875028e+00 -1.018119118505109999e-01 3.185693636219533165e-01 -1.566347578536444185e-01 -1.555130021035483132e-02 2.766486872605553593e-01 9.479922011973036522e-01
1.142484638324799961e+00 -1.004173648238463196e-01 3.152597264517288389e-01 -1.570347891525692707e-01 -1.695690945091715696e-02 2.886588356901642616e-01 9.443138327884856853e-01
1.146891807674170094e+00 -9.927045205521155269e-02 3.116130611297472930e-01 -1.579294232508437756e-01 -1.781110013283915272e-02 2.973009605458170057e-01 9.414633295260353973e-01
1.155700339247106578e+00 -9.897766632160640010e-02 3.116646592773466007e-01 -1.582750067703492525e-01 -1.544354960824522414e-02 3.032159547609285521e-01 9.395587282260551287e-01
1.286191293890332599e+00 1.373054401751154507e-02 3.426313899187232170e-01 -2.035550437905946364e-01 -1.215274420361804435e-02 3.308501520486139547e-01 9.213879920235229504e-01
1.402138689305689079e+00 1.182860280304626061e-01 3.777368357097605212e-01 -2.476502065484388615e-01 -6.003286562138610873e-03 3.546604953780677083e-01 9.015815375023781275e-01
1.508103013918218327e+00 2.096705975702208846e-01 4.146243232884497254e-01 -2.922425782737031463e-01 1.552225650114041552e-03 3.805634711396108649e-01 8.773615619991796954e-01
1.598398482623496708e+00 2.961172284070249794e-01 4.475126160005367115e-01 -3.368016151780948708e-01 8.955490387313989886e-03 4.045889071373830470e-01 8.501719163949885694e-01
1.674689449749923176e+00 3.762219832209445780e-01 4.738453630647149195e-01 -3.776337084026712976e-01 1.690202411660812407e-02 4.243791751262937506e-01 8.228058213077580341e-01
1.738881793634781125e+00 4.472526525920166307e-01 4.951404229201309404e-01 -4.140635299755479615e-01 2.376391411124987099e-02 4.391530214939569632e-01 7.969512489751363615e-01
1.790896955499566623e+00 5.095864569734469551e-01 5.090841092025659709e-01 -4.461254381425281412e-01 3.069302182688010694e-02 4.487583949703649600e-01 7.737221302230496978e-01
1.832382168790836374e+00 5.612476819137725004e-01 5.160439437367334570e-01 -4.729468269697674754e-01 3.541173267529065111e-02 4.530405166595684596e-01 7.548652848773704793e-01
1.866016625842447985e+00 5.992861837049182627e-01 5.181343016448387573e-01 -4.953740247801823315e-01 3.804309367493186045e-02 4.547110559792023055e-01 7.391854666908721505e-01
1.890294445538466706e+00 6.243558682806462645e-01 5.177993700097311969e-01 -5.115456666214733827e-01 3.568004523947215095e-02 4.562686073702897915e-01 7.272323722586048200e-01
1.903727218328092885e+00 6.377150451188083879e-01 5.155114442180557255e-01 -5.222702696497752983e-01 2.787546102631561704e-02 4.568382956307915910e-01 7.195522884111165141e-01
1.910066422831905308e+00 6.472739132073696000e-01 5.122575330282687078e-01 -5.294775795619985903e-01 2.094271265411051103e-02 4.533014832931264726e-01 7.167514637390747234e-01
1.916584336360660501e+00 6.583426288114899716e-01 5.088663951202706537e-01 -5.339468293469158411e-01 1.393972666315258964e-02 4.463462565449006769e-01 7.179703940409281060e-01
1.924380847261733418e+00 6.705470831099391571e-01 5.054013433429161983e-01 -5.356543411946802502e-01 6.855291329235225356e-03 4.362343571609533233e-01 7.229986288869807431e-01
1.933937767942490282e+00 6.838511300662888370e-01 5.021476337103517595e-01 -5.349860474785186337e-01 -4.053981114156208804e-04 4.237840200269252788e-01 7.308877266896072200e-01
1.946921646181691834e+00 6.971028623891111220e-01 5.000205716169686676e-01 -5.317559421451952817e-01 -7.317255008797820051e-03 4.092283257187186440e-01 7.414271732286767946e-01
1.961370746384765607e+00 7.120000617368691387e-01 4.989150329222928892e-01 -5.268692579039020440e-01 -1.354855039160416871e-02 3.932713779139473953e-01 7.533676693167440375e-01
1.977448112433666472e+00 7.284847921941968174e-01 4.993016030228649149e-01 -5.197423982641764528e-01 -1.889200244407525722e-02 3.759444762380083627e-01 7.669267777802422081e-01
1.996679641171621222e+00 7.447193127143627578e-01 5.027946726799553678e-01 -5.112925658914019289e-01 -2.406411946766710136e-02 3.581264156227757511e-01 7.808625363350549797e-01
2.018840990006419034e+00 7.611172861214818841e-01 5.072657357577003978e-01 -5.016680801636739240e-01 -2.881344226554076460e-02 3.399114299552685736e-01 7.949585792199921341e-01
2.043435536845726652e+00 7.782065206709422034e-01 5.135165651330830805e-01 -4.904925338191806206e-01 -3.295188545231671901e-02 3.226143962250849762e-01 8.088579596326547216e-01
2.069930859255026512e+00 7.975368748945201869e-01 5.199615795554070052e-01 -4.782582412214658185e-01 -3.610340581023267770e-02 3.062356042576901971e-01 8.223049029876808858e-01
2.099594356311472954e+00 8.170116435388345977e-01 5.281449496978553038e-01 -4.652096150532813446e-01 -3.797518594635680006e-02 2.915774381560641837e-01 8.349374209320504781e-01
2.132861847587873783e+00 8.348846718380598109e-01 5.399645046610783705e-01 -4.519121211752857858e-01 -3.849328968003703361e-02 2.794719681704244119e-01 8.462795757853380785e-01
2.168536124948353905e+00 8.553768269440336081e-01 5.521275445996094433e-01 -4.393075242610939846e-01 -3.817127909883451242e-02 2.699818996280255456e-01 8.559565564050490849e-01
2.207369652173321040e+00 8.773976715050786357e-01 5.647904175658629011e-01 -4.270702880173136706e-01 -3.667203928793868334e-02 2.636899521829691451e-01 8.641375699187114900e-01
2.249566107569840323e+00 8.992586280680048283e-01 5.805814604062716766e-01 -4.153408940445413311e-01 -3.384746948799893101e-02 2.611186576830083483e-01 8.707257531240040205e-01
2.293761963171690788e+00 9.248837102820914868e-01 5.978147258310743117e-01 -4.059152589904898578e-01 -2.826074874492172720e-02 2.619747120114006567e-01 8.751019271294079305e-01
2.339782215944038235e+00 9.539524676114984336e-01 6.175952816477936480e-01 -3.990215141103285457e-01 -2.053507951780088672e-02 2.674722957101596799e-01 8.768230795399009070e-01
2.385679812971118530e+00 9.877225308224188982e-01 6.419747885123494591e-01 -3.939297462402710504e-01 -1.672003743717672547e-02 2.784759597081277183e-01 8.757801865992471679e-01
2.431254786782298893e+00 1.025612760662663714e+00 6.711545534859175710e-01 -3.904848403347103702e-01 -1.737630475814204781e-02 2.943435741848296483e-01 8.721132459937915860e-01
2.478661219250819947e+00 1.066197807000343944e+00 7.030549363165735643e-01 -3.889524956789869869e-01 -1.757286089038131646e-02 3.135077122778258674e-01 8.660947205747987487e-01
2.529621954832944386e+00 1.111964944601163019e+00 7.308621939669623924e-01 -3.884550245809195723e-01 -1.931781908542036172e-02 3.362815416068685725e-01 8.576970563772083889e-01
2.585744461935735483e+00 1.160382897538120961e+00 7.537034908612091355e-01 -3.879074182032475338e-01 -2.100497930811614372e-02 3.634117612246722251e-01 8.467694595052057682e-01
2.643923620069429159e+00 1.211782285113894186e+00 7.767879570608600126e-01 -3.874387653058812830e-01 -2.229638773458612541e-02 3.924483740086701089e-01 8.338934871853803665e-01
2.698098076098609965e+00 1.260924417824850430e+00 7.984312308899030874e-01 -3.876475993785380991e-01 -2.330829556592327323e-02 4.225805194101976969e-01 8.189088878922218262e-01
2.741489541941045882e+00 1.303964284416900821e+00 8.154597325619014070e-01 -3.890704487798603006e-01 -2.517278004203220634e-02 4.547917697548539140e-01 8.007215266211104021e-01
2.777009618305072536e+00 1.338517720552802714e+00 8.250234674598969642e-01 -3.898258102085957466e-01 -2.604973551802152940e-02 4.867736510669328776e-01 7.812865425704073052e-01
2.803047982510772140e+00 1.365366762330377126e+00 8.237150917554751928e-01 -3.873799516851268998e-01 -2.849469801139976541e-02 5.188839681796809655e-01 7.615013150243247209e-01
2.818384499709260638e+00 1.383640923049819449e+00 8.181076088717070816e-01 -3.852977712674471866e-01 -3.015271776999527489e-02 5.515429502801676431e-01 7.392136464268429519e-01
2.828350469209217621e+00 1.396349797794143921e+00 8.109165744955884048e-01 -3.821827091390428977e-01 -3.029396580730859059e-02 5.856309272360409324e-01 7.141813982003888395e-01
2.831389512820445375e+00 1.400426759380138941e+00 7.953851558863758164e-01 -3.775812041519420181e-01 -3.131432947633916442e-02 6.179614546523301000e-01 6.888943951031920587e-01
2.835983027132404022e+00 1.400790576315786184e+00 7.812231314532043225e-01 -3.738069290955913226e-01 -3.198096727798963035e-02 6.471802181426588030e-01 6.636289345235848458e-01
2.837062194058898701e+00 1.401577443532116218e+00 7.679485063517407228e-01 -3.693478633803001787e-01 -3.362307689224823537e-02 6.742759483704974244e-01 6.385950124811274886e-01
2.837775157566145623e+00 1.401347116276691951e+00 7.562881036768760445e-01 -3.652703890307871792e-01 -3.396592337406205420e-02 6.988288019096610126e-01 6.140538775776540614e-01
2.838543585848534612e+00 1.400921838641785433e+00 7.463799298040059149e-01 -3.614802280690135317e-01 -3.328344916197142900e-02 7.201389170990877275e-01 5.912902813393855483e-01
2.839120819721407507e+00 1.399952165341395105e+00 7.383072379888090397e-01 -3.582246584497688069e-01 -3.080663889743625802e-02 7.381505220283908209e-01 5.708413544125930938e-01
2.840842105649566296e+00 1.401565100401697794e+00 7.295169993805733499e-01 -3.563660641738433110e-01 -2.819761418903068279e-02 7.516713496595699429e-01 5.542547293079703730e-01
2.845460625758166717e+00 1.412745042154663011e+00 7.214304038116231554e-01 -3.567064720494003138e-01 -2.380374068145570815e-02 7.600969225003052498e-01 5.426292870212640063e-01
