2.616429710388183594e+01 -2.226403045654296875e+01 -9.312875270843505859e-01 -9.828075766563415527e-02 1.950348913669586182e-01 7.394629120826721191e-01 6.367863416671752930e-01
2.616372871398925781e+01 -2.217281341552734375e+01 -9.335714578628540039e-01 -1.150443628430366516e-01 1.832592040300369263e-01 7.594124078750610352e-01 6.135740876197814941e-01
2.616298484802246094e+01 -2.208935928344726562e+01 -9.348849654197692871e-01 -1.317157000303268433e-01 1.714167743921279907e-01 7.774058580398559570e-01 5.906829237937927246e-01
2.616209793090820312e+01 -2.201374435424804688e+01 -9.354985952377319336e-01 -1.481156945228576660e-01 1.596851646900177002e-01 7.933980226516723633e-01 5.684008598327636719e-01
2.616115951538085938e+01 -2.194605636596679688e+01 -9.354913830757141113e-01 -1.640770137310028076e-01 1.482433676719665527e-01 8.073760867118835449e-01 5.470306277275085449e-01
2.616032028198242188e+01 -2.188633728027343750e+01 -9.349042773246765137e-01 -1.794434040784835815e-01 1.372693479061126709e-01 8.193559646606445312e-01 5.268843770027160645e-01
2.615969467163085938e+01 -2.183463859558105469e+01 -9.337767958641052246e-01 -1.940723359584808350e-01 1.269401907920837402e-01 8.293764591217041016e-01 5.082807540893554688e-01
2.615942764282226562e+01 -2.179097938537597656e+01 -9.321383237838745117e-01 -2.078258544206619263e-01 1.174261942505836487e-01 8.374951481819152832e-01 4.915409982204437256e-01
2.615965652465820312e+01 -2.175539588928222656e+01 -9.300091862678527832e-01 -2.205992192029953003e-01 1.089065372943878174e-01 8.437741994857788086e-01 4.769804775714874268e-01
2.616049575805664062e+01 -2.172787857055664062e+01 -9.274061918258666992e-01 -2.322079241275787354e-01 1.015073359012603760e-01 8.482979536056518555e-01 4.649244546890258789e-01
2.616207122802734375e+01 -2.170849990844726562e+01 -9.243412017822265625e-01 -2.427976429462432861e-01 9.553091228008270264e-02 8.510643243789672852e-01 4.556311070919036865e-01
2.616451644897460938e+01 -2.169718742370605469e+01 -9.207562804222106934e-01 -2.468553781509399414e-01 8.807556331157684326e-02 8.535139560699462891e-01 4.503390789031982422e-01
2.616777420043945312e+01 -2.169412803649902344e+01 -9.166511297225952148e-01 -2.498877644538879395e-01 8.211365342140197754e-02 8.544839024543762207e-01 4.479464590549468994e-01
2.617179489135742188e+01 -2.169081115722656250e+01 -9.125629663467407227e-01 -2.523181140422821045e-01 7.769173383712768555e-02 8.541033267974853516e-01 4.480973184108734131e-01
2.617651748657226562e+01 -2.168675041198730469e+01 -9.085074067115783691e-01 -2.541543543338775635e-01 7.464501261711120605e-02 8.525706529617309570e-01 4.504887759685516357e-01
2.618187713623046875e+01 -2.168202781677246094e+01 -9.044660329818725586e-01 -2.554774582386016846e-01 7.286829501390457153e-02 8.500405550003051758e-01 4.547906816005706787e-01
2.618780708312988281e+01 -2.167650604248046875e+01 -9.004441499710083008e-01 -2.563193440437316895e-01 7.224455475807189941e-02 8.466653227806091309e-01 4.606729149818420410e-01
2.619422721862792969e+01 -2.167015647888183594e+01 -8.964377045631408691e-01 -2.567027509212493896e-01 7.266429811716079712e-02 8.425927162170410156e-01 4.678034782409667969e-01
2.620106697082519531e+01 -2.166290283203125000e+01 -8.924444317817687988e-01 -2.566381096839904785e-01 7.401937246322631836e-02 8.379737138748168945e-01 4.758528769016265869e-01
2.620825195312500000e+01 -2.165468978881835938e+01 -8.884729146957397461e-01 -2.561297118663787842e-01 7.620377838611602783e-02 8.329647183418273926e-01 4.844966530799865723e-01
2.621572113037109375e+01 -2.164544296264648438e+01 -8.845210075378417969e-01 -2.551809251308441162e-01 7.911168783903121948e-02 8.277311325073242188e-01 4.934170842170715332e-01
2.622340965270996094e+01 -2.163510704040527344e+01 -8.805962800979614258e-01 -2.537976503372192383e-01 8.263880759477615356e-02 8.224475383758544922e-01 5.023062229156494141e-01
2.623126220703125000e+01 -2.162360191345214844e+01 -8.767033219337463379e-01 -2.519927620887756348e-01 8.667975664138793945e-02 8.172981739044189453e-01 5.108646750450134277e-01
2.623923110961914062e+01 -2.161084556579589844e+01 -8.728414177894592285e-01 -2.497885525226593018e-01 9.112954139709472656e-02 8.124753832817077637e-01 5.188031196594238281e-01
2.624729347229003906e+01 -2.159677124023437500e+01 -8.689445853233337402e-01 -2.472201287746429443e-01 9.588361531496047974e-02 8.081774711608886719e-01 5.258412361145019531e-01
2.625539970397949219e+01 -2.158128547668457031e+01 -8.650670647621154785e-01 -2.443369776010513306e-01 1.008368581533432007e-01 8.046056032180786133e-01 5.317062735557556152e-01
2.626350402832031250e+01 -2.156432151794433594e+01 -8.612112998962402344e-01 -2.412073910236358643e-01 1.058851182460784912e-01 8.019602894783020020e-01 5.361313223838806152e-01
2.627158164978027344e+01 -2.154578781127929688e+01 -8.573682308197021484e-01 -2.379104942083358765e-01 1.109187379479408264e-01 8.004380464553833008e-01 5.388543009757995605e-01
2.627959442138671875e+01 -2.152560997009277344e+01 -8.535243868827819824e-01 -2.345697283744812012e-01 1.158414781093597412e-01 8.002185821533203125e-01 5.396082997322082520e-01
2.628751182556152344e+01 -2.150369834899902344e+01 -8.496622443199157715e-01 -2.312321364879608154e-01 1.204878464341163635e-01 8.014897108078002930e-01 5.381430387496948242e-01
2.629529571533203125e+01 -2.147998046875000000e+01 -8.457639813423156738e-01 -2.283180058002471924e-01 1.249194592237472534e-01 8.043257594108581543e-01 5.341309905052185059e-01
2.630289840698242188e+01 -2.145443916320800781e+01 -8.417665362358093262e-01 -2.197910100221633911e-01 1.248997002840042114e-01 8.103667497634887695e-01 5.285527706146240234e-01
2.631027221679687500e+01 -2.142699050903320312e+01 -8.376944661140441895e-01 -2.106195092201232910e-01 1.238912045955657959e-01 8.181651234626770020e-01 5.204486250877380371e-01
2.631740951538085938e+01 -2.139774131774902344e+01 -8.335164785385131836e-01 -2.011697143316268921e-01 1.221817061305046082e-01 8.273484110832214355e-01 5.099689960479736328e-01
2.632430648803710938e+01 -2.136672782897949219e+01 -8.292046189308166504e-01 -1.914427578449249268e-01 1.198075264692306519e-01 8.376275300979614258e-01 4.973410665988922119e-01
2.633096313476562500e+01 -2.133417129516601562e+01 -8.247269988059997559e-01 -1.815408170223236084e-01 1.168731376528739929e-01 8.486937880516052246e-01 4.827784895896911621e-01
2.633738517761230469e+01 -2.129983711242675781e+01 -8.200773000717163086e-01 -1.715442538261413574e-01 1.134682372212409973e-01 8.602545857429504395e-01 4.665111005306243896e-01
2.634358406066894531e+01 -2.127173042297363281e+01 -8.147435784339904785e-01 -1.615456491708755493e-01 1.096902042627334595e-01 8.720320463180541992e-01 4.487810432910919189e-01
2.634958839416503906e+01 -2.125031471252441406e+01 -8.086951971054077148e-01 -1.516416519880294800e-01 1.056387722492218018e-01 8.837705850601196289e-01 4.298466742038726807e-01
2.635544776916503906e+01 -2.123558425903320312e+01 -8.019297719001770020e-01 -1.419356912374496460e-01 1.014177873730659485e-01 8.952406048774719238e-01 4.099825918674468994e-01
2.636122512817382812e+01 -2.122758102416992188e+01 -7.944518923759460449e-01 -1.325370669364929199e-01 9.713501483201980591e-02 9.062424898147583008e-01 3.894815444946289062e-01
2.636698722839355469e+01 -2.122661399841308594e+01 -7.862578034400939941e-01 -1.235603913664817810e-01 9.290117770433425903e-02 9.166091084480285645e-01 3.686498701572418213e-01
2.637283515930175781e+01 -2.122673034667968750e+01 -7.777385115623474121e-01 -1.151250228285789490e-01 8.883006125688552856e-02 9.262061119079589844e-01 3.478084504604339600e-01
2.637886810302734375e+01 -2.122768592834472656e+01 -7.689369320869445801e-01 -1.073545813560485840e-01 8.503785729408264160e-02 9.349325299263000488e-01 3.272890746593475342e-01
2.638519477844238281e+01 -2.122963142395019531e+01 -7.598765492439270020e-01 -1.003757119178771973e-01 8.164254575967788696e-02 9.427182674407958984e-01 3.074325919151306152e-01
2.639192008972167969e+01 -2.123254013061523438e+01 -7.505952119827270508e-01 -9.431751817464828491e-02 7.876349240541458130e-02 9.495221972465515137e-01 2.885855436325073242e-01
2.639917564392089844e+01 -2.123648643493652344e+01 -7.411299347877502441e-01 -8.931095153093338013e-02 7.652074843645095825e-02 9.553261995315551758e-01 2.710966467857360840e-01
2.640706825256347656e+01 -2.124140167236328125e+01 -7.315247654914855957e-01 -8.548752963542938232e-02 7.503501325845718384e-02 9.601295590400695801e-01 2.553158998489379883e-01
2.641572380065917969e+01 -2.124747276306152344e+01 -7.218078970909118652e-01 -8.297950029373168945e-02 7.442707568407058716e-02 9.639409780502319336e-01 2.415904253721237183e-01
2.642525291442871094e+01 -2.125042915344238281e+01 -7.122800946235656738e-01 -8.191873878240585327e-02 7.481780648231506348e-02 9.667693376541137695e-01 2.302634418010711670e-01
2.643577957153320312e+01 -2.125007247924804688e+01 -7.029855251312255859e-01 -8.243672549724578857e-02 7.632810622453689575e-02 9.686136245727539062e-01 2.216714322566986084e-01
