2.616429710388183594e+01 -2.226403045654296875e+01 -9.312875270843505859e-01 -9.828075766563415527e-02 1.950348913669586182e-01 7.394629120826721191e-01 6.367863416671752930e-01
2.616370773315429688e+01 -2.217281150817871094e+01 -9.335810542106628418e-01 -1.150440648198127747e-01 1.832592487335205078e-01 7.594122886657714844e-01 6.135743260383605957e-01
2.616238594055175781e+01 -2.208923721313476562e+01 -9.352441430091857910e-01 -1.317151337862014771e-01 1.714168637990951538e-01 7.774054408073425293e-01 5.906835198402404785e-01
2.616037368774414062e+01 -2.201339149475097656e+01 -9.365358948707580566e-01 -1.481149494647979736e-01 1.596852689981460571e-01 7.933976650238037109e-01 5.684015154838562012e-01
2.615779304504394531e+01 -2.194535636901855469e+01 -9.375275373458862305e-01 -1.640760153532028198e-01 1.482434272766113281e-01 8.073757886886596680e-01 5.470312237739562988e-01
2.615480232238769531e+01 -2.188518142700195312e+01 -9.382465481758117676e-01 -1.794423013925552368e-01 1.372693628072738647e-01 8.193557858467102051e-01 5.268850326538085938e-01
2.615153312683105469e+01 -2.183291053771972656e+01 -9.387254118919372559e-01 -1.940711587667465210e-01 1.269402056932449341e-01 8.293763399124145508e-01 5.082814693450927734e-01
2.614814376831054688e+01 -2.178857803344726562e+01 -9.389821887016296387e-01 -2.078246474266052246e-01 1.174262240529060364e-01 8.374949097633361816e-01 4.915418624877929688e-01
2.614478683471679688e+01 -2.175222206115722656e+01 -9.390293955802917480e-01 -2.205979973077774048e-01 1.089066490530967712e-01 8.437737822532653809e-01 4.769816994667053223e-01
2.614160728454589844e+01 -2.172382164001464844e+01 -9.388769865036010742e-01 -2.322065979242324829e-01 1.015075147151947021e-01 8.482974171638488770e-01 4.649259746074676514e-01
2.613874244689941406e+01 -2.170345878601074219e+01 -9.385275244712829590e-01 -2.427962273359298706e-01 9.553111344575881958e-02 8.510637879371643066e-01 4.556328058242797852e-01
2.613634681701660156e+01 -2.169106292724609375e+01 -9.379112124443054199e-01 -2.468539029359817505e-01 8.807575702667236328e-02 8.535133600234985352e-01 4.503408372402191162e-01
2.613437461853027344e+01 -2.168682479858398438e+01 -9.370185136795043945e-01 -2.498862445354461670e-01 8.211384713649749756e-02 8.544833064079284668e-01 4.479482471942901611e-01
2.613279914855957031e+01 -2.168223190307617188e+01 -9.363772869110107422e-01 -2.523165345191955566e-01 7.769194990396499634e-02 8.541027307510375977e-01 4.480992555618286133e-01
2.613157081604003906e+01 -2.167679786682128906e+01 -9.359974265098571777e-01 -2.541528046131134033e-01 7.464523613452911377e-02 8.525699377059936523e-01 4.504907131195068359e-01
2.613064384460449219e+01 -2.167061614990234375e+01 -9.358538389205932617e-01 -2.554759085178375244e-01 7.286855578422546387e-02 8.500398397445678711e-01 4.547927081584930420e-01
2.612996673583984375e+01 -2.166354942321777344e+01 -9.359350204467773438e-01 -2.563177943229675293e-01 7.224481552839279175e-02 8.466646075248718262e-01 4.606749713420867920e-01
2.612948417663574219e+01 -2.165556526184082031e+01 -9.362365007400512695e-01 -2.567012012004852295e-01 7.266455143690109253e-02 8.425920605659484863e-01 4.678054749965667725e-01
2.612913131713867188e+01 -2.164660072326660156e+01 -9.367450475692749023e-01 -2.566365003585815430e-01 7.401962578296661377e-02 8.379731178283691406e-01 4.758547842502593994e-01
2.612885665893554688e+01 -2.163659477233886719e+01 -9.374578595161437988e-01 -2.561281919479370117e-01 7.620403170585632324e-02 8.329641819000244141e-01 4.844984710216522217e-01
2.612860679626464844e+01 -2.162548446655273438e+01 -9.383714795112609863e-01 -2.551794052124023438e-01 7.911194115877151489e-02 8.277306556701660156e-01 4.934187829494476318e-01
2.612833976745605469e+01 -2.161320495605468750e+01 -9.394798278808593750e-01 -2.537961900234222412e-01 8.263903856277465820e-02 8.224470019340515137e-01 5.023077726364135742e-01
2.612800788879394531e+01 -2.159969520568847656e+01 -9.407787322998046875e-01 -2.519913613796234131e-01 8.667998015880584717e-02 8.172977566719055176e-01 5.108661651611328125e-01
2.612757301330566406e+01 -2.158487129211425781e+01 -9.422656297683715820e-01 -2.497871965169906616e-01 9.112977236509323120e-02 8.124749064445495605e-01 5.188045501708984375e-01
2.612704086303710938e+01 -2.156865501403808594e+01 -9.438667297363281250e-01 -2.472187727689743042e-01 9.588382393121719360e-02 8.081769347190856934e-01 5.258426070213317871e-01
2.612636375427246094e+01 -2.155097770690917969e+01 -9.456252455711364746e-01 -2.443356513977050781e-01 1.008370816707611084e-01 8.046051263809204102e-01 5.317075252532958984e-01
2.612550735473632812e+01 -2.153176307678222656e+01 -9.475386738777160645e-01 -2.412060946226119995e-01 1.058853715658187866e-01 8.019597530364990234e-01 5.361326336860656738e-01
2.612446403503417969e+01 -2.151091957092285156e+01 -9.495875239372253418e-01 -2.379091382026672363e-01 1.109189912676811218e-01 8.004374504089355469e-01 5.388556122779846191e-01
2.612320709228515625e+01 -2.148837852478027344e+01 -9.517538547515869141e-01 -2.345683574676513672e-01 1.158417463302612305e-01 8.002181053161621094e-01 5.396096110343933105e-01
2.612172317504882812e+01 -2.146405220031738281e+01 -9.540147781372070312e-01 -2.312307804822921753e-01 1.204881295561790466e-01 8.014891147613525391e-01 5.381444096565246582e-01
2.611996650695800781e+01 -2.143787574768066406e+01 -9.563396573066711426e-01 -2.283167243003845215e-01 1.249197423458099365e-01 8.043251633644104004e-01 5.341324806213378906e-01
2.611792564392089844e+01 -2.140982246398925781e+01 -9.586648941040039062e-01 -2.197897136211395264e-01 1.248999461531639099e-01 8.103660941123962402e-01 5.285542607307434082e-01
2.611554718017578125e+01 -2.137981986999511719e+01 -9.610076546669006348e-01 -2.106181979179382324e-01 1.238913983106613159e-01 8.181645870208740234e-01 5.204500555992126465e-01
2.611283302307128906e+01 -2.134796714782714844e+01 -9.633302092552185059e-01 -2.011683136224746704e-01 1.221818551421165466e-01 8.273479342460632324e-01 5.099703073501586914e-01
2.610978507995605469e+01 -2.131431007385253906e+01 -9.655969142913818359e-01 -1.914411932229995728e-01 1.198076307773590088e-01 8.376269936561584473e-01 4.973423779010772705e-01
2.610641479492187500e+01 -2.127906990051269531e+01 -9.677653908729553223e-01 -1.815390437841415405e-01 1.168731749057769775e-01 8.486933708190917969e-01 4.827798902988433838e-01
2.610273742675781250e+01 -2.124200820922851562e+01 -9.698279500007629395e-01 -1.715422719717025757e-01 1.134681850671768188e-01 8.602541685104370117e-01 4.665125012397766113e-01
2.609876823425292969e+01 -2.121113777160644531e+01 -9.712659120559692383e-01 -1.615435630083084106e-01 1.096900627017021179e-01 8.720316886901855469e-01 4.487824440002441406e-01
2.609453773498535156e+01 -2.118692016601562500e+01 -9.720368981361389160e-01 -1.516394466161727905e-01 1.056385189294815063e-01 8.837702274322509766e-01 4.298480749130249023e-01
2.609010887145996094e+01 -2.116934776306152344e+01 -9.721395969390869141e-01 -1.419332176446914673e-01 1.014174520969390869e-01 8.952403068542480469e-01 4.099842309951782227e-01
2.608553886413574219e+01 -2.115846443176269531e+01 -9.715713858604431152e-01 -1.325343102216720581e-01 9.713456034660339355e-02 9.062421917915344238e-01 3.894834220409393311e-01
2.608091735839843750e+01 -2.115457916259765625e+01 -9.703197479248046875e-01 -1.235575228929519653e-01 9.290054440498352051e-02 9.166088700294494629e-01 3.686514496803283691e-01
2.607634162902832031e+01 -2.115174484252929688e+01 -9.687712192535400391e-01 -1.151220500469207764e-01 8.882921934127807617e-02 9.262059926986694336e-01 3.478096127510070801e-01
2.607191658020019531e+01 -2.114972114562988281e+01 -9.669645428657531738e-01 -1.073515638709068298e-01 8.503687381744384766e-02 9.349325895309448242e-01 3.272899389266967773e-01
2.606775093078613281e+01 -2.114866447448730469e+01 -9.649201035499572754e-01 -1.003725603222846985e-01 8.164140582084655762e-02 9.427183866500854492e-01 3.074333667755126953e-01
2.606396293640136719e+01 -2.114855003356933594e+01 -9.626749753952026367e-01 -9.431410580873489380e-02 7.876213639974594116e-02 9.495223760604858398e-01 2.885861694812774658e-01
2.606068420410156250e+01 -2.114945983886718750e+01 -9.602583050727844238e-01 -8.930724859237670898e-02 7.651919871568679810e-02 9.553263783454895020e-01 2.710973024368286133e-01
2.605802917480468750e+01 -2.115132713317871094e+01 -9.577105045318603516e-01 -8.548358827829360962e-02 7.503327727317810059e-02 9.601298570632934570e-01 2.553165555000305176e-01
2.605612945556640625e+01 -2.115434074401855469e+01 -9.550564885139465332e-01 -8.297526836395263672e-02 7.442513853311538696e-02 9.639413952827453613e-01 2.415911853313446045e-01
2.605510902404785156e+01 -2.115423583984375000e+01 -9.525966048240661621e-01 -8.191423863172531128e-02 7.481564581394195557e-02 9.667697548866271973e-01 2.302639186382293701e-01
2.605509376525878906e+01 -2.115082359313964844e+01 -9.503686428070068359e-01 -8.243213593959808350e-02 7.632581889629364014e-02 9.686141014099121094e-01 2.216716408729553223e-01
