2.616429710388183594e+01 -2.226403045654296875e+01 -9.312875270843505859e-01 -9.828075766563415527e-02 1.950348913669586182e-01 7.394629120826721191e-01 6.367863416671752930e-01
2.615692329406738281e+01 -2.218006896972656250e+01 -9.441930651664733887e-01 -1.141701862215995789e-01 1.828952580690383911e-01 7.591521739959716797e-01 6.141679883003234863e-01
2.615113639831542969e+01 -2.210069274902343750e+01 -9.499282836914062500e-01 -1.305203437805175781e-01 1.713765114545822144e-01 7.769549489021301270e-01 5.915524363517761230e-01
2.614668464660644531e+01 -2.202678489685058594e+01 -9.551390409469604492e-01 -1.466414481401443481e-01 1.603128463029861450e-01 7.929137349128723145e-01 5.692813396453857422e-01
2.614544486999511719e+01 -2.195621109008789062e+01 -9.626829028129577637e-01 -1.622068285942077637e-01 1.493535935878753662e-01 8.071735501289367676e-01 5.475848317146301270e-01
2.614119338989257812e+01 -2.189628791809082031e+01 -9.672065973281860352e-01 -1.773456782102584839e-01 1.387379616498947144e-01 8.192529082298278809e-01 5.273699760437011719e-01
2.613674736022949219e+01 -2.184377479553222656e+01 -9.704326391220092773e-01 -1.918260604143142700e-01 1.287783831357955933e-01 8.293861746788024902e-01 5.086550116539001465e-01
2.613049125671386719e+01 -2.180081748962402344e+01 -9.721274971961975098e-01 -2.055388092994689941e-01 1.194607242941856384e-01 8.375071287155151367e-01 4.919916391372680664e-01
2.612338829040527344e+01 -2.176657676696777344e+01 -9.739664196968078613e-01 -2.182464003562927246e-01 1.111554205417633057e-01 8.437578678131103516e-01 4.775722920894622803e-01
2.611651992797851562e+01 -2.174009513854980469e+01 -9.770491123199462891e-01 -2.297889143228530884e-01 1.034885942935943604e-01 8.482470512390136719e-01 4.657813906669616699e-01
2.611141014099121094e+01 -2.172007179260253906e+01 -9.788240194320678711e-01 -2.404009550809860229e-01 9.733301401138305664e-02 8.510298132896423340e-01 4.565839469432830811e-01
2.610804557800292969e+01 -2.170660591125488281e+01 -9.797818660736083984e-01 -2.445494383573532104e-01 8.962742239236831665e-02 8.535155057907104492e-01 4.512868821620941162e-01
2.610479354858398438e+01 -2.170164489746093750e+01 -9.802397489547729492e-01 -2.476297914981842041e-01 8.369667828083038330e-02 8.545193672180175781e-01 4.488385617733001709e-01
2.610098075866699219e+01 -2.169738960266113281e+01 -9.802253842353820801e-01 -2.501385807991027832e-01 7.939154654741287231e-02 8.541102409362792969e-01 4.490070641040802002e-01
2.609817314147949219e+01 -2.169142150878906250e+01 -9.803143739700317383e-01 -2.520686686038970947e-01 7.644724100828170776e-02 8.525750041007995605e-01 4.513491392135620117e-01
2.609450149536132812e+01 -2.168602371215820312e+01 -9.804105758666992188e-01 -2.535041868686676025e-01 7.473755627870559692e-02 8.499619364738464355e-01 4.557373523712158203e-01
2.609235000610351562e+01 -2.167820739746093750e+01 -9.809648990631103516e-01 -2.544682621955871582e-01 7.404679059982299805e-02 8.465532660484313965e-01 4.616178274154663086e-01
2.609109497070312500e+01 -2.166867065429687500e+01 -9.821084737777709961e-01 -2.548911273479461670e-01 7.467515021562576294e-02 8.425214290618896484e-01 4.686051905155181885e-01
2.608970642089843750e+01 -2.165852737426757812e+01 -9.825524091720581055e-01 -2.549498081207275391e-01 7.612676173448562622e-02 8.378854990005493164e-01 4.765825271606445312e-01
2.608909988403320312e+01 -2.164660072326660156e+01 -9.821356534957885742e-01 -2.546492516994476318e-01 7.836115360260009766e-02 8.328636884689331055e-01 4.851062297821044922e-01
2.608877182006835938e+01 -2.163330268859863281e+01 -9.823411107063293457e-01 -2.539360225200653076e-01 8.092891424894332886e-02 8.275851607322692871e-01 4.940089583396911621e-01
2.608833885192871094e+01 -2.161895179748535156e+01 -9.824241399765014648e-01 -2.527972459793090820e-01 8.412183076143264771e-02 8.222412467002868652e-01 5.029017925262451172e-01
2.608821105957031250e+01 -2.160289955139160156e+01 -9.828160405158996582e-01 -2.512022256851196289e-01 8.795466274023056030e-02 8.170682787895202637e-01 5.114033222198486328e-01
2.608700942993164062e+01 -2.158666801452636719e+01 -9.828985333442687988e-01 -2.492196708917617798e-01 9.227191656827926636e-02 8.121555447578430176e-01 5.193747878074645996e-01
2.608704566955566406e+01 -2.156747245788574219e+01 -9.845871329307556152e-01 -2.467500269412994385e-01 9.706992655992507935e-02 8.078938126564025879e-01 5.262798070907592773e-01
2.608721160888671875e+01 -2.154647445678710938e+01 -9.861403703689575195e-01 -2.439970076084136963e-01 1.019903868436813354e-01 8.043560981750488281e-01 5.320195555686950684e-01
2.608525848388671875e+01 -2.152614212036132812e+01 -9.879943132400512695e-01 -2.409620285034179688e-01 1.070694848895072937e-01 8.016259074211120605e-01 5.365061163902282715e-01
2.608490562438964844e+01 -2.150209426879882812e+01 -9.908455610275268555e-01 -2.377143949270248413e-01 1.121276766061782837e-01 8.001417517662048340e-01 5.391303896903991699e-01
2.608405113220214844e+01 -2.147677421569824219e+01 -9.932542443275451660e-01 -2.344567179679870605e-01 1.171161681413650513e-01 7.999244928359985352e-01 5.398181080818176270e-01
2.608246994018554688e+01 -2.145027732849121094e+01 -9.963913559913635254e-01 -2.311179190874099731e-01 1.221797168254852295e-01 8.011965155601501465e-01 5.382475256919860840e-01
2.608113479614257812e+01 -2.142161941528320312e+01 -9.973767995834350586e-01 -2.283906191587448120e-01 1.267518848180770874e-01 8.039843440055847168e-01 5.341824293136596680e-01
2.608121490478515625e+01 -2.138932228088378906e+01 -1.000533461570739746e+00 -2.199419885873794556e-01 1.266071051359176636e-01 8.100970387458801270e-01 5.284972190856933594e-01
2.608157157897949219e+01 -2.135462951660156250e+01 -1.003457784652709961e+00 -2.108855843544006348e-01 1.253852397203445435e-01 8.179817199707031250e-01 5.202713608741760254e-01
2.608175659179687500e+01 -2.131790924072265625e+01 -1.007732152938842773e+00 -2.014962732791900635e-01 1.231701225042343140e-01 8.272663354873657227e-01 5.097353458404541016e-01
2.608039855957031250e+01 -2.128067779541015625e+01 -1.013453125953674316e+00 -1.917043775320053101e-01 1.204197928309440613e-01 8.376063704490661621e-01 4.971280694007873535e-01
2.607887840270996094e+01 -2.124156951904296875e+01 -1.019634366035461426e+00 -1.816835403442382812e-01 1.172885000705718994e-01 8.487569093704223633e-01 4.825133979320526123e-01
2.607756614685058594e+01 -2.119991683959960938e+01 -1.025791883468627930e+00 -1.715672761201858521e-01 1.137296110391616821e-01 8.604276776313781738e-01 4.661196768283843994e-01
2.607484245300292969e+01 -2.116570663452148438e+01 -1.029893279075622559e+00 -1.616376638412475586e-01 1.093801856040954590e-01 8.722126483917236328e-01 4.484722316265106201e-01
2.607504272460937500e+01 -2.113396263122558594e+01 -1.032412290573120117e+00 -1.519359648227691650e-01 1.047177910804748535e-01 8.841140270233154297e-01 4.292615354061126709e-01
2.606587982177734375e+01 -2.111948585510253906e+01 -1.038503766059875488e+00 -1.421935111284255981e-01 9.940469264984130859e-02 8.953427672386169434e-01 4.101632833480834961e-01
2.604997634887695312e+01 -2.111933708190917969e+01 -1.041916370391845703e+00 -1.329821050167083740e-01 9.384019672870635986e-02 9.057995676994323730e-01 3.911642730236053467e-01
2.604560470581054688e+01 -2.111178398132324219e+01 -1.041206955909729004e+00 -1.241770535707473755e-01 8.975504338741302490e-02 9.161853790283203125e-01 3.702716529369354248e-01
2.604052162170410156e+01 -2.110589790344238281e+01 -1.042947292327880859e+00 -1.156981661915779114e-01 8.581371605396270752e-02 9.258068203926086426e-01 3.494346737861633301e-01
2.603526878356933594e+01 -2.110109710693359375e+01 -1.042201161384582520e+00 -1.079978868365287781e-01 8.229936659336090088e-02 9.345253705978393555e-01 3.289361298084259033e-01
2.602857398986816406e+01 -2.109912490844726562e+01 -1.042804241180419922e+00 -1.010364517569541931e-01 7.893427461385726929e-02 9.422595500946044922e-01 3.093236684799194336e-01
2.602358245849609375e+01 -2.109620666503906250e+01 -1.044752001762390137e+00 -9.493665397167205811e-02 7.593118399381637573e-02 9.490830898284912109e-01 2.905791401863098145e-01
2.601832962036132812e+01 -2.109510421752929688e+01 -1.045767307281494141e+00 -8.987433463335037231e-02 7.373240590095520020e-02 9.548791646957397461e-01 2.732498943805694580e-01
2.601445198059082031e+01 -2.109383010864257812e+01 -1.046342015266418457e+00 -8.598934113979339600e-02 7.234781980514526367e-02 9.597001671791076660e-01 2.575276792049407959e-01
2.601117134094238281e+01 -2.109366798400878906e+01 -1.047221064567565918e+00 -8.346568793058395386e-02 7.164271175861358643e-02 9.635286331176757812e-01 2.438986003398895264e-01
2.600857162475585938e+01 -2.109041786193847656e+01 -1.048407912254333496e+00 -8.242440223693847656e-02 7.182542234659194946e-02 9.663699269294738770e-01 2.326992154121398926e-01
2.600802993774414062e+01 -2.108253479003906250e+01 -1.049389123916625977e+00 -8.296690881252288818e-02 7.318427413702011108e-02 9.682499766349792480e-01 2.241089046001434326e-01
