0.000000000000000000e+00 0.000000000000000000e+00 0.000000000000000000e+00 0.000000000000000000e+00 0.000000000000000000e+00 0.000000000000000000e+00 1.000000000000000000e+00
8.772303164005279541e-02 4.792771302163600922e-03 2.508449740707874298e-02 -2.274878431731088696e-02 5.426458320606980523e-03 1.904512228404141652e-02 9.995450613550972419e-01
1.671923743717414479e-01 4.112589088092098548e-03 5.173706946219013003e-02 -4.674810313678141871e-02 1.229513195324807330e-02 3.953224586622092196e-02 9.980484187253331196e-01
2.387735518661588952e-01 5.046007349055882212e-03 7.785864389647095818e-02 -7.070262444221861453e-02 1.968537676305353798e-02 5.737266256215153848e-02 9.956515466915163426e-01
3.024497195127641702e-01 2.828763012962906987e-03 1.030246720074930178e-01 -9.438714543953290181e-02 2.832461236820626310e-02 7.608032816775860130e-02 9.922200193383791111e-01
3.587733632333606759e-01 1.783199681957450215e-03 1.257799560291213981e-01 -1.160828722755525844e-01 3.612581114419368550e-02 9.210646478437478635e-02 9.882995961136260554e-01
4.077628625908202853e-01 -1.122032311592172007e-03 1.456827897850438702e-01 -1.354128807982301896e-01 4.308654778404658048e-02 1.059037972281332840e-01 9.841703545863591529e-01
4.495552415020793724e-01 -3.186907680715570391e-03 1.625691030122632663e-01 -1.526703532072790914e-01 4.964640663510231505e-02 1.168218720228108021e-01 9.800916527431874359e-01
4.839595558611073378e-01 -4.314099787311379344e-03 1.768119061563743211e-01 -1.683550089030773911e-01 5.601454552255037689e-02 1.252203890890319915e-01 9.761346299683965055e-01
5.114668805672039076e-01 -4.862737935277979852e-03 1.870875656949418375e-01 -1.817230709100368380e-01 6.165771069370881013e-02 1.306968342381050197e-01 9.726733211778628707e-01
5.314385774929714090e-01 -5.477300037915097328e-03 1.948933645107319146e-01 -1.929986791852041916e-01 6.723091426637078927e-02 1.343900336935718309e-01 9.696240677930365592e-01
5.440669479495046090e-01 -6.776000518731353783e-03 1.993490458951008015e-01 -2.009114380191781846e-01 6.575772508746999256e-02 1.362746963491650032e-01 9.678531514642753075e-01
5.490113098966550309e-01 -4.423238644266748801e-03 2.008068652081197725e-01 -2.063948047849894774e-01 6.469761393544934402e-02 1.357985960063979591e-01 9.668371862064040201e-01
5.542168978869366214e-01 -1.310228177520500123e-03 2.024127773243999950e-01 -2.097748560722261235e-01 6.379942008881263338e-02 1.323458151433308250e-01 9.666481929690114994e-01
5.604348283784709173e-01 1.296509828524209686e-03 2.043762129056729548e-01 -2.114856352807060469e-01 6.300133544237436489e-02 1.275333139413220851e-01 9.669746178869110809e-01
5.663179514602294518e-01 6.214141648069855008e-03 2.061727701274780611e-01 -2.112933378241115545e-01 6.207897873556668389e-02 1.203113915218893964e-01 9.680012886666844452e-01
5.745597635039200179e-01 7.455175412590441496e-03 2.090864825446747122e-01 -2.103457034583803842e-01 6.130661239895186104e-02 1.121967239459037285e-01 9.692306636959906463e-01
5.838291454896491484e-01 6.264099726532673836e-03 2.121874542359330207e-01 -2.076477167771014765e-01 6.069417608202849757e-02 1.033063690627247927e-01 9.708380075059156455e-01
5.939470635613030014e-01 6.669470121724981049e-03 2.163215428701252552e-01 -2.044741644093421573e-01 6.049956508654371484e-02 9.342997685160950305e-02 9.725229859180440917e-01
6.045825608045481969e-01 5.193185108131254286e-03 2.218854147182965642e-01 -2.004696016365172806e-01 6.032579277828817310e-02 8.342610718373089096e-02 9.742755370969424789e-01
6.159689707732531883e-01 1.704678501248286637e-03 2.278439377286555767e-01 -1.961040618011234971e-01 6.009897948503264281e-02 7.335633360328980279e-02 9.759867611449662972e-01
6.289853936778677657e-01 -1.133091079953504453e-03 2.338491123682681083e-01 -1.910769695502122223e-01 5.992850413972147794e-02 6.365268983254926405e-02 9.776740260312555275e-01
6.434477370929972961e-01 -5.290780248904568966e-03 2.392321395280262442e-01 -1.846603502577366940e-01 5.933274892612686036e-02 5.435308596418547689e-02 9.795028953472924016e-01
6.594957655541079378e-01 -7.097367883921307935e-03 2.458254426276562377e-01 -1.779177656620788972e-01 5.918248056573480187e-02 4.568904567442731018e-02 9.812009038730347132e-01
6.765060847999266880e-01 -1.226845940207361811e-02 2.524514616634601083e-01 -1.706485712222319262e-01 5.883909560887695678e-02 3.818585922835675273e-02 9.828320640489566218e-01
6.945365273826351604e-01 -1.866665471952280719e-02 2.600841867696828125e-01 -1.635245877817355087e-01 5.876433978236266648e-02 3.224123379040250148e-02 9.842596021398161144e-01
7.153704794796683641e-01 -2.149008327543508803e-02 2.675293401615604916e-01 -1.563990236202949524e-01 5.886663633544343688e-02 2.764620403388275138e-02 9.855504816800030321e-01
7.373585955008721271e-01 -2.784495208643781444e-02 2.750782666456594305e-01 -1.496190133142516199e-01 5.864179645047870593e-02 2.544027981808166111e-02 9.866752671100600391e-01
7.613328829885910309e-01 -3.310158099216958805e-02 2.835900580706288143e-01 -1.435539250608301454e-01 5.906991340459233353e-02 2.505921844394875392e-02 9.875601508267645157e-01
7.871930218366641752e-01 -3.921307000805235310e-02 2.922195023653919033e-01 -1.380293346358654194e-01 5.990489732347486357e-02 2.782485693353519904e-02 9.882231951301652106e-01
8.144887956248483274e-01 -4.431478282619685793e-02 3.035128031829185669e-01 -1.344156850665391700e-01 6.189425038183476308e-02 3.335430958162601683e-02 9.884275468693174416e-01
8.431452083113731844e-01 -5.230658427210364836e-02 3.153070085900335773e-01 -1.313227354074889275e-01 5.662416142110358180e-02 4.197615363486890960e-02 9.888306457803952565e-01
8.731728912219914873e-01 -6.028559638370589724e-02 3.292637160324669576e-01 -1.297127658853673149e-01 5.123310269483111190e-02 5.318884313587626117e-02 9.887976104949363076e-01
9.059559325000070551e-01 -6.809235079248487921e-02 3.420025560197134662e-01 -1.293999063413588946e-01 4.533587083004178564e-02 6.632354976780144296e-02 9.883326918609579570e-01
9.417194969538782434e-01 -7.368971766982143623e-02 3.532243792883247857e-01 -1.296005032741699148e-01 3.864979588326327570e-02 8.229640566359068543e-02 9.873890846288092549e-01
9.790423362216230663e-01 -8.069484130106366337e-02 3.646759304831299620e-01 -1.303634629326553551e-01 3.188457362083160079e-02 1.002719804690619110e-01 9.858672686675605812e-01
1.017606024136933573e+00 -8.966547976191696634e-02 3.765255181201159762e-01 -1.310661976136550111e-01 2.489730116175091143e-02 1.196090710427823722e-01 9.838167747920555373e-01
1.050241902043123066e+00 -9.704047286377366632e-02 3.866384716276444200e-01 -1.322382857367319087e-01 1.761816510715597320e-02 1.400732494700163144e-01 9.811126952733707496e-01
1.076753390803255384e+00 -1.018096352855679398e-01 3.959439379003963921e-01 -1.348980493353411636e-01 1.086273733793957988e-02 1.612562507950381641e-01 9.775893508025619294e-01
1.098307477683149180e+00 -1.051711950986032179e-01 3.986742336941457854e-01 -1.359685212901631524e-01 3.269454746806107603e-03 1.816487330189976990e-01 9.739125267067971770e-01
1.111547795777251935e+00 -9.715913474329801458e-02 3.986081816606268924e-01 -1.367224541113958858e-01 -3.610508214296052811e-03 1.987537229412111583e-01 9.704591142285180494e-01
1.118653723306542336e+00 -9.144476023966431610e-02 3.994835490504365927e-01 -1.382159673177533188e-01 -9.805929964840915183e-03 2.175177586619652659e-01 9.661709035065264572e-01
1.127067141096421699e+00 -9.113210845874082644e-02 4.008263226491888265e-01 -1.396339999140188970e-01 -1.563417031989976572e-02 2.383046957655411413e-01 9.609728356007327665e-01
1.133773741374850097e+00 -8.813158515492423850e-02 4.035177958562269351e-01 -1.412800716450186567e-01 -1.924790663432823096e-02 2.585448315909443795e-01 9.554182484670181719e-01
1.139565632735038969e+00 -8.406794375819647003e-02 4.036122437723850265e-01 -1.422878461922561510e-01 -2.342533171544716047e-02 2.767574910079002581e-01 9.500582686504035479e-01
1.145198278262896885e+00 -8.130397259687716094e-02 4.035993206878685235e-01 -1.435039749989207025e-01 -2.694210923894647600e-02 2.949257593574064473e-01 9.442984318406565380e-01
1.148952109183501991e+00 -7.748240903264237700e-02 4.027764601946749456e-01 -1.443234832062086359e-01 -2.983293778589314604e-02 3.104838666698585548e-01 9.390849251031686551e-01
1.152496991054044351e+00 -7.464973075373614042e-02 4.026522229161958455e-01 -1.451445097990704258e-01 -3.125530774438231574e-02 3.251277762118442438e-01 9.339422391928380307e-01
1.154157865502096980e+00 -7.218487525621507250e-02 4.005700433109943837e-01 -1.457933440413488879e-01 -3.220441882339002831e-02 3.373917870247518658e-01 9.294482009718094684e-01
1.159832748606985264e+00 -7.084383358796458863e-02 4.003855881397845873e-01 -1.463730955091352703e-01 -3.165141648502817900e-02 3.474152217023288025e-01 9.256758441674313165e-01
1.168320003268794816e+00 -7.166323171404301307e-02 4.026157716110290163e-01 -1.468152764870252203e-01 -2.894650820585828455e-02 3.548310331301988696e-01 9.228771923611950312e-01
