3.171835094690322876e-02 -8.471681922674179077e-02 -1.282724831253290176e-02 -2.565173245966434479e-02 -2.540409564971923828e-02 2.292380928993225098e-01 9.727006554603576660e-01
2.627392672002315521e-02 -7.874589413404464722e-02 -1.161732617765665054e-02 -2.692305110394954681e-02 -2.935773134231567383e-02 2.335782051086425781e-01 9.715217351913452148e-01
2.540020272135734558e-02 -7.101824879646301270e-02 -1.087705977261066437e-02 -2.630281634628772736e-02 -2.933868393301963806e-02 2.185060232877731323e-01 9.750397801399230957e-01
2.379431016743183136e-02 -6.344480812549591064e-02 -1.007405668497085571e-02 -2.625215798616409302e-02 -2.888179942965507507e-02 2.165170907974243164e-01 9.754983186721801758e-01
1.949617080390453339e-02 -5.681065469980239868e-02 -9.148675017058849335e-03 -2.460398711264133453e-02 -2.684874460101127625e-02 1.946023702621459961e-01 9.802059531211853027e-01
1.668401621282100677e-02 -4.964051023125648499e-02 -7.873865775763988495e-03 -2.303034998476505280e-02 -2.484842203557491302e-02 1.801377236843109131e-01 9.830577373504638672e-01
1.368502527475357056e-02 -4.248737171292304993e-02 -6.599812768399715424e-03 -2.028993889689445496e-02 -2.149722911417484283e-02 1.554692089557647705e-01 9.873983860015869141e-01
1.086594350636005402e-02 -3.523061051964759827e-02 -5.340436939150094986e-03 -1.827473565936088562e-02 -1.895206794142723083e-02 1.339316368103027344e-01 9.906408190727233887e-01
8.381796069443225861e-03 -2.786872163414955139e-02 -3.952589817345142365e-03 -1.603462733328342438e-02 -1.531608961522579193e-02 1.095196455717086792e-01 9.937372803688049316e-01
5.685471463948488235e-03 -2.049870789051055908e-02 -2.766816643998026848e-03 -1.293109729886054993e-02 -1.238188333809375763e-02 8.453934639692306519e-02 9.962592720985412598e-01
3.914694767445325851e-03 -1.279378589242696762e-02 -1.417621620930731297e-03 -1.064057834446430206e-02 -1.044903509318828583e-02 5.564088001847267151e-02 9.983394742012023926e-01
1.911637955345213413e-03 -5.320564843714237213e-03 -3.803526633419096470e-04 -9.910929016768932343e-03 -6.184024270623922348e-03 3.161747381091117859e-02 9.994317889213562012e-01
1.496294979006052017e-03 -6.092584226280450821e-03 -9.723758557811379433e-05 -8.320079185068607330e-03 -7.635276298969984055e-03 3.150943666696548462e-02 9.994396567344665527e-01
1.206760527566075325e-03 -6.917825434356927872e-03 1.568094376125372946e-05 -6.440903060138225555e-03 -9.166609495878219604e-03 3.233908861875534058e-02 9.994141459465026855e-01
1.103593502193689346e-03 -7.797452621161937714e-03 -6.062919783289544284e-05 -5.866559222340583801e-03 -1.290872506797313690e-02 4.130752012133598328e-02 9.990458488464355469e-01
1.107329502701759338e-03 -8.759262971580028534e-03 -8.056931983446702361e-05 -5.190739873796701431e-03 -1.448468305170536041e-02 4.535711929202079773e-02 9.988523125648498535e-01
1.238752040080726147e-03 -9.768208488821983337e-03 -6.107674562372267246e-05 -4.632388707250356674e-03 -1.576049625873565674e-02 5.073114484548568726e-02 9.985772371292114258e-01
1.414093654602766037e-03 -1.084522996097803116e-02 -9.272042370866984129e-05 -5.132324062287807465e-03 -1.765505224466323853e-02 6.053109467029571533e-02 9.979969859123229980e-01
1.581012387759983540e-03 -1.198896765708923340e-02 -1.221827697008848190e-04 -5.154151003807783127e-03 -1.908231899142265320e-02 6.615045666694641113e-02 9.976138472557067871e-01
1.807204331271350384e-03 -1.319251675158739090e-02 -1.246545580215752125e-04 -5.348915699869394302e-03 -2.014395594596862793e-02 7.225482165813446045e-02 9.971684217453002930e-01
2.045234432443976402e-03 -1.446848083287477493e-02 -1.495669130235910416e-04 -5.267851054668426514e-03 -2.117992378771305084e-02 7.757126539945602417e-02 9.967479109764099121e-01
2.277955878525972366e-03 -1.581798680126667023e-02 -1.578254741616547108e-04 -4.904640838503837585e-03 -2.148512564599514008e-02 8.085295557975769043e-02 9.964823722839355469e-01
2.650111448019742966e-03 -1.723921857774257660e-02 -2.465657016728073359e-04 -5.250156391412019730e-03 -2.261890843510627747e-02 8.779302984476089478e-02 9.958680868148803711e-01
2.885265974327921867e-03 -1.874647662043571472e-02 -4.900752683170139790e-04 -5.648695398122072220e-03 -2.375781536102294922e-02 9.522277116775512695e-02 9.951564073562622070e-01
3.214132739230990410e-03 -2.033468522131443024e-02 -6.798378308303654194e-04 -5.637614522129297256e-03 -2.411893568933010101e-02 9.981637448072433472e-02 9.946975111961364746e-01
3.426071489229798317e-03 -2.201919071376323700e-02 -9.343013516627252102e-04 -5.581545643508434296e-03 -2.452448196709156036e-02 1.046967729926109314e-01 9.941861033439636230e-01
3.754419041797518730e-03 -2.376763708889484406e-02 -1.360727939754724503e-03 -6.071637384593486786e-03 -2.529677748680114746e-02 1.134950146079063416e-01 9.931979179382324219e-01
4.272530321031808853e-03 -2.557057887315750122e-02 -1.655346713960170746e-03 -6.632548756897449493e-03 -2.521199360489845276e-02 1.176246479153633118e-01 9.927158951759338379e-01
5.224725697189569473e-03 -2.736562304198741913e-02 -2.095057861879467964e-03 -8.098767139017581940e-03 -2.569391950964927673e-02 1.275387555360794067e-01 9.914676547050476074e-01
6.044488865882158279e-03 -2.926079183816909790e-02 -2.428082283586263657e-03 -9.634531103074550629e-03 -2.570228837430477142e-02 1.333582848310470581e-01 9.906877279281616211e-01
5.935573950409889221e-03 -3.133270516991615295e-02 -2.681922866031527519e-03 -1.142335031181573868e-02 -3.095573931932449341e-02 1.402924358844757080e-01 9.895601272583007812e-01
7.609752006828784943e-03 -3.307062014937400818e-02 -2.922622486948966980e-03 -1.258316729217767715e-02 -3.117623738944530487e-02 1.463665366172790527e-01 9.886589646339416504e-01
9.139775298535823822e-03 -3.472376987338066101e-02 -2.945448039099574089e-03 -1.267974637448787689e-02 -3.011952526867389679e-02 1.434300839900970459e-01 9.891207218170166016e-01
9.235998615622520447e-03 -3.662863746285438538e-02 -3.054730594158172607e-03 -1.230006664991378784e-02 -3.083097189664840698e-02 1.414145529270172119e-01 9.893937706947326660e-01
8.993400260806083679e-03 -3.847438469529151917e-02 -3.470466006547212601e-03 -1.208097208291292191e-02 -3.019409999251365662e-02 1.373305767774581909e-01 9.899912476539611816e-01
1.142239570617675781e-02 -3.954609856009483337e-02 -3.698426065966486931e-03 -1.395199168473482132e-02 -3.041027672588825226e-02 1.534153074026107788e-01 9.875952005386352539e-01
1.670931279659271240e-02 -3.069191612303256989e-02 -7.535924669355154037e-04 -9.950411505997180939e-03 -1.943113654851913452e-02 1.039522066712379456e-01 9.943426847457885742e-01
2.347796969115734100e-02 -1.442167162895202637e-02 7.279831916093826294e-03 -5.542030092328786850e-03 -1.153901219367980957e-02 5.507119372487068176e-02 9.984003901481628418e-01
1.955541782081127167e-02 -6.254954263567924500e-03 7.860937155783176422e-03 -4.796909051947295666e-04 -8.545942604541778564e-03 2.661537379026412964e-02 9.996091127395629883e-01
1.395585108548402786e-02 -2.178856870159506798e-03 6.323787383735179901e-03 2.183468081057071686e-03 -8.267602883279323578e-03 1.464427169412374496e-02 9.998561739921569824e-01
8.195641450583934784e-03 -1.215482945553958416e-03 3.907508682459592819e-03 2.628243761137127876e-03 -8.099718950688838959e-03 1.347122900187969208e-02 9.998729825019836426e-01
7.644230034202337265e-03 -1.155767589807510376e-03 3.593931673094630241e-03 2.561561064794659615e-03 -7.941937074065208435e-03 1.348149590194225311e-02 9.998742938041687012e-01
6.993736140429973602e-03 -1.077948370948433876e-03 3.339361399412155151e-03 2.650909591466188431e-03 -7.558266166597604752e-03 1.320224162191152573e-02 9.998807907104492188e-01
6.384927313774824142e-03 -8.058454841375350952e-04 2.941329963505268097e-03 2.529339399188756943e-03 -7.054711226373910904e-03 1.159864664077758789e-02 9.999046325683593750e-01
5.661017727106809616e-03 -7.879186887294054031e-04 2.588138217106461525e-03 2.420343225821852684e-03 -6.634811870753765106e-03 1.170258969068527222e-02 9.999065995216369629e-01
4.900783300399780273e-03 -6.667179404757916927e-04 2.215965418145060539e-03 2.080072881653904915e-03 -5.874512251466512680e-03 1.012078672647476196e-02 9.999293684959411621e-01
4.100777208805084229e-03 -5.588118219748139381e-04 1.864683465100824833e-03 1.918403315357863903e-03 -5.102208349853754044e-03 9.042317047715187073e-03 9.999442696571350098e-01
3.308526938781142235e-03 -4.108903522137552500e-04 1.433284953236579895e-03 1.482254825532436371e-03 -4.070551134645938873e-03 7.431374397128820419e-03 9.999629855155944824e-01
5.339443683624267578e-03 -7.378445588983595371e-04 2.232183469459414482e-03 1.294637331739068031e-03 -2.902391133829951286e-03 5.144983064383268356e-03 9.999817013740539551e-01
8.192879147827625275e-03 -1.759726437740027905e-03 2.731063636019825935e-03 9.192393044941127300e-04 -1.638414687477052212e-03 2.782627707347273827e-03 9.999943375587463379e-01
9.037793427705764771e-02 -1.488445699214935303e-01 -1.915962807834148407e-02 -5.444916337728500366e-02 -3.241574019193649292e-02 4.547592103481292725e-01 8.883572220802307129e-01
7.852028310298919678e-02 -1.383318006992340088e-01 -1.751917041838169098e-02 -5.466007068753242493e-02 -3.201930224895477295e-02 4.384254217147827148e-01 8.965322971343994141e-01
7.047586143016815186e-02 -1.252858191728591919e-01 -1.663954555988311768e-02 -5.507392436265945435e-02 -3.833777457475662231e-02 4.171041548252105713e-01 9.063780903816223145e-01
6.476729363203048706e-02 -1.107736453413963318e-01 -1.556700002402067184e-02 -5.225073173642158508e-02 -4.024226218461990356e-02 4.025228619575500488e-01 9.130311012268066406e-01
5.507313460111618042e-02 -9.846754372119903564e-02 -1.419824268668889999e-02 -4.775134846568107605e-02 -3.729910030961036682e-02 3.733217418193817139e-01 9.257210493087768555e-01
4.406975582242012024e-02 -8.668415993452072144e-02 -1.277518179267644882e-02 -4.259876906871795654e-02 -3.344989940524101257e-02 3.276624679565429688e-01 9.432411193847656250e-01
3.494798392057418823e-02 -7.381595671176910400e-02 -1.074010785669088364e-02 -3.823524713516235352e-02 -3.029269166290760040e-02 2.889798283576965332e-01 9.560915827751159668e-01
2.588752098381519318e-02 -6.070373207330703735e-02 -9.123466908931732178e-03 -3.180425614118576050e-02 -2.595067024230957031e-02 2.338148802518844604e-01 9.714142680168151855e-01
1.762271486222743988e-02 -4.717215895652770996e-02 -6.841135676950216293e-03 -2.682300657033920288e-02 -2.168207615613937378e-02 1.846205592155456543e-01 9.822044968605041504e-01
1.107145380228757858e-02 -3.277403488755226135e-02 -4.615129437297582626e-03 -2.214827015995979309e-02 -1.869612745940685272e-02 1.361102759838104248e-01 9.902696013450622559e-01
6.335851736366748810e-03 -1.787799596786499023e-02 -2.091848058626055717e-03 -1.821626164019107819e-02 -1.441607903689146042e-02 8.384121209383010864e-02 9.962083101272583008e-01
3.979546483606100082e-03 -1.122645102441310883e-02 -5.247948574833571911e-04 -1.677345670759677887e-02 -1.069109700620174408e-02 5.715620890259742737e-02 9.981670975685119629e-01
3.145710099488496780e-03 -1.290726382285356522e-02 -8.082608837867155671e-05 -1.430704537779092789e-02 -1.368946582078933716e-02 5.982917547225952148e-02 9.980121850967407227e-01
2.791617065668106079e-03 -1.462674792855978012e-02 -7.760378503007814288e-05 -1.152788568288087845e-02 -1.945334486663341522e-02 7.006265968084335327e-02 9.972862601280212402e-01
2.945929532870650291e-03 -1.643896289169788361e-02 -3.190792267560027540e-05 -1.077948417514562607e-02 -2.389281056821346283e-02 8.507032692432403564e-02 9.960300922393798828e-01
3.329562023282051086e-03 -1.837464980781078339e-02 1.171161511592799798e-05 -1.010908093303442001e-02 -2.629809826612472534e-02 9.526289999485015869e-02 9.950533509254455566e-01
3.830405184999108315e-03 -2.042675763368606567e-02 -3.018868119397666305e-05 -1.043512579053640366e-02 -2.931253984570503235e-02 1.098380386829376221e-01 9.934623837471008301e-01
4.295116290450096130e-03 -2.262561023235321045e-02 -1.063222007360309362e-04 -1.018936932086944580e-02 -3.108281455934047699e-02 1.207102015614509583e-01 9.921486973762512207e-01
5.178551655262708664e-03 -2.487533539533615112e-02 -1.146337162936106324e-04 -1.060915552079677582e-02 -3.365640342235565186e-02 1.356384456157684326e-01 9.901297688484191895e-01
5.985913798213005066e-03 -2.727932482957839966e-02 -1.293109526159241796e-04 -1.111335027962923050e-02 -3.483458235859870911e-02 1.465177237987518311e-01 9.885320663452148438e-01
6.715020630508661270e-03 -2.984815090894699097e-02 -5.321810021996498108e-05 -1.119078416377305984e-02 -3.546977415680885315e-02 1.528538912534713745e-01 9.875486493110656738e-01
7.733506616204977036e-03 -3.251655772328376770e-02 -2.631131792441010475e-04 -1.153538003563880920e-02 -3.752502799034118652e-02 1.675061881542205811e-01 9.850890636444091797e-01
8.856562897562980652e-03 -3.531982377171516418e-02 -4.779226728715002537e-04 -1.221091486513614655e-02 -3.926746547222137451e-02 1.808620393276214600e-01 9.826484322547912598e-01
9.950385428965091705e-03 -3.828920423984527588e-02 -8.944272994995117188e-04 -1.243732590228319168e-02 -3.983251750469207764e-02 1.920364648103713989e-01 9.805002212524414062e-01
1.109773200005292892e-02 -4.142274707555770874e-02 -1.232167589478194714e-03 -1.199427712708711624e-02 -4.053606465458869934e-02 2.001692652702331543e-01 9.788489341735839844e-01
1.248379610478878021e-02 -4.464561492204666138e-02 -2.057437086477875710e-03 -1.151853334158658981e-02 -4.203876480460166931e-02 2.204179167747497559e-01 9.744310975074768066e-01
1.432909723371267319e-02 -4.789689555764198303e-02 -2.891934011131525040e-03 -1.056431978940963745e-02 -4.053996130824089050e-02 2.325406521558761597e-01 9.716839790344238281e-01
1.717752777040004730e-02 -5.099918320775032043e-02 -3.304481506347656250e-03 -1.273572631180286407e-02 -3.945855423808097839e-02 2.484102845191955566e-01 9.677671194076538086e-01
1.999553479254245758e-02 -5.422606319189071655e-02 -3.720073262229561806e-03 -1.667151786386966705e-02 -3.822931647300720215e-02 2.643130421638488770e-01 9.635347127914428711e-01
2.158491872251033783e-02 -5.795919150114059448e-02 -4.023658111691474915e-03 -2.060780301690101624e-02 -4.466757923364639282e-02 2.814574539661407471e-01 9.583119750022888184e-01
2.304110676050186157e-02 -6.176456063985824585e-02 -4.295703954994678497e-03 -2.363952249288558960e-02 -5.094391107559204102e-02 2.902385294437408447e-01 9.553049206733703613e-01
2.677195332944393158e-02 -6.463930755853652954e-02 -4.143852274864912033e-03 -2.453246898949146271e-02 -4.999320209026336670e-02 2.889694869518280029e-01 9.557172656059265137e-01
2.994982898235321045e-02 -6.748910248279571533e-02 -3.619203343987464905e-03 -2.485369332134723663e-02 -4.953231662511825562e-02 2.846878170967102051e-01 9.570170640945434570e-01
2.991479262709617615e-02 -7.143768668174743652e-02 -4.185851663351058960e-03 -2.398028783500194550e-02 -5.021697282791137695e-02 2.733377516269683838e-01 9.603070616722106934e-01
3.215343877673149109e-02 -7.417608052492141724e-02 -4.865048453211784363e-03 -2.501458860933780670e-02 -5.015961453318595886e-02 2.881102859973907471e-01 9.559554457664489746e-01
3.465574234724044800e-02 -6.783601641654968262e-02 -3.937912173569202423e-03 -2.328874357044696808e-02 -4.221182689070701599e-02 2.527033090591430664e-01 9.663419723510742188e-01
4.586903005838394165e-02 -4.317945241928100586e-02 7.535677403211593628e-03 -1.593137532472610474e-02 -2.462947927415370941e-02 1.538612544536590576e-01 9.876569509506225586e-01
4.416850954294204712e-02 -1.905062794685363770e-02 1.527406740933656693e-02 -8.818127214908599854e-03 -1.387214753776788712e-02 8.028481155633926392e-02 9.966363906860351562e-01
3.378766775131225586e-02 -7.663463708013296127e-03 1.415076386183500290e-02 1.128310221247375011e-03 -1.221171114593744278e-02 3.430726751685142517e-02 9.993360638618469238e-01
2.201875671744346619e-02 -3.179323626682162285e-03 1.027928944677114487e-02 3.933870233595371246e-03 -1.288936287164688110e-02 2.525144070386886597e-02 9.995902776718139648e-01
1.585597172379493713e-02 -2.204584889113903046e-03 7.501662708818912506e-03 4.406129941344261169e-03 -1.299641374498605728e-02 2.570893801748752594e-02 9.995752573013305664e-01
1.467079669237136841e-02 -2.048851223662495613e-03 6.903065834194421768e-03 4.419644363224506378e-03 -1.310097984969615936e-02 2.596826106309890747e-02 9.995671510696411133e-01
1.336563564836978912e-02 -1.765904133208096027e-03 6.327480077743530273e-03 4.136816598474979401e-03 -1.171667687594890594e-02 2.308462560176849365e-02 9.996563196182250977e-01
1.203986257314682007e-02 -1.542290789075195789e-03 5.537365097552537918e-03 4.239703528583049774e-03 -1.171520538628101349e-02 2.308048680424690247e-02 9.996559619903564453e-01
1.054681558161973953e-02 -1.373576233163475990e-03 4.837804473936557770e-03 4.038450308144092560e-03 -1.054891012609004974e-02 2.069420926272869110e-02 9.997220635414123535e-01
8.973418734967708588e-03 -1.186387380585074425e-03 4.124743398278951645e-03 3.767072223126888275e-03 -9.254297241568565369e-03 1.812913641333580017e-02 9.997857213020324707e-01
7.362053729593753815e-03 -9.728817967697978020e-04 3.360875416547060013e-03 3.404418239369988441e-03 -7.656620815396308899e-03 1.565933786332607269e-02 9.998422861099243164e-01
8.275437168776988983e-03 -1.105272094719111919e-03 3.623286727815866470e-03 2.814657054841518402e-03 -5.857833195477724075e-03 1.241879351437091827e-02 9.999017715454101562e-01
1.338815130293369293e-02 -2.376753371208906174e-03 5.179122556000947952e-03 2.200211398303508759e-03 -3.302232595160603523e-03 8.117034099996089935e-03 9.999591708183288574e-01
