0.000000000000000000e+00 0.000000000000000000e+00 0.000000000000000000e+00 0.000000000000000000e+00 0.000000000000000000e+00 0.000000000000000000e+00 1.000000000000000000e+00
8.758437633514404297e-02 2.629711525514721870e-03 2.587653137743473053e-02 -2.335098194656638065e-02 5.053910162941643684e-03 1.851917095201414259e-02 9.995430105510447749e-01
1.662118163465258758e-01 4.452280769817219819e-04 5.484463708951294730e-02 -4.804831666102718501e-02 1.159307463487568683e-02 3.865254539485832308e-02 9.980295289324110364e-01
2.368196138894366198e-01 4.821476318395607509e-04 8.350838792260216470e-02 -7.229920622798106933e-02 1.899743580026382744e-02 5.607867998708952750e-02 9.956239771433411656e-01
2.990581127436436337e-01 -3.840064216393645428e-03 1.118030210397218116e-01 -9.610285930898511408e-02 2.789419171699928854e-02 7.406005722589652229e-02 9.922203698900712299e-01
3.538066445174942731e-01 -8.623471443087046828e-03 1.377060394059283766e-01 -1.178350179011551369e-01 3.576244351467855465e-02 8.945292224419584826e-02 9.883491948153080298e-01
4.013185604083350788e-01 -1.431393928916278868e-02 1.603945999624085683e-01 -1.373956347635370834e-01 4.276354788892992864e-02 1.026678861375257268e-01 9.842525202791853056e-01
4.418801948241084521e-01 -1.814278070007243823e-02 1.797881051562162658e-01 -1.550773829921308078e-01 4.948063013005857269e-02 1.131507132044922564e-01 9.801528394222805973e-01
4.752188032332753664e-01 -2.046770370183077087e-02 1.962476584310097472e-01 -1.709101700885578279e-01 5.594613392802304241e-02 1.211809694007826982e-01 9.762043415770564891e-01
5.021507292786383525e-01 -2.224415986896968386e-02 2.078260260458399677e-01 -1.844116550631551554e-01 6.142571554189626970e-02 1.263994397619437882e-01 9.727499188254403739e-01
5.216954688978845400e-01 -2.361909053164398808e-02 2.165604215108207775e-01 -1.959498769425219999e-01 6.697919154748849246e-02 1.300119691241619357e-01 9.696464930634840496e-01
5.344315058566476706e-01 -2.533368625390702497e-02 2.205440087078008315e-01 -2.042194501401342621e-01 6.510130023722487946e-02 1.316114205318280606e-01 9.678505416010666496e-01
5.397468267315567170e-01 -2.387225518433875801e-02 2.218551240476809017e-01 -2.101899875323208489e-01 6.377802937847942832e-02 1.310122382290098142e-01 9.667410850605170358e-01
5.451428192301366327e-01 -2.107454580310767767e-02 2.234120502311506273e-01 -2.138865773198498910e-01 6.257962507222822324e-02 1.274062644395249078e-01 9.664905412624507086e-01
5.514171967600416391e-01 -1.854908122758842579e-02 2.253007098272520881e-01 -2.157482573979740137e-01 6.147661896814522742e-02 1.221372942271559542e-01 9.668276972185126938e-01
5.578762780270639654e-01 -1.452564894224588413e-02 2.273290401604250721e-01 -2.155671661866060684e-01 6.034448389749446501e-02 1.147012507337399068e-01 9.678496594025007838e-01
5.660259821083054588e-01 -1.288579753380972651e-02 2.303040280944242957e-01 -2.146568038870988182e-01 5.928880749197121963e-02 1.060793990456201097e-01 9.690998168141792268e-01
5.752780505549480727e-01 -1.291734110950735516e-02 2.336736519773401632e-01 -2.119705458344337545e-01 5.855197818025620338e-02 9.676564142054756845e-02 9.707093098298279488e-01
5.852653979250019844e-01 -1.230252419416832249e-02 2.380897785843200110e-01 -2.088183088261798270e-01 5.828004216172125856e-02 8.654676274970542205e-02 9.723723610027943387e-01
5.954821400882798210e-01 -1.383194740706496749e-02 2.443769826883192553e-01 -2.047293643242217576e-01 5.824816709931186082e-02 7.628895666058757574e-02 9.741011413116246187e-01
6.064263023512758144e-01 -1.720115514205439525e-02 2.511738768541141864e-01 -2.003388760130649648e-01 5.825564805653835748e-02 6.599801653822470748e-02 9.757637398675740315e-01
6.190293190589261085e-01 -2.026379725028158371e-02 2.579063719904806096e-01 -1.953836659033617862e-01 5.813177335461040124e-02 5.605218076413235467e-02 9.773965792125510754e-01
6.331934767520389640e-01 -2.471559048980621551e-02 2.638208380018611243e-01 -1.889436769261037818e-01 5.749585889667601507e-02 4.648024468333048637e-02 9.792007455131738203e-01
6.488863431740879983e-01 -2.736758524294177070e-02 2.709605460400802968e-01 -1.822879354099206095e-01 5.725223179363744808e-02 3.754230170376187531e-02 9.808587391369972819e-01
6.653551166352846824e-01 -3.296613380999226239e-02 2.785388736546295374e-01 -1.751577167519397515e-01 5.702398164468743674e-02 2.993731048615839649e-02 9.824315738108627682e-01
6.828145052273005833e-01 -3.984950836554290721e-02 2.870289352041833220e-01 -1.679929093121367012e-01 5.704642181504574611e-02 2.382028248878440002e-02 9.838478959275658298e-01
7.030763131739856675e-01 -4.423647351104400410e-02 2.952550738037724720e-01 -1.610199524906566759e-01 5.713429819043854690e-02 1.915806864807513207e-02 9.851097478331378721e-01
7.244878966854642055e-01 -5.140393815486759416e-02 3.036823805952087452e-01 -1.543719851533169873e-01 5.697402175465787755e-02 1.678996720752497576e-02 9.862258098661249583e-01
7.478247492108152095e-01 -5.765161235956356434e-02 3.132326287842592816e-01 -1.484287240626813442e-01 5.753092294261865497e-02 1.621351436887085232e-02 9.871151040938970223e-01
7.729977358313661062e-01 -6.465221688983237291e-02 3.231258957343333127e-01 -1.431308127325214286e-01 5.851748153851617923e-02 1.854827968474178843e-02 9.877981758039715565e-01
7.995559540115265706e-01 -7.051005884733875517e-02 3.357343065847247510e-01 -1.398042908706050580e-01 6.070921814438631769e-02 2.359715859603709817e-02 9.880345769216064555e-01
8.272393520047319759e-01 -7.811097684327819590e-02 3.498770700841952741e-01 -1.373450330196150371e-01 5.636933734998370721e-02 3.133928840385805104e-02 9.884213113414261898e-01
8.558799424202868655e-01 -8.510190360682293176e-02 3.669346059096580959e-01 -1.361973689977584168e-01 5.248933372848622880e-02 4.146736221782761078e-02 9.884207628300427650e-01
8.873975827619697831e-01 -9.109421565253014719e-02 3.833261187105752033e-01 -1.364183033440542203e-01 4.821929589198759719e-02 5.327044998087341471e-02 9.880421069849432136e-01
9.224850613967128243e-01 -9.515728021677177795e-02 3.970612083709317841e-01 -1.375378764373566542e-01 4.249731417016431451e-02 6.813664349944466292e-02 9.872358931106862689e-01
9.591585931207374793e-01 -1.010935158274998136e-01 4.109542734733601099e-01 -1.390892380260109196e-01 3.670395477233864834e-02 8.507734287516623140e-02 9.859355198483900073e-01
9.970430364720943572e-01 -1.093604995479934838e-01 4.252535374904817256e-01 -1.406447836746023972e-01 3.089832738436395707e-02 1.030812893523680024e-01 9.841943842429839995e-01
1.029195000138583671e+00 -1.156914772192268182e-01 4.374163009826038118e-01 -1.424482766507258191e-01 2.495741984306783581e-02 1.221495397656797016e-01 9.819190932093375679e-01
1.055375161671536999e+00 -1.199407061017369880e-01 4.478440978469659939e-01 -1.454708803601468536e-01 1.911180070716917215e-02 1.417993601339656018e-01 9.789616455748260115e-01
1.076885030009293365e+00 -1.222095688183263834e-01 4.517824986540749377e-01 -1.473439535198628747e-01 1.281095859336421443e-02 1.614666290559119421e-01 9.757326305922007226e-01
1.092192692066206838e+00 -1.214942713992402251e-01 4.539428980966910276e-01 -1.491849273653983177e-01 6.856312228603223848e-03 1.812086141835259068e-01 9.720392412733607213e-01
1.100619598184354064e+00 -1.179541371635107749e-01 4.533352224530680097e-01 -1.509299217007077087e-01 1.471684700361689337e-04 2.009878530916239525e-01 9.678966990265436277e-01
1.109049064889560565e+00 -1.178868760814946320e-01 4.546103521168594619e-01 -1.527487297400374755e-01 -5.173301444027912470e-03 2.216667316464177306e-01 9.630705698941117721e-01
1.116163186096889026e+00 -1.155722216059627827e-01 4.569032338536971327e-01 -1.547878377138624528e-01 -8.747982719557316142e-03 2.415169637762061283e-01 9.579320196665983556e-01
1.122643728431212518e+00 -1.128861147672639564e-01 4.559782914523933806e-01 -1.564711616497153068e-01 -1.324547458428245242e-02 2.602838831466097180e-01 9.526770875533575600e-01
1.128433518409581282e+00 -1.107144895907978405e-01 4.549158530056910954e-01 -1.580841508015024544e-01 -1.703411280237097231e-02 2.780894952793921959e-01 9.473043190451825302e-01
1.132577834272643580e+00 -1.089827038762119366e-01 4.518829901401253402e-01 -1.593098177993998998e-01 -2.085780829382297835e-02 2.942505243352477873e-01 9.421262987064589201e-01
1.136353981861160989e+00 -1.070381540681549504e-01 4.502813912904920501e-01 -1.602969664230153024e-01 -2.290469313319350164e-02 3.088182974706477624e-01 9.372361051172664048e-01
1.138280550363468313e+00 -1.054701176486265157e-01 4.476358129555620402e-01 -1.609827455370971827e-01 -2.438544315199088833e-02 3.210800807623533371e-01 9.329509566634571760e-01
1.143809213696203475e+00 -1.039944298231973152e-01 4.464987370484346241e-01 -1.616230142978962447e-01 -2.436691537621496484e-02 3.303648540399997113e-01 9.295930926483049195e-01
1.152248039374232480e+00 -1.042820372328757683e-01 4.490250239403744681e-01 -1.623248629040957847e-01 -2.115256930128700877e-02 3.374196282131808888e-01 9.270119752147756298e-01
1.274646248388511482e+00 1.326063978550814926e-02 4.925264432893088351e-01 -2.059008158557583401e-01 -2.044684090229454895e-02 3.631848210862705928e-01 9.084511910166572779e-01
1.381100062543250573e+00 1.235102820573907995e-01 5.385769264903043085e-01 -2.489984263833574796e-01 -1.666818416356788055e-02 3.848242905867736985e-01 8.886125256092710645e-01
1.485650771008382165e+00 2.137233714843970178e-01 5.818320665845545525e-01 -2.917623135542757318e-01 -1.181725948344431593e-02 4.104869033938618461e-01 8.638492964110555672e-01
1.573802361252985449e+00 3.002388623781087063e-01 6.199411124806857298e-01 -3.342931157640240403e-01 -7.080308261422157794e-03 4.335211097818305603e-01 8.368138558611670774e-01
1.646219232697162749e+00 3.820355488361191210e-01 6.514941805610371395e-01 -3.733478043858018403e-01 -1.493931558323140750e-03 4.526752230906097019e-01 8.097495461737949096e-01
1.704390557679796192e+00 4.569725933684396502e-01 6.763945428883801902e-01 -4.088505010056565636e-01 3.317355718301602356e-03 4.670168437380871618e-01 7.840443422685843267e-01
1.749684028443291295e+00 5.237162875396861317e-01 6.931064237399939820e-01 -4.406135932003684141e-01 8.567739591865094692e-03 4.763156094151354547e-01 7.608611539254942491e-01
1.783003569410463118e+00 5.807573448856016007e-01 7.017360459939063766e-01 -4.676867726927468882e-01 1.231433488253324930e-02 4.799450130156242555e-01 7.421389521417642854e-01
1.809422030476522059e+00 6.238694479555525474e-01 7.068336199279224852e-01 -4.903083235665637307e-01 1.408339091848303908e-02 4.810332152232378866e-01 7.266405244641790384e-01
1.828045098165671067e+00 6.532364400026484663e-01 7.097958824476355844e-01 -5.068359203184071848e-01 1.125692051025431809e-02 4.821957753818423842e-01 7.144773375129001014e-01
1.838322892028014799e+00 6.693088405839713317e-01 7.093640317603774337e-01 -5.170709648890755572e-01 3.120504627412284092e-03 4.825412558847594902e-01 7.069524850290220819e-01
1.841525686086376234e+00 6.804461321840638011e-01 7.065625589578556909e-01 -5.234641588130956036e-01 -4.456480008222730299e-03 4.787768080673404647e-01 7.047965538230756000e-01
1.844871444149615680e+00 6.930823088768826024e-01 7.041892853881950298e-01 -5.273630711988402942e-01 -1.160437024899984085e-02 4.720858672798960431e-01 7.063203689838197796e-01
1.849289776640933081e+00 7.072080672150352632e-01 7.025515620976715558e-01 -5.287010881451718047e-01 -1.840937281313171844e-02 4.626066593484018385e-01 7.114290780627751110e-01
1.854430192141724332e+00 7.229661832220958262e-01 7.005078024512848556e-01 -5.275734793238012754e-01 -2.538438928548034448e-02 4.507732721623902150e-01 7.196008016941013441e-01
1.863175733906418996e+00 7.394576281475873092e-01 7.010193252935252861e-01 -5.239832201137398782e-01 -3.136038780970997614e-02 4.370933726458219870e-01 7.303475163952850568e-01
1.873831308953164410e+00 7.571005099511489700e-01 7.036862870287267091e-01 -5.190847363294253114e-01 -3.630952143031834778e-02 4.221335249236768949e-01 7.423179522945835274e-01
1.886128382190036756e+00 7.754901101998370461e-01 7.100880144669341476e-01 -5.125426952902520927e-01 -4.031734642551683401e-02 4.063098108837108202e-01 7.553719842974400134e-01
1.900854774391267821e+00 7.939137085494365476e-01 7.195387948904051756e-01 -5.047959215416711887e-01 -4.414890602994461094e-02 3.898702684798957541e-01 7.689168521021426672e-01
1.918603101789602583e+00 8.128941811675221008e-01 7.297734353805291896e-01 -4.958953676006427891e-01 -4.774656925675175440e-02 3.732378280830284112e-01 7.826247972076385562e-01
1.938854256718805624e+00 8.322845430479384188e-01 7.420172538711706789e-01 -4.855345221983582982e-01 -5.067953726505076972e-02 3.577402856273794729e-01 7.960588547936974235e-01
1.961066784782872441e+00 8.538816043489831920e-01 7.545621102618076392e-01 -4.743189007695419179e-01 -5.261016799563043855e-02 3.433482882082224963e-01 8.089287382586481945e-01
1.986433849685729669e+00 8.759667738030767481e-01 7.685232895325668778e-01 -4.623326983571486304e-01 -5.344589523572222667e-02 3.308578520022033564e-01 8.209294087074344715e-01
2.015746883254293298e+00 8.967774343567179729e-01 7.850622029504139565e-01 -4.497836111984385155e-01 -5.317325904860937397e-02 3.209651167052610110e-01 8.317744294445578168e-01
2.047002026564259669e+00 9.212116367091629510e-01 8.013903306098459911e-01 -4.377609839056080809e-01 -5.206086752232522846e-02 3.133994669762736329e-01 8.410920051586534552e-01
2.081264236485072860e+00 9.477834330901682147e-01 8.179236123743705011e-01 -4.260593926941168563e-01 -4.965832458099493640e-02 3.088685939885799092e-01 8.488861150616416884e-01
2.119062546078177345e+00 9.742790434949518685e-01 8.373418905085101560e-01 -4.149345236051216745e-01 -4.635442150338022621e-02 3.078085366299399550e-01 8.549470822837005324e-01
2.159020659604340864e+00 1.004642209385137708e+00 8.570480112256697591e-01 -4.061785065979581222e-01 -4.040494544956965001e-02 3.100731433022768657e-01 8.586274552818092820e-01
2.200872673568707416e+00 1.038556320755847029e+00 8.783169621237133518e-01 -3.996576652774951888e-01 -3.283815053123127770e-02 3.165318243975615009e-01 8.596528430699110768e-01
2.244926064955945932e+00 1.074178808921217199e+00 9.034506756881082179e-01 -3.939994921809981121e-01 -3.001329177660093037e-02 3.290640905319278109e-01 8.576598549543071881e-01
2.291717410112388720e+00 1.112493708716369989e+00 9.300353523039941450e-01 -3.889683525153680987e-01 -3.298383465685660737e-02 3.469086359165096667e-01 8.528013166730900041e-01
2.340528706840184547e+00 1.153217710277049557e+00 9.595508350118163721e-01 -3.856771815821500304e-01 -3.535269244517909998e-02 3.684049852827444016e-01 8.451515045023269002e-01
2.391773276237858514e+00 1.199503933752791074e+00 9.859411929950570030e-01 -3.834173816873961971e-01 -3.862319865873511254e-02 3.932963507448903329e-01 8.347558567845461130e-01
2.445578612981387234e+00 1.249993066527637531e+00 1.009849197084533801e+00 -3.811723738771695680e-01 -4.178341068656905855e-02 4.218622172990423858e-01 8.215802076485145822e-01
2.501420795209257975e+00 1.303845188302180214e+00 1.033112976948993511e+00 -3.788031541416422843e-01 -4.496784033467082081e-02 4.521650391180849771e-01 8.062461417875558256e-01
2.552507487811207287e+00 1.356169628293135254e+00 1.054805281118712079e+00 -3.769864783147021114e-01 -4.803284998478094675e-02 4.832537070227692633e-01 7.886950583964436046e-01
2.593312654458868050e+00 1.401307397450768377e+00 1.072770217980320240e+00 -3.764640104688339317e-01 -5.193364200007750259e-02 5.160955652735531585e-01 7.676086979414061817e-01
2.626276127970491814e+00 1.438578443755616387e+00 1.081217658133172055e+00 -3.744508230887215183e-01 -5.515486492688399106e-02 5.497522411298479961e-01 7.446589792218889503e-01
2.647687364690571421e+00 1.469272537543183210e+00 1.081114168864509839e+00 -3.710851731094207406e-01 -5.889135363773526088e-02 5.812404714015918517e-01 7.217943731908151861e-01
2.656134500564762302e+00 1.491951569690371127e+00 1.077253474663295574e+00 -3.685238116559066412e-01 -6.161546346815728603e-02 6.120567988176395247e-01 6.969793468427234462e-01
2.660667824351687916e+00 1.509028496662941476e+00 1.076641509229407268e+00 -3.669886622125596576e-01 -6.163717763332143829e-02 6.435590407041764660e-01 6.688437345664188793e-01
2.665258321180813628e+00 1.524456823500219604e+00 1.073817262567920094e+00 -3.635549753396207784e-01 -6.204535951003638944e-02 6.739079944704682301e-01 6.401766695669793839e-01
2.665604339826136204e+00 1.539128378355203663e+00 1.071283210848954059e+00 -3.621061147067356489e-01 -6.056799513602575263e-02 7.004773862336762802e-01 6.119984567238970774e-01
2.667516051637742081e+00 1.551488148740366668e+00 1.066637692409491578e+00 -3.590793591487430603e-01 -6.038967247261949750e-02 7.255446005215179239e-01 5.839521675154983882e-01
2.669286449009243167e+00 1.561328949911529262e+00 1.060591977043539247e+00 -3.555063741388840293e-01 -5.953610593310464799e-02 7.484475557954424207e-01 5.566838656371982941e-01
2.670563276800165919e+00 1.568670500594659512e+00 1.054003000886056585e+00 -3.523552207758506305e-01 -5.773377376165102215e-02 7.682407148546457343e-01 5.313368176579361668e-01
2.670706861653108444e+00 1.574783395801249375e+00 1.048612851772187549e+00 -3.506683114282592162e-01 -5.406061920069896165e-02 7.845558971240002011e-01 5.085088289298873576e-01
2.670353961979754942e+00 1.582203513740162881e+00 1.043354524650002668e+00 -3.501878959517403800e-01 -4.955340653079522151e-02 7.965231899214082478e-01 4.903709874651138168e-01
2.672574102258131745e+00 1.596388545497038125e+00 1.040994290740917094e+00 -3.523230664533833489e-01 -4.316488108393194689e-02 8.043528565134782093e-01 4.764679759485444532e-01
