-4.452462308108806610e-03 9.506114125251770020e-01 -2.659993059933185577e-02
-1.221369486302137375e-02 8.747344017028808594e-01 -2.105125412344932556e-02
-1.862522773444652557e-02 7.978485822677612305e-01 -1.566692255437374115e-02
-2.475356310606002808e-02 7.201235294342041016e-01 -1.302347239106893539e-02
-2.915467694401741028e-02 6.417464613914489746e-01 -1.006693579256534576e-02
-3.216554969549179077e-02 5.628477334976196289e-01 -7.721615023910999298e-03
-3.373131155967712402e-02 4.837739765644073486e-01 -5.486931186169385910e-03
-3.370951116085052490e-02 4.038366079330444336e-01 -3.463969100266695023e-03
-3.216694295406341553e-02 3.250455558300018311e-01 -1.519667915999889374e-03
-2.944746613502502441e-02 2.431002706289291382e-01 4.174206405878067017e-04
-2.491318807005882263e-02 1.678219884634017944e-01 2.348629757761955261e-03
-1.987854391336441040e-02 7.522215694189071655e-02 5.885086022317409515e-03
-1.551413722336292267e-02 3.305654972791671753e-02 6.023586727678775787e-03
-1.137257181107997894e-02 5.525298789143562317e-02 2.402534242719411850e-03
-7.839826866984367371e-03 5.654741823673248291e-02 2.858008956536650658e-04
-4.709579981863498688e-03 6.756796687841415405e-02 -2.247473923489451408e-03
-2.170882187783718109e-03 7.535749673843383789e-02 -4.437117837369441986e-03
-2.943775616586208344e-04 8.531758189201354980e-02 -6.644107401371002197e-03
1.038706395775079727e-03 9.523267298936843872e-02 -8.743574842810630798e-03
1.780847087502479553e-03 1.059983000159263611e-01 -1.080365199595689774e-02
2.056441735476255417e-03 1.173002719879150391e-01 -1.283991429954767227e-02
1.909304410219192505e-03 1.292749047279357910e-01 -1.474766060709953308e-02
1.241053454577922821e-03 1.419958025217056274e-01 -1.680650934576988220e-02
4.584104754030704498e-04 1.555014699697494507e-01 -1.828110963106155396e-02
-5.406471900641918182e-04 1.697059869766235352e-01 -1.951065659523010254e-02
-2.011384349316358566e-03 1.847296357154846191e-01 -2.126878313720226288e-02
-3.634492401033639908e-03 2.005007714033126831e-01 -2.266888879239559174e-02
-5.510135553777217865e-03 2.171651870012283325e-01 -2.400390617549419403e-02
-7.526542060077190399e-03 2.344468235969543457e-01 -2.503019385039806366e-02
-9.923852980136871338e-03 2.528224587440490723e-01 -2.594335749745368958e-02
-1.254287362098693848e-02 2.711617052555084229e-01 -2.621905878186225891e-02
-1.559858210384845734e-02 2.908104062080383301e-01 -2.625031024217605591e-02
-1.894778758287429810e-02 3.090793192386627197e-01 -2.630046196281909943e-02
-2.219146490097045898e-02 3.293194174766540527e-01 -2.599455788731575012e-02
-2.538810670375823975e-02 3.415044248104095459e-01 -2.495047822594642639e-02
-2.852622792124748230e-02 3.696673810482025146e-01 -2.460594847798347473e-02
-3.147804364562034607e-02 3.506621122360229492e-01 -2.111476473510265350e-02
-3.423536568880081177e-02 2.718268036842346191e-01 -1.374655216932296753e-02
-3.655238077044487000e-02 2.099594026803970337e-01 -7.346529047936201096e-03
-3.818643093109130859e-02 1.441817283630371094e-01 -6.704563274979591370e-04
-3.918332979083061218e-02 6.841360777616500854e-02 6.570701021701097488e-03
-3.919316455721855164e-02 2.521028183400630951e-02 1.165507826954126358e-02
-3.818894922733306885e-02 2.779431641101837158e-02 1.369249634444713593e-02
-3.613174334168434143e-02 1.378242764621973038e-02 1.649595238268375397e-02
-3.292609378695487976e-02 6.782995071262121201e-03 1.855129562318325043e-02
-2.847111970186233521e-02 -5.113796330988407135e-03 2.055755257606506348e-02
-2.277743071317672729e-02 -1.209939830005168915e-02 2.189404144883155823e-02
-1.586171425879001617e-02 -2.879536896944046021e-02 2.346147596836090088e-02
-7.633021567016839981e-03 -2.061229199171066284e-02 2.312818169593811035e-02
1.728564035147428513e-03 1.974499039351940155e-02 2.049059607088565826e-02
1.237756758928298950e-02 4.898671805858612061e-02 1.825326867401599884e-02
