-4.452462308108806610e-03 9.506114125251770020e-01 -2.659993059933185577e-02
-1.299862563610076904e-02 8.746725320816040039e-01 -1.857534609735012054e-02
-2.024005353450775146e-02 7.977144122123718262e-01 -1.079900562763214111e-02
-2.721495926380157471e-02 7.199066877365112305e-01 -5.844845902174711227e-03
-3.245472535490989685e-02 6.414372324943542480e-01 -6.673032185062766075e-04
-3.630096837878227234e-02 5.624372363090515137e-01 3.816524753347039223e-03
-3.870404511690139771e-02 4.832539260387420654e-01 8.114740252494812012e-03
-3.952953591942787170e-02 4.031977355480194092e-01 1.213154662400484085e-02
-3.884922340512275696e-02 3.242772817611694336e-01 1.600060611963272095e-02
-3.700639680027961731e-02 2.421917021274566650e-01 1.979171857237815857e-02
-3.335760906338691711e-02 1.667636334896087646e-01 2.350891008973121643e-02
-2.921181172132492065e-02 7.400583475828170776e-02 2.876647375524044037e-02
-2.574023231863975525e-02 3.167345747351646423e-02 3.056414797902107239e-02
-2.249877713620662689e-02 5.369246006011962891e-02 2.854274213314056396e-02
-1.987139321863651276e-02 5.480015277862548828e-02 2.796684391796588898e-02
-1.764951087534427643e-02 6.562577933073043823e-02 2.691606245934963226e-02
-1.601799577474594116e-02 7.321386784315109253e-02 2.614977210760116577e-02
-1.504161115735769272e-02 8.296751976013183594e-02 2.530578896403312683e-02
-1.460085809230804443e-02 9.267199784517288208e-02 2.451032586395740509e-02
-1.473997905850410461e-02 1.032238155603408813e-01 2.369665727019309998e-02
-1.533008739352226257e-02 1.143092289566993713e-01 2.285007014870643616e-02
-1.632488891482353210e-02 1.260649114847183228e-01 2.207707241177558899e-02
-1.781982928514480591e-02 1.385649442672729492e-01 2.109947428107261658e-02
-1.940554380416870117e-02 1.518490016460418701e-01 2.065300568938255310e-02
-2.117623761296272278e-02 1.658312678337097168e-01 2.039634622633457184e-02
-2.338609844446182251e-02 1.806325316429138184e-01 1.955647207796573639e-02
-2.571946755051612854e-02 1.961819678544998169e-01 1.902191713452339172e-02
-2.827069722115993500e-02 2.126255333423614502e-01 1.849967241287231445e-02
-3.092617541551589966e-02 2.296877950429916382e-01 1.823518425226211548e-02
-3.392643481492996216e-02 2.478463649749755859e-01 1.803474314510822296e-02
-3.710846602916717529e-02 2.659718692302703857e-01 1.842461526393890381e-02
-4.067693650722503662e-02 2.854105830192565918e-01 1.900813542306423187e-02
-4.448368772864341736e-02 3.034731447696685791e-01 1.952135376632213593e-02
-4.813134297728538513e-02 3.235104382038116455e-01 2.033719979226589203e-02
-5.168491974472999573e-02 3.354958891868591309e-01 2.183623239398002625e-02
-5.513367056846618652e-02 3.634626567363739014e-01 2.258019335567951202e-02
-5.834914743900299072e-02 3.442650437355041504e-01 2.641808614134788513e-02
-6.132197380065917969e-02 2.652425169944763184e-01 3.409051150083541870e-02
-6.380803883075714111e-02 2.031937241554260254e-01 4.076064378023147583e-02
-6.558902561664581299e-02 1.372220665216445923e-01 4.767375066876411438e-02
-6.672044843435287476e-02 6.125083938241004944e-02 5.512234196066856384e-02
-6.683827191591262817e-02 1.785917580127716064e-02 6.039239466190338135e-02
-6.591162085533142090e-02 2.027645893394947052e-02 6.259371340274810791e-02
-6.390934437513351440e-02 6.118009332567453384e-03 6.554438918828964233e-02
-6.074377894401550293e-02 -1.011439366266131401e-03 6.772557646036148071e-02
-5.631604045629501343e-02 -1.301710959523916245e-02 6.982875615358352661e-02
-5.064380913972854614e-02 -2.009009011089801788e-02 7.123572379350662231e-02
-4.374757781624794006e-02 -3.684924915432929993e-02 7.285171747207641602e-02
-3.553905710577964783e-02 -2.870342321693897247e-02 7.254160940647125244e-02
-2.618704363703727722e-02 1.164334639906883240e-02 6.991040706634521484e-02
-1.553822681307792664e-02 4.088502749800682068e-02 6.767310947179794312e-02
